-102.600000
4.000000
-1.000000
78.000000
-1.000000
-1.000000
57.400000
-1.000000
3.400000
28.600000
-0.863617
-0.772372
-0.101162
-0.769179
0.153448
0.543199
-0.528450
0.738240
-0.991954
0.589548
-1.000000
-0.809486
0.076584
0.011712
1.000000
0.707782
-0.894300
0.707486
-1.000000
0.185120
-0.461051
0.740523
0.411698
0.031956
0.586196
1.000000
-1.000000
-0.031138
0.881712
0.511101
-0.483124
0.355248
-0.073383
-0.420715
0.816606
-0.422085
-0.734220
-0.081312
-0.327697
-0.622258
-0.292544
0.514379
0.445142
-0.851261
-1.000000
-0.563907
-0.863945
0.165438
0.431878
-1.000000
0.588721
-0.432458
-1.000000
0.418667
0.530892
-0.141021
-1.000000
-0.643309
-0.258071
-0.767262
-0.501187
1.000000
0.344722
1.000000
-0.269814
-0.010122
0.656387
1.000000
0.239323
0.163364
-0.877816
-0.735250
-0.733858
0.874901
-0.910062
0.424873
0.169788
-0.631894
-0.020359
-0.769901
-0.343943
-0.543688
0.403657
-0.377957
0.335375
-0.199819
0.798828
-0.823320
-0.122587
-0.765295
1.000000
1.000000
0.960456
0.182865
-0.529801
-0.556176
0.002659
-0.709902
0.292990
-1.000000
0.642180
0.105357
0.635476
1.000000
0.578850
0.185926
1.000000
0.809588
1.000000
-0.332323
1.000000
0.304374
0.403273
-0.077567
-1.000000
1.000000
1.000000
0.333433
-0.003428
-0.733061
0.732752
0.298056
-0.690704
-0.749391
-0.613132
0.854705
-1.000000
-1.000000
-0.857000
0.545730
-0.848879
0.956543
-0.229386
0.187961
1.000000
-0.637532
-0.642339
1.000000
0.459113
-0.615000
-0.227971
0.273306
0.466128
-0.069325
1.000000
0.604192
0.369279
0.555876
0.509672
-0.937202
-0.202969
0.753626
-1.000000
-0.282514
-0.467593
-0.044906
-0.817194
-0.213211
-0.474316
-0.260677
-1.000000
0.818283
0.328921
-0.472652
0.203466
0.250253
-0.278042
1.000000
-1.000000
0.702114
0.961339
0.586973
-0.954111
-0.454503
-1.000000
-1.000000
-0.403663
0.487994
-0.318165
0.527094
1.000000
-0.625210
-0.940707
0.025985
1.000000
0.995283
-0.981724
0.988131
0.951062
-0.091042
-0.444535
1.000000
-0.545554
0.391428
0.258816
-0.969868
-0.399018
-0.179181
-0.331023
-0.485141
-0.099330
0.594547
0.308613
-0.472694
0.619155
1.000000
-0.376698
-1.000000
0.421432
-1.000000
-1.000000
-1.000000
0.418271
0.082721
-0.103498
0.060712
-0.672648
1.000000
0.842430
-0.365279
0.396848
0.813721
-0.704732
0.573079
0.217624
0.966650
-0.612566
1.000000
0.205318
0.774587
-1.000000
-0.686542
0.321180
-0.333713
-1.000000
-0.785723
0.124968
1.000000
0.502471
0.701511
0.720660
-0.285322
0.677606
0.893290
1.000000
0.437426
0.808470
1.000000
0.099520
0.413688
-0.396202
0.638197
-1.000000
0.064135
1.000000
-0.215870
0.598485
-0.359400
-0.808178
-1.000000
0.716409
0.784506
0.083694
0.071290
0.425921
