-84.000000
0.400524
-0.647001
-0.346306
1.000000
-0.644121
0.746962
-0.481708
-1.000000
0.798712
0.627904
1.000000
0.007103
-0.871106
-0.139070
-0.940577
-1.000000
-0.894886
-0.168021
0.420027
0.554126
-0.017955
0.503416
-1.000000
-0.341680
-0.888166
0.612373
-1.000000
-1.000000
-0.693420
0.232038
-0.433238
0.162352
0.786512
0.817976
-0.277088
-0.547499
0.754852
0.214472
0.876218
-1.000000
0.995105
0.398376
-0.106688
-0.345601
0.266954
1.000000
0.209867
1.000000
-0.744856
-1.000000
-0.188899
-0.425529
-0.693008
0.420559
-0.911777
0.340246
1.000000
1.000000
0.567790
0.453475
-0.506179
0.210463
-0.785833
-0.601355
-0.416148
0.447292
0.546853
1.000000
-0.356019
0.392813
-0.683452
-1.000000
-0.419472
0.351712
-1.000000
0.136300
-0.389279
0.553525
0.226316
0.348665
0.814893
-0.929111
-0.338330
0.805147
0.898061
0.367649
-0.102651
0.471383
0.575883
1.000000
-1.000000
-0.705258
0.371624
-0.016565
-0.162994
0.764834
1.000000
0.575665
-1.000000
-0.066629
1.000000
-0.883157
-0.588527
0.342495
1.000000
-0.027387
0.098204
1.000000
0.747771
-0.964107
0.592355
0.566053
-0.790464
0.588667
0.683663
-0.543215
-1.000000
0.090982
-0.578578
-0.441785
-0.360657
-0.460128
0.568425
-1.000000
-0.113109
0.779374
0.310722
-0.215162
0.990661
-1.000000
-0.191464
-0.472384
-1.000000
0.485228
-0.428592
-0.342425
0.086086
0.759897
-0.567587
-0.491268
1.000000
-0.094220
-0.372140
0.869301
-1.000000
-0.957196
0.623969
-0.173736
-0.685265
0.410232
0.504046
0.384068
-0.602071
-0.956057
0.671706
1.000000
-0.545479
-0.012892
1.000000
-0.400972
1.000000
0.878358
0.445908
0.356654
-0.651263
-0.774976
1.000000
1.000000
-0.793042
-0.078900
-0.611376
1.000000
-1.000000
0.086573
-0.077645
-0.461862
-0.745777
-0.020793
0.760547
-0.342463
-0.777725
-1.000000
-0.277624
0.858538
0.080999
-1.000000
1.000000
-0.720423
-0.336393
-0.565405
-0.166315
-0.766649
1.000000
1.000000
1.000000
0.008631
0.351121
-0.417174
0.838679
0.012964
0.487422
0.114852
-0.835663
-0.427510
-0.432363
-0.067463
-1.000000
0.624656
-0.768133
-0.200872
-0.915590
0.989308
-0.984227
0.811416
0.260854
1.000000
-0.403991
1.000000
0.010312
0.534651
-0.410852
-0.757053
0.473121
0.440897
-0.954549
-1.000000
-1.000000
0.403231
-0.139280
-0.711775
-1.000000
-0.003218
0.861310
1.000000
-0.391254
1.000000
0.206384
0.171750
-1.000000
0.854486
-0.068976
-0.831609
0.621062
-0.258228
1.000000
0.558283
-1.000000
1.000000
0.758572
0.198931
-0.577038
0.490314
-1.000000
-0.294082
0.178332
0.352348
0.063054
0.519666
0.364233
-1.000000
-0.855229
-0.508139
0.101034
0.959422
-0.004398
