-159.600000
-0.316179
-0.193612
-0.541364
0.094078
-0.442767
1.000000
0.274659
0.198995
-1.000000
0.950466
0.424518
0.070093
-0.391218
-1.000000
0.042027
0.494260
0.465344
-0.563361
1.000000
-0.450303
-1.000000
0.482931
0.986644
0.555216
-0.149994
1.000000
0.049092
1.000000
0.523440
1.000000
-0.148156
0.320053
1.000000
1.000000
1.000000
0.575700
0.005403
-0.220009
-0.899655
0.830534
-0.008800
0.456219
-0.148357
0.316948
-1.000000
-0.608740
0.397552
-1.000000
1.000000
0.459836
-0.501725
-0.590811
0.308597
0.186976
0.861451
0.446808
0.772430
-0.202780
-0.281808
-0.435303
-0.582526
0.007197
0.879267
0.089482
-0.612060
-1.000000
0.739894
-0.305278
0.187999
1.000000
-0.091337
-0.797576
-0.247793
1.000000
-1.000000
0.178125
0.245810
0.422586
-0.575450
-0.516265
0.478029
-0.072632
-0.756650
0.103103
-0.349937
0.020442
0.314871
-0.358999
-1.000000
0.446183
0.609556
-1.000000
-1.000000
0.437290
1.000000
-0.113247
-0.958321
-0.918019
-1.000000
-1.000000
-0.461609
-0.865720
0.225629
-0.650800
0.077588
0.892709
-0.028806
0.080450
1.000000
-0.644116
-0.855749
1.000000
-0.209590
0.053516
-0.994069
0.887839
-0.286063
1.000000
0.314341
-0.114683
0.135802
-0.054294
0.651502
0.006118
0.582691
-0.777744
0.042544
0.527930
0.575645
-0.297485
-1.000000
-0.152329
0.314085
0.302345
0.104166
0.545159
0.242060
1.000000
-0.158638
-0.151171
0.130771
-0.322195
0.871297
1.000000
-0.413392
0.909654
1.000000
0.333515
0.713276
-0.531007
0.293052
0.404236
0.541329
-0.768862
0.405575
-0.767736
0.479739
1.000000
0.960604
-0.683052
-1.000000
-0.809930
-0.172322
-0.560382
-0.977185
-0.277189
0.897812
1.000000
0.349211
0.932635
-0.968552
-1.000000
-0.794441
0.183733
-0.567997
-1.000000
-0.306547
0.823907
-1.000000
-0.504262
0.157498
-0.961081
0.778983
1.000000
0.429920
-0.061669
0.047734
-1.000000
-1.000000
-0.976378
-0.716909
-0.417474
0.816224
1.000000
0.115069
-0.919795
-0.353336
0.308753
0.488322
-0.173047
0.066565
-0.711021
-0.107268
0.418165
-0.524523
0.522829
0.358821
0.940400
-0.638306
0.300501
-0.037938
0.049493
-0.029095
-0.414779
0.213700
0.550176
0.081258
-1.000000
0.693691
-0.246281
0.935430
-0.924312
0.007674
0.165319
-1.000000
-0.313893
-0.237018
0.896304
0.070598
0.689415
-0.767774
-0.502850
0.332419
0.934424
-0.598731
0.929478
-1.000000
0.022661
-1.000000
0.109436
0.669538
0.927699
-1.000000
-0.405712
1.000000
-0.697124
1.000000
-0.127826
-0.284798
1.000000
0.840317
-0.384444
0.857084
0.260577
1.000000
-1.000000
-0.846947
-0.874913
0.760565
0.633488
-0.179954
-0.416243
0.187189
1.000000
0.780639
