-259.400000
3.000000
-1.000000
16.000000
-1.000000
-1.000000
-1.000000
-1.000000
46.000000
28.600000
0.365938
-1.000000
-1.000000
1.000000
0.588949
-1.000000
0.249648
0.373965
-0.977999
-0.660420
0.266087
-1.000000
0.435666
-0.970973
0.304511
0.363547
1.000000
-0.550407
0.173120
-0.464935
-1.000000
0.800244
-0.655595
-0.822074
1.000000
-1.000000
0.850466
0.937751
-0.557683
0.802575
-0.816070
-0.189565
-0.843366
0.962801
-0.943037
1.000000
-0.582467
1.000000
1.000000
-0.409737
0.849977
0.339788
0.568522
-0.332911
-0.690862
-0.384382
0.384712
-0.103140
0.217553
-0.331509
-0.827146
0.416711
-0.060797
1.000000
0.640340
-0.005098
1.000000
1.000000
-0.263467
0.342635
-0.161621
0.015636
0.313147
-1.000000
0.809755
-1.000000
-0.281143
0.185780
-1.000000
-0.322819
0.609496
0.145067
-1.000000
-1.000000
-1.000000
0.758178
1.000000
-0.571289
0.321796
0.127439
-0.418108
-0.893053
0.032429
0.023859
0.945579
-0.089408
-0.453918
-0.685975
0.412355
-0.828047
0.267646
0.540950
-0.673525
-0.205024
-0.403951
0.316444
-1.000000
-0.499276
0.664846
0.594607
0.225923
-0.223942
-0.421201
0.570836
-1.000000
0.837299
1.000000
0.165675
0.661525
0.043045
0.165137
-0.384765
0.173306
-0.209500
0.107808
0.563783
-0.412867
1.000000
0.927100
-0.445139
0.827543
0.674112
-0.630890
-0.761528
-0.216187
0.307928
0.591799
-1.000000
0.916219
-0.420569
0.712296
0.572168
0.844822
0.027398
-0.781195
-0.253082
1.000000
0.567632
-0.216951
0.472791
-0.994859
-0.419891
1.000000
-0.095110
-0.787429
-1.000000
0.960958
-0.169028
0.186998
0.657884
1.000000
0.960238
0.230357
-0.770285
-1.000000
0.003531
-1.000000
-0.998521
0.308809
-0.049753
0.594954
-0.274445
-0.265507
-1.000000
0.199022
-0.085052
-1.000000
0.286873
0.869766
0.460418
-0.488032
-0.296124
1.000000
-1.000000
0.309002
0.561444
-0.611458
1.000000
-1.000000
-0.116025
0.273963
-0.550468
-0.529823
0.361516
-1.000000
0.852043
-0.760740
-1.000000
-0.504989
-0.366696
-1.000000
0.425293
0.253937
1.000000
0.517203
1.000000
0.322976
-1.000000
-1.000000
-0.693800
-0.608114
0.795270
0.153905
-0.372172
0.530935
-0.700266
-0.431409
0.212357
-0.703247
-0.464674
0.638049
0.321065
-0.610311
0.266717
0.190097
0.206609
0.366357
0.827762
-0.340412
-0.579750
-0.587922
1.000000
0.346896
-0.351393
-1.000000
0.392911
0.392942
-0.142285
1.000000
0.830986
-0.375051
-0.482445
0.103422
0.518435
-0.138446
-0.275451
1.000000
-1.000000
0.647467
-0.970423
-1.000000
-0.235130
0.500279
1.000000
0.668774
1.000000
-0.167187
0.206219
0.715544
1.000000
-1.000000
-0.372638
-1.000000
-0.408592
-0.815423
-0.912430
0.636285
-0.417141
1.000000
0.692401
0.124750
0.477718
0.758554
0.248963
0.562427
