0.282613
-0.520881
0.636686
0.922621
0.826487
-0.661161
0.290846
-0.360805
0.763996
-0.057327
0.687570
0.558783
0.751249
-0.978349
-0.548173
0.435410
-0.976575
0.723539
-0.816186
-0.496805
0.542709
-0.705344
0.238761
0.724506
-0.456826
-0.069881
0.461738
0.980863
0.837862
-0.300785
-0.871530
0.110980
0.841751
0.033330
0.989983
0.043920
-0.735668
0.020747
0.673608
-0.933838
-0.172618
0.313440
0.526395
-0.889959
0.161480
-0.953224
-0.828306
1.000000
-0.970666
0.983073
0.148102
0.355704
0.414942
0.146769
0.536213
0.322963
0.232641
-0.010882
-0.695086
0.028482
-0.728516
0.917294
-0.320639
-0.129077
0.856902
0.576529
-0.431402
-0.657316
-0.920229
-0.795963
0.056308
0.051339
0.727614
-0.584098
-0.546562
-0.625945
0.505842
-0.608362
0.478558
-0.059521
0.522898
0.524127
-0.623553
0.393988
-0.440170
-0.586345
0.058982
-0.617584
-0.249255
0.093873
-0.916523
0.852323
-0.806898
0.148774
0.903170
-0.113394
-0.428751
0.907959
0.854041
-0.595825
-0.511061
0.114526
0.054166
-0.290703
0.557684
0.795052
-0.185653
-0.468737
-0.198894
-0.934654
-0.282261
0.814641
-0.697009
-0.116826
0.482360
-0.177103
0.384490
0.271835
-0.177289
-0.059149
0.461453
0.215735
0.127607
0.420489
0.754390
0.055238
0.098172
0.169127
-0.940350
-0.994908
1.000000
-0.644904
0.331867
0.162073
0.038253
0.858410
-0.709765
-0.965797
-0.271906
0.693426
0.068996
-0.296231
-0.883954
0.226172
0.676179
0.977221
0.694571
-0.513957
0.958063
-0.675976
0.895532
-0.587831
-0.699770
0.384844
-0.994369
0.512432
0.795073
-0.873707
0.425893
0.220055
1.000000
0.018430
0.367502
0.547888
-0.876412
0.598471
-0.599706
-0.591900
-0.560387
-0.702418
0.098503
-0.142076
-0.995128
-0.785291
0.403225
-0.734958
0.091174
-0.931196
-0.474504
-0.695487
-0.668642
-1.000000
-0.213715
-0.568022
0.646253
-0.639834
0.002634
-0.970346
-0.512348
0.922744
-0.002437
0.894093
0.369389
0.959966
0.511887
0.365090
-0.539763
-0.650328
-0.462462
-1.000000
0.216369
0.012626
0.811652
-0.673727
-0.550663
0.188879
1.000000
0.683893
0.177365
-0.716482
-0.393219
0.552764
-0.641441
0.156769
-0.719241
-0.957718
0.354289
-0.835156
-0.263017
-0.446561
-0.432030
-1.000000
0.959737
0.974405
-0.779215
-0.733423
-0.314759
-0.696529
0.209164
0.593633
-0.478895
-0.017819
0.939912
0.711195
-0.193451
-0.324423
-0.287290
0.380469
-0.387063
0.953197
0.630088
-0.838463
0.937945
0.214413
0.300614
0.094519
0.257144
-0.180554
-0.237702
0.282456
-0.519017
-0.156862
0.306681
0.636018
0.850538
0.473394
0.247244
0.395196
-0.226402
-0.802399
-0.968900
0.136599
0.633772
-0.492303
0.868509
