-144.600000
2.000000
-1.000000
-1.000000
-1.000000
-1.000000
54.400000
-1.000000
91.000000
-1.000000
0.390320
0.463605
1.000000
-0.517571
0.197152
-0.716694
0.961513
1.000000
1.000000
0.026642
0.413029
-0.407737
0.410751
0.671013
-0.790611
0.764585
-0.251710
0.999501
1.000000
-0.662962
0.429288
0.578831
0.629922
-0.856355
0.507782
0.665303
-0.679074
0.106878
0.529296
0.077412
-0.791273
0.341389
-0.942592
-1.000000
-0.176496
-0.943004
0.859637
0.018263
-0.014207
-1.000000
1.000000
0.407120
-1.000000
0.621582
0.568915
-0.991434
-0.631357
0.180782
0.228861
0.200143
-1.000000
-0.260872
0.978674
1.000000
-0.225997
-0.652702
-0.427958
0.139887
0.041161
-0.743178
-1.000000
-1.000000
1.000000
0.651442
0.864231
-0.149761
-0.417796
0.849119
-0.038253
-0.613255
-0.453980
-0.364957
-0.722748
0.291795
-1.000000
0.485869
-0.991889
0.255247
0.111311
-0.179587
-0.958301
-1.000000
-0.253210
0.751220
-0.075998
-0.095856
0.908397
1.000000
1.000000
-1.000000
0.970263
0.975995
-0.131740
0.277898
0.419191
-1.000000
0.882422
-0.292898
-1.000000
-0.046042
-0.826149
-0.978576
0.823070
0.631085
0.306675
0.078504
-0.208477
-0.765301
-0.534365
-0.136619
-0.125068
-0.475211
0.906509
-0.665451
-1.000000
0.201052
-0.984066
-0.061449
0.307897
-0.441036
-0.033943
0.040099
0.043355
0.625429
0.620622
1.000000
0.397256
-0.939340
0.266989
0.876593
-0.812462
0.185454
-0.480749
0.042631
-0.045886
0.485666
-0.628535
0.973069
0.136594
1.000000
-0.423234
0.419801
-0.352572
0.051927
0.297912
1.000000
-0.389191
1.000000
1.000000
-0.240215
-0.011641
0.923544
-0.286469
-0.477030
-1.000000
-0.156365
0.745259
0.472485
0.478280
-0.073381
-0.103190
-1.000000
0.017462
0.390299
-0.999593
-0.107564
-0.070740
-0.050233
0.350966
0.829462
-0.963734
-0.986163
0.317956
-0.233200
-1.000000
-0.328211
0.702035
0.076816
0.000307
0.029162
0.130850
-0.161368
-0.555025
-0.798018
0.764255
1.000000
0.889788
-0.588080
-0.268520
0.630873
1.000000
-0.135968
-1.000000
1.000000
-0.637590
0.647186
-0.032250
0.581695
0.056262
1.000000
0.547904
-0.822809
0.658148
-0.170707
0.709139
-0.828118
0.807872
-0.544883
0.177840
-0.128697
-1.000000
-1.000000
-0.020529
-0.176573
0.899795
1.000000
1.000000
0.409264
-0.061951
0.765774
-0.973091
0.529231
-0.708381
0.446650
0.150735
-0.308554
-0.182808
0.197847
0.412281
-0.870147
-1.000000
-1.000000
0.392300
0.083140
-0.867388
0.382542
0.172215
0.538804
0.649252
0.649882
-0.621092
1.000000
1.000000
0.537933
-0.793947
0.366228
-0.770526
0.392477
1.000000
1.000000
-0.063834
0.571607
-0.063764
0.672313
-0.191970
0.542366
-0.159706
0.872341
-0.224703
-0.136068
-0.961055
1.000000
1.000000
0.447878
-0.352501
