1.000000
-0.309492
-0.451477
-0.217333
-0.089564
0.344015
0.078024
1.000000
0.551836
0.958386
-0.376389
0.622630
1.000000
0.292131
-0.489641
-0.255225
-0.300688
0.040588
-1.000000
0.646663
-0.454459
1.000000
0.045685
-1.000000
0.937129
0.551410
-0.017581
0.265093
-1.000000
-0.653459
1.000000
0.211841
1.000000
0.759888
-0.514658
-0.194082
-0.335892
0.659176
-1.000000
0.047712
0.059440
0.211823
0.115864
0.423130
0.166222
-0.343045
-0.848638
0.002942
0.325726
1.000000
-0.954634
-0.003433
-1.000000
-0.967480
-0.884094
-0.423286
-0.805874
-0.600084
0.878290
0.700580
-0.540340
-0.358745
-0.704205
-0.214105
0.692481
-0.206810
-0.781696
0.735117
-0.473707
1.000000
0.474767
0.142117
-0.557692
0.434354
-0.377483
1.000000
-0.317056
0.022907
0.294833
0.930944
-1.000000
0.023013
0.849403
-0.366128
-1.000000
0.831956
-0.357863
0.683650
0.455788
0.907527
-0.444255
-0.678163
0.487404
-0.064971
-0.641706
-0.768603
0.259251
-0.647919
-0.432073
-1.000000
-1.000000
-0.418440
0.229636
-1.000000
-0.253298
-1.000000
-1.000000
0.015679
0.210776
-1.000000
-0.853855
0.984444
0.461669
-0.031137
0.348593
0.737845
0.535760
-0.140249
0.015822
-1.000000
-0.106691
0.686429
-0.835136
0.856109
0.595333
0.873685
0.250655
0.803966
0.487021
0.307311
1.000000
-0.617804
1.000000
-0.241987
0.557973
0.765312
0.541246
0.796768
1.000000
0.902465
-0.569046
-0.601779
0.330296
-0.400251
1.000000
0.116232
-0.997908
1.000000
0.095299
-0.283801
1.000000
1.000000
-0.395463
1.000000
-1.000000
0.177132
0.196781
0.999850
1.000000
-0.301921
-0.554111
0.720291
-0.341700
-0.580236
-0.675109
0.682258
-0.740314
-0.281954
-1.000000
0.134189
-0.183704
-1.000000
0.367214
0.689775
0.270795
-0.684212
-0.336697
0.977983
-0.285053
-1.000000
-0.581241
0.520450
-1.000000
-0.317801
0.995579
-0.121501
-0.972185
0.636815
-1.000000
-0.477127
-0.032714
0.423821
0.359972
-1.000000
-1.000000
1.000000
-0.887811
-1.000000
0.023306
0.851682
-0.135586
1.000000
0.241849
0.286524
-0.940954
0.691427
-0.412259
-0.733171
-0.296272
0.552540
-0.833479
-0.429502
0.476367
1.000000
0.895344
-0.512285
-0.439056
0.246655
-0.035780
-1.000000
-0.744277
0.359835
0.069898
1.000000
-0.758005
-0.606418
0.428732
0.612030
-1.000000
0.148818
-0.997129
-0.406280
0.631992
0.721854
0.614147
0.555655
-0.636214
0.780074
0.817794
0.815081
-1.000000
0.204889
-0.419008
0.423134
-0.552272
0.625227
-0.328346
1.000000
0.834520
0.691659
0.782586
-0.367759
0.374009
-1.000000
0.879508
1.000000
-0.239712
-0.051057
0.498463
-0.713234
-0.333382
0.318127
-1.000000
0.808179
0.394658
