0.701091
-0.818852
0.974624
-0.006741
-0.976619
-1.000000
-0.385168
-0.165802
0.088739
-0.300648
0.667231
1.000000
0.012969
-0.559522
-1.000000
0.420947
-0.506793
-1.000000
0.121201
0.314710
1.000000
-0.760006
-0.326856
-0.529189
-0.147398
-0.691069
-0.002738
-0.491461
-0.061506
-0.005931
-0.709834
-0.276682
-1.000000
-0.855310
-0.518739
0.643773
0.538189
0.749807
-1.000000
-0.176578
-0.114882
-0.480390
-0.039727
-0.063184
-0.767860
0.570805
-0.427576
0.423649
-1.000000
-1.000000
-0.565065
0.432782
0.304446
0.208715
0.411340
-0.289112
1.000000
0.760205
-0.298482
-0.916934
-0.114451
0.619224
1.000000
0.807806
0.272919
0.951586
0.617138
-0.678389
-1.000000
0.426418
-0.255780
0.057477
-0.920962
-1.000000
0.449951
0.517208
-0.619765
1.000000
-0.339361
0.552364
-0.028780
-0.629100
-0.580713
0.451636
-0.681637
0.636856
0.135681
0.790181
-0.304305
-0.206290
0.468265
-0.695825
0.338145
-0.551893
-0.275329
0.579020
0.618461
-0.162433
-0.412454
-1.000000
1.000000
0.771722
-0.682433
-1.000000
0.890017
-0.125120
0.432821
-0.680190
-1.000000
-0.608720
-0.130030
0.667841
0.296797
0.072278
0.756729
-0.555640
0.771064
-0.777820
-0.778887
-0.977528
-1.000000
0.617760
0.107972
-0.733030
-0.950924
0.710122
-1.000000
1.000000
0.780676
0.733640
1.000000
-1.000000
0.203260
0.252144
-0.131148
0.155036
0.708929
-0.779914
-0.727384
-0.507071
0.138273
-0.191332
1.000000
0.790979
-0.542960
1.000000
-0.959992
0.810050
0.839704
0.260298
-0.979650
0.175515
0.000832
0.633218
-0.613593
1.000000
-0.463457
-0.202427
1.000000
-0.929387
0.638748
-0.151167
0.586774
-1.000000
-0.986750
-0.798411
-0.426455
1.000000
-0.634645
-0.360646
0.203842
-0.873598
-0.278862
-1.000000
-0.898930
-1.000000
0.726121
-0.410217
0.050637
0.878634
-0.861850
-0.423891
-0.852241
-0.827625
-1.000000
-1.000000
-0.470656
1.000000
-0.442354
-0.199898
-1.000000
1.000000
-1.000000
0.367813
-0.146568
0.377365
-0.360469
0.229293
-0.418905
-1.000000
0.389632
-0.750023
1.000000
-0.487659
-0.049718
0.674310
-0.877891
1.000000
-1.000000
-0.482998
0.342951
0.200045
-0.322131
1.000000
0.428849
-0.589869
-0.901277
0.381379
0.151967
0.390943
0.601835
0.624049
0.214041
0.359850
-0.888079
-0.119755
-0.287185
-0.521333
0.528971
1.000000
0.608285
-1.000000
-0.463954
0.891313
-0.080228
-0.190481
0.696360
0.149110
-0.314025
0.046661
-1.000000
-0.348569
0.467238
0.902410
1.000000
-0.031483
0.488257
-0.552319
-0.914816
0.888450
-0.445650
0.518687
0.579801
-0.793431
-0.738837
-0.400620
-0.029580
0.537618
0.292488
0.645275
0.958101
0.198262
1.000000
-0.855570
0.260099
