0.054120
-0.900893
-0.557191
0.093880
-0.174922
-0.963014
0.359238
-1.000000
0.382452
0.312255
-0.856021
-1.000000
-0.642661
0.146274
-0.021774
-0.617491
0.566885
0.253029
0.205224
-0.827722
0.124127
0.900042
-0.562027
0.819429
0.386301
0.686054
0.392814
0.540600
0.854295
0.332174
-0.739769
0.582133
-0.800239
0.922017
0.178792
0.554552
-0.639427
0.884841
0.475964
0.833021
0.393375
-0.423591
-0.127011
-0.460964
0.746652
0.290007
0.231129
0.235175
-0.436058
-0.945105
1.000000
-0.582455
-1.000000
-0.562054
0.841904
0.937494
0.610776
-0.318304
0.501432
0.932314
-0.473303
-0.445774
0.971784
0.260211
0.378077
-0.558662
-0.486083
-0.608033
0.195539
0.490238
0.590908
-0.631691
-0.570620
-0.516182
0.215139
0.929969
0.812692
-0.767069
-0.986864
0.869167
0.023461
-0.199411
1.000000
-0.814292
-0.721504
-0.202215
-0.606948
-0.079840
-0.786229
-0.331394
-0.412756
-0.244447
-0.797854
0.453314
-0.574325
-0.336515
-0.765428
-0.075664
-0.622987
-0.561238
0.375761
0.047226
-0.456937
-0.319014
-0.794820
0.950705
0.537637
0.261600
0.186546
0.552475
-0.626157
0.453446
-0.802674
0.899336
-0.142685
0.348704
0.374378
-0.574015
0.012266
-0.356054
0.449142
0.733501
0.620074
0.990879
-0.615732
0.582330
0.924303
-0.419736
-0.531074
0.069616
0.036694
-0.602040
-0.495602
0.159411
-0.188990
0.739038
-0.327054
0.361246
-0.191282
0.086064
0.643339
0.483334
-0.276204
0.335869
-0.205636
0.594221
-0.725829
0.975203
-0.224869
0.327546
-0.188497
0.305889
0.139951
-0.348557
0.733387
-0.927047
0.487772
0.712422
-0.300761
0.644333
0.892355
0.110426
-0.315799
0.707380
0.923339
-0.874917
-0.290647
0.081586
0.179057
0.807512
-0.054374
0.248179
-0.049524
1.000000
-0.965102
-0.465955
0.243142
-0.895204
0.496747
-0.718230
0.589213
-1.000000
-0.349397
0.610769
0.656863
0.167927
0.408985
0.872345
-0.081695
0.637653
-0.683266
-0.718431
-0.658076
0.326530
0.923455
0.900179
0.147250
0.177055
0.642580
0.409359
0.694244
0.957604
0.122677
1.000000
-0.116308
-1.000000
0.053838
-0.583324
-0.683121
0.950232
-0.238049
0.327976
0.374846
-0.142363
0.926154
0.518973
-0.524068
0.305441
0.857765
-0.011611
0.986626
-0.726030
0.498402
-0.967675
-0.366784
-0.961387
0.813308
0.494909
-0.086845
0.043129
-0.548600
-0.800107
0.092811
0.647160
0.620183
-0.523837
-0.008091
0.287125
-0.802319
-0.422099
-0.447145
0.610996
0.713298
-0.143769
-0.855494
-0.716627
-0.620992
-0.260867
0.280372
0.455383
0.671110
0.973342
-0.793948
0.583228
-0.317346
-0.209037
0.124079
-0.749556
-0.134499
0.966177
-0.942729
-0.566352
-0.033340
0.309388
-1.000000
