-0.994218
-0.482753
0.292284
0.796110
0.715491
0.024716
-0.569277
-1.000000
0.622288
0.966878
0.149932
-0.509201
-0.708453
0.654742
-0.824297
-0.905559
-0.054360
-0.857806
0.590794
-0.696505
0.792274
0.679187
0.844552
0.713456
0.130845
-0.523583
0.748875
-0.292182
0.989283
-0.895810
-0.257850
-0.668269
0.486486
-0.636447
-0.482170
-0.546380
-0.758112
-0.859874
0.624651
-0.413086
0.805525
0.616598
-0.555442
-0.406448
-0.537242
0.952993
0.266053
-0.331281
-0.344588
-0.450695
0.405636
-0.751828
-0.273179
-0.119139
-0.936034
-0.844161
0.552995
-0.248048
-1.000000
-0.448474
-0.783505
-0.699979
-0.590934
-0.931528
-1.000000
0.550990
1.000000
0.240279
0.247696
0.688136
0.515402
0.566906
0.587892
-1.000000
0.138228
0.831446
0.351549
0.133840
0.656460
-0.578109
0.807141
-0.605271
-0.242171
0.592065
0.263141
-0.863487
0.187489
-0.785188
0.317871
-0.790747
-0.690575
-0.387565
-0.211793
0.247699
0.391599
0.871168
0.120257
0.581154
0.041288
-0.494086
-0.178172
-0.024238
-0.528486
-0.538319
-0.869245
0.183628
-0.980976
0.906465
-0.932814
0.486539
-0.684583
-0.406693
-0.778365
0.685769
-0.132277
0.569022
0.309821
0.962245
-0.749980
-0.737131
-0.161510
0.278482
-1.000000
-0.458450
-0.264354
0.076509
0.820481
0.682849
-0.496629
0.242058
0.952529
-0.036262
0.998532
0.999993
0.105421
-0.270508
0.554776
0.823845
-0.797063
1.000000
-0.304482
-0.705224
0.697521
-0.210246
0.385212
-0.268222
-0.986877
0.930827
0.935067
-0.277577
0.420437
0.727945
-0.261235
0.163711
-0.191431
-0.135930
-0.281910
0.559627
0.792779
0.110666
-0.932467
-0.847249
-0.449847
-0.422083
0.903477
0.880512
0.723369
0.671338
0.532336
0.646966
-0.679704
-0.210720
0.176809
0.971734
-0.563609
-0.217909
0.464717
0.712038
-0.315693
1.000000
-0.627633
-0.536496
0.757501
-0.998089
0.302751
-1.000000
0.912568
-0.033583
-0.513142
-0.965781
-0.081648
0.089719
0.956814
-0.661417
0.310475
-0.012814
-0.592097
0.784743
-0.234847
-0.576690
0.873379
0.849315
0.062432
0.798080
0.985797
0.816691
-0.505697
0.921372
-0.176540
0.584922
-0.386141
0.082799
0.571843
-0.771785
0.779836
0.676707
-0.309886
0.906577
0.782544
0.232394
-0.480933
-0.029576
0.546210
-0.841000
0.604201
-0.103563
-0.285120
0.888911
-0.049954
-0.230027
-0.668867
-0.226138
-0.415631
0.532673
0.190167
0.649892
0.394822
0.503516
0.579591
0.635655
-0.023588
-0.520690
-0.599759
0.637640
-0.371736
0.024943
-0.464391
-0.618061
0.833972
-0.516835
0.018716
0.229452
-0.922978
-0.986794
-0.359149
-0.448043
-0.668158
0.345880
1.000000
-0.955053
-0.193812
0.423333
0.355941
0.732126
1.000000
