0.080763
-0.335014
0.101829
0.683073
0.707319
-0.886818
-0.256238
-0.053205
0.302073
-0.284592
0.273373
0.508922
0.957542
0.596864
-0.323937
-0.252115
-0.123464
-0.196199
-0.259336
0.416237
0.980656
0.484596
1.000000
0.010904
-0.398098
0.300761
-0.093419
0.961083
-0.952895
0.998521
-0.102293
0.683384
-0.631961
0.201906
0.238585
0.159447
0.354168
-0.912558
-0.899840
0.702719
0.601506
0.627598
0.560001
-0.181119
0.022913
0.627585
-0.450413
0.049433
0.338201
0.710864
0.379621
0.705310
-0.087700
-0.378273
0.354144
0.674836
-0.918755
0.889505
-0.262373
-0.863285
-0.825585
0.431262
-0.664560
0.869931
-0.303217
-0.124898
-0.168004
-0.496700
-0.667809
0.004922
0.293022
0.307751
-0.710445
-0.700707
0.460055
-0.799689
0.957532
0.035477
-0.397724
0.456943
-0.978932
0.138322
1.000000
-1.000000
-0.928472
-0.758094
-0.573709
0.726868
0.802951
0.190081
-0.960645
-0.978697
-0.707630
0.908571
0.063441
-0.167897
-0.877397
-0.647351
0.520348
-0.566065
-0.055965
0.029877
-0.359165
-0.435229
0.220709
0.497643
-0.633440
0.568164
0.499766
0.961526
-0.055549
0.097633
0.714197
-0.226473
0.046848
0.193018
0.149282
1.000000
0.387074
-0.170491
-0.869762
-0.017697
-0.856079
-0.492327
0.706468
-0.928728
-0.905556
-0.157027
-0.022284
-1.000000
-0.926435
0.221815
-0.887388
-0.875130
0.456341
-0.618259
-0.589314
-0.324558
-0.551928
0.189279
0.286562
-0.951601
-0.957175
-0.612011
-0.179392
0.928879
0.810299
-0.253193
0.270012
-0.905946
-0.705803
-0.879350
-0.100873
0.972068
-0.053877
-0.991759
-0.773385
0.282134
0.113744
-0.728508
-0.238864
0.405040
0.293329
0.727305
0.563586
-0.002275
-0.759016
-0.273439
0.899770
0.256868
0.536006
-0.695477
-0.856421
-0.391117
0.122123
0.444994
0.258964
-0.802263
0.212735
0.234956
0.320564
-0.783912
-0.211808
-0.223546
-0.286281
-0.992608
-0.229993
0.363555
-0.898311
-0.744826
-1.000000
0.609414
0.959997
0.884208
0.000534
-0.537401
-0.788242
-0.755677
0.111374
-0.239970
0.839410
0.431785
0.870721
-0.956531
-0.610410
0.477682
-0.776617
1.000000
0.746190
0.703621
-0.011930
-0.901357
0.968846
-0.423159
-0.452256
0.211170
0.101747
-0.256298
0.757616
0.130319
0.010934
-0.768716
0.644925
0.063740
-0.487915
-0.487345
0.699787
0.179854
0.897001
0.453610
-0.778249
-0.071033
0.203378
0.879167
0.920846
-0.594947
0.626365
-0.067614
-0.570339
-0.632098
0.033007
-0.930928
-0.249800
-0.889777
-0.981494
0.595899
0.257008
-1.000000
0.475557
0.045706
-0.906718
-0.676342
0.305675
0.863843
0.593408
-0.865309
0.480435
0.217473
0.248835
0.173359
-0.582901
0.993183
0.986698
0.169369
0.583836
