1.000000
-1.000000
-0.710651
-0.221623
0.351965
0.081699
-0.853958
-0.657772
1.000000
-0.605622
0.137809
0.796700
1.000000
0.589302
-0.852729
0.865815
-0.101643
0.568817
-0.628991
0.588904
0.169677
0.446405
0.311053
-0.036528
0.181915
-0.640464
1.000000
-1.000000
-0.746300
0.457925
1.000000
-0.491612
-1.000000
0.747185
-0.568359
0.052082
-0.370394
-0.725930
-0.204871
1.000000
-0.730096
0.527355
-1.000000
0.012344
0.680811
-0.391387
0.764775
-0.089430
-0.275197
-0.649654
0.113784
0.781633
-0.736208
0.656037
0.471005
1.000000
0.424933
0.210663
1.000000
0.126326
0.705139
-0.776517
1.000000
0.058537
0.220115
0.143752
0.451064
-0.459813
-0.355808
-0.397296
1.000000
-1.000000
0.887031
-1.000000
1.000000
1.000000
-1.000000
0.941424
0.204620
0.556953
-0.155995
0.018362
0.215894
0.353087
0.642330
0.826178
1.000000
0.333377
0.090365
-0.424206
-0.412269
0.364323
-0.651466
-0.506052
-0.235116
-0.342866
-0.184696
1.000000
-0.727603
0.689424
1.000000
-0.368677
0.640327
-0.842766
0.105439
-1.000000
-1.000000
-0.752929
-1.000000
-0.030724
0.487610
-0.892637
1.000000
-0.738468
0.593523
-0.530399
1.000000
-0.503450
0.945311
0.826001
-0.164857
-1.000000
-1.000000
0.323555
-0.215366
-0.362326
0.067560
0.365286
-0.986450
-0.766700
-1.000000
-0.205306
-1.000000
-0.221659
0.270685
0.987552
1.000000
-0.998290
-1.000000
0.912388
-0.163445
-0.858670
1.000000
1.000000
0.203329
0.257475
-1.000000
-0.757743
0.150608
-0.054259
0.932044
-0.400878
-1.000000
0.752058
-0.917951
0.277674
-0.239423
-1.000000
0.404288
-0.680691
0.897823
-0.069376
1.000000
0.175264
1.000000
-0.558385
-0.733959
0.443201
-0.690864
-0.271465
0.897434
-0.959195
-0.780557
-1.000000
-0.606968
-0.585331
1.000000
-0.138379
0.263013
0.364780
-0.367066
0.600768
1.000000
-0.227544
-0.536999
-1.000000
0.274119
0.284200
-0.369020
-1.000000
0.908829
0.552471
0.591008
1.000000
-0.314287
0.470990
-0.792609
0.895335
0.350927
1.000000
0.769711
0.803495
0.386610
0.278817
-0.846141
0.115192
0.666894
-1.000000
1.000000
-0.502825
-1.000000
-0.933188
-0.382919
1.000000
0.673495
-1.000000
-0.668010
-0.584751
0.463628
0.017566
-0.348063
-0.216128
-0.360390
-0.792644
0.173854
0.395344
0.839369
-0.066147
0.401639
0.435170
-1.000000
-0.780318
1.000000
0.461621
0.953437
0.267382
-0.108249
-0.430713
0.365353
-1.000000
-0.808559
1.000000
0.784755
-0.602934
0.654546
0.911369
0.459408
0.826537
0.425745
-0.326163
-0.466460
-0.400005
0.259477
0.194541
-0.397113
0.291806
-1.000000
0.570355
-1.000000
-1.000000
-0.610294
0.992193
0.402613
1.000000
-1.000000
