0.546460
-0.191839
0.882790
0.465091
-0.807798
-0.501071
0.984485
0.025003
0.373041
0.009882
0.449167
-0.449761
0.137185
0.949754
-1.000000
-0.862983
0.775510
0.785462
0.543279
0.814133
0.824152
-0.398041
0.024600
0.650731
0.822264
0.289098
-0.078609
0.988369
-0.483979
0.969181
-0.938783
0.180620
-0.218002
0.857866
-0.108163
-0.359059
0.858917
0.465158
-0.661847
-0.374783
-0.823170
-0.837815
-0.538420
-0.366445
-0.382134
0.088583
0.621152
0.306019
-0.779164
0.978565
-0.251994
-0.639572
-0.083004
-0.265024
0.407250
-0.133738
0.853565
0.148290
-0.764851
0.872081
-0.532277
-0.170233
-0.320353
0.086444
0.887478
0.341974
-0.966596
0.791276
-0.557762
0.408131
-0.118423
0.545651
-0.038086
0.510598
0.021977
-0.656138
0.922327
0.093400
0.092921
0.258982
-0.326492
-0.493176
-0.646039
0.446589
0.918854
-0.858018
0.553671
0.602051
-0.673447
0.092387
-0.810473
0.027324
-0.180729
-0.321158
0.763955
0.176869
0.230895
-0.960402
0.261222
-0.638561
0.044668
-1.000000
0.952076
0.778418
0.773960
0.361803
-0.257614
-0.053504
0.872046
1.000000
0.833824
-0.119927
0.269970
-0.475940
-0.135389
-0.937044
-0.844420
0.649092
0.319590
-0.911790
0.273740
0.476647
-0.614536
0.602994
-1.000000
-0.948091
0.589233
-0.588440
-0.442678
-0.840420
0.493710
0.991335
0.176008
-0.068510
-0.041147
-0.986597
0.239332
-0.608670
0.544819
-0.825568
-0.560411
0.014371
0.082084
1.000000
-0.694507
-0.643058
-0.702657
-0.233545
0.318785
-0.027397
-0.541405
0.217630
0.252313
-0.651866
-0.397264
0.930112
0.237328
0.654136
0.610801
0.630911
0.750955
0.342042
0.450808
-0.529554
-0.125302
0.108293
-0.806104
-0.226884
0.164111
0.864235
0.371325
0.588064
-0.047216
-0.563431
0.989573
-0.000860
-0.269714
0.591508
-0.503761
-0.679901
0.739553
-0.568389
0.249105
0.413933
0.687429
0.265872
-1.000000
0.510494
-0.807313
0.908560
0.176747
-0.210236
-0.995431
-0.678800
-0.576999
0.171918
1.000000
0.198595
0.249509
-0.183159
0.512204
0.447392
0.517671
0.090099
0.805715
-0.001390
-0.679170
-0.770970
-0.595392
-0.275655
0.711562
-0.068609
-0.160994
0.913268
0.663532
-0.619551
0.515684
0.369069
0.165282
-0.047949
-0.848947
-0.001989
-0.817807
0.447306
-0.580895
-0.295977
0.954607
0.221340
-0.056399
-0.494045
-0.358611
-0.959996
-0.925583
-0.618067
-0.632378
-0.685728
-0.881058
1.000000
0.989824
0.614078
0.540915
-0.054093
0.600638
-0.450961
0.518016
-0.172647
-0.860523
0.964928
0.072747
-0.591251
-0.751138
-0.139297
0.375491
0.291380
0.403871
-0.458296
0.842189
-0.456068
0.063995
0.714716
-0.262536
0.405933
0.045342
0.554383
0.653944
