0.095592
0.486592
0.712930
-0.313074
0.883394
0.439417
0.125015
0.297249
0.332835
-0.238994
1.000000
-0.753548
-1.000000
-0.466963
0.221006
-0.359047
0.358147
1.000000
0.602966
0.952093
-0.206793
0.061605
-0.689877
0.106389
-1.000000
1.000000
0.074948
0.798661
0.061857
1.000000
0.616380
-1.000000
-1.000000
-0.168759
-0.272329
-1.000000
0.277918
0.398826
0.276300
0.462597
-1.000000
0.357158
0.438513
-0.964422
-0.793391
1.000000
0.856057
-0.545805
0.683403
1.000000
-0.557558
-0.621107
-0.040592
-0.394675
-1.000000
1.000000
1.000000
-1.000000
0.005560
-1.000000
0.950087
-0.012281
0.369819
-1.000000
0.833818
-0.428671
0.559599
0.938538
1.000000
1.000000
-0.427303
0.163833
0.074173
-0.739911
-0.726399
-1.000000
-1.000000
1.000000
0.180036
0.461173
0.122304
0.538898
1.000000
0.868989
1.000000
-1.000000
0.642138
1.000000
0.851718
-0.221958
-0.174928
-1.000000
-0.431946
-0.026055
0.516053
0.573019
0.837228
1.000000
-1.000000
0.225469
-0.143485
-0.177350
1.000000
0.072482
-0.295112
1.000000
0.665959
1.000000
0.495731
0.445877
-1.000000
-0.500285
-0.813374
-0.973291
-0.986373
1.000000
-1.000000
-1.000000
-0.410907
0.961137
-1.000000
-0.073369
0.996289
-0.771950
-1.000000
0.028014
-0.246708
-0.551474
0.601611
-1.000000
-0.271536
-0.835824
0.181155
-1.000000
-0.527676
0.146169
1.000000
0.227687
0.520633
1.000000
1.000000
1.000000
0.410787
1.000000
-0.462624
-0.156284
-0.299991
-0.846690
0.605778
-0.181702
-0.209428
0.517297
0.843237
-1.000000
-0.830254
0.983068
0.876272
0.131516
0.287181
-0.129526
-1.000000
0.469100
1.000000
0.194719
-0.611807
0.070884
-0.069111
-1.000000
1.000000
0.822185
0.449526
-0.231962
0.884003
0.152793
0.279796
-0.629086
-1.000000
0.782883
0.649537
-1.000000
0.130433
-0.321567
-1.000000
-0.113599
0.597262
1.000000
-0.122184
-0.379175
0.495552
-0.964108
-0.242571
0.704440
1.000000
-1.000000
0.680965
0.546319
-0.951289
-0.180451
0.207795
0.603699
0.368456
-0.180203
1.000000
-0.809703
-0.728191
0.695430
-0.139046
0.300494
-0.963560
1.000000
0.677842
0.982941
1.000000
0.300635
-0.873047
0.858888
0.418853
0.475733
0.638006
0.535296
-0.028059
-1.000000
-1.000000
0.808512
0.417285
-0.726849
-0.220881
0.961893
-0.319284
0.205309
0.886744
-0.106323
-0.593725
-0.698762
0.526036
0.535137
-0.422120
0.439954
0.693365
0.304291
0.583458
0.148331
0.385680
0.927547
-0.802808
0.127320
0.380004
0.324541
-0.087358
1.000000
1.000000
1.000000
-0.165303
0.093243
0.030261
-0.660493
0.704493
-0.546430
0.327660
-0.792468
-1.000000
-0.862769
-0.697455
-0.207198
0.538661
