0.960212
-0.455139
-0.752117
-0.785931
-0.934414
1.000000
-0.211528
0.720553
-0.040655
0.502859
0.408762
0.495823
0.231931
0.580011
0.663366
-1.000000
-0.658980
1.000000
-1.000000
-1.000000
-0.104181
0.836828
1.000000
0.181695
-0.030822
-1.000000
-1.000000
-0.047416
0.117854
1.000000
-0.476610
0.097667
0.457326
-0.878283
0.275292
-1.000000
-0.341768
1.000000
0.541037
0.617076
-0.458307
-1.000000
0.797717
-1.000000
0.563970
0.776807
0.339482
0.299539
-0.203368
0.528707
0.585540
-0.985486
0.104851
-0.548383
-0.453329
1.000000
-1.000000
-1.000000
-1.000000
-0.362935
-1.000000
-0.782668
-0.358102
-0.842277
-0.083410
-0.888703
-0.339956
-1.000000
-0.740177
0.281318
0.248160
0.296184
-0.925380
0.355098
-0.388535
0.390911
0.710783
0.458056
-0.650298
0.691652
-0.617993
-0.375214
-0.929073
1.000000
-1.000000
-0.383169
0.428379
0.348634
0.016253
0.472070
-0.857900
-0.159169
0.221525
0.439588
0.304437
-1.000000
-0.119826
-1.000000
-0.561188
0.066955
-0.253509
-0.157714
-0.871180
0.260424
0.896457
-1.000000
-0.414214
0.376922
-0.371866
-0.650805
-0.404944
-0.317272
0.086174
-0.246696
1.000000
0.524116
1.000000
-0.781209
0.271086
0.875433
-1.000000
0.860158
0.556835
-0.263115
1.000000
-0.669572
-0.359061
-1.000000
0.403092
-0.458343
1.000000
0.068623
-0.832718
1.000000
0.446697
0.757092
-0.885865
0.401286
-0.902971
0.355907
-0.887049
0.674445
0.826438
-1.000000
0.826963
-0.440167
-1.000000
-0.080919
0.515107
-0.739949
-0.737360
0.078773
-0.910368
-0.732892
-0.440209
-1.000000
0.754727
0.323047
-0.412772
1.000000
0.513665
-0.532374
0.010942
1.000000
-1.000000
1.000000
-0.433727
0.124015
0.398855
0.696863
1.000000
-0.509279
0.602565
0.485986
-0.951487
-0.147205
1.000000
0.574960
-0.691911
-0.930417
0.343351
-0.428155
-0.505752
-0.724104
0.503354
1.000000
-1.000000
0.148025
-1.000000
-1.000000
-0.381971
-0.027621
-0.643451
-1.000000
0.569580
-0.144424
0.157929
1.000000
-0.215214
-0.479334
1.000000
-0.447294
0.848778
0.983102
0.518032
-0.094147
0.230870
0.617574
-0.347701
-1.000000
0.241485
-0.293402
0.093070
1.000000
0.495268
-0.179968
-1.000000
-0.771140
0.178788
0.291904
-0.506003
0.045182
-0.606947
0.538072
-0.340591
-1.000000
0.496894
-0.072615
0.648793
0.969880
0.146656
1.000000
-0.084896
0.307760
-1.000000
0.009894
1.000000
0.888189
0.797702
-0.351662
0.212059
-1.000000
-0.431346
0.630410
-0.374339
-1.000000
-0.671338
0.224225
0.533971
-0.210078
-0.864982
0.225347
0.507715
-0.154616
0.263111
0.057278
0.043378
-0.920930
-0.465524
0.426352
-0.400236
-0.971787
0.642719
-0.709240
0.259035
