-253.000000
2.000000
-1.000000
-1.000000
26.000000
-1.000000
82.000000
-1.000000
-1.000000
-1.000000
-0.066136
0.649242
-0.146271
0.741863
-0.039055
-0.500782
-1.000000
0.376553
0.993836
0.857720
-0.407969
1.000000
-0.791120
-1.000000
0.114594
0.999582
-0.496759
0.371218
-0.973007
0.315731
-0.651356
0.907633
0.837275
0.109320
-0.419098
0.593421
-1.000000
0.281708
1.000000
0.938985
-0.756925
0.540794
-0.453410
0.442006
0.617707
0.736032
0.194133
0.570188
-0.887396
0.695462
-0.616889
-0.351902
0.183991
0.303836
-0.191027
-0.078218
-0.289905
-0.318904
-0.564206
-0.013306
1.000000
0.515703
0.492429
-0.648781
-0.967810
-1.000000
0.124513
0.105813
-1.000000
-0.439576
0.810861
-0.838216
0.165353
-0.145921
-0.159390
-0.007002
0.930004
-0.626831
1.000000
-0.579386
1.000000
1.000000
-0.209798
1.000000
-1.000000
0.414698
-0.487332
-0.097768
-1.000000
0.890906
0.687896
0.459478
-0.122972
-0.300664
-1.000000
0.824590
-0.511772
0.567088
0.979422
0.796480
0.337099
-0.335450
0.889223
-0.047360
0.558287
-0.736977
0.608124
0.506688
-0.492078
0.842795
-0.065111
0.326641
0.755046
-0.039039
1.000000
-1.000000
0.232878
-0.505981
1.000000
0.491565
-0.627892
0.928236
0.673676
0.778827
-1.000000
-0.107022
0.119002
-0.052378
-0.376714
0.242791
0.425623
-0.598118
-0.474368
0.752813
-0.406256
-0.270419
-1.000000
0.384243
1.000000
0.958945
-1.000000
0.527017
-0.862895
-0.998478
0.579342
-0.296707
0.010577
-0.772742
0.566505
1.000000
0.066497
-0.146952
-0.227493
-0.059213
-1.000000
-0.582588
-0.542746
-0.224901
0.069296
0.447314
-0.017956
0.563440
-0.625718
-0.044751
-0.564567
-1.000000
-0.040748
-0.612727
-0.204787
-0.266831
-1.000000
0.308651
0.270267
1.000000
1.000000
-1.000000
0.146525
0.614118
0.685137
0.194743
0.808215
-0.679429
-0.372768
0.257023
-0.488096
-1.000000
-0.880396
0.427255
0.921541
-0.452227
0.407257
0.225906
-0.757137
0.283703
0.984105
0.375219
-0.435281
0.326994
-0.456771
-0.414198
0.915829
0.692148
-0.784991
-0.174509
0.622043
-0.044687
0.334204
-0.517392
0.188791
0.588103
-0.214270
-0.383290
1.000000
0.029655
-0.975716
-0.806449
-0.677928
-1.000000
0.266719
-0.436132
-0.822743
0.109485
0.707681
0.326237
0.130930
-0.775526
-0.160164
0.858569
0.887367
0.069533
-0.353451
0.070831
0.643404
-0.724027
-1.000000
-0.779130
-0.059735
-0.304503
-0.433964
-0.997008
-0.411338
-0.926593
0.675639
0.461673
0.077355
-1.000000
-1.000000
0.750551
0.806533
0.945495
-0.762913
0.687229
-0.688605
-0.073747
0.098727
0.998820
-0.051656
-0.457011
-0.148821
1.000000
0.348739
0.362965
-0.415261
-0.234643
-0.881165
1.000000
-0.016912
0.474188
1.000000
-0.501494
0.084118
0.282342
-0.478848
-0.957035
-0.190049
