-0.632185
-0.537048
0.053244
0.052829
-0.854564
-0.399358
0.315951
0.012960
0.274727
-0.725255
-0.854114
-0.100924
-0.985201
-1.000000
0.066559
1.000000
-0.561450
0.031524
-0.203195
-0.236858
0.660643
0.188980
-0.512736
0.361391
-0.941772
-0.890552
0.313574
0.023568
-0.484410
-0.939402
1.000000
-0.513856
0.661545
-0.380740
-0.253944
-0.874692
1.000000
-0.161600
-0.844925
-0.297057
-0.958394
0.870623
-1.000000
0.963317
-0.393890
0.582932
1.000000
1.000000
-0.114432
-0.176594
0.462703
-0.341531
-0.452240
-0.004943
0.504165
0.837335
-0.502677
-0.556255
-1.000000
-0.241894
0.052613
-0.654394
-0.229861
-0.441224
0.248803
0.912830
-0.830612
0.823944
-0.668828
-0.481966
-0.199165
-0.830737
-0.017557
0.172173
-0.211568
0.198928
-0.520295
-0.406128
0.103150
0.059435
0.249621
-0.141036
0.009634
-0.471277
-0.550538
0.063174
-0.478288
-0.421824
-0.961765
-0.383944
-1.000000
0.725509
1.000000
-0.067624
0.545211
0.629874
-1.000000
-0.579281
-0.301117
0.573363
0.110439
0.773832
-0.924142
-0.685168
-0.833876
1.000000
-0.470419
-0.001493
-0.439940
-0.476529
0.633215
0.357043
-1.000000
0.441925
-0.055164
0.448492
0.662151
0.646976
0.036183
0.298101
1.000000
1.000000
-0.916913
-0.754743
0.315207
1.000000
-0.663753
-0.053418
-0.351726
0.971902
0.150623
0.419206
0.957819
-0.061268
0.002299
-0.299999
1.000000
-0.421152
1.000000
-1.000000
-0.625294
1.000000
-1.000000
-0.151093
-0.423010
-0.799123
0.565593
0.849529
-0.480900
-1.000000
-0.877338
-0.817205
-0.700821
0.596575
-0.040232
-1.000000
0.007715
-1.000000
-0.682413
0.080728
-0.407416
-1.000000
-0.588330
0.471750
-0.855508
-0.378645
0.621870
-0.560059
-0.535293
-0.678874
-0.139185
-0.180813
-0.586533
-0.552899
-0.412027
-1.000000
0.587419
-0.089627
0.201498
0.292379
-1.000000
0.451191
-0.637381
-0.395737
-1.000000
-0.429875
0.553900
-0.574431
-0.570156
0.481809
-1.000000
0.941090
0.169539
-0.330820
0.087950
-0.359808
-0.765308
0.203193
0.019220
-1.000000
-1.000000
0.210719
-0.296622
-0.060057
-0.026399
0.844373
-0.526725
-0.758493
-0.413671
0.069143
-0.488278
-0.226736
0.051399
0.226716
0.847371
-0.524674
0.746596
-1.000000
-0.786019
0.050980
-0.555968
-0.065780
1.000000
0.019197
-0.244753
-0.903676
-1.000000
-0.415288
0.150510
0.180418
-1.000000
-1.000000
0.434453
0.754671
-0.445528
-0.834436
0.063472
-0.460203
0.074865
-0.486189
-0.408534
-0.094687
0.418043
-0.038369
-0.420450
0.001320
0.295585
-0.184240
-0.320062
-0.477981
-1.000000
-0.436306
1.000000
0.656642
0.723058
0.586547
-0.463473
0.066121
1.000000
0.911383
-0.336090
0.076424
0.615994
-0.181188
-0.787960
