-0.950958
0.809382
0.882743
-0.945478
0.592900
0.509927
-0.675953
-0.371372
-1.000000
-0.637283
-0.115426
0.100799
0.331720
0.618145
1.000000
0.099375
0.372337
-1.000000
-0.273387
0.717773
-0.315316
-0.022088
0.919036
-0.226452
-0.659821
0.803037
-0.308209
0.693359
0.188034
-0.313188
-0.727959
-0.643182
-0.810880
0.136377
1.000000
-1.000000
-1.000000
-0.001897
0.631851
1.000000
0.590870
1.000000
1.000000
-0.408873
0.709744
-0.592194
-0.306224
-0.195684
0.704712
-0.441570
-0.396020
0.744496
0.016435
-1.000000
1.000000
-0.879544
1.000000
0.045822
-0.015747
1.000000
-0.397004
-0.896439
-0.539746
-1.000000
-0.798372
0.339885
0.246306
0.189195
-0.607852
-1.000000
-0.208461
0.030530
0.558642
-0.843283
-0.724759
0.293146
-0.173956
0.192769
-0.681390
-0.555788
-0.245494
-0.403191
-1.000000
0.381359
1.000000
0.147191
0.980481
0.515665
-0.013489
0.125157
-0.174887
1.000000
1.000000
-0.474751
0.151050
-0.075307
0.173358
0.174931
-0.030351
0.850989
1.000000
0.702819
-1.000000
-1.000000
-0.986260
-0.910006
0.023321
-0.620444
1.000000
1.000000
-0.277493
-0.739929
1.000000
0.017475
0.222594
-0.261634
-0.718562
0.573979
0.532903
0.065987
0.724933
1.000000
-0.098642
-1.000000
0.093576
-1.000000
-0.317671
-0.079567
0.118117
0.567947
0.751940
-0.011112
0.156210
1.000000
-0.502427
0.533229
1.000000
0.234103
-0.780636
0.081273
-0.255864
-0.163439
0.584515
0.882865
0.088548
-0.201730
-0.196612
0.818024
-0.570895
-1.000000
-1.000000
0.443769
-0.977553
1.000000
-0.457081
-1.000000
-0.197363
-0.747776
-0.420378
-0.219353
-0.153660
0.052812
0.331668
-0.709354
0.771405
-0.568800
0.661261
0.328779
0.584060
1.000000
0.310413
-0.061103
-0.330279
0.196489
-1.000000
-1.000000
0.564296
-0.196775
0.726728
-0.663880
-0.992409
1.000000
0.685900
-0.175507
0.349636
0.590858
0.960451
-0.855591
1.000000
-0.094375
0.822751
-1.000000
-1.000000
-0.104459
0.817074
-0.002554
-0.506637
-0.254308
0.980706
-0.906077
-0.902353
-0.369875
0.737280
-0.305839
1.000000
-0.367994
0.930811
-0.776741
0.769385
0.332769
-0.290486
-1.000000
1.000000
0.258056
-0.157339
0.349146
-0.032100
0.406576
1.000000
0.798707
-0.476576
0.085462
0.835915
0.270844
1.000000
-0.699340
-0.148237
-0.492940
-0.417452
-0.868409
0.432084
0.563665
0.634043
0.574637
1.000000
-0.077480
-0.795075
-0.723594
1.000000
0.870641
0.412619
0.648075
-0.766224
0.325397
0.860720
-0.514214
-0.002304
0.953664
-1.000000
0.067464
0.315425
1.000000
-1.000000
1.000000
-0.073955
-0.108033
-0.065157
-0.063860
-0.647485
-0.470660
-0.537962
1.000000
-0.311168
1.000000
-0.702621
