-0.785990
1.000000
0.402444
-0.529977
-0.051970
0.338267
0.117596
-0.567138
0.348224
0.030957
-0.753770
-0.588915
-0.007309
-0.552248
-0.467626
0.517539
-0.665305
0.446878
-0.604565
-0.498626
-0.356608
-0.472220
0.411108
0.510449
-0.103213
-0.946153
-0.885334
0.588198
0.422993
-0.308363
0.433001
-0.675421
0.207531
-0.154639
0.610203
0.447144
-0.875166
0.999925
-0.285874
-0.049369
-0.361972
1.000000
-0.019693
0.991930
-0.553476
-1.000000
-0.347646
0.099511
0.609850
0.233642
-0.531902
-0.423072
-0.924363
0.223658
-0.824672
0.749866
-0.425303
-0.417425
0.921434
-0.702848
-0.680332
0.403984
-0.483499
-0.202350
-0.074649
-0.698158
0.341195
-0.237804
-0.223398
-0.409893
0.637134
-0.472250
0.371230
-0.493000
-0.238351
-0.325300
-1.000000
0.199465
0.757480
0.142338
-0.629923
0.709670
0.414474
0.354647
-0.403317
-0.583540
-0.677670
-0.538555
0.513148
0.937462
-0.489007
0.998719
-0.763464
-0.337082
-0.435068
-0.506046
0.013906
-0.042539
-0.115748
-0.096319
0.854387
-0.984787
-0.766259
0.404701
0.712469
0.719516
-0.650582
-0.896399
0.254989
0.173415
0.473958
-0.176429
0.736757
-0.606842
0.963943
0.645199
0.054462
-0.129328
-0.330350
0.703315
0.784017
-0.645710
0.699981
-0.249766
0.223732
0.112358
-0.005035
-0.789780
0.694900
-0.618656
0.396736
-0.274944
0.309249
-0.494254
0.163584
-0.638295
-0.341583
-0.789461
0.231847
-0.941896
0.196840
-0.433201
0.489267
-0.839140
-0.498936
0.418778
-0.282138
-0.684865
0.619903
-0.005136
-0.433143
0.514496
-0.538539
0.690228
-0.538272
0.561283
-0.253754
-1.000000
-0.628948
0.866514
0.192091
-0.313357
0.090578
0.770611
-0.693143
0.571013
0.815457
0.041988
0.375883
-0.315868
1.000000
0.728590
0.517352
-0.005673
0.857099
0.594552
-0.383840
0.236946
-0.969588
0.768691
-0.502187
-0.057473
-1.000000
0.519384
0.023991
0.517702
-0.623131
-0.516359
0.863132
0.306136
-0.876589
-0.008023
-0.196912
-0.675866
0.124506
0.914453
-0.743992
0.701623
0.915761
-0.035806
0.897688
0.392050
-0.301725
-0.544954
-0.478976
-0.846834
0.232462
-0.421785
0.723099
0.792446
0.934452
0.753759
0.793604
-0.660992
-0.974847
0.742140
-0.241592
0.093239
0.627294
0.803936
-0.513852
0.899384
-0.302984
0.709573
0.406658
0.736012
0.755307
0.496187
-0.263783
-0.266766
-0.686281
-0.351543
0.489456
-0.384577
0.732132
0.856033
0.836969
0.866661
-0.464245
-0.979279
-0.819133
0.578081
0.739395
0.815692
0.706302
0.947479
-0.402917
-0.084668
-0.726210
0.259666
-0.418499
-0.710940
0.492361
0.917814
-0.238075
-0.257635
-0.802530
-0.004058
-0.814619
0.861867
-0.693493
0.863494
0.572062
0.804988
-0.618278
