-0.826323
-0.217972
-0.107971
0.303553
0.156724
0.222390
0.391536
0.282481
0.122451
0.239801
0.026424
0.349328
0.351421
-0.520139
-0.575196
-0.089046
-0.933160
-0.497427
0.771584
-0.990133
-0.846303
-0.877937
-0.464941
-0.625585
-0.299473
-0.676216
0.867100
0.943692
-0.005834
-0.539094
-0.744045
0.895934
-0.548093
0.676624
-1.000000
0.512436
0.440629
-0.644921
0.458405
-0.107110
-0.556301
0.579625
0.372313
0.751132
0.080960
-0.352530
0.948636
0.282692
0.201345
0.028695
0.729064
0.886294
-0.233050
0.369134
-0.375034
0.009309
-0.626781
-0.049533
-0.187954
0.273677
-0.990858
0.517341
0.235510
0.079790
-0.074508
0.636566
0.106502
-0.496012
0.609280
0.346993
0.745322
0.168807
0.776124
-0.797892
0.029805
0.464383
0.500639
0.470326
0.492130
0.141596
-0.336082
0.216796
-0.101653
0.619083
0.172989
0.705056
-0.294923
-0.247494
-0.173966
-0.640088
-0.142762
0.087479
-0.405748
-0.050746
-0.793458
0.401277
-0.233927
0.438399
0.322578
-0.457430
0.618201
0.256946
-1.000000
-0.258458
-0.930495
-0.536330
0.338879
0.352097
0.264109
0.789822
0.853387
0.370634
0.422713
-0.686972
-0.477486
-0.729698
0.904315
-0.912063
-0.774173
0.166759
-0.027532
0.225225
-0.505714
-0.777594
-0.425866
-0.914502
-0.759357
-0.079235
0.696042
0.758487
-0.508549
0.098948
-0.328345
0.413657
-0.786442
0.716851
0.560427
-0.573843
-0.862426
-0.845623
0.197043
-1.000000
-0.701718
-0.185154
-0.058238
-0.354871
0.883883
0.778025
0.267796
0.227020
-0.301209
0.148191
0.915158
-0.129461
-1.000000
0.566089
-0.333610
-0.042933
-1.000000
0.381311
0.869910
0.527435
0.259750
-0.551797
0.833220
-0.265887
-0.348970
-0.113124
-0.503377
0.470299
0.948796
-0.407299
0.864687
0.619227
0.424978
0.808242
0.792595
-0.842400
0.994152
0.575110
0.003639
-0.088733
-0.360731
-0.423639
-0.824703
0.929038
0.542775
-0.661093
-0.786298
0.432027
0.146727
-0.458883
-0.566439
0.090368
0.287065
-0.658192
0.461861
0.102151
-0.401860
0.331953
0.047141
-0.849046
0.191174
-0.806817
0.250821
0.436359
1.000000
0.479503
-0.558900
-0.693259
-0.004070
0.479729
-0.064373
0.893957
-0.017056
-0.252472
0.000225
0.051861
-0.257680
-0.765489
-0.707334
-0.457271
-0.512992
0.413425
-0.373830
0.420879
0.910681
0.045679
0.336751
0.929707
0.271694
-0.459484
-0.634421
0.283474
-0.604100
0.759854
-0.502229
0.656956
0.532561
0.240360
-0.682247
0.043926
0.816833
-0.172611
0.810734
0.444586
-0.327244
0.679925
0.210397
0.497430
-0.375635
-0.688513
0.470410
-0.088207
0.910887
0.759542
1.000000
-0.148879
-0.595434
0.066838
-0.484430
-0.049999
0.478560
-0.627593
0.072195
