-0.355783
-0.066517
0.027646
0.926014
0.283043
-1.000000
1.000000
0.311863
0.508115
1.000000
1.000000
-0.395558
-0.521226
-0.453611
1.000000
1.000000
-0.222338
-0.265995
-0.780937
-0.189950
0.531842
0.566585
0.418384
-0.181515
0.021904
0.649921
-0.307766
-0.208562
0.756599
0.604038
-0.338064
0.711761
1.000000
-0.377614
-0.017820
-1.000000
0.494237
-0.443506
0.481982
-0.746105
1.000000
-0.319861
1.000000
-0.242259
0.559481
1.000000
-0.376502
-0.241608
0.382659
0.516253
0.866047
0.743423
0.962192
0.193710
-0.730992
0.942876
0.171925
1.000000
-0.219571
-1.000000
0.819302
-0.483934
0.865325
-0.906394
0.330017
0.987455
0.043507
0.430620
0.085904
-0.449528
0.242535
-1.000000
-0.665789
-1.000000
-0.356580
-0.448792
-0.461089
0.518003
-0.733025
-0.410795
-0.331887
-0.401269
0.842202
-0.610622
-0.971466
0.053180
-1.000000
1.000000
0.818962
0.496947
-0.994656
-0.527505
-0.350922
-0.188493
0.913753
0.583000
0.623332
1.000000
1.000000
-1.000000
0.370629
-0.296089
-0.316403
0.309891
1.000000
0.040600
-1.000000
0.391637
-1.000000
0.155346
-0.366919
-0.317630
-0.062262
-0.721826
-0.795678
0.939915
1.000000
0.451314
-0.178490
-1.000000
-1.000000
-0.447837
0.824974
0.359026
-1.000000
1.000000
-0.024066
0.813930
0.423956
-0.258520
1.000000
1.000000
1.000000
-1.000000
1.000000
0.553904
0.495189
-0.960888
0.892510
-1.000000
0.145741
-1.000000
-0.149145
-0.314644
0.585953
-1.000000
-0.708840
0.911017
0.846066
-0.585475
1.000000
0.692971
0.963590
0.917762
0.403719
0.404614
-1.000000
-0.069908
-0.496019
-1.000000
1.000000
1.000000
-1.000000
-0.214916
-1.000000
0.083627
-0.801836
1.000000
0.932407
0.639682
1.000000
-0.749861
0.233893
0.548634
-0.032074
-0.423665
0.391514
0.019581
0.409691
0.399679
-0.067042
-0.850820
-0.884255
0.382999
-0.626774
0.426276
-0.297862
-1.000000
1.000000
-0.355371
0.434718
0.429235
0.330212
-1.000000
0.756546
-0.878839
0.951803
0.747094
0.623699
0.523498
1.000000
-1.000000
-1.000000
-0.640606
0.460857
0.120797
0.791891
-0.760007
0.523367
-0.471309
-0.793020
-1.000000
-0.540589
0.338757
-0.108239
-0.090732
-0.613479
-1.000000
1.000000
0.825750
0.494723
0.825390
-0.012317
0.029764
-0.536217
0.314590
0.062547
1.000000
0.650040
-0.565303
-0.982058
-0.080518
-0.722194
0.099759
-0.544118
-0.611147
0.407053
0.763897
-0.758373
0.466526
-1.000000
-0.836117
1.000000
-0.760562
-0.765735
-0.752758
0.597506
-0.532772
-0.192976
0.723260
-0.279213
-0.704404
0.349409
-0.972107
-0.640386
-1.000000
-1.000000
-0.013886
1.000000
0.569420
0.758368
-0.195648
1.000000
0.072797
-0.375142
