0.278330
-0.279784
-0.353675
0.101413
0.940705
-0.156112
0.583495
-0.998550
0.196543
-0.322345
0.682618
-0.942169
-0.542855
-0.875862
-0.037299
0.928998
-0.646681
0.914617
0.570756
-0.720890
-0.523793
-0.752522
-0.185741
-0.049956
0.792478
0.660201
0.679797
-0.124575
0.802014
0.713307
0.092404
0.828708
0.225622
0.016798
0.488440
1.000000
0.115206
-0.767793
-0.650858
-0.416504
-0.712065
-0.437939
0.745691
-0.775955
0.653831
-0.548438
-0.958529
0.947065
-0.324966
0.529611
0.484280
-0.184184
0.504386
-0.832892
0.032750
-0.601697
-0.906171
0.524131
-0.602044
0.158494
0.652609
-0.819945
-0.348473
0.558471
0.308253
-0.546917
-0.135578
0.633557
0.998749
0.530906
0.712374
0.442504
-0.177282
-0.293130
0.913528
0.132910
-0.249874
-0.998355
-0.182505
-0.973975
0.667258
-0.730234
0.164758
0.385225
-0.100691
0.456096
-0.880884
-0.677640
0.122026
0.309735
0.112482
0.649584
-0.647523
0.476786
0.441448
-0.619195
0.324001
-0.289382
-0.050933
0.799362
-0.016118
-0.714674
0.988815
0.309537
-0.861239
0.053994
-0.861169
0.753760
-0.911473
-0.391307
0.025812
0.190754
0.157945
-0.213376
0.094362
-0.440722
-0.432726
0.509054
0.159813
0.628684
0.915231
-0.667821
-0.423702
0.498666
-0.368485
-0.805007
0.588782
-0.265858
-0.760959
-0.564469
-0.975761
0.421520
0.158156
-0.005528
0.271921
-0.456887
0.468220
-0.506156
-0.280710
-0.193632
-0.762176
-0.345018
-0.974209
-0.192764
-0.346223
-0.921495
0.900021
-0.254323
-0.118494
0.528893
-0.962418
-0.696199
0.297785
0.876844
0.892348
-0.666603
0.532450
-0.599404
-0.486453
-0.543170
0.682118
-0.541993
-0.998174
-0.115241
-0.531367
0.978764
-0.740150
0.971572
-0.801757
0.214412
0.284279
0.385814
-0.336606
0.280261
0.681133
-0.898312
0.201502
-0.866239
-0.352162
-0.543077
-0.352619
0.455569
-0.151413
0.412012
-0.223526
0.049238
-0.894022
-0.164968
0.942888
0.396142
-0.736231
-0.506568
0.898660
-0.919176
0.793681
0.338351
0.580992
0.197009
-0.610943
-0.661225
0.781388
-0.384427
-0.351460
-0.424747
0.188368
0.397216
0.005028
-0.223421
-0.767318
-0.837149
-0.772328
0.075812
0.802251
0.695979
0.736832
0.720168
-0.736973
0.215829
-0.273520
-0.384947
-0.372932
0.373696
-0.193917
0.186212
-0.009724
-0.860765
-0.487241
-0.575783
-0.801482
-0.194988
0.068629
0.168500
0.963446
0.188269
-0.090324
-0.711770
0.531177
-0.200175
0.070471
-0.625371
0.387884
0.154783
0.856954
-0.266416
-0.219044
0.204583
0.183586
-0.471227
0.926324
0.856576
-0.983099
-0.860103
-0.876875
-0.214312
0.888376
0.829155
0.143330
0.022965
0.469516
-0.617775
-0.353556
-0.348077
-0.366699
-0.753895
-0.353186
