-0.170661
0.501799
0.690060
-0.797162
-0.626941
0.660990
-0.446872
0.823009
0.548921
0.874733
0.079663
0.914417
-0.889016
0.038681
-0.547692
-0.676018
0.227377
0.732668
-1.000000
0.678376
-0.453031
0.923000
-0.960302
-0.234138
0.445648
0.196292
0.829846
-0.575150
0.128139
0.284706
0.708554
-0.744332
0.464030
0.596669
0.675069
0.529840
0.925077
0.404185
0.210382
0.532674
0.530219
0.135373
-0.940098
-0.462990
0.250374
-0.611669
0.581546
-0.086247
-0.023946
-0.261278
-1.000000
-0.991241
0.607457
0.281371
0.435805
0.176600
-0.082845
-0.269025
-0.160448
0.479799
-0.427278
0.668914
-0.375204
-0.236962
0.693175
0.366144
-0.653471
0.587719
-0.978843
0.719873
-0.350708
-0.959290
0.656334
0.272906
-0.070410
-0.375087
1.000000
-0.364267
0.909660
0.813646
0.256410
0.564335
-0.495901
-0.494969
-0.974840
0.052240
0.964828
0.677670
-0.969539
-0.924276
0.033242
-0.153171
-0.860447
-0.047890
-0.230789
0.343078
0.066448
-0.395574
-0.436816
0.387466
-0.336174
-0.882798
-0.659139
0.785812
-0.165420
0.247128
0.964434
0.163909
0.509122
-0.386495
-0.900195
-0.835073
0.909726
0.530493
-0.196091
-0.430837
-0.014816
-0.717359
-1.000000
0.792854
0.112521
-0.195379
0.901891
0.076076
0.531385
-0.973120
0.413385
0.310590
0.411850
-0.025720
-0.465550
-0.942554
0.637461
0.553775
-0.104643
-0.862275
-0.923675
0.736277
-0.334792
-0.922858
-0.739241
0.421035
-0.137768
-0.540716
0.097254
-0.233511
-0.236206
0.162843
0.945854
0.013304
0.684879
0.553720
-0.149494
-0.989444
0.368784
1.000000
0.757707
0.523508
-0.798478
-0.157239
0.628267
0.896294
-1.000000
0.894609
-0.222197
0.774240
0.311299
-0.849331
-0.329608
-0.873603
0.071258
0.692929
-0.033991
-0.681111
0.449945
-0.129660
0.556377
0.745248
0.817556
0.288531
-0.328898
0.093190
-0.929244
-0.870747
0.630275
-0.836148
-0.693218
-0.472835
-0.160393
0.123879
-0.075626
-0.087590
-0.311477
-0.161097
-0.876686
-0.207806
0.166430
1.000000
-1.000000
0.809879
0.812080
-0.413555
0.273613
0.737608
1.000000
0.137647
-0.072141
-0.133478
0.252057
-0.372946
0.690092
0.290049
-0.250040
-0.600620
0.876695
-0.474003
0.894337
0.286037
-1.000000
-0.659212
-0.871032
0.444182
0.159853
0.985909
0.662256
0.459483
0.903760
0.968756
-0.106596
0.092260
-0.965198
0.383841
0.962218
-0.704215
-0.508279
1.000000
-0.732567
-0.746342
0.915516
-0.258461
0.776484
0.240732
-0.627831
0.045626
0.549958
-0.777925
-1.000000
0.837326
-0.001478
1.000000
-0.893988
-0.196971
-0.013437
-0.476501
-0.569727
0.589150
0.926568
-0.390195
0.851919
0.881664
-0.271672
0.012888
1.000000
0.426101
0.894161
