0.852188
-0.339181
1.000000
0.279173
-0.294250
0.727483
0.116641
0.092468
0.406804
-0.755682
-0.530951
0.032119
0.605408
0.981344
-0.772627
-0.541351
-0.923552
0.458981
0.375731
-0.288816
0.904102
0.701951
0.029006
0.079451
0.468022
0.278381
0.144050
-0.698038
0.523655
-0.593716
-1.000000
-0.166162
0.355537
-0.059805
0.909234
-0.728087
0.128359
-0.152678
-1.000000
-0.442672
0.419074
0.141153
1.000000
0.430830
0.569464
0.829281
0.199655
0.590829
0.590069
-0.245966
0.311795
-0.230352
0.499163
0.795002
0.619280
0.782588
0.577459
0.943384
0.105098
0.455172
-0.113749
0.848754
0.308305
-0.424015
0.288161
-0.077719
0.296831
0.926092
-0.417148
0.670885
0.893474
0.444291
0.309995
0.361920
0.342779
1.000000
-0.094722
-0.517687
-0.382797
0.215020
0.467638
-0.204154
-0.085313
-0.674041
-0.612935
0.722888
0.894383
-0.259843
0.229164
0.429312
-0.447454
-0.939037
0.397888
-0.290963
-0.348502
0.638313
0.870548
0.419245
0.529606
-0.713445
-0.707716
-0.246262
-0.924668
1.000000
0.639093
-0.683280
0.254093
-0.259481
1.000000
0.404429
-0.631784
-0.458112
0.631799
-0.905485
-0.967854
-0.484403
-0.076585
0.086999
-0.979852
-0.849812
-0.448872
0.687528
-0.629286
-0.369650
-1.000000
-0.057441
0.190780
0.540325
-0.771850
-1.000000
0.310125
0.868523
-0.737556
-0.112923
-0.061165
0.463113
-0.679802
-0.509273
-0.468372
-0.974478
-0.419385
-1.000000
0.693659
0.238502
-0.400530
-0.619588
0.348303
-0.938023
0.133505
0.810752
-0.904173
-0.202374
0.817541
-0.077944
0.398020
0.313798
-0.076084
-0.773028
-0.885787
0.428588
-0.226299
0.564730
-0.324280
0.608761
-0.196040
-0.043243
-0.937730
0.679464
0.610732
-0.103590
-0.316795
-0.355247
0.120018
-0.749344
0.750471
0.503334
-0.025215
-0.421814
0.669939
0.226612
0.767524
-0.193795
0.958668
0.957465
0.872991
-0.625140
0.243100
-0.980661
-0.182266
-0.492391
-0.851300
-0.305582
-0.457683
-0.288743
0.256321
0.880656
0.124745
0.012000
0.508920
0.929684
0.122235
0.481133
0.853877
-0.491498
-0.235392
-0.684552
-0.102734
-0.336315
-0.229956
1.000000
-0.960884
-0.670188
0.048322
-0.917693
0.001933
0.527248
0.261717
-0.162580
0.966115
0.133668
-0.755980
0.725590
0.952702
-0.211201
-0.848408
0.002201
-0.406238
0.993228
0.533922
0.426455
-0.498950
0.015628
0.060040
-0.138364
-0.595505
0.107869
-0.273200
0.770678
-0.963421
-0.364938
-0.612032
-0.683504
0.160559
0.863637
0.172628
0.290618
0.506759
0.995750
0.467528
-0.108205
-0.447355
1.000000
0.197409
-0.301150
0.300467
0.971177
0.195450
-0.422160
-0.029629
0.760280
-0.079121
0.330012
0.879497
0.931967
0.245553
