-0.105498
-0.422494
-0.704845
1.000000
-1.000000
-0.433453
-0.868545
-1.000000
0.212288
0.427894
-0.945291
1.000000
1.000000
-0.175688
-0.504820
1.000000
0.095843
-1.000000
-0.377642
0.193362
1.000000
0.120842
-0.625851
-0.430354
0.402746
1.000000
0.522793
0.730275
0.141307
0.869597
0.554809
0.985718
0.366755
-0.483065
0.719475
0.313224
-0.342691
-0.040982
0.668344
-0.325427
-0.894919
-0.697522
0.046062
-0.254241
0.587697
-0.542741
-0.977962
-0.343360
0.639454
0.280307
-0.918916
0.831559
-0.039488
-0.621244
0.542855
-0.448085
-0.584459
0.882833
0.533134
-0.266809
-0.681670
0.972690
0.338263
-0.188412
-0.827256
0.111945
-0.151795
-1.000000
-0.617128
-0.482377
-0.123143
0.102860
0.074562
0.504578
-0.227032
-0.167639
-0.334244
1.000000
0.945188
0.043808
-0.112340
0.014277
-0.977544
-0.846702
-1.000000
0.643207
-1.000000
-0.925790
-0.381913
1.000000
1.000000
-0.697716
-0.032611
1.000000
0.361346
-0.487406
0.144766
-1.000000
0.078425
-0.596298
1.000000
-0.430614
-0.557494
-0.125669
0.522318
1.000000
0.571796
1.000000
-0.263374
-1.000000
-0.124546
-0.610167
0.414363
-0.015602
-0.102729
0.337728
0.841982
0.627338
0.482903
1.000000
-1.000000
0.102358
0.573483
-0.021776
0.044021
1.000000
-0.118477
-0.285106
-0.046685
-0.267389
-0.219455
-0.926425
1.000000
0.162290
0.546685
-1.000000
-0.039344
0.019284
0.459756
0.689117
-0.048396
1.000000
0.132944
-0.541249
-1.000000
-1.000000
0.139630
-0.068103
-0.357861
0.029906
1.000000
0.158230
-1.000000
1.000000
0.271656
-0.399285
-0.300302
-0.074938
-0.332424
0.897229
0.308544
-1.000000
0.017281
0.241509
-0.975496
0.832710
-1.000000
0.191562
0.953396
0.117974
-0.920868
-0.461574
-0.015123
-0.470661
-1.000000
0.421105
-0.563908
0.487166
0.058283
-1.000000
0.523248
1.000000
-1.000000
1.000000
-1.000000
0.139903
0.963642
-0.471432
-1.000000
-0.215897
-0.696064
0.456429
-0.539683
-0.522521
-0.053221
1.000000
-1.000000
-0.424008
-1.000000
-1.000000
0.093953
0.616938
0.674858
-1.000000
-0.716485
0.029917
-0.224340
-0.685429
0.133869
0.846113
-1.000000
0.627152
0.130558
-0.300521
0.091802
0.163087
0.951504
-0.232634
0.477038
0.011392
0.792122
-0.779753
0.076943
-1.000000
-0.498335
0.923385
-0.800549
-0.614014
-0.102245
-0.075763
0.411126
0.612771
-0.021392
0.518534
0.097671
1.000000
-0.558972
0.445950
0.543933
-0.222890
-0.683293
-0.902056
0.651019
0.877911
0.230505
0.785139
0.907378
-1.000000
-1.000000
0.561861
-0.224151
0.821257
0.536806
0.393699
1.000000
-0.679054
0.398307
0.493432
0.777997
0.819843
0.244772
-0.223578
0.690561
-0.277565
-0.228472
