-0.525204
1.000000
0.257103
0.305427
-0.003661
0.927691
0.290871
0.036428
0.115384
-0.357255
0.947713
0.028753
0.318374
-0.820515
-0.437583
-0.365617
-0.219154
0.217655
0.263215
-0.979169
-0.540606
-0.542787
-0.912105
0.682705
-0.315802
-0.192087
1.000000
-0.011453
-1.000000
-1.000000
1.000000
0.240322
-0.832668
-0.666400
0.972453
-0.362471
0.794370
-0.158241
0.219760
0.577142
-1.000000
-0.380638
-0.769656
0.183066
0.630937
-0.799271
-0.157565
0.296591
-1.000000
0.324347
-1.000000
0.307257
-0.251493
0.997712
0.177356
-0.646481
-0.948602
1.000000
1.000000
0.368182
0.428682
-1.000000
-0.395191
-0.245096
-0.112075
-0.099375
0.104926
-0.848359
0.585305
-1.000000
-1.000000
-0.305717
0.131453
0.188641
0.026797
0.562616
-0.244900
0.654591
0.740102
-0.661441
-0.549776
0.205730
0.750906
-0.359323
0.018711
-0.706791
0.437571
-0.101537
-0.588637
-0.553427
0.371998
0.481320
-0.293118
0.596599
0.666921
-1.000000
-0.124471
-0.120612
-0.071422
-1.000000
-0.688951
1.000000
0.627167
0.766728
-0.416085
0.269791
0.194078
0.902102
-0.482777
0.042261
0.244733
0.908175
0.929703
0.660727
0.671996
-0.813322
-0.663328
0.833799
-0.193248
-0.292349
-0.185099
-0.700963
0.197075
0.617041
-1.000000
-0.752943
0.110179
-0.462676
-1.000000
-0.835084
0.465637
0.477041
-0.364466
0.104055
0.228483
0.150466
0.775658
0.127269
-0.940216
0.452393
-0.929983
0.471359
0.135816
0.993449
0.746060
-0.790709
-0.155474
1.000000
-0.110269
-0.092818
-0.552714
-0.605712
0.284167
1.000000
1.000000
0.197550
-0.628027
0.724211
0.919613
0.769201
0.385407
0.437485
0.817985
0.283222
0.792595
-1.000000
0.035959
1.000000
-0.563620
-0.027156
-0.073099
0.861594
0.116356
-0.627268
0.463857
0.451389
0.667607
-0.186183
0.435721
-0.072742
-0.828619
0.402071
-0.573659
1.000000
0.406309
-0.154413
1.000000
-0.658710
-0.313501
0.433834
-0.520043
0.304983
-0.493683
0.278937
0.899206
-0.887351
0.181509
-0.447516
-0.049572
-0.117941
-1.000000
-0.344031
-0.062909
1.000000
0.786508
-0.302178
-0.069266
-0.107232
-0.245614
-1.000000
-0.332063
-0.078333
-0.582011
0.247607
0.483550
1.000000
-0.143996
-0.197296
-0.023670
0.579063
0.902723
-0.214172
0.752920
-0.393793
0.629539
0.204818
-0.468370
0.304254
-0.098926
1.000000
-1.000000
0.415685
-0.216546
0.122198
-0.025475
-0.522431
0.879304
0.438579
0.353572
-0.025179
-0.944688
-0.070123
0.997207
-0.524463
-0.532320
0.135820
0.493941
0.718540
-0.931300
-0.259117
0.225665
0.438898
-0.712672
1.000000
1.000000
0.701458
0.141906
1.000000
1.000000
1.000000
0.693365
-0.896764
0.603255
-0.389608
-0.361426
