-8.400000
3.000000
-1.000000
62.000000
-1.000000
-1.000000
63.400000
-1.000000
-1.000000
56.200000
-0.866205
-1.000000
0.489356
-0.699703
-1.000000
-1.000000
0.679178
-0.102866
-0.670078
1.000000
0.979873
0.077276
-0.179018
-1.000000
0.920542
-0.404338
-0.233929
0.085115
1.000000
0.550162
0.812312
-1.000000
-0.742694
0.801370
-1.000000
-0.735785
0.329252
0.027647
-1.000000
-0.793702
0.728214
-0.987010
0.300017
0.102283
-1.000000
0.352933
-0.962437
0.691545
0.141904
-1.000000
-1.000000
-1.000000
-1.000000
0.277958
-0.371614
0.831676
0.101839
0.416023
-1.000000
-0.495027
-1.000000
-0.274079
-1.000000
0.195428
-0.943364
0.187301
0.715849
0.007004
0.210255
0.181156
0.696936
-0.361567
0.763551
0.677042
0.410089
-0.398262
-1.000000
-0.700483
-0.432274
0.251422
0.889300
0.190631
0.983067
0.469400
0.611932
-0.332419
0.807639
-0.393967
-0.508492
-0.836842
0.672840
-0.671953
-0.575065
-0.561183
-1.000000
-0.059492
0.791712
-0.251712
0.389238
-0.461561
0.531101
1.000000
-0.477627
0.261624
1.000000
-0.658903
0.372770
-0.410000
0.464611
-1.000000
-0.552750
1.000000
1.000000
1.000000
-0.146954
0.992744
-1.000000
-0.244095
-1.000000
0.320294
-1.000000
-0.305394
0.477590
0.116867
1.000000
0.423133
-0.902182
-0.297075
0.230867
-0.157894
0.950239
0.001126
-0.492634
-0.710208
0.946971
1.000000
0.361691
0.868045
0.588325
-0.417133
-0.386725
-0.811353
0.880539
0.512807
-1.000000
0.655719
0.043305
-1.000000
-1.000000
0.786855
0.541131
0.373917
-0.487424
-0.233816
0.343086
-1.000000
-0.684090
0.060862
-0.361764
0.243956
-1.000000
-0.918949
-1.000000
-0.040853
-0.671312
-0.154756
-0.273733
0.593347
-1.000000
0.913554
0.598981
-1.000000
-0.056090
0.981599
0.495493
-0.328181
-0.304696
0.007223
-1.000000
0.396049
-0.835816
-0.516592
-0.451600
1.000000
1.000000
0.848763
-1.000000
0.572681
-1.000000
-0.304046
0.829828
-0.550360
-0.183068
0.866747
-1.000000
1.000000
0.673749
-0.855841
0.112233
-0.292945
-0.985821
0.266532
-0.717977
-1.000000
-0.584235
1.000000
-1.000000
0.289401
0.373078
0.784074
-1.000000
-1.000000
-0.837745
0.328188
-0.204589
0.863344
-0.221779
-0.470254
-0.672185
-0.516191
-0.792558
0.156035
0.376439
0.608024
0.362042
-0.179912
-0.279014
-0.131562
-0.418056
-0.822662
0.218190
0.171963
-0.381877
0.034619
-0.101219
0.540724
-0.275239
-1.000000
-0.546283
0.160123
-1.000000
0.619996
0.448536
0.560110
-0.427699
-1.000000
-0.132397
-0.508253
0.835857
0.705542
-0.858317
-0.675643
-0.208802
-0.029085
1.000000
-0.493671
-1.000000
0.387362
0.532402
-0.820343
0.219137
0.822524
0.579623
-0.630257
0.762963
1.000000
0.546360
-0.480242
-0.990961
1.000000
0.110837
-0.752896
0.056382
-1.000000
0.020173
