-129.000000
2.000000
-1.000000
70.000000
-1.000000
-1.000000
61.000000
-1.000000
-1.000000
-1.000000
-0.359678
-0.694715
-0.365212
-0.953366
-0.273633
1.000000
1.000000
-0.423604
-0.648759
1.000000
0.630092
-1.000000
-1.000000
0.468258
0.037471
0.145173
-0.947415
1.000000
0.077050
-1.000000
-0.094337
1.000000
0.686901
1.000000
0.228720
-0.915854
-0.166379
-1.000000
0.172480
0.089168
0.392431
-0.178224
0.234508
-1.000000
-0.906204
0.315129
-0.096045
0.379949
0.835178
-0.268876
1.000000
0.114520
0.304782
-0.229231
-0.015841
-0.181800
0.719959
0.629151
-0.088431
0.348049
0.886729
-0.508045
-0.603049
-1.000000
0.841349
0.699369
-1.000000
-0.139423
-0.555924
-0.157536
0.537649
-0.740829
-0.220233
-0.342567
0.570935
-0.004432
-1.000000
-0.800337
0.752779
0.338425
0.197095
1.000000
0.342805
0.590277
-0.315239
-1.000000
-0.412664
0.442620
-0.390609
-1.000000
1.000000
1.000000
0.005467
0.424555
-0.682810
0.812353
-0.452246
0.178842
-0.609515
-0.769411
0.095778
-0.676269
0.915248
1.000000
-0.706985
0.556849
-0.354446
0.027524
0.304107
0.568578
-1.000000
-1.000000
0.165478
0.409300
0.429013
1.000000
0.663999
-0.998339
-0.569692
0.693078
0.183836
0.341439
-0.539851
-0.581341
-0.202962
-0.082372
1.000000
0.178276
-0.959128
-0.002153
0.496294
0.181607
0.285612
-0.037621
0.115500
-0.368756
0.767527
-0.863980
-0.208345
-0.507803
0.141040
-0.451742
-0.090775
0.065263
-0.213461
-0.246950
-0.532554
1.000000
-0.932749
0.572094
-0.021856
-0.167282
1.000000
-1.000000
-0.133736
-0.713484
-0.207478
-0.617935
0.328840
1.000000
0.253748
0.384128
0.759779
-0.702049
-0.560703
0.847418
0.795131
0.349887
0.273931
-0.973645
0.243826
-0.602421
-0.536792
-0.463512
-1.000000
1.000000
-0.610032
0.468966
1.000000
0.375563
0.457528
1.000000
-0.094712
0.059130
-0.787253
0.519006
-0.587829
-0.130449
-0.950249
-0.119815
1.000000
-0.049398
0.455958
1.000000
-0.744594
-0.121530
-0.184447
1.000000
-0.801761
0.653263
-0.728355
1.000000
0.037229
0.622236
-0.709278
-0.915715
-1.000000
0.409074
-0.495031
-1.000000
-1.000000
0.732758
1.000000
-0.688332
1.000000
1.000000
1.000000
-0.333913
-0.943145
1.000000
-0.237813
-1.000000
1.000000
-0.179472
1.000000
-0.606098
0.780874
-0.248059
-0.119206
-0.692892
0.555772
-0.600784
-0.122853
-0.101200
0.295931
1.000000
0.132988
0.382179
0.049680
1.000000
-0.026414
0.323127
-0.228189
0.409651
1.000000
0.912186
0.246133
-0.838670
-0.504644
0.688731
-1.000000
-0.697581
0.421570
0.361226
-0.704292
0.425639
-1.000000
-0.348054
1.000000
0.997182
0.146427
0.232247
0.446413
-0.203467
-1.000000
-1.000000
0.699185
-0.680791
0.263437
-0.571134
-0.104338
0.943385
-0.894626
-0.019514
-1.000000
