-0.404214
1.000000
-1.000000
0.566154
-0.999344
0.565231
0.022971
0.331244
0.527783
0.763355
0.574916
0.018119
-0.241000
0.003871
1.000000
-0.547980
1.000000
0.665817
-0.184257
0.337871
-0.188623
-0.364377
-0.754133
-0.027336
0.223334
0.503960
-0.340942
-1.000000
-0.188274
0.060320
0.609729
1.000000
0.320221
0.852760
0.263973
0.194350
-0.791755
0.320290
-0.058409
0.199181
0.667878
0.076594
-0.466091
0.467441
-0.007690
-1.000000
0.073478
0.187666
-0.279582
-0.711215
-1.000000
1.000000
1.000000
-0.996005
0.273195
-0.052007
0.649494
-0.065370
0.630926
-1.000000
-0.934982
0.523286
0.658234
0.314935
0.009293
-1.000000
0.549172
0.931292
-1.000000
-0.314620
1.000000
-0.527357
0.269438
0.145316
-0.271324
-1.000000
0.008617
0.523522
0.539396
0.569451
1.000000
0.529610
-1.000000
0.073729
0.797672
-0.875287
-0.965406
0.576255
-0.645513
0.150159
0.654205
0.881371
0.997322
-0.845378
0.698484
1.000000
0.304946
0.986818
0.565406
-0.923717
-0.162616
-0.812883
0.269034
1.000000
0.239856
-0.759559
1.000000
0.433389
0.080742
-0.166664
1.000000
0.857955
0.282417
-0.079029
-0.013299
0.126819
-0.353287
0.079824
-0.677449
-0.579584
-1.000000
-1.000000
-0.408614
-0.518047
-0.433685
1.000000
0.384889
1.000000
0.863739
-0.385810
-0.925495
1.000000
-0.295501
-0.334017
-0.057193
-0.975305
-0.992344
-0.934322
-0.148244
0.477290
0.506749
0.065888
0.616825
0.645649
0.027051
0.303484
-0.528808
0.635425
-0.442798
-1.000000
-0.246819
0.744438
-0.853593
0.463636
1.000000
0.187685
-0.179632
0.680214
-0.862713
-0.952617
-1.000000
1.000000
0.249329
-0.682370
-0.331096
0.397258
-0.685877
0.356914
-0.980243
-1.000000
0.456993
-0.918816
0.484833
1.000000
-0.339755
0.539589
0.914752
-0.768022
0.400283
0.009097
0.898664
-1.000000
1.000000
0.382148
0.815701
-0.396698
0.303666
-0.311663
0.223989
1.000000
0.518353
-0.108716
-0.404444
-0.189426
-0.566149
-0.083138
1.000000
0.154840
-0.029038
0.653681
-0.555059
-0.152036
-0.934675
-1.000000
0.822472
0.995692
0.222471
-0.411818
0.602752
0.143657
0.555791
0.039558
0.811398
0.466908
-0.803107
-0.180211
0.227737
0.286144
-0.640649
0.482058
0.393471
0.302732
0.525246
1.000000
-0.416471
0.488932
-0.630157
-0.829110
-0.488268
-0.608773
-0.659530
-0.754544
0.098551
-0.605768
0.021484
-0.416023
-1.000000
1.000000
1.000000
-1.000000
-0.546775
1.000000
-0.560673
-0.229564
-0.033235
-1.000000
-0.668670
0.735321
0.469791
0.380244
-1.000000
0.380734
-0.291539
0.464867
0.670933
-0.479701
1.000000
-0.132954
0.581810
0.687699
-1.000000
-1.000000
-0.169286
1.000000
-0.421210
