-152.200000
3.000000
-1.000000
-1.000000
-1.000000
58.600000
60.400000
-1.000000
-1.000000
68.800000
-0.894684
0.102902
0.354616
-0.386503
0.670146
-0.250189
-1.000000
0.772646
-0.512090
-0.929463
0.344514
-0.119424
0.090073
0.829663
0.489535
-0.016707
0.246659
-0.397896
0.871179
-0.518535
0.101302
0.254481
0.235151
1.000000
0.096560
-0.865697
-1.000000
-0.304511
-0.087960
-0.976933
0.384042
0.833625
-0.538885
-0.471077
0.539038
0.451253
0.342222
-0.944164
-0.060003
-0.185117
0.247119
0.748710
-0.856736
0.209331
-0.831061
-0.380828
0.977000
0.929838
0.051591
-0.053261
0.597352
0.460459
-0.520289
0.287239
0.095395
-0.123641
-0.640450
-0.484320
0.664943
0.738159
0.491524
-0.987232
-0.924384
-1.000000
0.539029
0.333164
0.683413
0.577512
-0.935736
0.121525
0.971577
-0.583873
-0.332047
0.373087
-0.783100
0.049418
-0.393453
-0.900768
-0.598581
-0.474256
0.054991
0.166330
0.735623
0.813185
-0.409113
0.940508
-0.130110
-0.301985
-0.750655
-0.371875
0.463161
0.309996
-0.788708
0.017971
0.109891
0.897061
1.000000
0.927674
0.759395
-0.690298
0.945616
0.858932
-0.068852
0.852783
-0.863580
0.843275
0.614733
-0.311727
-0.862462
0.448574
0.752815
0.285160
0.808624
-0.976820
-0.259137
0.833056
0.122462
0.456935
-0.457087
-0.646150
0.236694
-0.799268
-0.977108
0.996254
0.936510
-0.361887
-0.862982
-0.879205
-0.475154
0.654075
0.556797
-0.341059
0.234292
0.531586
0.132594
0.993918
0.400794
-0.060037
1.000000
-0.064592
0.646180
-0.312295
0.639554
0.273473
-0.959291
-0.036761
-0.637575
-0.896501
-0.199999
0.017963
-0.410798
0.199602
-0.911301
0.322150
0.392341
-0.760769
-0.530978
-1.000000
-1.000000
-0.212682
0.276234
-0.207483
-0.932686
0.003369
-0.221482
-0.810268
0.624379
0.755573
-0.634072
-0.754969
-0.998178
0.560342
-0.317068
-0.637330
-0.934841
0.564077
-0.944937
0.643295
-0.956265
0.144812
-0.705838
0.197204
0.457920
0.981306
0.527324
-0.471527
0.282423
-0.276690
-0.556028
0.213553
0.123802
-0.697288
0.636320
0.618167
0.432725
-0.451555
0.874446
0.481783
-0.896034
-0.226364
0.306926
-0.792398
0.739860
0.727357
0.273602
0.287394
0.123357
0.789232
-0.375520
0.166849
0.694806
0.747404
-0.181118
-0.542342
-0.971707
-0.771810
0.108330
0.862195
0.894529
0.136266
-0.335799
-0.391961
-0.543073
0.433223
0.817057
0.901217
-0.038803
-0.276979
0.825907
0.308071
-0.064947
0.606120
0.744368
0.065694
-0.200449
0.881007
0.021813
-0.944345
0.909305
0.246798
-0.359071
0.057609
0.633561
-0.294266
-0.376350
-0.353980
0.807936
-0.489395
0.894327
0.136830
-0.149740
-0.938440
0.618047
-0.113827
-0.599888
-0.594647
0.247711
0.100249
0.023524
0.543120
-0.268665
0.801736
-0.122782
0.154500
-0.217293
