0.061814
-0.466008
0.413644
-0.646992
0.396890
-0.842009
-0.738704
0.389659
-0.306973
0.308624
-0.710760
0.684095
-0.105652
0.013117
-0.477645
0.011839
0.413466
-0.387424
-0.144790
0.715595
-0.564607
-0.669265
0.175935
0.510574
-0.034083
0.264792
0.407574
0.159417
0.904123
-0.952563
0.931063
0.910699
-0.714029
-0.002384
0.791103
0.924079
-1.000000
0.922995
0.265690
0.750234
-0.421418
-0.064745
-0.471671
-0.278536
1.000000
0.542186
0.274548
-0.228476
0.771690
0.789998
-0.577894
0.745750
0.791513
0.682153
0.737716
0.339701
0.576883
-0.772276
0.565685
-0.226088
-0.110893
0.556989
-0.535207
-0.366338
-0.008488
-0.889072
-0.307148
0.043768
0.625620
0.820575
0.309694
-0.305671
0.234579
0.927476
-0.717871
-0.137699
-1.000000
0.325117
-0.790161
0.022489
0.575042
0.282921
0.022848
-0.451556
-0.603274
0.756150
-1.000000
-0.879390
-0.391884
-0.370081
-0.951485
-0.758259
-0.617057
-0.325009
-0.822846
-0.835736
0.139416
0.157552
-0.317139
0.264396
-0.266127
-0.437369
-0.671404
-0.932700
-0.748412
-0.224421
0.775371
-0.264004
0.365878
0.553665
0.177916
0.541957
-0.036170
0.530295
0.170610
0.955892
0.839698
0.727580
-0.481261
-0.586445
0.584020
0.290460
-0.029570
-0.444417
-0.847795
-0.886068
0.323802
-0.711138
-0.016873
-0.676136
0.469249
-0.696549
-0.184513
0.379659
0.490705
0.263313
-0.389037
0.928992
0.766862
-0.314077
0.285023
0.403757
0.403318
0.213824
0.268440
0.561387
-0.244411
0.876938
0.272624
0.002277
0.144988
-0.613532
-0.450247
0.329414
0.761977
0.469445
-0.463574
-0.983298
-0.528975
-0.144422
0.037717
0.416087
0.275591
0.867137
0.058382
0.362419
-0.905231
-0.969867
-0.524738
-0.349376
0.203403
-0.055836
-0.006813
-0.178929
-1.000000
-0.335040
0.416111
0.531063
-0.489691
0.406449
0.263217
0.494876
0.471177
0.501678
-0.004104
-0.039335
-0.718761
0.488319
0.879264
-0.407465
-0.708944
0.732635
-0.640105
-0.996035
0.799214
0.440442
-0.235970
0.863994
0.596185
-0.858706
-0.389651
0.655780
-0.185127
-0.325638
0.463067
-0.221626
0.563283
-0.831939
0.072386
0.110450
0.499665
0.834898
0.551237
-0.551780
0.897541
0.497279
0.237360
-0.408153
0.349113
-0.855014
0.580479
0.671124
-0.243990
1.000000
-0.856514
-0.544197
0.947262
0.015352
0.882771
-0.607346
-0.811701
-0.634968
0.697323
-0.395792
0.372645
-0.917614
0.381818
0.438195
0.179410
-0.488456
-0.302147
-0.309943
0.168414
0.920293
0.756132
0.722069
0.298927
0.688285
0.862016
0.660228
-0.831955
0.119765
-0.372297
-0.653923
-0.498034
-0.550781
-0.344586
-0.997080
-0.105306
0.223654
0.990233
-0.280595
-0.438769
0.981145
0.755985
