-0.665066
-1.000000
-0.837423
1.000000
0.373741
-0.951952
-1.000000
-0.697786
1.000000
0.016535
0.464211
-0.147291
0.271372
0.250229
0.547945
1.000000
1.000000
-0.845147
0.715635
-0.916531
0.967384
-0.078522
1.000000
0.199325
-1.000000
1.000000
-0.838596
0.345556
-0.730468
0.011161
-0.239904
0.280081
-0.079365
-0.239847
-1.000000
-0.873477
-0.841169
1.000000
1.000000
-0.070106
0.715683
-0.179211
1.000000
0.685568
-1.000000
0.684677
1.000000
-1.000000
0.159299
1.000000
-0.710297
-0.395775
-0.477808
1.000000
-0.779393
0.098935
-0.541249
-0.270271
0.062600
-0.848264
-0.541083
0.133955
0.389235
-1.000000
-0.338114
-0.034635
0.153152
-1.000000
0.302092
0.062516
-1.000000
-0.377043
0.955774
-0.951622
-1.000000
0.170670
1.000000
-0.110096
0.556915
1.000000
0.304816
0.547792
0.462457
-0.809365
-0.624989
-0.870621
-0.948347
-1.000000
-0.800392
0.314239
-0.747684
-0.394439
-0.914730
0.311842
0.726579
-0.361087
-0.651263
-0.450318
0.659846
-0.079365
-0.220448
-1.000000
0.589502
1.000000
-0.897881
-0.688708
-0.927569
-0.993510
-0.353064
-0.245089
0.281051
0.513156
0.570579
1.000000
-0.499144
-0.170041
-1.000000
-1.000000
-0.952355
-0.170145
-1.000000
0.831268
-0.220708
-0.559342
0.335348
-1.000000
0.915172
-0.234455
1.000000
1.000000
-0.709338
-0.811291
0.046244
0.146948
-0.098458
0.663830
1.000000
-0.360267
0.059335
-0.084302
0.963804
-0.924433
-0.942279
-0.410175
-1.000000
0.409292
0.282553
-0.190682
-0.093001
0.589535
-0.812161
0.489498
-0.500365
-0.779932
-0.673393
-0.417200
0.277321
-0.104004
-0.020164
0.467276
0.333444
-0.585819
-0.811575
0.368597
-0.101707
0.477077
-0.742987
0.623424
0.647136
-0.184756
0.547566
-1.000000
1.000000
0.248120
0.348270
-1.000000
-0.637956
-0.642041
-0.320367
-0.432477
0.677003
0.305568
0.499323
0.452344
0.673212
-0.349207
-0.709988
-0.367986
-1.000000
1.000000
-1.000000
-0.335049
-1.000000
-0.739133
0.609539
0.857599
-0.362352
-0.370474
-0.725017
-1.000000
-0.905376
0.828322
0.225059
-0.115465
0.179871
-0.655350
-0.619198
0.694210
-1.000000
0.475313
0.279886
-0.236722
0.110877
-0.788421
0.608930
-1.000000
-0.428593
-0.652030
0.803185
0.425242
-0.447157
-0.348059
-0.525444
-0.802541
-1.000000
-0.306328
0.727016
0.930311
0.965220
-0.421742
0.565960
0.701161
0.497622
1.000000
0.910069
0.516842
-0.383612
-0.701805
-0.779014
0.575725
0.711551
-0.062943
1.000000
-0.283252
0.300340
1.000000
0.120240
0.953896
0.097864
0.355897
-0.446932
0.252403
-1.000000
0.019804
-0.581451
-0.529604
-0.847967
-0.072345
1.000000
1.000000
-0.947304
0.162132
-0.816577
0.145158
0.396526
