-101.800000
4.000000
-1.000000
70.000000
-1.000000
-1.000000
42.400000
-1.000000
15.400000
30.400000
-0.657580
-0.627980
-0.419882
0.600398
0.058971
0.726149
-0.852474
-0.101530
0.889691
0.052203
-0.427743
-0.749821
0.896603
-0.005717
-0.394574
-0.967493
-0.381201
0.805807
0.771834
-0.513667
-0.234335
0.497024
-1.000000
-0.105642
0.693208
-0.322753
0.833569
0.825216
0.652516
0.153805
0.533970
0.339284
0.556100
-0.668360
0.784737
-0.672709
-0.846886
0.523356
0.847753
0.104066
-0.612784
-0.246973
0.664604
-0.974597
-1.000000
0.735297
-0.404278
1.000000
-0.729932
-0.228574
-1.000000
0.038289
-0.953221
0.278250
0.691826
-0.988121
0.760528
-0.910970
0.385357
0.249204
0.261730
-0.241210
-0.131112
-0.731572
-0.494419
-0.711086
0.128968
-0.558550
0.366228
-0.026065
0.228818
-0.405260
-0.717711
0.684170
-0.280345
-0.385928
-0.220053
-0.603745
-0.416102
-0.105760
0.087312
-0.555116
0.341461
0.230710
0.017398
-1.000000
-0.947866
-0.721992
-0.862016
0.173036
-0.089209
0.322487
-0.090665
-0.655185
0.188500
-0.152567
0.813529
-0.278419
0.207052
-0.658851
-0.620381
0.661282
-0.842563
-0.369598
-0.384803
0.506135
-0.494244
-0.267344
0.258086
0.797016
0.435961
-0.544065
0.089104
-0.844035
0.118320
-0.553520
0.118683
-1.000000
0.059831
0.046722
0.689319
-0.399441
-0.237919
0.571259
-0.912333
0.319306
0.825134
0.599560
1.000000
-0.378929
-0.584081
-0.313067
0.373713
0.683951
0.063171
0.048209
0.119102
0.842269
-0.992452
-0.849800
0.336659
0.026935
0.332367
0.854780
-0.283251
-0.696233
0.275181
-0.397845
0.289098
-0.415214
0.058637
-0.708178
-0.591327
0.806788
-0.939340
-0.045749
0.561989
0.687852
-0.803756
0.108805
-0.846328
-0.634156
0.490504
0.347680
-0.579288
0.935186
-0.751422
0.174651
-0.393094
-0.211545
0.613371
0.451590
0.516817
-0.040330
0.576325
-0.629671
-0.310523
0.175472
0.200020
-1.000000
0.127408
-0.791882
0.901716
-0.185908
0.026915
-0.458135
0.875188
-0.063956
0.403708
0.517762
0.812147
0.080986
0.063757
-0.462649
0.532853
-0.163773
0.855920
-0.761599
-0.797063
-0.491139
-0.780188
0.755056
-0.128919
0.033221
-0.633744
-0.587530
-0.871872
-0.895714
0.715636
-0.360540
-0.465330
0.647213
-0.747548
-0.157676
0.444945
-0.433663
-0.406643
0.656075
0.023050
0.429581
-0.182483
0.931018
-0.133928
0.331708
0.653172
-0.677610
-0.153781
0.040907
0.500106
0.639790
-0.725182
-0.830729
-0.008133
0.654743
0.720911
-0.806435
-0.560188
0.203320
-0.544390
0.488937
-0.298020
-0.059842
-0.826306
-0.348081
-1.000000
-0.707689
0.472758
0.478053
0.097885
0.645028
-0.987908
0.921549
-0.417548
0.509745
0.697465
0.607991
-0.607975
0.942226
0.868394
-0.414666
0.543660
-0.319415
-0.686969
0.681408
-0.797667
