1.000000000000000000e+00
7.761391845872897544e-02
-1.000000000000000000e+00
-7.348268610323183125e-02
4.603809087074861583e-02
-8.109563067284044635e-01
6.918919628910924491e-01
-7.787500293436970811e-01
-1.444967653169494937e-01
1.000000000000000000e+00
1.405380525149510784e-01
-3.142150329108714391e-01
3.478261838314888887e-02
1.000000000000000000e+00
-2.370715482095790416e-01
7.159038986695690499e-01
-1.854341940135431077e-01
-1.000000000000000000e+00
8.468657395262797483e-01
1.000000000000000000e+00
6.314149191367717240e-01
-9.149805400959312163e-01
-4.056932531251657426e-01
-1.000000000000000000e+00
-2.906275827962184755e-03
-3.558773823384029922e-01
2.728723952524069740e-01
8.522327320519593186e-02
-3.890652664253743676e-02
4.116696454424215168e-02
-8.272184902129722239e-01
-6.665543184188380543e-01
-8.462654483206122347e-01
-3.204273049406640150e-01
1.918203352235659798e-01
-5.950586962739282670e-01
-3.160868055799601617e-01
-3.780494745575158633e-01
-2.665605173744975409e-01
1.000000000000000000e+00
7.551190060791685976e-01
1.000000000000000000e+00
-1.000000000000000000e+00
4.039750985141190021e-01
3.828273019239700758e-01
-3.888775284522269504e-01
-4.171207144034974057e-01
1.000000000000000000e+00
3.885689662213097639e-01
-8.099475136929090713e-01
-3.375865235146487953e-01
6.738717390791106876e-01
8.995870276506092722e-01
-1.954419428743154052e-01
-7.466841281667557784e-01
-1.818080285303870225e-01
4.044140357933662111e-01
-2.620347363510325822e-01
-1.914362094172458728e-01
8.169269868651929389e-02
-1.072795599784516912e-01
1.000000000000000000e+00
2.486362084300742237e-01
-5.910448597729314191e-01
1.000000000000000000e+00
-2.706756444660648464e-01
1.000000000000000000e+00
2.976847228367424103e-01
5.241605451141162497e-03
-9.617731277653265298e-01
-1.391571830565230816e-01
7.155161741896616245e-01
1.349013459097148093e-01
1.022049605063679312e-01
-6.118446871767075912e-01
-3.941102544310228217e-01
4.812790736025838179e-01
2.828314643918555804e-02
-7.305245294203075446e-01
-9.349664152088884572e-01
-5.011140442946726559e-01
-6.115270724149790560e-01
1.000000000000000000e+00
1.000000000000000000e+00
-4.256341236139000728e-01
1.771012919632594940e-01
-1.950090703525125813e-01
1.000000000000000000e+00
5.997807466281329658e-01
-2.322442796346343985e-02
-5.583479322728678307e-01
-2.482429364416115225e-01
9.832367629121442354e-01
4.321828439502585217e-01
-1.000000000000000000e+00
6.295247186818212493e-01
-5.977471835454967186e-01
-2.695587474651068294e-01
9.833333952702153491e-01
-7.485248914496496209e-01
-1.000000000000000000e+00
-2.609206599182785080e-01
7.021085278422493081e-01
-1.000000000000000000e+00
2.694945409712473650e-02
5.428180046538944037e-01
-1.000000000000000000e+00
-5.352981641665877088e-01
-6.878307211890911654e-01
-1.000000000000000000e+00
7.468174362178625625e-01
-6.939191365380773524e-01
2.157136036892685071e-01
-1.000000000000000000e+00
-9.908373338237597139e-01
-4.240229840091670477e-01
2.063098893687241309e-01
4.992685444509101789e-01
-1.305723092228476823e-01
5.418315727988998187e-02
6.612078743964994176e-03
-4.459575466471306093e-01
-1.000000000000000000e+00
6.410284283181904019e-01
1.000000000000000000e+00
-2.872759353988882935e-01
-6.979792696648996486e-01
-7.329074110723942104e-01
8.194424640494498702e-01
-4.787517688112091219e-01
-4.292508289823830925e-01
4.511095259386746492e-01
4.039508914675814522e-01
-6.045306852205123427e-02
1.000000000000000000e+00
-1.000000000000000000e+00
1.607611810485862769e-01
-9.532650655772409998e-01
2.112450023416698186e-01
-9.400752716961715549e-01
5.743546512094970247e-01
-6.961373522780807122e-01
4.682189544257193692e-01
-4.504920612243154543e-02
6.160401674412498974e-01
-3.364376386602740965e-01
9.012564027304832415e-01
9.393134240730226514e-01
-1.000000000000000000e+00
-5.517761556964937419e-01
-1.328907697277201816e-01
6.973975093810731440e-01
3.080603463123811059e-01
2.688197702725194094e-01
-8.271925747764619086e-01
-1.000000000000000000e+00
7.843810057943768621e-01
2.134464253983600901e-01
1.496775266592733633e-01
1.000000000000000000e+00
8.158024081032124730e-01
-7.405491062761337950e-02
-3.754254717408482822e-01
3.600274235649874588e-01
-1.000000000000000000e+00
4.236409917820622706e-01
5.493596171147527851e-01
4.389662932642753312e-01
1.984880677945644600e-01
2.438901283996974811e-01
1.528307137533351789e-01
4.640290207557500324e-01
3.879477859229616410e-01
3.540752562256978542e-01
1.000000000000000000e+00
4.086653538987639056e-01
-1.000000000000000000e+00
-1.000000000000000000e+00
-1.287097526579774054e-01
-3.234183568423579791e-01
-9.078617617187524358e-01
-2.112182423971637746e-01
-7.823094580834430989e-01
2.271977217501340296e-01
2.153034426869323836e-01
-2.347663971325328336e-01
5.264815617369336120e-01
-4.295953864482114914e-01
-9.544043646292131866e-01
5.592846469326158143e-01
-1.000000000000000000e+00
-7.633523309318117622e-01
3.607804551508521640e-01
-4.780268433391318128e-01
-9.014046880447001975e-02
-6.563302740062254559e-02
-6.283459336476343582e-01
-3.682040579142963344e-01
1.000000000000000000e+00
7.983734867413787573e-01
-4.840794068960543317e-01
5.362188438621717790e-02
-9.608287224991470810e-01
-3.186159323630990969e-02
-4.565090213980564915e-01
-8.907773314207523274e-02
-7.439227427368796386e-01
-4.500267910753257272e-01
4.883866673633225908e-01
4.763761109340249877e-01
-1.458980808295129439e-02
3.574967797576933393e-01
9.951553361760610006e-01
1.470397637514539446e-01
-9.327976392306960296e-01
-1.117308449756371780e-01
-1.917079339826583406e-01
-8.933480118954900684e-01
-6.192054364723412752e-01
6.579025858107599989e-01
-1.000000000000000000e+00
-3.785851123023558085e-01
9.771255088839665426e-01
-8.894325604980179989e-01
-5.419050120009066829e-03
-1.000000000000000000e+00
-5.858616941368235409e-01
8.128870174113792535e-01
-5.545809418280098768e-01
1.095085652539901089e-02
-1.594338556172607557e-01
-7.802364101945844510e-01
2.121373473996733539e-01
9.358162672714612773e-01
9.167489136157467300e-01
3.090475226778128803e-01
4.276856305802905212e-01
6.054109019922819801e-01
9.667269235977749009e-02
2.555608847082080359e-02
-5.194994835484878504e-01
-7.221004580989340838e-01
-1.000000000000000000e+00
-1.017121828781183401e-01
1.000000000000000000e+00
3.865559713801208774e-01
-9.368874653387779805e-01
2.797758077603147431e-01
4.191957230926150468e-01
-1.918368085709960535e-01
3.311168841750103398e-01
7.200868544846372732e-01
-2.019708472954606648e-02
6.168571711971124749e-01
-3.731811093845341931e-01
-6.265808632967184710e-01
-6.018010650148564178e-03
-2.574344437451644430e-01
3.748394478240267280e-01
9.281552575016023265e-01
-1.790353968700534315e-01
7.210117803322098062e-01
1.655439334585504518e-01
4.989355162895545703e-01
1.407462561101948673e-01
