-9.340951772704656486e-01
1.000000000000000000e+00
5.978107880308634048e-01
-4.685009055816324874e-02
-1.000000000000000000e+00
6.593043298828906718e-01
9.792089104458413518e-01
1.000000000000000000e+00
6.154475830183219198e-01
-5.749736069528321725e-02
-7.010005168472499548e-02
-5.254183343977918419e-01
-1.000000000000000000e+00
-1.082525412183961144e-01
8.823635405165171086e-01
4.134552590821586326e-01
-1.000000000000000000e+00
-6.898675863718568557e-01
-1.000000000000000000e+00
9.418180310354630214e-01
9.206903346962536094e-02
-8.375753623505288736e-02
9.129498420761605892e-02
3.628948847908848307e-01
-2.853194315309812157e-01
-1.871228705368382372e-01
5.883126115604860873e-01
9.710489223309773932e-01
-7.738046203106447862e-01
-3.895087780905855945e-01
-1.650822207938968944e-01
-7.846630532659515378e-01
-1.000000000000000000e+00
7.235478857006236719e-01
3.245336250849407134e-01
-2.724367830941513136e-01
4.936821308062541713e-01
8.162711933578288281e-01
2.657267751491843022e-01
4.162449378197932148e-01
3.068823932112718644e-01
-3.871339035092450920e-01
-2.151343316964400287e-01
-1.000000000000000000e+00
1.000000000000000000e+00
3.365425255669756699e-01
3.634368036016971115e-01
-3.568589290883895648e-01
-1.000000000000000000e+00
-3.050094156790256195e-01
3.160878734040148963e-01
3.642259401365786076e-01
7.130014900960908175e-01
-2.304054242890840598e-01
-4.047754982622414621e-01
-8.464629873227493828e-01
-9.666899114363122214e-01
-9.637560428947117286e-02
3.847801168746523004e-02
-7.938245388962430482e-01
-1.000000000000000000e+00
-1.000000000000000000e+00
5.974413365176386992e-02
2.634129526496437612e-01
-2.432155029657134815e-01
5.498079934516575396e-01
6.200425526827595818e-02
6.350839266203074374e-01
8.560319868690355882e-01
-2.226723927639731038e-01
1.702455770715188832e-02
-1.000000000000000000e+00
1.000000000000000000e+00
1.000000000000000000e+00
-9.146035606640205984e-01
-1.000000000000000000e+00
8.292458114243337342e-01
8.423915863507844826e-01
-2.338477992567933317e-02
-3.793271735364184272e-01
-4.209779090872991514e-01
-1.000000000000000000e+00
1.000000000000000000e+00
4.450746884314712437e-01
2.295933417896500739e-02
1.000000000000000000e+00
2.330280206815631139e-01
6.063277110910859635e-01
-1.000000000000000000e+00
-3.020513076673281283e-03
6.100911021381333343e-02
-3.137582392699881373e-01
-1.000000000000000000e+00
-4.986679349508715275e-01
2.336148202127660833e-01
3.583520035706450058e-01
2.253504072499916688e-01
-2.275898411853284342e-01
-1.000000000000000000e+00
-1.000000000000000000e+00
3.412383943923891216e-02
1.000000000000000000e+00
-7.732030026251290877e-02
-1.066316116874481690e-01
9.837880039060515891e-01
1.000000000000000000e+00
-4.635702149487042067e-02
6.287734058111222879e-01
-7.364429314352163303e-01
2.442130891028568840e-01
1.537940466658815897e-02
4.913131660088660979e-01
3.343039646722201219e-01
1.000000000000000000e+00
-2.195385244165220517e-01
-1.000000000000000000e+00
5.037802178843305834e-01
-9.262115450204628786e-01
5.335391503884687747e-01
-5.342757083726384915e-02
1.000000000000000000e+00
9.415504031313229882e-01
-3.834286043440093827e-01
-1.000000000000000000e+00
2.962008927164159200e-01
5.404118172787011343e-01
-4.583557047672329188e-01
6.950033834878832639e-01
8.866013045024383477e-01
4.764810810541569297e-01
7.824763816456623555e-01
4.413593082019583447e-01
9.317460226921822630e-02
8.143610191879545601e-01
-5.897390921534764185e-01
1.387377800929565086e-01
3.528929368836314362e-02
2.319699465934039750e-01
4.660399957995336462e-01
-8.602607871343670443e-02
5.611097895496710564e-01
3.222038660577579705e-01
3.597037503632839472e-01
-9.584387535297300698e-01
-1.380327194739147945e-01
1.000000000000000000e+00
1.513993971722602527e-01
-1.938661454219957614e-01
6.173055410404438836e-01
-2.208803046923915048e-01
-4.889669852706108322e-01
-3.533284608927939052e-01
-7.129633504303518610e-01
1.000000000000000000e+00
-8.836175994139916501e-01
-2.111267165073953678e-01
2.613485788926520614e-01
-3.554128415525711349e-01
-3.672045146169268248e-01
-1.000000000000000000e+00
-1.000000000000000000e+00
-1.000000000000000000e+00
-4.504036314348377479e-01
1.000000000000000000e+00
6.158834673588712283e-01
-1.000000000000000000e+00
-5.950716146459980038e-01
5.686426275203831926e-01
6.081247479350092577e-01
-6.229127396616005452e-01
2.184054744784291735e-01
4.156965274323436432e-01
1.000000000000000000e+00
2.369704253687299200e-02
-9.782444335001611035e-01
1.000000000000000000e+00
4.155003830839911760e-01
-1.000000000000000000e+00
1.000000000000000000e+00
1.091523177750597373e-01
-4.355399420350397621e-01
5.184986727209990320e-01
1.293016481164350751e-01
3.740337323509571599e-01
1.059874932772567058e-01
-9.640239705931464842e-01
3.272398633764483367e-01
3.440403535389664480e-01
-2.052893554091826389e-01
-5.312393816526426310e-02
-4.864621376433069244e-01
-1.706639323982071521e-01
-6.377598962546571215e-01
1.000000000000000000e+00
-7.653744826610969776e-01
-3.992839729494713774e-01
1.000000000000000000e+00
-8.825837306174511010e-02
2.593602394180605231e-01
3.437781420574334557e-02
-2.406610760506635027e-01
4.125889168513844352e-01
2.953342125852723155e-02
-1.375340277685599411e-04
1.192902016256935649e-01
1.000000000000000000e+00
6.916117585113966681e-01
2.829093529665096529e-01
3.045685591217213162e-01
2.819892378996202709e-01
7.911883448173320232e-01
1.000000000000000000e+00
1.000000000000000000e+00
-5.658431163618135029e-01
-3.823685046022740064e-01
5.465290308777545070e-01
5.173046295971973629e-01
5.265458793172146379e-01
6.839976905385977135e-01
9.447146306405324045e-02
-3.318084318370088104e-01
-7.346950543360355468e-01
9.013350650766480676e-01
-4.532141033201786406e-01
1.528361226265602113e-01
-9.405662537238590470e-02
-8.734416601257750656e-01
3.772734536327308486e-01
1.328636259834429789e-01
1.508537844483126555e-03
8.549266391083363281e-01
-3.826644731721895454e-03
5.378914276401840500e-01
-8.605813309085956764e-01
9.939180062948939076e-01
-8.267406014151709170e-01
1.459909231937251972e-01
3.859515663166885324e-01
-3.343272018250923461e-01
1.000000000000000000e+00
-7.039177065610411343e-01
-6.086168884323783779e-03
-1.000000000000000000e+00
1.000000000000000000e+00
-5.553092321946451193e-01
3.491095664466757897e-01
7.772568735452788091e-02
2.934099593554492236e-01
1.000000000000000000e+00
7.493590894265625968e-01
-1.000000000000000000e+00
1.919653275626509448e-01
-3.821550924477922218e-01
-4.017568291744008091e-01
4.880049490020738068e-01
-7.052355233429982162e-01
-4.676240136491368604e-01
-8.970961278733203814e-01
4.595704473282461455e-01
2.142185646909414709e-01
-1.000000000000000000e+00
-1.000000000000000000e+00
7.191550449213401919e-02
-9.070865421260767558e-01
5.577610945538343801e-01
