5.087298535626265661e-01
2.985079025004383491e-01
4.168133434705344198e-02
2.337682432632487151e-01
-1.000000000000000000e+00
-1.882852532268052270e-01
-9.776741871786188628e-03
1.542644748562231882e-01
3.074114112967667456e-01
6.057719083435813001e-01
-2.843463059971687024e-01
1.606835377824551436e-01
2.754156485958816347e-01
8.539888361521388305e-01
4.621559468439266349e-01
6.794686918449235336e-01
-2.894812180276831182e-01
8.317277815452939205e-03
2.422983103494940060e-01
4.962687892531623124e-01
-2.868070272172417168e-01
9.571062209217309213e-01
9.898703485550935932e-02
-7.117039137633198731e-01
-5.005351411066655265e-01
1.881967076187671672e-01
1.000000000000000000e+00
2.703563197385555616e-01
9.099817763888342625e-01
-1.542061204324085165e-03
6.696198706751812502e-01
2.727986306154753238e-01
-6.689378645389805200e-01
4.302724912114413991e-01
1.671386849462324076e-01
-2.418025002244021948e-01
2.614266529494388980e-01
4.199914959979004214e-01
5.661999809346588419e-01
9.622047375935336433e-01
-8.604757454036285891e-01
-3.595149919178700637e-01
-6.864036898539340736e-01
2.857510207054778650e-01
-8.034924196739654523e-01
2.030353121022637208e-01
1.741634557072136991e-01
-7.346183812258189061e-02
8.491281169662401318e-01
-6.332696375390867161e-01
-4.714089401788770228e-01
7.765284917830372891e-02
-4.183944408461681697e-02
-7.104936060258513209e-01
-9.582137080854646882e-01
4.977618657460407547e-01
6.990759350441786424e-01
1.982951886131503194e-01
-6.027547618791220252e-01
-9.115570879373978697e-01
2.854807848653566626e-01
7.379795664993076265e-01
1.000000000000000000e+00
-8.461679965593061903e-01
-3.287263987957338429e-01
2.482463666453960105e-01
-3.993421621199177984e-02
-8.736066370854583818e-01
6.450731614619171772e-01
-3.809521255300840625e-01
-4.134766448801979188e-01
6.958311557152470073e-01
3.282083579298209486e-01
6.595718172217330810e-01
6.169775045939709379e-01
-8.351251889933900552e-01
1.988963445707874200e-01
4.740762022843230117e-01
8.726371910413039945e-01
9.577430599469961559e-01
3.978437333133557630e-01
-6.302438668324400473e-01
1.372569115270309281e-01
2.814401733159365149e-01
1.752463754581141675e-01
6.681103058844117815e-01
2.070666380410490781e-02
-3.028438117272891916e-01
1.322064042469785206e-01
-4.906693780574697961e-01
-6.240642398152751458e-02
-8.764581759155073981e-02
-7.408619168944532984e-02
3.635278576868468114e-01
9.599064848311085196e-01
4.556821569708139896e-01
9.587241835757062125e-01
6.865848415022930418e-01
-9.776298489012977821e-01
-7.720640232334017306e-01
9.368251460580740986e-01
7.597831541246460318e-01
-9.188525439964387864e-01
3.539504245387086745e-01
-4.833848295579830090e-01
-7.263149213854304120e-01
3.159697159809550793e-01
-4.865737199258645118e-01
-8.721088105955066005e-02
-1.679482249830805130e-01
-4.191285447386006169e-02
2.239795345753792244e-01
4.442547192802854816e-01
7.943601197157081906e-01
5.372749421895847144e-01
4.676588056423637840e-01
5.526763891010333385e-01
-2.886073134881674829e-01
2.080731941799611739e-01
-4.995077322495022343e-01
4.797412406609367630e-01
-7.601820610645387832e-02
8.103577356566482592e-02
1.894691433377104772e-01
2.601639686390082584e-01
-6.281666262959328950e-01
6.496317312225792229e-01
-6.402671903132111098e-01
3.558654147939013246e-01
9.247691177357149073e-01
-2.292280321947309796e-01
-3.660204687304617899e-01
-2.359249264813252367e-01
7.228748547033163607e-01
-9.560600787831003977e-01
-5.801151439176466251e-01
-6.637361494617345370e-01
-1.566188304608551185e-02
-4.595151652180152757e-01
-7.446612074029800299e-01
7.362611861719390305e-01
5.103807347077085055e-01
5.049384253530255773e-01
-4.175759904181042259e-02
-6.069834949758767806e-01
8.272582818350163736e-01
-7.783252742189877837e-01
-4.336733034081153293e-01
8.131099820591825011e-02
4.042046994206478505e-01
-6.395493839622345966e-01
-7.598431498580431320e-01
1.994501862277373028e-01
4.892866082284248463e-01
-5.160264343688572009e-01
9.935553070493741146e-02
-1.424836636718938843e-01
-5.448025601057320255e-01
6.617334221833868213e-01
-9.495899302511450202e-01
-6.253000858834782960e-01
9.016731526645642425e-02
3.594425002040380068e-01
1.928158890739362086e-01
-9.646962752499895766e-01
-1.813983913219185951e-02
-4.293322179898666491e-01
3.055188015249884481e-01
1.656060229589486621e-01
-2.067477002173442324e-01
6.974653516848908774e-01
-6.964843101007589521e-02
9.091755647197168333e-01
5.660637686306961847e-01
-8.230729614477010347e-01
-8.172464197244850848e-01
-6.650305555758269094e-01
-6.908157146499310786e-03
8.309482593399245554e-01
-1.184534599281719114e-01
3.513582895572950893e-01
-1.211620142709889381e-01
-7.351142112076434199e-01
-7.933064398363243175e-02
9.464233782985160826e-01
-5.134213920566521594e-02
8.827945093680331645e-01
-6.744314906048360925e-01
5.338937675069266309e-01
-1.020172507700446429e-01
3.825666440078664271e-02
-3.674054298428752752e-02
-2.637584695334478924e-01
5.170259632583787957e-01
2.174855812154173340e-01
-5.567035457255743724e-02
1.515076466201895622e-01
-2.102901602511578760e-01
3.045914026996577872e-01
-5.315104652139961416e-01
1.400613768878038456e-01
2.065204269725984254e-01
-6.819234577347002002e-01
7.863407285333692265e-01
7.170182040785103017e-02
-5.416914242056535267e-01
-2.674259843717847751e-01
-3.711125106074183999e-01
7.777952393345417548e-01
-7.304119110760041167e-01
6.508698375980295214e-01
3.886128013992553587e-01
-4.187055949734804217e-01
2.398147916681683256e-01
9.684181903020345761e-01
-4.217278432905455787e-01
3.909556324877724309e-01
4.722057557898826641e-01
-8.654915948858696861e-01
1.841430197323803419e-01
-3.653271042700469984e-01
-1.085588901712775112e-02
5.962867118629494589e-01
7.410526252671568725e-01
1.009245929012514420e-01
-1.117752795689175294e-02
-4.996041592439026680e-02
3.506873941263820016e-01
-9.475306777225411814e-02
4.224089309974592421e-01
1.328858647385950942e-01
-8.007892970733658800e-01
-4.154431905531160707e-01
4.064348972169860019e-01
4.800402630812575788e-01
-9.525533962786914000e-02
6.074570570876658415e-01
7.746400956501867663e-01
-2.664453360237521995e-01
3.359068290855484751e-01
4.240876186934821046e-01
7.039455888927468319e-01
8.800614584569674825e-01
-4.478600571805932407e-01
3.695933454208227831e-01
-5.365678462571572549e-01
-4.527347003922749247e-02
4.585578875573943503e-01
3.759975803473493139e-01
-8.098879388665923829e-01
-2.481969202980882638e-01
-3.433697386925356754e-01
2.399588763207505249e-01
-8.922934832476387967e-01
1.077154399217268299e-01
1.741172884386066322e-02
-4.769221827480762954e-02
4.296698687838941266e-01
8.542766686436138457e-01
-1.000000000000000000e+00
3.512917385741222143e-01
-2.340935899469635539e-01
1.000000000000000000e+00
5.657803254611289967e-01
-7.326143587751997588e-01
