1.685027776261898147e-01
4.155004772486130538e-01
-9.399555006565643023e-01
-6.205491391032217363e-01
-2.352865687025375019e-01
4.836039795428063170e-01
-6.482323896436825716e-01
9.519842508513156609e-01
2.730178221659544935e-01
6.504410644739566649e-01
7.088149264101037961e-01
-8.744460550316266456e-01
-6.805247712100825908e-02
-3.108432283394475804e-02
2.336091080786217855e-01
9.539801439233315250e-01
8.282763502636485420e-01
8.985915168532494501e-01
-3.813034790947043007e-01
8.750872670508758056e-01
-1.000000000000000000e+00
-5.403748477265324368e-03
-8.858094219339047726e-01
-6.538775648693755382e-01
-6.902417697945042452e-01
7.217776269616356100e-01
2.736571804102669869e-01
-4.547980920192369325e-01
-4.026477232881254253e-01
-3.783016230339675268e-02
5.919007200578061401e-01
9.215029153234464143e-01
-7.792365411287602850e-01
8.502525362571816681e-01
7.120407955810066358e-01
3.402285185165461190e-01
4.542422095373727653e-01
-2.741995567840636028e-01
-3.879968538954376989e-01
-6.919319591944308456e-01
3.719674784598920869e-01
-5.219909680566090504e-01
-2.399875629368728447e-01
5.627945846690912690e-02
-8.333325211927202769e-01
-5.365957550588975611e-01
-5.346322525399755943e-01
-9.711887827335565770e-01
-5.146859543616850718e-01
-6.838478547071840108e-01
5.939751523140404110e-01
3.698163773399298915e-01
-5.785791672014701792e-01
5.745102620200637222e-01
4.592066978291517998e-01
4.433856544354677354e-01
-7.196909019920543216e-01
-5.556009541144180108e-01
-5.274372953758266203e-01
-9.433005416476825111e-02
1.202583156892809146e-01
5.987321818457553846e-01
2.322192381509251558e-01
5.150255160000798416e-01
-9.340687888554533025e-02
6.818050361058973774e-01
-6.106761537623495162e-01
8.021666453878153469e-01
4.301482447277360510e-01
-6.517543794409947910e-01
7.637836749551785154e-02
-5.606270680462810407e-01
-3.035504255318195455e-01
1.458825349950461092e-01
-4.265397264729972604e-01
2.484734847182097361e-01
-2.710788531244698873e-01
6.007503572598605901e-01
-8.748844234554091770e-01
3.701753801174179070e-01
-4.335902152441220014e-01
7.079369686362324554e-01
-5.942559004636394082e-02
1.850671815507745066e-01
-4.712405189982336040e-01
5.793871080364227932e-01
-3.425374872578981211e-01
-9.502446007296769803e-01
6.541282239012211619e-01
-5.800719162798499973e-01
8.212041034084704982e-01
-4.837770735818462953e-01
8.095349970881100532e-01
-7.192777734511619503e-01
6.717264855211593222e-01
-2.277680134979016557e-01
-3.146787700123931941e-01
-2.673683743063948182e-01
-7.974376383520205280e-01
-6.857661320358698909e-02
-3.185779815702463047e-01
-7.001277685038482801e-01
-7.156199841957661123e-01
-6.683922980594112495e-01
1.223857705328694756e-01
8.970108267398559931e-01
3.049290211665232064e-01
-2.636058585529986731e-01
5.244484131262714399e-01
-2.274480808640315654e-01
-3.906999754690367865e-01
5.755043815823683850e-01
9.975150831881072211e-01
-8.159847140425671164e-01
7.517767982665861659e-01
-5.564695364366684105e-01
-9.820666010515830546e-01
-5.056781891418530295e-01
2.271149597248744989e-01
5.811507313479387093e-01
5.707625657284671750e-01
5.888616098882482053e-01
-1.694265472882812151e-01
-1.658997294590358607e-01
7.607798518079633698e-01
6.301953744695598658e-01
7.687877426200302455e-01
5.478146781266479692e-01
4.346087879080380301e-01
1.555062798276021230e-01
1.765230707482670081e-01
7.981909158465119170e-01
-7.231966176728510387e-01
-3.138419303408990224e-02
-7.794243290766460497e-01
-2.641933811829506595e-01
-4.119493160710299140e-01
-6.755639851569013032e-01
9.055407539200741596e-01
-5.004980460170131984e-01
-6.767405741413945464e-01
1.766611988698134628e-01
-1.865262923616990420e-01
-3.540213698332002057e-01
7.569893915183036892e-01
8.566877478950332137e-01
2.570911861911320262e-01
1.855056400505463721e-01
1.234912582017111404e-01
2.953500122874814782e-01
1.285604856862825329e-01
3.759191818449234557e-01
-5.326395474317460188e-01
2.105244270255115513e-01
-7.407634905961968386e-03
7.532484397404508591e-01
-6.922129977786555255e-01
8.388968104479608279e-01
7.353466166807474114e-01
3.404552563096648887e-01
3.523127390891318544e-01
-9.876864969917789061e-01
-1.000000000000000000e+00
-4.373943656674466052e-01
-5.484091804971624740e-02
3.949328657306550028e-01
-2.248541049253397484e-01
3.059186674026197483e-01
9.023092909464787148e-01
-6.956684873043041950e-01
1.748294820314220122e-01
3.010674841897528209e-01
4.792460588257421161e-01
1.114209859187462737e-01
3.628577164902360153e-01
-2.551953295620557061e-01
-5.540877192262616546e-01
-2.672841022775922504e-01
4.772483813515968620e-01
7.063534887385920502e-01
-5.237154670570953741e-03
-5.953768198749385121e-01
-4.075229079857253800e-02
-6.901657750920817680e-01
1.069699458846318230e-01
-5.597601168925778747e-01
-4.944778113737391401e-02
-3.053497439910338729e-01
-7.017588735260111843e-01
-3.136733381772514040e-01
-2.848004521001228362e-01
-3.343414157706439127e-01
-2.962143133783547988e-01
-5.090150020827388655e-01
-6.353927455076666675e-01
5.075328068425366546e-03
-7.823604545362676799e-01
-5.468355582804806936e-01
-6.164149859451040214e-02
1.482286697705248457e-01
1.000000000000000000e+00
3.707710666951877787e-01
-9.410718064824183937e-01
3.553317321361348924e-02
9.812141489721486476e-01
-3.369624528218984061e-01
2.844618353488026496e-01
8.924789356600040247e-01
1.565296680977026345e-01
-5.157224107900044707e-01
2.064661373767104902e-01
-7.780382907835925455e-01
-5.743077102547267110e-02
9.177137940878732358e-01
-7.126889130171951692e-01
2.431294307337521499e-01
6.338747538567017781e-01
-3.118172865295347762e-01
-1.800517792056981481e-01
9.983282763011525063e-01
-4.570052444881658182e-01
-9.695096563813834223e-01
3.732044156556890702e-01
2.031831974299641574e-01
6.563393285211774897e-01
-8.253979440844017024e-02
-3.693063468363034785e-01
-2.264168624896948923e-01
-8.612845114238891764e-01
-3.283812063481230670e-01
3.253854960589601664e-01
-1.861072066389137247e-01
8.583514206053202145e-01
-9.255493117246351709e-01
5.204692518325715334e-01
-7.426230651349445822e-01
6.883338976601265369e-01
6.662592024672422397e-01
7.367080281859301749e-01
2.931668159651563688e-01
2.206352423509521099e-01
9.060537675139874736e-01
4.007222607305447326e-01
6.332750472234667249e-01
8.181689421220870173e-01
9.697741582577352748e-01
-1.782618671384113007e-01
5.760565162096478176e-01
-9.325054017145902874e-01
1.318657294618041931e-02
-1.874689274002621087e-01
-8.532614478753577369e-01
2.888000937587149597e-01
-1.269560941271314358e-01
6.252388186877133602e-02
3.023377117194232522e-01
2.233656543114326265e-01
-8.757232852556384728e-01
8.157639386259523118e-01
7.533013012489733207e-01
-2.462376366126224347e-01
-7.622842237830903533e-01
5.408921079727320169e-01
8.559999467052938904e-01
-7.493808803888448722e-01
