-3.876292705480868239e-01
2.563739642357940607e-01
-6.523300729516809948e-01
-1.498479160393000331e-01
-4.276771969704457055e-01
1.100351456732526767e-01
-7.768992339987381701e-01
-5.315687624583317339e-01
-2.676136323190851929e-01
6.410374918215901996e-01
7.217947219983344986e-01
2.730262979004599022e-01
9.594224537691614652e-01
-5.730806662966425602e-01
-7.223696882289785126e-01
6.176976723736361530e-01
7.984423544236687320e-01
-3.294806836841313036e-02
2.033863758126530641e-01
-2.398132437263846839e-01
-4.586108087173620951e-01
-2.001855943601896781e-01
7.576145993050246163e-01
1.420767058402032101e-01
9.569559534294698189e-01
4.641328192524962759e-02
3.771663143755470404e-01
1.571146767715170256e-01
2.417501996983150436e-01
3.648615533509914632e-01
-2.766022841366635454e-01
3.056318538292902565e-01
3.656840501860718629e-01
-3.689672392785570132e-01
3.757065536736170497e-01
-2.596347538888294643e-02
-8.592823728383582882e-01
5.334405849010634970e-01
3.890137247438474888e-01
-4.399677258642502586e-01
3.669199956575803778e-01
-4.874333847137026776e-01
2.840683210599904696e-01
-3.910074671632593479e-01
2.705650919599068005e-01
2.218964649008423606e-01
-1.189796023901881217e-01
-3.863717818034068108e-01
2.556871872933407230e-01
2.973850087208795498e-02
2.471938713262202825e-01
3.135730634807540884e-01
-1.211011307284653449e-01
-3.668979732041854902e-01
-4.234838375173510805e-01
-8.686138469347122193e-01
1.297355712367158631e-01
-3.547038981718311224e-01
9.363018202415585023e-02
8.588470611177534408e-01
8.644603419194166749e-01
8.003926181410010443e-01
4.124021192277561587e-01
5.276079025416553492e-01
-8.345050402909075515e-01
2.795137448026871474e-01
-4.322008932795540215e-01
-5.533793661387380602e-01
-9.186801988178344702e-02
6.738534881760966933e-01
-9.040964553899840661e-01
5.967284022820177336e-01
6.614226975924022423e-01
2.661526137727989738e-01
6.508079967711211111e-01
-5.010896075129888105e-01
3.574982741360368532e-01
9.142513309766550633e-02
8.391236475304724163e-01
5.172863249836158195e-01
-7.773176141565174557e-01
8.582137102685691854e-01
-4.501751337905446348e-01
-4.362399394075042736e-01
2.058965092338365666e-01
9.093374260188822333e-01
6.409058211039031505e-01
1.571580871860067674e-01
-9.660918483411313762e-01
1.933462616128385214e-01
9.325372713827277948e-01
-9.326331051484196832e-01
-8.424860471183479582e-01
-4.043158541945846007e-01
6.334984339547345966e-01
-4.405084911291138328e-01
-9.429262294858506976e-01
2.235341768865976853e-01
-2.836656337094984881e-01
6.793601640258744023e-01
-1.699680742935012479e-01
-6.578030535589765027e-01
-2.716863573049155267e-01
2.793694113971627591e-01
8.977950625038555454e-01
-2.747061781924843293e-01
6.838623393262095451e-01
-1.308396681753669910e-01
-5.391963283849607880e-01
9.230747523338403981e-01
4.772300555730071281e-01
2.610308030696386616e-01
4.773656272852406790e-01
3.678609160386857035e-01
7.533665068243240448e-01
-3.409973298616546522e-01
-2.597274029806406759e-02
-9.231610390280846346e-02
8.166673894245601861e-01
-2.557294037313085910e-01
4.103948871114035390e-01
1.000000000000000000e+00
9.857874172165264071e-01
7.973805695358301970e-02
-4.315963249326810747e-01
6.510238578106413154e-01
8.857495166896718342e-01
1.236096671597641805e-01
4.512536133282289974e-01
6.037539309176094271e-01
-7.636059031268638275e-01
-3.078940621729254756e-01
2.653817246333778357e-01
4.076197742278735436e-01
2.365061201360192378e-01
8.761089659562038001e-01
-5.289721357585187578e-01
3.341583118575419675e-01
6.146607790834927032e-01
7.249560682177987880e-01
-4.819699142090654309e-01
7.059072701257856908e-02
2.756007970833515563e-01
-1.000000000000000000e+00
4.368307716986474798e-01
1.127930775245198358e-01
6.977088986506581048e-01
2.578129088092777632e-01
-5.506075744547438422e-01
1.111799947601581628e-01
-3.187598426224497739e-01
7.905784946606091435e-01
-1.976594471678773113e-01
-6.210055325125900527e-01
-6.169974964331073064e-01
-2.055965028039541398e-02
3.888506777890330390e-01
4.015610185655020814e-01
8.724056647615641147e-01
7.098371942087966513e-01
-1.291262859325579271e-01
-7.777250265781436855e-01
4.170164496715507707e-01
6.778589596851558596e-01
-8.848763649374220552e-01
-1.000000000000000000e+00
3.123691135978643452e-01
9.791980345320419055e-01
4.928874522753001752e-01
2.500774369124714736e-01
6.564316104075429426e-01
-3.460198078380218867e-01
8.521231565860667434e-01
-1.203510725177847629e-01
1.246183592242833260e-01
1.919127982343371563e-02
-2.250339774534437787e-02
6.584686511755706295e-01
8.396879698576835693e-01
4.883899926607809805e-01
-7.957304977484369601e-03
-1.957868263347975757e-01
6.071343223344879414e-01
-3.344136699479997032e-01
2.096504963660583698e-01
-4.859199963360767427e-01
-5.759458552195090286e-01
-6.031051879090802981e-01
7.368387649637495596e-01
-1.546382428642948392e-01
1.031917366664939772e-01
3.352751199636228030e-01
-1.195120634379669838e-02
-7.483816443897595150e-01
-7.477277764539549398e-01
6.568369911989118126e-01
3.582907707780199069e-01
6.898946205770086770e-01
-4.989941154630796460e-01
-8.086970550512639910e-01
7.185931530876341622e-01
1.704956395122620982e-01
3.333264232489027701e-01
3.674607982254038951e-01
-7.825664942851581207e-01
2.750177963030231432e-02
-4.005789401132836547e-01
5.455932331472437280e-01
-1.525812438783775427e-01
-7.904183799057682425e-01
8.962528953840145363e-01
7.499274200288597036e-01
2.406625482575128760e-01
5.277925567184903466e-01
2.130709627707605414e-01
-1.391406015859382173e-01
-4.659507004175031941e-01
5.287115385473619700e-01
4.076428786894041867e-01
3.146175131705661876e-01
1.108534816296036785e-01
5.293530535001391701e-01
-3.957889040141676640e-02
-3.203837021891864922e-01
-2.362409768786708497e-01
-7.454316727793339759e-01
-9.860828757687734036e-01
2.279711495089409290e-01
2.221016936250175267e-01
-8.490907167440282510e-01
8.780328672332828877e-01
-8.014833002731138745e-01
-2.402251740980765327e-01
3.420111239332547792e-01
-6.630972189732833311e-01
-8.421809293404081131e-03
5.462159464489113603e-02
4.067655693857021859e-01
-3.702560815485955725e-01
4.276784710322010241e-01
-1.782581454084808392e-02
-4.436374378610619118e-01
-7.149309149376346095e-01
8.894277134734243084e-01
7.750599172440895135e-01
-7.246769286739640492e-01
5.348503807435198709e-01
4.644553209126089932e-01
6.196786666719017456e-01
-1.391406079965999965e-01
-3.505207862823317422e-01
-4.209839654413227716e-01
2.694114496080413090e-02
6.037110651639889802e-01
6.802055728416744884e-01
-7.901782894282270986e-01
-8.005753724556033957e-01
7.592865810885051081e-01
-5.576230814643446942e-01
-2.545244852041971262e-01
-1.000000000000000000e+00
1.336078400284360368e-01
5.725263185807465405e-01
-1.772818346752275676e-01
-1.905326677331680152e-01
