-9.680440676514425746e-01
-5.251996100726223915e-01
2.143011007446906646e-01
6.222305948596684733e-01
1.398434463375124448e-01
7.519166731404336446e-02
6.097179687203203580e-01
3.795092824540330922e-01
1.310981961196184820e-01
6.326365110962539617e-01
-3.732444842431283938e-01
-6.528354645398695144e-01
-1.521305767002233411e-01
2.949481620757359868e-01
-2.242463248925430364e-02
-6.646831804655732867e-01
4.218626678632930727e-01
-4.727971449375694690e-01
4.031977848326657732e-01
-5.188488102930266521e-01
-8.552900996863321836e-02
4.863516122333472191e-02
2.709596015096324417e-01
-2.374074659316892100e-01
-8.130290511814455279e-01
9.833617865756525411e-01
1.000000000000000000e+00
-8.946997523829647303e-01
-5.602071844207909823e-01
-7.547563131343877352e-01
5.077452237808317559e-01
-7.977578381071614988e-01
8.956654402524868441e-01
5.329879255306737562e-01
-5.291330818157541360e-01
-4.481085784593690224e-01
2.613116179081558244e-01
2.442013164117966262e-01
6.988025847187011586e-01
1.363644345269068303e-01
-1.098995098054803693e-01
4.824287758447758367e-01
-4.911874151829305202e-01
7.258098203386496028e-01
-3.546332008895669574e-02
-4.734982972098158993e-01
5.319414987456674293e-01
-2.472052225859777685e-01
8.294574447481166679e-01
-4.857846454886334264e-01
-3.629019709461472898e-01
-2.372742502967217781e-01
9.264295407298959173e-01
-7.070462620153464828e-01
6.248844982142661708e-01
-8.682176241766239588e-01
-2.668235258138006993e-01
4.686804593511740835e-01
-6.575979767307091883e-01
1.404941904816534581e-01
6.522474776880069491e-01
4.731705258198077857e-01
-4.768717928752843616e-01
9.039934372315396871e-01
6.752479457461675327e-01
-3.537547595148239910e-01
1.963692902416891428e-01
2.144506964161613516e-01
-2.532733774046213027e-01
-5.610605837592406164e-01
-3.909233386860078152e-01
1.000000000000000000e+00
-9.614816246622817086e-01
7.894921210631111741e-02
-2.774175145746278215e-01
1.005541210256533091e-03
-5.767120995120589289e-01
-3.543551145570380534e-01
-7.305434376668491492e-01
-3.818401635436389774e-01
1.638494864744675095e-01
-1.100894422650133819e-01
8.744322014000482923e-01
6.197206642862764792e-01
-1.355139221496975688e-01
1.000000000000000000e+00
3.034216181171922599e-01
-4.110857660734243968e-01
2.350050372068196725e-01
5.451009408033116177e-01
8.538454613256656334e-01
-6.080242591617806003e-01
-4.813382509818556754e-01
-1.808869315042522796e-01
4.421187840282485570e-01
7.532738280341070292e-01
5.473967930672651860e-02
-6.970706076272978891e-01
1.141293949015920184e-01
7.565325544196810359e-01
3.244801933278418371e-03
-1.317417153632161053e-02
9.771904640030233402e-01
8.953733569210102772e-01
-9.472213790540240375e-01
-5.968417950521140991e-01
-5.585739534038550724e-01
3.045687017880589487e-01
1.445883506112632944e-03
2.543146176618836241e-01
8.366512041453166848e-01
-1.765111698384569383e-01
-6.081592298826262732e-01
2.586561885089128099e-01
-6.312739255213115630e-01
-3.759557123273344903e-01
-4.349604506789381819e-01
2.212913447946305290e-01
4.076476840072944530e-01
-4.118543090101944304e-01
-1.564139133043811469e-01
2.051010869979145723e-01
4.157873990982663415e-02
-4.281349628474928615e-02
-5.602095830541942156e-01
-9.646116266185082999e-01
-1.580174983838218417e-01
7.487554909231124434e-01
-2.826889815941077688e-01
7.202226369867667510e-02
-1.061705384185374079e-02
-3.998386189449849581e-01
-7.611356170201588611e-01
-4.202784697326960583e-01
4.170923762947112978e-01
-4.472567031827991424e-01
-7.806616215413936244e-01
3.968284896991716160e-01
-6.719791841050303249e-01
-9.827184778804053389e-01
-3.950229082852669826e-01
3.926356078815283479e-01
6.935926103457989988e-01
5.003192282925259526e-01
-1.681444383271781806e-01
5.341178803107893280e-01
5.144524147519708990e-01
9.569017877096788194e-01
-5.633982221272098023e-01
7.342143303298356294e-01
3.873429732435562656e-02
-2.881334120394554166e-01
-4.652704709442115893e-01
-8.618153265205713565e-02
2.031637948558271400e-01
-9.788879465379714262e-02
-6.300356836582601261e-01
-4.844732563279674498e-01
-7.922490743302355032e-01
-7.952550228855501668e-01
5.920454040828040387e-01
1.387129221516621436e-01
-8.908727204531460275e-01
8.614886132904373550e-01
-9.423713539086753244e-01
6.233095549182754436e-01
-5.490788894953373411e-01
9.627783733058103977e-01
-2.651029095513172673e-01
-2.454279746868182066e-02
-4.300901741546119261e-01
2.225116622994480764e-01
4.337284042487807856e-01
-7.279132769378893197e-01
-4.737569356402878684e-01
-5.474945862233717708e-01
-4.529478438012701780e-02
5.682648604568951711e-01
-3.338331527800462717e-01
1.275446203078554885e-01
5.162744149204221422e-01
6.486543397635264885e-01
-8.814250117604625068e-01
5.907741660883071289e-01
-7.193675586258089227e-01
3.610968878915641334e-01
-5.933589930229754561e-01
2.809731153181733720e-01
-4.675684671380959667e-01
-1.987404053604457932e-02
-5.657280982631411881e-01
1.579524376630881966e-01
7.997421811820006887e-01
6.975052072549416948e-01
1.000000000000000000e+00
8.045230583452396278e-01
7.842433805422583948e-01
-4.654006632010772027e-01
-1.137490841852533130e-01
-2.948089135249459813e-01
2.818172445840309015e-01
3.606038750257696268e-01
1.000000000000000000e+00
9.325895963729831095e-01
-1.311460268920048300e-01
-3.167057250994000928e-01
5.825746594025413838e-01
-3.673312821887710911e-01
2.777321603989708620e-01
9.292939943823871340e-01
6.290989634191151980e-01
-1.596523563439289362e-01
-3.162082195733353362e-01
3.113965270531859897e-01
5.037659798500957464e-01
-6.932661956929300207e-01
5.747183523305603448e-01
9.839379079173118381e-01
8.758543255674083872e-01
4.432273544169069712e-01
1.000000000000000000e+00
1.168971684771586278e-01
-4.131875394549417990e-01
3.569185895515609719e-01
7.420581711766871535e-02
-5.535341405593967590e-01
-9.704743250556733258e-01
-7.191364062938268020e-01
4.065294709438531662e-01
6.499889571167853930e-01
-9.825303795587281286e-02
2.174326023785631001e-01
5.233127628696064848e-01
-4.268774405604339739e-01
6.425788958547897778e-01
-8.072667522483389924e-01
-7.948727147735816789e-01
4.421153078014745663e-01
-2.409297662212861457e-01
2.210774093145753127e-01
-6.159822199103290874e-01
-5.717769096428637621e-01
-5.953602089368787570e-02
6.271185080100607490e-01
-2.478218087990886609e-01
-8.085344945542489725e-01
1.907956092639670753e-01
1.000000000000000000e+00
6.923041756871102237e-01
1.053082651526826563e-01
-6.118372908116720410e-01
6.985296822224846824e-01
-1.288387528505161583e-01
-5.549608960359164733e-03
6.073423394209203074e-01
-7.276629227287112478e-01
5.302961652239417401e-01
-4.077469048816806385e-01
-2.146246513369319264e-01
-2.972589047521546068e-01
-8.107246250435364843e-01
-1.000000000000000000e+00
-6.493825137805613323e-01
6.478637408899838857e-01
5.954645449407982571e-01
