-2.877450222522508483e-01
4.924870569557967537e-01
-1.452935191120287572e-01
4.676708286935558068e-01
-7.175761933008750759e-01
-9.157626106802141397e-01
-8.243498469997864175e-01
6.991043196830827311e-01
-5.664697918021910361e-02
-1.641125556243768768e-01
4.606334445164147473e-01
5.436273577192659578e-01
-9.340203369528943256e-02
-3.185343037336850203e-01
-7.615475174626467059e-01
5.059162673213616346e-01
-9.858951775463883349e-01
2.243219447626205731e-01
9.242116897668917197e-01
-6.137479576016777877e-02
7.560620580365413623e-01
-9.724090730272890726e-01
7.039767745000924393e-01
-2.091600951553901910e-01
8.000792217723740052e-01
1.000000000000000000e+00
-1.074720634020147059e-01
-1.154480778330397028e-01
-5.726386140114250178e-01
-7.037131628736512656e-01
8.038875516937006305e-01
1.000000000000000000e+00
3.341572721705720617e-01
-7.878608021213406865e-02
5.533930055547329196e-01
9.945267079583235414e-01
-4.630743831122221543e-01
7.483833277417420993e-01
3.716247429003447511e-01
7.746862873568731711e-01
-4.289362140551893909e-01
1.000000000000000000e+00
-1.000000000000000000e+00
4.690889958420818573e-01
6.274250402295066253e-01
6.704591845448786280e-01
6.183615269240427814e-01
6.837169594833395481e-01
3.661005986093663900e-01
-1.000000000000000000e+00
9.896698402313196530e-01
1.000000000000000000e+00
1.285877415358418485e-01
9.564747552498296113e-01
-7.923217171604342024e-01
-1.302662959985332325e-01
1.000000000000000000e+00
5.926559311108264838e-01
-9.971213016724744804e-01
-2.661369734278944410e-01
-2.794916962471988842e-01
3.288749641017197911e-01
-3.234494888405837210e-01
1.000000000000000000e+00
5.901817730335795487e-02
-3.335008905150307901e-01
-5.526201071454350799e-02
1.000000000000000000e+00
-1.262082214008527492e-01
8.546890957138151279e-01
-7.253421562733294303e-01
-1.000000000000000000e+00
-4.846038968560708593e-01
2.819423669712051161e-01
-3.205906315404272178e-01
6.776493900514550806e-01
6.388048812162088197e-01
-1.954410304641516494e-01
-3.679230364945114129e-01
-7.814006795005054573e-02
-4.242862869053671826e-01
-9.578797726259502543e-01
-3.261555580706129165e-01
-4.359951214301413525e-01
-5.622059335934943558e-01
8.057186462395476978e-01
1.321170334099072141e-01
-1.228645440029570157e-02
2.628092150326466481e-02
6.845876604780354313e-01
-1.000000000000000000e+00
1.000000000000000000e+00
8.949836427394763927e-01
2.109191887473761406e-01
-1.000000000000000000e+00
3.396509266385476788e-01
2.045857864146900518e-01
-4.637337079530459150e-01
3.523644784476225311e-01
3.743621573499684718e-01
-2.822175842589277339e-01
-6.966926099406016704e-01
8.682633241751116504e-01
-1.000000000000000000e+00
-3.977451170016861881e-01
-1.527885445313688917e-01
-9.559891563740456899e-01
-6.849463826820733070e-01
-1.000000000000000000e+00
-9.697500045244411560e-02
6.369704873916526289e-01
-1.000000000000000000e+00
1.000000000000000000e+00
-1.000000000000000000e+00
1.194156920321856608e-01
4.909780595338791298e-01
5.646987079316939662e-01
-9.978207804634596778e-01
8.329757091805831681e-01
-9.137786982158944138e-01
-1.000000000000000000e+00
5.437218804203658440e-01
-1.000000000000000000e+00
-9.629322236285768888e-01
-5.176165689888038157e-01
-4.298814474493692916e-01
6.089673769574984741e-01
1.000000000000000000e+00
-2.471506976979709336e-02
1.227781607581667211e-01
-1.522205622417190374e-01
6.685120136038564809e-01
-5.519404988567956361e-01
3.974673356621737375e-01
5.805198360058161366e-01
4.937209546811722749e-01
4.325568511097992452e-01
-9.836237521996337163e-01
6.985112380846776325e-01
9.277750936052262531e-01
4.519832104274356110e-01
4.989840474468352216e-01
-1.739413158843885754e-01
-2.731847726451881453e-01
-5.064729298802611579e-02
-1.000000000000000000e+00
-2.116837285297983318e-01
1.000000000000000000e+00
-3.198409199806054870e-01
-2.927697023514209684e-01
8.502830274333934568e-01
1.000000000000000000e+00
3.200905937302618298e-01
-2.793549267360934119e-02
1.000000000000000000e+00
9.177009487442480129e-01
2.743477219651441201e-02
1.000000000000000000e+00
6.160693740216961478e-01
9.191647104094564646e-01
-5.356236763867999739e-01
8.415291692492405939e-01
-5.075473865896670822e-02
4.436351416885351284e-01
6.157539786678360993e-01
7.075756550273856749e-02
1.000000000000000000e+00
1.000000000000000000e+00
-4.598393746960327544e-01
-2.598955276420150673e-02
2.963030647556724739e-01
9.255055124546688328e-01
9.370824811411461175e-01
9.743377476111700908e-01
9.714051109817556373e-01
-2.545251657847497073e-01
7.862184759961159397e-01
-3.121243447609080290e-02
5.865516261251547681e-01
2.641109947573195837e-01
-2.019461084140376228e-01
-1.000000000000000000e+00
-1.000000000000000000e+00
-6.359257637635054028e-01
-3.084469142253715157e-01
3.604139390514691232e-01
-2.340698836844400388e-01
-7.714657589517981418e-01
-9.740180521261510016e-02
-1.000000000000000000e+00
4.161329367273780555e-01
-1.000000000000000000e+00
2.259329575089999431e-01
7.404812158891442841e-01
1.000000000000000000e+00
-7.909999942790735261e-02
8.229372445690343874e-01
-8.882238564184133933e-01
-3.243333482853053007e-01
4.422037172375631320e-01
-6.253874101909022709e-01
4.703188920744049706e-01
-7.553675622896918185e-01
-1.000000000000000000e+00
4.681919521688098218e-01
-8.278963962150378553e-01
5.986910232923972064e-01
-1.000000000000000000e+00
-7.291561782742332909e-01
-3.894925802705960227e-01
-1.790074303024018487e-01
-9.384548614827434854e-01
6.602814187106934574e-01
3.181092572815100716e-01
1.847680367215975838e-01
-6.425152975409887945e-01
-7.146835459088731746e-01
2.979645451353837848e-02
8.175085322379099795e-02
-2.482862161486876218e-01
-1.000000000000000000e+00
-1.128094109771282660e-02
2.256515374968622867e-01
-3.029556712731407142e-02
4.200084761867119987e-01
1.709451282554452778e-01
1.271649667210623669e-01
-5.641974238385113471e-01
-3.412933947620384600e-01
-9.801543253524312993e-01
2.961711871098666737e-01
1.296089590178497453e-01
1.121735180063860859e-01
2.990153247792513014e-01
4.170373153538035615e-01
-1.143166816265237529e-01
7.549996650238123275e-01
-2.002913135737517392e-01
4.373956449321104722e-01
1.000000000000000000e+00
-1.000000000000000000e+00
-3.128579069505134092e-01
4.900152065701979254e-01
-5.717931021636780686e-01
3.646836586334274433e-01
-6.542188363949352770e-01
-4.307142430016130952e-01
2.916151816594795831e-01
7.130339361437862955e-01
4.395069337342739080e-01
-1.491660543013481888e-01
1.000000000000000000e+00
2.686191397024662031e-02
1.000000000000000000e+00
-1.000000000000000000e+00
2.710241909953032824e-01
3.801855461687253523e-01
-1.109784918726710035e-01
-2.744229791430631282e-01
8.948888947049919995e-01
-2.802790941264540203e-01
1.613325434401267633e-01
-3.740286602128830573e-01
-3.137540953187571979e-01
-1.256378147186101302e-01
