7.837370346212584327e-01
-4.669303583103681099e-01
7.118462278680905975e-01
-5.800660068853693563e-01
5.513982684026915715e-01
-8.452341473104354463e-01
-4.799678977655430501e-01
-6.902735918769382639e-01
-9.600714875785576474e-01
1.276732802262527944e-01
-4.404936390348823672e-02
-6.307281222917096031e-01
2.757007660012126826e-01
-6.040386512875542957e-01
6.373569314012126341e-01
3.969915535056625089e-01
9.161829801222369785e-01
-2.839870980875747186e-01
-2.550877452230626563e-01
6.975129141265279387e-01
-1.916273277763780314e-01
6.058880955098975285e-01
-5.239594761229438014e-01
-6.868644244788089104e-01
3.851112034007952989e-01
-6.425615534730571010e-01
6.733250161487429608e-01
-6.712051089087170963e-01
-2.648004773616818852e-01
7.618425468332512551e-02
-4.213793949048569853e-01
-7.589331379083952278e-02
-4.306363853654688878e-01
4.578711586012806922e-01
2.952139123936259324e-01
4.948106751570560125e-01
-5.008986085524564924e-01
-4.975128048059835884e-01
9.112609123993091753e-01
8.361723579539379614e-01
-4.571933104861904962e-01
5.351081800437804681e-01
-6.273281234484209268e-01
-9.883745491019177987e-01
-1.849454869774129762e-01
4.928373793864894714e-01
-6.066412019853113513e-01
-1.948722464569592194e-01
9.016078838965337905e-01
-4.390899325227342054e-01
8.621181207633810128e-01
3.504523709012625776e-01
-5.639720758491508779e-01
7.411508382120444161e-01
-3.681932867958468414e-01
-7.387389847487511041e-01
6.434913743719961055e-02
1.000000000000000000e+00
8.181111303990611372e-01
3.343719679899140873e-01
-3.334837688206973016e-01
-9.353155855780466155e-01
2.213839494256428786e-01
-9.735544143517218529e-01
-3.249936111263040939e-02
6.838746098535597451e-02
-6.405272989396271210e-01
8.039636161559444716e-01
5.745977560436348330e-01
1.493581126899996558e-01
-2.075037344304948572e-01
8.269924028059070231e-01
2.803390191920983598e-01
3.151827597973806405e-01
1.891531827303305491e-02
2.778155271319594499e-01
-5.982208182905437432e-01
5.382113264666279484e-01
-5.806524745013939004e-01
2.275252234435338750e-01
-4.566181502647788104e-01
3.946171159369120662e-01
9.232362627225580987e-01
7.034960154331435511e-01
5.560891340436360242e-01
-7.082686744905535292e-01
-4.909946285543220768e-01
2.585085408477403868e-01
-5.694445774136589478e-01
-2.593429039519400958e-01
-1.460299185139728451e-01
9.273988019680117212e-01
-4.634223790339425664e-02
7.231474273939790809e-01
-4.828798625610959405e-01
1.604993681964532737e-01
-9.784171499752614132e-02
9.397346283118916954e-01
4.973833126739990451e-01
3.602329428140336187e-01
-2.931183430388384359e-01
2.885166444247451167e-01
-9.259481734599761538e-01
6.550878300638933727e-01
8.838210778484438812e-01
6.525779014912869158e-02
-6.215691751464604842e-01
5.118653349587538592e-01
-9.593783337185357585e-01
4.223785719518315940e-01
4.156528760193621275e-01
1.110685832791820093e-01
3.838272691651836155e-01
7.433155335609102909e-01
2.130409089879370388e-01
-9.873905121594548362e-01
-6.292995753245291812e-01
3.644187183403890251e-01
9.421335624529824093e-01
6.422238381496745419e-01
-5.729774383486552214e-01
-4.920233481015505728e-01
2.528063252954160234e-02
3.045336157127267462e-01
-2.332354445839812662e-01
3.559200862866860882e-01
3.683367159808518254e-01
-7.775301297086611996e-02
4.966276856744447077e-01
1.953095765942390871e-01
2.662428149549393996e-01
-1.000000000000000000e+00
-1.736258468802456267e-01
2.748556664710777309e-02
-5.418563686745820895e-01
2.404064494167983401e-01
-7.025918334159684253e-01
1.705731381886433917e-01
3.945430686303241785e-01
-9.505992035275807606e-01
-3.419203629766844887e-01
8.441359146796747481e-01
6.223524419482737713e-01
-2.715555882191877934e-02
3.188600219762249832e-01
-2.450676510922376039e-01
-9.544993703218103143e-01
9.346482279501007184e-01
3.927193715351649517e-01
3.103285344282469271e-01
6.551245202874194096e-01
-9.489330960825204109e-02
1.000000000000000000e+00
-3.422685324400607243e-01
-9.145796457581365502e-01
-4.894679572181981353e-01
2.652384043551452297e-01
7.925518839271992189e-01
-5.691942449605758014e-01
-1.110888917803234399e-01
-5.081492094246726765e-01
-8.851049579756369301e-01
-1.053137923300344614e-01
1.693278208557931208e-01
2.016153877830649532e-01
-1.000000000000000000e+00
9.322195733453066957e-01
-8.942497215168743185e-01
-4.741208338428626323e-01
9.221985853703967839e-01
7.442755911389120627e-01
-1.140731469461284536e-01
1.004082987521059955e-02
8.477746137541781746e-01
-8.006163510802996042e-01
8.608029485635113609e-01
-6.402719609763110054e-01
9.320975006137444119e-02
-5.970091769134182602e-01
-5.038786160248095447e-01
-3.356739212410307927e-01
-4.705345062183992066e-01
7.484592374078391508e-02
-2.814474621764214146e-01
-7.443982295381840197e-02
8.414179473641132390e-01
-2.420179937886668409e-01
-5.550845058676756594e-03
-8.709483942791733657e-01
1.219525644529505515e-01
-2.555337935457333565e-01
3.863161396033826245e-01
-2.676663514179205006e-01
-1.111136831682817405e-01
-7.508604438830213113e-01
1.647002614469417758e-01
-5.917420567769360318e-01
7.471938820312971075e-01
-2.783032540522922815e-01
-4.437216991932371180e-01
-8.177763715939903033e-01
-6.723203468216132350e-01
-3.311768025051090580e-01
9.490229895783406366e-01
3.986038229133959665e-01
3.359001423723112500e-01
-4.967866023329843839e-01
8.462117337330246625e-02
4.809005759519981993e-01
3.714604685319107258e-01
-5.342576990686440652e-01
-7.071899940901555937e-01
3.292154643022768834e-01
1.798491721215864647e-01
-6.636655410624231477e-01
1.863569136577312157e-01
-5.281562310879750477e-01
-9.380225983705117732e-02
-3.294449097459778431e-01
7.238246160354266934e-01
2.130354455222926990e-01
-8.724656672204644803e-01
7.625754810355951374e-01
-8.282598054074741256e-02
-4.019305671493773602e-01
-6.053751018695467945e-01
-4.696255986204210808e-01
7.143932007752860081e-01
3.374915159164697531e-01
-5.522544417281982643e-01
-8.578088238066243765e-01
4.130228025157149929e-01
-3.205446479849589636e-01
5.273239714887718588e-01
2.554166185563622182e-01
-5.088413715349274780e-01
5.435958981670032664e-01
2.923669255036049908e-01
-2.604065533720352765e-01
5.969486589047859892e-01
9.065038735759012312e-02
-1.964786383817815896e-01
5.194590123676305904e-01
-2.669480455386792350e-01
4.214689099587758392e-01
2.759497387908949606e-01
1.954567901224202320e-01
3.202457917187711001e-01
6.796146458416563174e-01
4.858644180229301224e-01
-7.567497202309823034e-01
9.693648800853876812e-02
-6.714522698654450394e-01
2.663626386112794009e-02
-2.240306759327537200e-01
-2.897352386816725023e-01
-5.836795331391986252e-01
4.099718123677011938e-01
-7.892515332458664989e-01
6.710316761689902876e-01
4.275338740016658701e-01
1.000000000000000000e+00
-7.986697170797028011e-01
3.568379384408204569e-01
4.610227907903452493e-01
