-7.860442635701161418e-01
7.897502311666675379e-01
-3.820967718308034278e-01
-5.705593002341737829e-01
3.061531710120677929e-01
-6.194659272320048871e-01
-8.360328939182304353e-01
5.508480127597317200e-01
7.847094175791926585e-01
-3.948535638728718489e-01
-2.780541036625516771e-02
-6.265818927898059165e-01
-1.395295905015581095e-01
-9.352600007529938697e-01
3.264585017731831962e-01
3.630536608165482182e-01
-1.174994942276105514e-01
1.000000000000000000e+00
3.374325319623260322e-01
4.021290189258615588e-01
5.996862084382270641e-01
-7.168092459868484756e-01
1.298493119863934897e-01
-3.208438505285179376e-01
-6.710535489231217454e-01
5.351370760063511867e-02
-5.224275670463301990e-01
-2.426628413913269888e-01
-5.037528577028641541e-01
-3.198798774144911983e-02
-6.834190587228400338e-01
-3.540336050839017479e-01
-5.746590688145811199e-02
6.551317278691465296e-01
3.729239556002881262e-01
2.200960553702961953e-01
-4.524790598390822094e-01
-8.753438671180593378e-01
-3.813292252827822360e-01
5.011812448126675701e-01
-2.081133715834940778e-01
4.210612845937296012e-01
-6.095370836588748231e-01
-8.337556621539704560e-01
-6.695389153489264555e-02
-5.585563172485585870e-01
-1.377256415197024575e-01
-7.864711913354371919e-01
-1.302478416786495286e-01
8.413263911761470482e-01
-2.640004925721572970e-01
-9.155809994784569472e-01
1.292529952188656850e-01
7.047065931415771867e-02
-4.139662286926383827e-01
2.713117909433077068e-02
-6.168406833359443286e-01
7.775810720413749433e-01
6.643175647015774343e-01
6.832034825389647903e-01
9.621524373250360807e-01
4.991078091401217609e-01
-5.655246206329025416e-01
-4.985202732398552605e-02
8.003359118206719858e-01
-8.281078130731955866e-02
2.138953494829839985e-01
6.908266315219900866e-01
-2.527807855116940283e-01
4.655240984563707718e-01
-8.289672009560726806e-01
6.622295013889130111e-01
6.348689102774873749e-01
-2.485602382728783338e-02
-5.501764573372351919e-01
6.787235471564007083e-01
5.584127996393850601e-02
5.044187742617014525e-01
-4.443264746825723588e-01
-9.098525352650170817e-01
-4.366932703713439778e-01
-5.240235041044054576e-01
-7.532132055382830815e-01
-5.683254056550458566e-01
8.081975740620084281e-02
-3.763950284521914158e-01
4.338769637470709095e-01
2.186732788358112245e-01
3.773299983281910297e-01
6.856940881000560539e-01
-8.487305498485340216e-01
3.462492574529835720e-01
3.550902971725096169e-01
-1.690941566224180015e-02
-9.148623077678215143e-01
3.679771993633822458e-01
5.518234247289025562e-01
3.734609936187318069e-01
-1.616277738285719634e-01
3.584815199803682573e-01
1.560988848669195572e-01
-3.054555163923992622e-01
-5.186050066140134307e-01
-4.264992107804241872e-01
3.162209215707567633e-01
-4.704108858480973154e-01
2.974920310641375742e-01
-5.495175837357384463e-01
2.508693270836111211e-02
2.013571883558130660e-01
-5.056241887769484800e-01
-7.147752301889864768e-02
2.219630150081188247e-01
5.328663217641546046e-01
-4.346862511411135888e-01
-8.490845613975903650e-01
3.068523062594723516e-01
-8.492958242123076484e-01
-7.797929039736778423e-02
8.073363400677280310e-02
9.679419009165219911e-01
1.679274170932243404e-01
-6.395105982772504305e-01
-1.779900490885990560e-01
1.679399241870854487e-01
-8.795881622796044574e-01
-7.047125372842080182e-01
-6.018671812522882192e-01
-1.365790190579070362e-01
5.285710647183530231e-01
-8.739219261953096174e-02
7.962108112533288207e-01
5.213280266920061745e-01
-1.859280805102401235e-01
5.305580494987729434e-01
-3.467047424733655792e-01
-3.408546206033480352e-01
-3.664042199034065472e-01
9.381956740886709945e-02
-5.496580004084334892e-01
-2.513506291098170919e-01
-8.782431077662024022e-01
-2.992197371876469392e-01
-1.320498935239273752e-01
4.090610409635433431e-01
-1.000000000000000000e+00
-2.904779763280641025e-01
4.672208238670376712e-01
-9.473543141819619207e-01
7.048748075094264376e-01
-9.439060290405960618e-01
3.817911398783067067e-01
-7.368823471354841725e-01
-4.030822810255499933e-01
-4.460554790407438297e-01
-2.693411886915417774e-01
4.986570820143568783e-01
-5.555305104426744300e-02
9.284043680539180166e-01
2.455686808135548738e-02
5.494583236795416159e-01
-9.373864009408297560e-02
-6.770656475862273371e-01
-3.656136027807690425e-01
-8.889967647535421680e-01
-5.282602368742417287e-01
1.875513765449482451e-01
7.256008854875961589e-01
-1.899674497501512849e-01
-3.149859734426909696e-01
-5.854340437338785286e-01
-1.845021674217429131e-01
-2.595771257840306934e-02
1.853815078467968835e-01
-3.532819843383162017e-01
4.190767667473997982e-01
2.191913748269285200e-01
-1.794528440256366597e-01
-2.011898685512036877e-02
5.124363390162969267e-01
9.956643160400391324e-02
2.514354935530752067e-01
-1.389633873283384058e-01
6.102260577747695702e-01
-5.340407215515545758e-01
-6.043233338200547644e-01
-7.135647139121005234e-01
-3.981021155354966257e-01
-6.271419164150304759e-01
4.691291114578900467e-01
4.367108312316350105e-01
9.942066575892827274e-02
-7.841815363527420146e-01
-6.073931976028537072e-01
5.617083230992909737e-01
-6.122933445542033670e-01
2.724559039420652029e-01
-2.674540160016382617e-01
3.330465385654188260e-02
-7.696202695740543831e-01
6.944291938174793621e-01
-8.195931707268125366e-02
-4.457976435920960601e-01
9.608015394687519084e-02
-6.416513696833605618e-01
-7.393887592205679038e-01
8.073655920627216265e-01
5.725069451411564092e-01
-9.754870636520565075e-01
7.119122198938966362e-01
6.131107939097633075e-01
-8.672279234180797491e-01
7.103406241908836183e-01
6.203148289454057940e-01
1.639938711318346953e-01
2.968019978352161026e-01
-5.551389773577164455e-01
2.063570318119092306e-01
1.360418420710423071e-01
1.613092652925995907e-01
-8.455592629261645676e-01
-1.499470105550987920e-01
2.891878156207805528e-02
-3.718596116236018156e-01
8.977889040194619863e-01
-1.303088915874037745e-01
-1.424717441104308424e-01
-9.424929045654906190e-02
2.037159084206032755e-01
-2.841626179709511035e-01
1.797462450144367008e-01
-5.939093496045448894e-01
9.771071745298769429e-01
-5.353380675495285068e-01
-5.275334496626630232e-01
-7.323499727846517482e-01
-3.424106943247360313e-01
-4.890728477948910191e-01
-3.767169879768933471e-01
7.799022886599882298e-01
1.423681914916629654e-01
-6.089557388497910395e-01
2.347760744835883651e-01
-9.971750283113063607e-02
-7.922651463246199732e-01
2.387944672507531507e-01
1.524510179619404660e-01
-1.436851683965523208e-02
2.327965212594788058e-01
-8.160740656488730815e-01
2.394070461828256280e-01
9.850892028844662196e-01
5.493634609386524037e-01
-4.732216427139724901e-01
6.415566019221126126e-01
-2.855997081797058135e-01
-8.560795778811116641e-01
-2.371872853397578584e-01
1.484421714859263108e-01
-7.544771900753666216e-02
-8.492857022580744264e-01
7.526183426589393433e-01
-3.318529123076847109e-01
6.832052525508773844e-01
2.081835740540859403e-01
