9.353141850367574506e-02
-7.438796205964326447e-03
-9.326083985917299479e-02
-6.815311104630541461e-01
5.261022721273442837e-01
-5.259629513870425210e-01
-2.251173940742745572e-02
-9.801932323484687792e-01
-5.568196084303280724e-01
7.955822438617499159e-01
-5.047726863615062953e-01
7.729319431788475026e-01
-2.743511314181781291e-01
5.747081734513083129e-01
-8.668170826207193258e-01
4.252506704769634105e-01
9.060812963486211125e-01
-1.103425688717940556e-01
6.292299602958253413e-01
-2.925949324060268530e-01
-4.461432614707885325e-01
-3.084159982702912028e-01
5.158656610145331278e-01
-5.984605201267438890e-01
-8.839257667970645826e-02
3.578597648140027232e-01
-1.767979754835380390e-01
-5.270823033950788883e-02
-3.895733367638420930e-02
-7.544424323731562243e-01
8.782730767230628732e-01
8.337795684088253889e-01
-2.121870069600988451e-01
5.242504970887240656e-01
-7.163625063804126558e-01
-7.413149133933663038e-01
-4.114030131461323680e-01
2.204746611155790070e-01
9.132558648822948211e-01
9.482397903530455086e-01
-7.193055639084084962e-01
-2.839513023898556643e-01
-6.057055376946938186e-01
4.538629513997076703e-01
-5.137909321056663980e-01
5.935736955438342122e-01
3.380768831335319025e-01
-2.275969351962388032e-01
-1.728949042796422697e-01
5.034644066922759897e-01
7.337183144483501174e-01
-7.815165983997416355e-01
-9.845581844333750610e-02
-7.449931623165342298e-01
2.694373960103677579e-01
1.812983101679117581e-01
-9.776528107381825539e-01
-5.145519615054434670e-01
6.911077773438445426e-01
6.152435774265121449e-01
7.602003104211128015e-01
-9.543994227512246908e-01
5.732262857771308617e-01
9.557308231840537793e-01
1.628830506818177426e-01
-7.459002014934767999e-01
-7.512539523206220871e-01
7.821418171380194462e-01
-2.615645940030288941e-01
-3.745358963127396468e-01
-9.644830179293975014e-01
2.268901140696055752e-01
3.628729656067950504e-01
1.720899943156053435e-01
-1.950365566428859943e-01
9.024353371226105924e-01
3.937728725145259734e-01
-3.382372658010868172e-01
4.330655459984302791e-01
8.864749255209147805e-01
3.399011343430877741e-01
7.338434597972574025e-01
-6.799263417333880621e-01
-4.298368027074253028e-01
-6.584135521703309291e-01
8.519288729947578354e-01
8.505271394402114105e-01
6.766722820607984357e-01
6.347190811773499863e-01
-1.802879202326279628e-01
-9.041872158102968182e-01
9.250671302247215344e-02
-4.818847036481381796e-01
7.777661686021850596e-01
3.600978849760426148e-01
-2.699954945704401421e-01
1.642293414444817579e-02
-9.257201949013156295e-01
-6.108115915455525347e-01
-2.075793205545402031e-01
-6.944513932227314168e-01
-4.779079420322402960e-01
-4.724667396329531588e-01
-1.326558499186674123e-01
1.346276132976684803e-01
6.087182229909819942e-01
-9.927457342664061102e-01
1.477892199123791439e-01
-9.260514197150540028e-01
-2.276216387450973322e-01
6.477691499600870539e-01
-8.927108325957988644e-01
3.102849371929414790e-01
-8.161179179060460420e-01
-3.288140632552258857e-01
-5.169698970460334664e-01
-2.835609993152202746e-01
-5.881909193406631431e-01
-4.458918153605135881e-01
6.626460882209368464e-01
8.168868615170787884e-01
-8.025074880760274532e-01
6.716988755632957719e-01
5.087751491270189330e-01
-1.199071666187550012e-01
3.809272603645497135e-01
5.210098545639958445e-01
3.876365392077643079e-01
-6.570687649841608913e-01
6.599886498963876136e-01
1.000000000000000000e+00
7.433427808266470649e-01
9.597139529181399897e-01
-7.837918642767638389e-01
3.137667660125853519e-01
3.618523975381102709e-01
7.622787968454141083e-01
7.275977739677319533e-02
3.514806240567396323e-01
-9.293900535406018903e-01
8.913890353210285333e-01
7.531173323866664493e-01
1.306740561844919601e-01
-7.798925789537021203e-01
-5.853771397477844918e-01
3.215222417126168963e-01
7.946926452420604026e-01
2.387892245105571742e-01
4.503509394145914779e-01
-1.228761809770220204e-01
6.203524742402906078e-01
6.171629470224890834e-01
-4.414897756986739807e-01
7.488594301774647022e-01
1.005795951661239140e-01
-4.677045917737294722e-01
-1.824447384613243073e-01
-6.086518325895799997e-01
7.565129705952742256e-01
8.369883479993323050e-01
7.105515742369163945e-01
9.582214745396910871e-02
-9.725685634132474888e-02
-1.326591038370024123e-01
8.180852418477297938e-01
2.560440415825877558e-01
-1.035208022855523824e-01
8.376408322153401365e-01
7.551342887079659505e-01
-6.027662595624723174e-01
-5.336429898056136434e-01
-5.646654458896376294e-01
-2.292860549725213026e-01
5.780684708621508516e-01
2.545460947154127851e-01
-2.298513260198309371e-01
-7.257554156897596531e-01
7.653396288764784394e-01
-7.756286942662293793e-01
4.717967136359237923e-01
2.266276029199447706e-01
4.641042213048189868e-01
4.866860190246697915e-01
5.681299390595639931e-01
2.645749073196947965e-01
3.637083520816019044e-01
7.585506454483084138e-01
-7.148785143609639459e-01
-6.243838788925071270e-01
4.296665675107369520e-01
1.450787282629215635e-01
-2.400429699994872657e-01
9.350123695456580286e-01
-1.734955345564768159e-01
-7.786786862015664390e-01
8.599569473894752569e-01
9.229276202174987453e-01
7.198931899471141538e-01
9.269374376487491407e-01
-3.831684547551457154e-01
2.143943841898459102e-01
1.051171402205171024e-01
8.923459946985907720e-01
6.223705669310140021e-01
-2.139804244750207474e-01
-9.400088908586010650e-01
-5.693709677137688274e-01
-2.519919182445875538e-01
-5.460953591914141647e-02
1.112585762064084438e-01
-4.005889495987746685e-01
-8.585353657758698631e-01
-5.701020570844468338e-01
4.392340663667970713e-01
1.541602668778678797e-01
-1.840541692195902801e-01
5.470150933484432265e-01
7.101746695346249361e-01
-2.576976185472337200e-01
-5.439652247688435693e-01
2.315954807710773888e-01
4.913439629053708568e-01
9.575623680011089434e-01
6.858365215510573432e-01
5.476050605225917245e-01
-7.044439622154070602e-01
5.757925978951634605e-01
1.000000000000000000e+00
3.171965960935505535e-01
1.793143189662722570e-01
2.786641376431753248e-01
3.358618211008048693e-01
4.520372893722179874e-02
-4.009606447099027804e-01
9.392986817889074080e-01
-7.411486882724007685e-01
-9.273721126727929587e-01
8.128292457559277429e-01
-3.152312830225998397e-01
8.420505872643375689e-01
5.244190295732646945e-01
-9.480149270270779027e-01
-9.530247102426612216e-01
3.316986198777929218e-01
3.019100717778937515e-01
-4.409057853234716884e-01
7.927060892643917889e-01
2.870130628958045271e-01
-6.320954267089036183e-01
-1.909907343858555651e-01
3.871202956017014696e-01
9.013004582991448466e-01
2.556820432429529610e-02
7.293442057385546295e-01
3.483398371892116874e-01
8.229037025912192549e-01
-9.434114315562023290e-01
1.783596899491175503e-01
-6.675482473691908281e-01
-2.910304191914498961e-01
-7.538292630721032950e-02
-1.138136921833452497e-01
-1.744938641460218598e-01
4.536539481114436612e-01
9.734447096143534761e-01
