3.335783327548753063e-01
-1.000000000000000000e+00
8.128729848731977570e-02
7.644055784741482507e-01
7.796511402966661564e-01
4.191036541386482517e-01
-9.887350913949674025e-01
-1.000000000000000000e+00
1.000000000000000000e+00
1.000000000000000000e+00
-5.373697248473793264e-01
-7.328010474451466250e-01
8.057910093676687868e-01
1.656665416705497273e-01
7.296596102545165330e-01
-1.000000000000000000e+00
-2.535479291580628458e-01
7.985041697997533605e-01
-4.596502397939896123e-01
-1.000000000000000000e+00
5.800285268272196149e-01
-1.000000000000000000e+00
9.430429486600901967e-01
1.607900025340636141e-01
-8.080961680146513393e-01
-8.263015216317350919e-01
3.352767456645381894e-01
1.000000000000000000e+00
4.345943582658665094e-01
1.329860713807380357e-01
-1.000000000000000000e+00
8.196141580089322254e-02
5.107275694981044944e-01
8.464605692816299376e-01
1.000000000000000000e+00
-3.165783788649401687e-01
1.000000000000000000e+00
4.821020646300379631e-01
-1.407865651032966792e-01
-3.441900322929067335e-01
4.900142115631572759e-01
-1.222882053017154691e-01
1.634143634279006108e-01
-1.000000000000000000e+00
2.475376706642001268e-01
-9.081899027336345354e-01
-1.000000000000000000e+00
-1.270657549358083505e-01
-6.168031567633802670e-01
-9.377928384943263751e-01
1.000000000000000000e+00
5.596411954700114544e-01
3.740796649993949341e-01
3.045743763080391298e-01
-1.000000000000000000e+00
4.471755370322822998e-01
1.000000000000000000e+00
8.316244172812099489e-01
5.688715827982502304e-01
2.439642220791642391e-01
1.487653171912824979e-01
5.362827138189527748e-02
-4.168810310204176250e-01
-8.568963179862797430e-01
-7.825413575912094633e-01
-1.694848953824962257e-01
-2.582688732778941065e-01
-2.700171918990036946e-01
-5.135256135184174120e-03
3.547562884933073146e-01
7.307695067117787602e-01
6.236846496019615715e-02
-1.167085826923575653e-01
4.921359014830065659e-01
-1.000000000000000000e+00
8.383083871567617029e-01
1.707117363558731948e-01
-7.665443490281523831e-01
-2.252102197249554738e-01
-1.492011872113394033e-01
5.424824656707275539e-01
2.608495435665585949e-01
-1.000000000000000000e+00
1.000000000000000000e+00
3.829205499436704185e-01
-5.877067159693882825e-01
-2.339984072920557878e-01
-1.000000000000000000e+00
-7.740328370632829635e-01
7.823584318905731916e-01
6.581960423417252404e-01
-1.555447543036495572e-01
9.983906126553979687e-01
4.007279957739171561e-01
5.036814478452593669e-01
5.901852655846705487e-01
1.000000000000000000e+00
-1.000000000000000000e+00
-3.168547274266850788e-01
2.526503569447504649e-01
1.000000000000000000e+00
1.000000000000000000e+00
6.257151099234614655e-02
-1.000000000000000000e+00
1.245635612753461796e-01
-3.466622337995598491e-01
-6.461845489163913214e-01
3.074317916907559067e-01
-7.704404105172377726e-01
8.822046120400186542e-01
8.776476733518547846e-01
1.000000000000000000e+00
6.282801859504347775e-01
1.000000000000000000e+00
-8.424172573311676793e-01
3.319761752528417320e-01
1.769492582894262034e-01
-9.901195789500695232e-01
-6.523473114717254218e-01
-6.389942874339793466e-01
-1.000000000000000000e+00
-3.146818717656663100e-01
2.572098319963559421e-01
-9.811416107522531460e-01
-4.809609282084746362e-01
2.180553575620107765e-01
-6.682751699586239047e-01
2.541026948634590443e-01
5.617092307886693003e-01
-4.805878277608431892e-01
-7.707757427694738039e-01
-1.478325519151089396e-01
-1.000000000000000000e+00
6.540698714112549439e-01
-6.994381478481503933e-02
4.760114463668587703e-01
-8.531433517876266803e-01
-2.400856010416481667e-01
-6.753723932788154860e-01
-2.778573247598448148e-02
-1.617774682999326696e-01
7.091377206858787696e-01
-9.648698817555121376e-01
-4.270960692108223267e-01
9.447855060017964490e-01
7.126897947253825194e-01
-8.098720831529300224e-01
7.148776709209623270e-01
7.824150727406673500e-01
2.626763074876573567e-01
-4.971653866076394812e-01
9.868038867129657055e-01
-7.318018099580942959e-01
2.597508657851722580e-01
3.126402830248342646e-02
1.000000000000000000e+00
7.505661279250303020e-01
-3.240704819087483202e-01
7.064105113709278072e-01
8.105485992435952358e-01
6.351353053521788805e-01
4.145662454632165206e-01
3.478202017689208114e-01
-1.000000000000000000e+00
9.490404843611812691e-01
-3.437783390242611925e-01
-4.595535211779077089e-01
2.130281280194618598e-01
1.566110723370759961e-01
-3.408456688649391664e-01
2.559224206520767653e-01
-1.000000000000000000e+00
1.000000000000000000e+00
5.257581638718128447e-01
9.302441076388674457e-01
-5.288158247790871735e-01
3.421204857181631698e-01
1.451391258282223318e-01
-1.080882287873660141e-01
1.000000000000000000e+00
-4.912550204314954927e-01
1.309981196794261504e-01
1.000000000000000000e+00
4.565832875487073617e-01
-5.859724110316244516e-01
-8.539126100801732733e-01
3.351865299543663745e-01
4.554592825219225816e-01
1.218380946371944717e-01
9.194138631098198733e-01
-8.737944181611994043e-01
-1.000000000000000000e+00
4.339538058036222501e-01
-6.308671262876050512e-02
9.313537093240530362e-01
-5.290687049498499217e-01
1.000000000000000000e+00
6.531366619972239773e-02
1.000000000000000000e+00
-3.596398643879563650e-01
-4.401450053451111399e-01
4.325509998681862922e-01
-2.845310240360373055e-01
1.000000000000000000e+00
-7.622421959414590331e-01
-8.494512305982129252e-01
2.309122292565957413e-01
-1.147053159290897795e-02
3.470476321835821998e-01
-1.000000000000000000e+00
-3.978006127176125228e-01
5.951485909876857300e-02
-8.429557362799233733e-02
3.120269624423760782e-02
-3.109570670379821489e-01
1.168916499975768131e-01
3.504715672638714086e-02
-3.347396003578911872e-01
2.289042463524987303e-03
-3.638382048003755420e-01
3.062905400385415033e-01
7.715950556797182003e-01
2.285829243773651043e-01
9.618498834253080831e-02
1.000000000000000000e+00
-9.647795177184059767e-02
6.182522310666493937e-01
-3.061385712795010039e-01
-2.626891754411095903e-01
5.465697792671985189e-01
-2.468176096955821963e-01
1.806015719575818357e-01
1.752635292939994649e-01
9.932142040993237053e-01
-2.815348508772870240e-01
-1.892977271832742003e-01
-1.000000000000000000e+00
6.084856685066908355e-01
7.474238506212054212e-01
3.951761226263008631e-01
-2.440380966293526632e-01
-5.165892603506943015e-01
-4.699153696723403217e-01
3.119841955168973779e-01
-2.126952661233192376e-01
-1.000000000000000000e+00
-3.043210029702204666e-01
-1.662659446730793689e-01
9.092146547357660147e-02
-6.391525877787157528e-01
-4.619334577968111644e-01
8.641718776313342953e-01
6.127142129835558837e-01
9.408628598459930492e-01
-1.637618275657226619e-01
-4.420140464166829597e-01
1.540334997545447226e-01
8.542975498991385308e-01
4.266243204723086935e-01
1.578812222527851417e-01
-7.319088400556059693e-01
-9.663630527283242344e-01
1.000000000000000000e+00
3.623427160940675407e-01
9.074752206616334416e-01
