-1.797670097727277483e-01
-1.481774457954108115e-01
-6.832342594579770001e-01
-8.014752467989909590e-01
-3.231595969360783194e-01
4.096823175379549209e-01
-1.752917917161420647e-01
9.168239674061231526e-01
-1.166951607850381656e-01
-4.473230390320757088e-01
5.721430664873594640e-01
6.677043300526424030e-01
2.342380873259932716e-01
-2.545836930014051536e-01
6.301128744161994533e-01
6.666415658503532793e-01
-4.574431063121225383e-01
2.803114306462927557e-02
-7.385363797572552791e-02
-2.787020766880945466e-01
-7.047081799112855371e-01
3.548253902638973667e-01
-6.249966906054886806e-01
-1.443956053672421636e-01
-1.016835718765998209e-01
5.608944130316413368e-01
1.394312555875776294e-01
7.754567260107070314e-01
-3.074358029105070944e-01
7.733689562609227242e-01
-2.354766218979731374e-01
4.911949717760817347e-01
6.222717921812008779e-01
1.000000000000000000e+00
-2.710107048764769377e-01
9.471090205455332534e-01
7.454071765353389445e-01
-2.769416768032550991e-01
5.730137845900440396e-01
-1.068949483428189851e-01
4.209357079814344260e-01
5.198394108641960498e-01
-7.075017474419520447e-01
-3.397846658998915359e-01
1.450723708735202067e-02
-1.929390242116610921e-01
-2.580159130246046928e-01
8.484938316147385695e-01
-7.763058482515194925e-01
-3.465308848046158019e-01
9.048385827954592564e-01
4.881385069152865963e-01
4.342492481716406783e-01
-5.502139973307620391e-01
-2.783120820115154714e-01
-9.940868451466613465e-01
-1.643443794642542866e-01
-8.103041793608500853e-01
8.648732523813353890e-01
2.084413492022052505e-01
-4.644125529310254574e-01
-2.569491598283013545e-01
-8.807160872805539498e-01
2.743196189273642283e-01
-9.787527917610785444e-01
3.912154076641183309e-02
7.413590873687416760e-01
9.702902760755363065e-01
-6.724232763247530720e-01
-1.238212623773511378e-01
-4.834761264464337849e-01
-8.270883350793940547e-01
-4.695385209312075148e-01
-8.802451616920539124e-01
-5.546520067721050218e-01
8.020490119494632086e-01
-4.240361562613825797e-02
5.865848914658828850e-01
-9.656196918566888332e-01
-5.884035459910639254e-01
2.321554966720427160e-01
-2.295122652092378424e-01
-3.162060018391441574e-01
-9.796875357617433888e-01
-9.442237146907925815e-01
-4.914980706817022593e-01
-8.057766873908427385e-01
-1.826266211690372732e-01
-7.275777763839719192e-02
4.724746371940895528e-01
3.281044839452285089e-01
8.364768050294140167e-01
-1.603460272309999990e-01
4.699430791291943077e-01
1.189657319281252068e-01
1.685363124008252278e-01
-4.845285491255220123e-01
-6.435311429626369151e-01
5.776995438558603091e-01
5.347043048983435298e-01
-6.734789504447276087e-01
4.948855144308239584e-01
-3.580159876142814390e-01
4.160990381732154741e-01
4.567390648677975840e-01
-7.854931913415545974e-01
2.845810970857944877e-01
1.729031092842394646e-01
6.311321232210471699e-01
8.007684830579298030e-02
9.533955445973536502e-01
1.733944522061738880e-01
7.447248018259418068e-01
-3.943255409812700396e-01
-6.212430684478895682e-01
8.085010412773787625e-01
-9.128068793123855773e-01
-1.597276799483986487e-01
-5.051577251764325371e-01
4.319545337466723645e-02
-9.789935595247294398e-01
-2.518166751739108200e-01
8.282150018716560869e-01
-5.306890477146462004e-01
-9.657745542152498253e-01
-7.446278075171575139e-02
-3.529219675870856054e-01
1.295121614833045776e-01
-2.396730271421867453e-01
-4.531954044621322453e-02
4.196229641047193315e-01
6.347479711621692999e-01
-7.485122916884701105e-01
-8.511005380395328945e-01
-4.744689092036992184e-01
-4.853998349945221058e-01
-3.454890805096000328e-01
5.354295164053164413e-01
4.590139001614144121e-01
6.029176713068609139e-01
-3.187053761376823502e-01
-2.757530394146574526e-01
-3.127860589414002135e-01
8.564614630179909760e-01
-6.000554581637351781e-01
-9.909285641364506958e-01
-3.846751610054628401e-01
8.734972110560210723e-01
-4.771059766309455608e-01
-8.106072467446532315e-01
1.494902776628774799e-01
-7.323881030404222336e-01
4.152705651965884481e-01
7.420814725452993255e-01
-8.032718390590787294e-01
-7.694911949157814401e-01
5.783192187410337581e-01
-5.395560966142396442e-01
7.303099100212584460e-02
-7.979179715858393251e-01
-7.449948151906617966e-01
-1.424942584205046714e-01
5.037552184440325931e-01
1.501961293500198025e-01
3.838290011644140964e-01
2.012760556101595988e-01
-6.756026039700484542e-01
-7.241651917406541905e-01
8.660254254195358659e-01
-3.353010306406867258e-02
-8.897856788901554737e-01
7.354621885883170229e-01
7.321156809897415574e-01
4.441990419236243604e-01
-6.644320284063449655e-01
-2.404039823027548373e-01
-6.869559504572366748e-01
9.483532147658029210e-01
-7.893331267570864451e-01
-1.332959715468984285e-03
3.490625479372666540e-02
-4.333057001784639262e-01
-8.170067613143228158e-02
-5.693795127130438782e-01
-7.724617713131531893e-01
3.466299147401910030e-01
3.431042439939990807e-02
3.594668640305437313e-01
2.382521739951082296e-01
6.023282705129211489e-01
5.489707130457885942e-01
-8.510743956754314166e-01
1.457104982491466139e-01
1.875156886151816416e-01
-9.193943343049106875e-01
-5.939748284304202652e-01
-1.000000000000000000e+00
-9.329946158922839405e-01
-2.994248625976652090e-01
-5.445915481681991022e-01
7.119787417543508301e-01
9.421526943998217440e-01
-9.808154138028712943e-02
-1.327605779553109322e-01
-2.281815401935582965e-01
2.358544584935251542e-02
-6.237283816226519839e-01
-2.537069309152106822e-02
-5.859639088280790276e-01
-5.166554878747320334e-01
-1.794809338099285778e-01
9.474020058412671030e-01
1.622304484787899792e-01
-3.784517388279597938e-01
6.853024781375021135e-01
8.480362467449835684e-01
8.679836419036399686e-01
5.966699754563240532e-01
7.802906586497995178e-01
9.045412028536961024e-01
-7.532016109283632410e-01
8.515022963220886254e-01
6.764533986858738412e-01
2.709904316677889113e-01
2.835603806505135882e-01
7.220676972670192484e-01
2.515923467301981464e-01
6.773964002945918050e-01
-4.656803192969050098e-01
9.551921384192607611e-02
-6.217378535921356253e-01
8.053122418433407148e-01
-6.527107009415429317e-01
-4.471498662266078505e-01
9.761473278200358816e-01
4.211050730643939310e-02
-8.691080907184933757e-01
-9.251895016165530006e-01
-9.794893742273689252e-01
-3.397393691507031299e-01
9.833432097727694554e-01
-5.803856427348021985e-01
6.806817113470211567e-01
-5.783060948889984232e-02
4.829597567963923588e-01
-1.901607994369818311e-01
-6.988338789382706473e-01
-2.705225960626522763e-02
-4.168419040607407311e-01
4.420008176346950091e-01
-7.208095775499518965e-01
8.399777065072056015e-01
1.367866033461702102e-01
6.046944348309173378e-01
7.490487704722024187e-01
8.467813833839681337e-01
-2.614539743109174363e-01
7.193421792017389294e-01
-8.790254763867788590e-02
-6.609337084703634790e-01
-6.304457882080496400e-01
9.339208189686347694e-01
-7.945653822559997081e-01
-4.431775789606102745e-01
-8.205300649727615969e-01
