-8.138363517597098085e-01
3.952668682329749661e-01
-5.018600012961267343e-01
4.317721479761471581e-01
7.575634037367879881e-01
7.052969169250213888e-01
5.380491263539448621e-01
8.635744344681564044e-01
-8.189896816965012150e-01
5.578757927441013731e-01
7.395981433093314905e-01
-7.325308248400366207e-01
8.241336398267051777e-02
1.469037331057316820e-01
-5.033707368787077030e-02
5.397248582837690378e-01
2.372992044179889071e-01
-5.960907659563301486e-01
2.188573958021045041e-01
-3.473020119262908434e-01
-2.189569261446444592e-02
-5.901105606610514975e-01
6.627934016707759390e-01
7.127624694895318136e-02
1.194462986418196593e-01
-6.581876429680006968e-01
-2.268425961044608918e-01
-3.836379574871395803e-02
-8.561851429142453007e-01
8.160264518765536490e-01
6.252310306782740135e-01
-6.511542005877044570e-01
5.531604115262520605e-01
3.595051864654699170e-01
1.135258205093219175e-01
4.825276617144511615e-01
-7.714821798504858386e-01
-6.010985154561925281e-01
-4.484851742450337575e-01
-2.508994618528297416e-01
-6.987325336148275667e-02
-9.457703249419096014e-01
7.995233884112391554e-01
6.345779041113752683e-02
4.631871678782688573e-01
-6.919193667516914115e-01
-7.466996561052736681e-01
4.650548068533577606e-02
6.107333279692712669e-01
4.105059400700745709e-01
-1.470469440725927779e-01
5.051325163536855012e-01
-2.697791870397063807e-01
9.207393329758128964e-02
-8.684955768869409010e-01
5.935595258575210309e-02
1.016870040464850078e-01
-6.005540303507415079e-01
7.817333218259781003e-01
2.060165470385877384e-01
-4.000617328971376452e-01
-4.293824304094939759e-01
8.801316099882017241e-01
-2.650263241770911549e-01
-4.135042546890304038e-01
-6.900899445039146429e-03
-7.035455840586746223e-01
-8.064547374790920209e-02
5.043604340510410289e-01
-2.061311220974160197e-01
-2.115390188628309409e-01
4.938444231677512342e-01
3.071125264245329056e-01
-9.481062234359431962e-01
-9.003116654250062911e-01
8.223224152568908707e-01
-8.687516208148349239e-01
-9.098787838089612556e-01
-8.030089774373161404e-02
7.028392892962884719e-01
-3.013909401687442369e-03
-7.075166334907261323e-01
-4.519498753958315351e-01
2.463327382274638211e-02
-1.000000000000000000e+00
-7.733579299973070142e-01
-6.719304832549557460e-01
-9.324345568482539370e-02
9.032827403605359073e-01
4.362530888627966785e-01
-7.840832840990457075e-01
-6.063056403488855661e-01
9.066169546389699629e-01
2.907118350484287905e-01
-3.641874588406057711e-02
-2.790206874379619340e-01
-8.658436417299189003e-01
-9.556767999786333068e-01
3.372602225153920052e-01
-6.021048223781670927e-01
8.091855454793568381e-01
1.681737935337968004e-02
3.915088955844303609e-01
4.987236983535037194e-01
-8.719874576003538991e-03
1.233643134654967000e-01
-9.298911138309882141e-01
3.470891091382477534e-02
-6.455203362794024180e-01
4.047909583769957464e-01
3.200875282237127806e-01
-5.474701929960217317e-01
8.701684783506569154e-01
-5.018177709383797591e-02
-1.834319744104133676e-01
-7.810143711965735758e-01
-8.183563753563320997e-01
1.046493972305841957e-01
6.381327652234101144e-01
-4.943082521113120187e-01
-2.310333425144303066e-01
7.330999410315741649e-02
-6.390978867524388374e-01
-6.426395739640138327e-01
7.033732250145274811e-02
1.575518060818641430e-01
2.028346812454686621e-01
8.454755728576515139e-01
-5.337370049202767586e-01
7.889132554651512308e-01
-6.025107565453153846e-01
-9.147346940976286422e-01
-5.991183323012114759e-01
-7.027659017567291500e-01
-4.292080286442232495e-01
-7.516579484201302286e-02
-8.142394597908786391e-01
-4.789797559550574846e-01
7.232665078427644723e-01
-8.260530716886149705e-01
4.379333676766385963e-01
8.753015105288184383e-01
-7.769623278650461540e-01
6.497969159424261676e-01
3.899497872387025499e-01
4.915078353849635651e-01
-9.812531369673767045e-01
7.804497946443458289e-01
-7.213784927428934513e-01
3.359721973410663143e-01
-8.383722527444632533e-01
-4.914577630965502042e-01
-6.002523959994987557e-02
1.195572283156189908e-01
-4.423612044151159495e-01
-1.430473464947590312e-01
9.871856766614943712e-01
7.285261132273430640e-01
2.133380363970833471e-01
4.642453123177106011e-01
-7.121633683189161346e-01
9.549416759532796117e-01
9.995194091662653602e-01
2.569034686799243072e-01
3.257942550023666950e-01
-1.096512704024263929e-01
4.511256363120508261e-02
-7.352398194807325815e-01
6.466149885537748609e-01
-2.922767535900980818e-01
-1.393063589248635381e-01
2.083138203948433631e-01
-5.897728360454692620e-01
-4.876405185933045949e-01
4.128553114867183904e-01
-2.376319327594254016e-01
-5.311955388959093138e-01
7.071677992074123509e-01
3.034172872575342517e-01
-3.776675511989284750e-01
2.276429734503599978e-01
-8.224125691318793230e-01
9.303820395359780893e-01
-8.801983049690158545e-01
3.686988508598798564e-01
5.952921476812167434e-01
-8.048007789807412049e-01
3.092476639930097360e-01
-1.241411672303402991e-01
-7.557342452615183337e-01
-4.164641790405483324e-01
-8.813654413100180385e-02
7.927330653268640503e-01
8.102940490837120535e-01
3.074538226603378277e-01
-6.440425241148257651e-01
7.966612783896758199e-01
1.488683200727978218e-01
9.160504208017532513e-01
-9.336482705744453270e-01
2.944135669169813951e-01
8.872563398796444734e-01
6.046333062729303265e-02
2.151151376743076771e-01
7.346197988608520468e-01
1.026728413693160924e-01
1.194075186855831916e-01
-2.375774226282414414e-01
4.848363247285760735e-01
-6.409959731828613894e-01
-2.812909309244648881e-02
6.060346158821516838e-01
5.680003165008451482e-01
-8.970785496938238346e-02
-5.774663069193886056e-01
6.767813915966236493e-02
4.034750292724460508e-01
-6.017078088228720034e-01
6.229561027239611803e-01
-1.466949119324501005e-02
4.072664038078239734e-01
-6.610596718175920650e-01
-7.311266257259383394e-01
-3.846346700557929932e-01
-6.316472521384537409e-01
5.535183623946677844e-01
2.775538857854071839e-01
-6.059186973504266938e-01
8.155600728005325539e-01
4.453310884971775074e-01
-1.890729300306164262e-01
-5.477205306352317393e-03
-6.010566654845348467e-01
-2.975174866181060640e-01
-7.928767511796097622e-01
-1.172568752988649710e-01
-3.005881638518880239e-01
-3.084666910169251430e-01
7.481092758030671863e-01
2.535288873847729718e-01
5.199467349504722780e-01
-7.256308681115468673e-01
-4.356774376741872068e-01
-9.327377448736136056e-01
-4.559482131220253809e-01
1.050905625722382553e-01
-5.191369615285295058e-01
-8.497248568908772892e-01
9.895525050161924074e-01
6.678170434897259256e-01
9.839706885197063713e-02
4.614984442668995102e-01
-6.988801462194895731e-01
2.662271927295221108e-01
5.284721684162978494e-01
-6.117746848715219787e-01
1.321148903681808040e-01
-9.745679624675442909e-01
5.985574294276840845e-01
8.266449239400819327e-01
-7.089218875152167865e-01
-3.051362869238558595e-01
-8.147998285332187507e-01
1.142351709446907115e-01
-7.661047189909435673e-01
