-2.306889406130823439e-01
-3.661680756985147278e-01
6.309777315688621657e-01
-4.817412533779449335e-01
1.946778958153174699e-01
-4.064706801396141822e-01
8.678670700530235482e-01
-7.186357791301070663e-03
-1.172639504303682606e-01
-5.402776921232384233e-02
2.119192982624054644e-02
7.148068593098971801e-01
3.251047661973699432e-01
9.174245422634520475e-01
-3.682295451834515787e-01
-1.706253353359625247e-01
-2.306278688710799996e-01
-3.975842982421848859e-01
6.839978215083242219e-02
2.819595754122768971e-01
-5.173579300461925712e-01
-6.918075309863835898e-02
7.142162619843926974e-01
-1.071461682477234667e-01
6.060408820049747458e-01
9.542779676984366466e-01
-2.396665228428827010e-01
1.985853691631804807e-01
-6.506831444162064493e-01
-3.058230918316255931e-01
1.294447147292503153e-01
-3.266733024623960091e-01
-6.377070472072393637e-02
9.903817655161848421e-01
6.416840014574012319e-01
-2.014564889776140899e-02
4.519371475630373780e-01
-1.000000000000000000e+00
-7.515666597379778713e-01
-2.585579205959411819e-01
5.937560062446262110e-01
-2.253471107261858508e-01
7.905927854606293881e-01
8.373590299495250466e-01
8.005179212734447880e-01
-7.083643572969899882e-01
-1.924831164182059240e-01
-1.827942719542082206e-01
6.919143969789800508e-01
-2.865796264269964144e-01
-5.220789134288436051e-01
-8.177944585709528980e-03
-6.999273034989448306e-01
8.472078815981427535e-01
8.889296262245669489e-01
-1.741733041210014044e-01
-3.198550080345962110e-01
-7.878705848773990272e-01
4.141121471277793287e-01
-3.714223806750930335e-01
-3.838667925122174474e-01
4.415283825097726655e-01
6.621845994318622530e-01
7.032137275601971771e-01
6.172824825363477652e-01
-2.717444692292726449e-01
-8.962033735268772894e-01
-5.973868943691411637e-01
2.121373439752980428e-01
-6.208169843515176645e-02
3.782239542692860113e-01
-1.626826043872248717e-01
9.673248563300030911e-01
-1.978459187998216073e-02
-3.733877522650596026e-01
-8.124326686918781348e-01
-6.485076254742891955e-01
-7.250161162954158467e-01
-4.390073177229397161e-01
1.000000000000000000e+00
-5.423766089491087738e-01
-8.651927950723652394e-01
8.232815593502407214e-01
9.452529670497215042e-01
1.725935344716276465e-01
-1.972205102535010690e-01
-3.838369937033252466e-01
4.899585718138659285e-01
-5.458244599117101359e-01
6.636368287750674666e-01
-7.043660191677283411e-01
3.872160722965437007e-02
1.310092024842730851e-02
-7.123936834050736966e-01
1.000000000000000000e+00
-9.022943773601991291e-01
1.966991833244410293e-01
3.230850990366328501e-01
3.214183550322393668e-01
1.306267508976831082e-01
-1.692298726179364277e-02
7.487072565030050697e-02
1.221115858523016129e-01
1.596185286071269971e-01
7.984002288353746479e-01
-5.303922718147868753e-01
-3.370359196732138352e-01
-7.265799549193452389e-01
-6.631009709868650459e-01
8.227046712532113393e-01
1.183352868707134992e-01
4.775453816716890287e-02
1.000000000000000000e+00
-4.475728077957195072e-01
-1.458526272891095266e-01
-9.229032459075237060e-02
-7.208444378429867960e-02
2.882964837452983708e-02
3.641730972869100524e-01
2.097215180399187862e-01
1.236811001767604834e-01
-2.218097811924655272e-01
-1.378434902036488469e-02
2.268163020478094483e-01
2.069151404956600659e-01
-9.378311108274517416e-02
-7.516708470093891314e-02
-3.106372287966631673e-01
-1.873358333955956467e-01
-4.214225243483519789e-01
-2.328035086940928866e-01
2.638900408029463129e-01
-4.150960660689775317e-01
-5.062379597833579492e-01
-4.000017615067488208e-01
-3.175452655125307611e-01
2.269702754314567583e-01
-3.103794997772290065e-01
-1.000000000000000000e+00
-6.196404341205896671e-02
-7.195849690881659377e-01
2.922392574771980889e-01
-3.853580012600105187e-01
3.939656554286155576e-01
5.846585237661945378e-01
3.097207000282591327e-01
-4.168824122520843334e-01
5.123182412225459892e-01
8.385063391038127811e-02
-9.481131369104875417e-02
-1.927080843524399401e-02
-3.832899034047094755e-01
1.446920626360315154e-03
-5.983925415616186960e-01
-2.435506770769367835e-01
-3.903403742095813422e-01
-4.609104145601621294e-01
2.347055627977032710e-01
9.634055207523272157e-01
2.037970281793479721e-01
2.886117357529289773e-01
1.280101850566640609e-01
6.463609005000403585e-01
1.311258590913397248e-01
-1.694212529465149442e-01
2.110192078169095473e-02
-1.000000000000000000e+00
4.352214694581619248e-01
5.026688379155666020e-01
-5.651754282150005526e-01
2.412504945420077263e-01
-6.838012325420729232e-01
-5.502867600470545684e-01
-6.589935354519155242e-02
9.110511775815998137e-01
1.443304806685978825e-01
-1.884083952576749432e-01
3.982200422438595955e-01
5.233779656842866279e-01
2.645052588691920725e-02
-1.315204559341047741e-01
6.552693226012492600e-01
8.415846330387375396e-01
1.142210852803397236e-01
5.424532120389427003e-01
6.264289503229669709e-02
7.402008163955853259e-02
7.592481830064251591e-01
-5.763435251416292315e-01
2.411001662543644786e-01
5.876049768387783256e-01
-4.143445844983936199e-01
-2.244200273588739525e-01
7.258178811104933903e-01
8.264988454240872473e-01
-8.403676955945420246e-02
-1.327561071029725870e-02
-6.424344148411385014e-01
-2.285650941576267692e-01
4.953760440182255476e-01
-6.377549243328113349e-01
5.670252601085168376e-02
-3.882781180134108889e-01
4.012962258332297694e-01
-3.174298261797301457e-01
-3.733329525761384660e-01
-1.242317117479500577e-01
1.340975271919243039e-01
-6.765899264648937983e-01
3.822464165761292332e-01
-1.972029202882247811e-01
-3.067416367876574235e-02
-4.475123881341260823e-01
8.653928189044705066e-01
7.062335616719450648e-02
4.741431811580237299e-01
-1.650575065552052356e-01
4.643054928046905783e-01
-6.728198244534511208e-01
-5.678995847591036816e-02
8.645691205631405030e-01
-3.031949737370939202e-01
1.516608951917008952e-01
3.028892018736104585e-01
-6.936264164499603702e-01
-2.928037881326783776e-03
3.110633543318774286e-01
7.966491999230486121e-01
-3.858793614153899210e-02
-4.839739178078819593e-02
2.201315519028990975e-01
-3.505933822167259795e-01
6.351667250889425631e-01
2.424456308212291078e-01
7.834325915086319814e-01
1.339772799616187893e-01
1.029926942827954495e-01
-3.108360481216374538e-01
-5.078533791792381180e-01
3.791409499344536860e-01
-1.514236566948334861e-01
-1.026896113694752977e-02
1.976064153217821362e-01
3.343558597956909351e-01
2.069305199973636988e-01
-4.308165524580391814e-01
-4.213445898280558377e-01
4.980288868804023106e-01
-4.987776353173525301e-01
-4.787473411042442173e-01
-2.502688189037987065e-01
-3.098167421831213852e-01
-5.001901802100489070e-02
-7.774368167652256911e-02
2.840074141285323650e-01
1.770479236751432150e-02
-3.220499085424662900e-01
7.481971019858520977e-01
3.373822721159997484e-01
3.162972360518798154e-01
-7.213908816957749215e-01
3.516386266090312795e-01
3.696446349462145786e-01
-1.869181233044028001e-01
5.016178182637300864e-01
