-3.532849775551904492e-01
-4.920685480033489267e-01
-2.027620160619796053e-02
2.662198076788068746e-01
3.841394146339754956e-01
3.764165877866335053e-01
-5.471152242950512168e-01
-8.220281562612390402e-01
7.731244855356120826e-01
6.176935640411312933e-01
9.268353129271642565e-01
-1.915615011021448710e-02
1.916508647718164760e-01
4.874605002203825643e-01
-1.000000000000000000e+00
3.659247361273069155e-01
-8.908978468911405990e-01
-7.540693869690935358e-01
-8.203594362295096865e-01
1.000000000000000000e+00
1.000000000000000000e+00
3.344904993617832112e-01
-5.660851887356084244e-01
6.014495396705008545e-01
1.000000000000000000e+00
1.000000000000000000e+00
-1.000000000000000000e+00
-4.912793331486781656e-01
2.390398929766559544e-01
5.678022458067016887e-02
-1.000000000000000000e+00
-3.397381120553282785e-01
-6.279657988018145787e-01
1.000000000000000000e+00
6.852008004509495542e-01
1.346711744934969979e-01
1.000000000000000000e+00
8.184580194770585404e-02
8.110858002768028818e-02
3.651028575021521561e-01
-1.377170269327094299e-01
-3.177450821223218869e-01
5.233524487668328451e-01
-4.075976092174816989e-02
8.661687023744044645e-01
5.538274944902266128e-01
-6.368413569925066575e-01
-3.899825239994478832e-01
-8.872004974435090396e-01
8.258962946045982356e-01
-1.606855436156016392e-01
-8.385918643933424343e-01
8.798394882065043582e-03
-3.340947582380445202e-01
-1.000000000000000000e+00
-4.024233485657430220e-01
8.583870990119895072e-01
8.985626838336635558e-01
6.319438309688163447e-01
8.598079413564361229e-01
-2.832073893032185929e-01
6.261055848449161854e-01
6.541079278279895992e-02
3.957802149419939464e-01
-6.044995151677222678e-01
8.869154427616882108e-01
-1.000000000000000000e+00
4.080190134487634013e-01
-2.084385212124401088e-01
-1.246846978905954140e-01
1.000000000000000000e+00
5.180350833796160126e-01
-8.547861589770616719e-01
-1.972838229599729321e-01
2.238314778731716193e-01
2.985457195220602156e-01
8.566170619180959456e-01
1.000000000000000000e+00
1.000000000000000000e+00
7.511183838089884324e-01
1.721505646378465593e-01
9.998478249253393013e-01
-3.406868897741845981e-01
7.510361537185961112e-02
-6.419471473883273660e-01
2.371268660110498194e-01
-2.067760729966130473e-01
7.195633840640662804e-01
-1.000000000000000000e+00
-8.274626564587188593e-01
-3.344575446743132119e-01
-9.502061344136167875e-01
-5.398514628605167731e-01
5.554670564064766169e-02
-6.446615095628966952e-01
-3.432868469168703918e-01
2.821720475343720835e-01
-2.762209019480721395e-01
5.896146906967446588e-01
9.841561547272215105e-02
-5.682032441730218153e-01
-3.328343704028594585e-01
-6.050076064976814827e-01
9.309041010523932957e-03
-2.085836353093751538e-01
-7.286546562858294829e-01
6.102475671217374442e-01
-1.666990242402457412e-01
-3.278328893127347987e-01
1.000000000000000000e+00
5.635007774458856700e-01
2.344124566260729625e-01
-6.277353981650896086e-01
3.275394066282940608e-01
-1.000000000000000000e+00
-2.129054570632038512e-02
1.000000000000000000e+00
-2.803182872655060609e-01
9.175652972074646030e-01
8.615656697857788648e-01
-1.387507842743158637e-01
-7.123104168776223100e-01
-8.161783170405563226e-01
7.020526002857063741e-01
6.833491328370562279e-01
-1.000000000000000000e+00
-2.452189738088866866e-02
6.621954449970985923e-01
1.000000000000000000e+00
3.388552787985636694e-02
-1.896005643199744073e-01
5.137184191210587558e-01
-6.877951486989035690e-01
-1.000000000000000000e+00
-5.275015527733233345e-01
-6.075541317230306326e-01
-3.230530092559270594e-01
9.972652359804645705e-01
-4.434526806781056152e-01
6.124777564163612631e-01
-3.206704470142306418e-01
-3.250166760489969775e-02
7.642733644350704347e-01
4.161760436535347218e-01
1.000000000000000000e+00
5.786088208774169406e-01
-8.546140674170438212e-01
-2.798782836939741059e-01
-5.160806832583089143e-01
7.782688541417384087e-01
-7.315322815960644265e-01
4.279242900028138452e-01
-1.649702204023504315e-01
-1.000000000000000000e+00
-1.000000000000000000e+00
-5.484046536836520991e-01
1.466727749120138036e-01
3.442583137149580752e-01
1.000000000000000000e+00
7.719245979849866102e-02
1.000000000000000000e+00
-1.171079243953898619e-01
-1.558646914255868987e-01
-9.381085089624288109e-01
-4.056009797022460672e-01
7.041472877412371378e-01
7.393507092253442936e-01
-1.017593349612100351e-01
-2.241957824404184896e-01
4.694527609073223529e-01
-2.168646205587644871e-01
-2.728895620033072733e-01
-4.497438387488039702e-02
-9.893676915715226006e-01
5.598350988235964998e-01
1.652079333964988905e-01
7.911795020422511815e-01
3.052532311862200531e-01
1.000000000000000000e+00
1.000000000000000000e+00
-2.765409049332591684e-01
1.000000000000000000e+00
-4.721175401750141720e-01
-2.952419728167779978e-01
-3.303200806269113166e-01
-4.729572294754812445e-01
-4.131771281051943578e-02
1.000000000000000000e+00
-6.901707933494305447e-02
3.636252662994186036e-01
-2.447352102716217059e-01
7.623980128251235389e-01
2.024423081103288169e-02
4.045201328643741046e-01
2.567592227920175718e-01
6.584253334144615222e-01
-3.308873676908291039e-01
-5.297444628328851213e-02
6.261004372476054458e-01
4.810380026802839604e-01
-2.054083229273843403e-01
1.000000000000000000e+00
-7.736365929665203200e-01
1.751612584123628524e-01
-6.942028406579634492e-01
7.659978986992989070e-01
-7.547790111421570636e-01
-3.755624896623352971e-01
1.000000000000000000e+00
-3.274269828536806592e-01
-3.578308118485538647e-01
-5.144889218456747404e-01
1.000000000000000000e+00
-6.950079277004497236e-01
-6.663973063566958066e-02
-1.000000000000000000e+00
-4.996832838678515187e-02
-1.000000000000000000e+00
-1.632150438728918740e-02
1.058669034088949024e-01
-3.944415863234023156e-01
3.077241277731617708e-01
-9.212200173468146902e-01
3.666682563189793687e-01
-1.995830897561174933e-01
7.688133142668470699e-01
4.739520327794783383e-01
-1.000000000000000000e+00
1.261613597484493032e-01
-6.793054042441061258e-01
1.483311112474370586e-01
8.515103882188433948e-01
7.922330492192037887e-01
-5.558257921396646262e-02
8.357595922599805882e-02
-1.575536086596973639e-02
1.000000000000000000e+00
1.849494498229472539e-01
6.411484621325731492e-01
7.290795595962418219e-02
-8.555675375036414509e-01
2.627243910221761514e-01
-1.000000000000000000e+00
1.000000000000000000e+00
-3.011803353061492938e-01
-8.725832202885058786e-01
-8.027118951729317331e-01
5.507108677265678542e-01
9.490078067320739663e-02
1.894452369270212544e-01
-1.036286901695305795e-01
-2.545543326355537150e-03
4.467913690693111062e-01
-5.505933060021291903e-01
-1.000000000000000000e+00
-7.538998977962222403e-01
-2.522457584184056856e-01
-4.204472829242436593e-01
6.607516337856313982e-01
1.000000000000000000e+00
2.694305636180722163e-01
-4.414265623944658712e-01
3.228754343279773287e-01
8.372524782669772403e-01
6.458304187746912728e-01
