1.624401488140936323e-01
3.431073951228109653e-01
5.082338102656280832e-02
-7.672432514541279724e-01
1.441858833785865102e-01
3.838241098762225079e-01
-8.967916433509435237e-01
3.684147639495147786e-01
-1.588528760734246870e-01
-6.875588825824376915e-01
-9.806592715004633920e-01
-3.640616426428125996e-01
-3.381586790677428844e-01
-4.674742817888744018e-01
3.993726524679770407e-01
-8.295918047639010418e-01
2.244906161182906867e-01
-9.954527601681790738e-01
-5.025319165316247672e-01
-4.611700628622050768e-01
4.152783276334319207e-01
-4.864646126951796545e-01
-2.914130787411661760e-01
-7.964816252454047785e-01
4.805042783951021246e-01
-8.810951090756358184e-04
5.549853696917019796e-01
4.222390459128968487e-01
1.441247309584148262e-02
-6.284545257991340783e-01
-1.223911685677578909e-01
4.971713981066039345e-01
-1.948930044633689906e-01
-5.426144094251967864e-01
7.631282646732595598e-01
-1.186045009808927020e-01
4.451016713956588156e-01
-2.468823861063178526e-01
5.285458910482292438e-01
-4.119155271090502168e-02
3.674793619392457966e-01
-4.748303514519760515e-01
-7.201859008149757990e-02
5.010922230726884141e-01
-6.179015659809610206e-01
4.045045060896261813e-01
-6.979842658399371125e-01
-3.283231574613540427e-01
7.703783063281726129e-01
9.808683840861898151e-01
5.693679951420556051e-01
8.423410640116868464e-03
-8.506580256453952771e-01
-8.426800512560224110e-01
-6.183312316047607782e-01
7.582956273648522316e-02
1.041661971357044081e-02
-5.738428214553742412e-01
9.996746503018729690e-01
5.172298185321420050e-01
8.626050012792978450e-01
9.420432098720061820e-01
-8.472949853401497977e-01
9.932147790113800001e-01
6.706097398066979132e-01
2.509230219351421542e-01
4.986407680786406615e-01
6.472823144840924581e-01
-3.893761295841788872e-01
-2.270703950628374379e-01
-4.996342659300454514e-01
2.561897663097989497e-01
3.911225379259712920e-01
8.466185350739678928e-01
4.123326100642972225e-01
-4.656132319404213682e-01
-4.037175572162765569e-01
3.163613935092506324e-01
1.650781890235417659e-01
-4.892958627100805202e-01
1.080810222913015650e-01
-4.478031402343385370e-01
-7.185918088307099438e-01
-9.198554569740804432e-01
6.675107265656765598e-01
-8.202962266703606176e-01
1.847304742280212464e-01
-6.118259719037462130e-01
-9.129016975583050808e-01
4.555163482850481671e-01
-5.336932227503623505e-01
1.000000000000000000e+00
5.069978091985857249e-01
-9.440450177405157461e-02
-1.921572599225089828e-01
7.060272475098536837e-01
-6.345608354918346183e-01
7.190468270816238183e-01
9.947625888935260896e-01
7.528841518731866911e-01
5.124655659184123024e-01
-9.299973971920311167e-02
-8.225415534069091539e-01
5.474802817029472690e-01
1.184741427888669207e-01
9.126789447223639939e-01
-4.445379538737128655e-01
4.198873453471765327e-01
1.944087658924398276e-01
4.898597367157531135e-01
-6.820800409886249582e-01
8.678797667025484053e-01
1.072413279576944767e-01
-1.097306682776317821e-01
8.913194303499327731e-01
-2.468571475539909077e-01
3.136697719193910494e-01
-9.406496663240375700e-01
6.260085922667366631e-01
-6.703137330956392415e-01
-6.333354986781138951e-01
2.416780853827480424e-01
4.054375737140495373e-01
3.240021000423820574e-02
-4.434266671180866481e-01
-7.112132461614744106e-01
6.852670905710922522e-01
3.471100159498861082e-01
-8.489619053942998317e-01
-4.049104595660232286e-01
4.540148293791637091e-01
7.961302018325255858e-02
3.870222728502707987e-01
8.393690819721479901e-01
-5.981503915639918567e-01
7.806941687124724361e-01
9.265079362083670222e-01
-8.135713114342326691e-01
-7.164484270800741683e-01
2.998749572463899060e-01
9.045192953880960562e-01
4.394478697980146453e-01
-2.101934810471512982e-01
-1.177278538154049592e-01
5.043300647726629560e-01
7.402547568703068404e-01
-6.520792486130302379e-01
-1.250872841923158507e-01
-4.280364075762204124e-01
-3.394302761137812929e-02
7.856089185136125863e-01
-2.365280896516153142e-02
2.912783875272291212e-01
-8.331422852409531288e-02
-8.087855411011578566e-01
7.279094656490852078e-01
-8.566705077982346150e-01
6.559454822926739093e-01
1.367560460934508226e-02
-3.617081039148886124e-01
-5.710545685747976385e-01
-5.292339850208331864e-01
8.600960230050749278e-01
-6.183185332622165298e-01
-8.044646020944340448e-01
-8.807269954700371051e-02
-1.563899009560425490e-01
-8.121205049949609123e-01
4.813654281245840494e-01
-8.923661117738477255e-01
3.409374954521582346e-02
-5.445206850663859566e-01
-9.698276696294445554e-01
-8.547314990989003380e-01
-7.616671166645221369e-01
-3.868619881372378222e-01
7.564135065036901029e-01
-8.948063212020931356e-01
-7.241755074924740576e-01
-9.808152322848133764e-01
-6.057613034415552100e-01
-9.734902295276939288e-01
3.379930533502113477e-01
-1.000000000000000000e+00
-7.581895220171354088e-01
-4.693288933953663200e-01
1.815204029529908780e-01
-5.716527236393604827e-01
-1.754172373390866513e-01
5.155873351999931131e-01
5.067764518516617578e-01
-1.507916862277765002e-01
-1.868319864002030428e-01
-4.348132048631544455e-01
9.426232785049799556e-01
-3.411078937417284518e-01
2.026119695325823977e-01
-4.703616050292078743e-01
-3.149561726193401689e-01
9.440069227277101405e-01
6.364326705850404942e-01
-2.137258190823797810e-01
4.034311264792209695e-01
1.646422294417984045e-01
-6.466030844542849376e-01
-5.162461107041678154e-01
-3.516428042981476487e-01
7.033399483466655777e-01
9.813565207544838742e-01
1.229574601673830148e-01
-8.189196475137344722e-01
9.498769074490300834e-01
-6.252100330482319723e-01
-5.429029684280479717e-01
-9.377684680451771060e-01
-7.209282068246869457e-02
1.227999063898099763e-02
3.943459019545303423e-01
8.976616243118049621e-01
6.667272820995273630e-01
3.379130948603474849e-01
5.583475395343479031e-01
-7.945268262023708061e-01
1.423576675139526238e-02
-3.863358355859298765e-01
-8.306550636682945576e-01
-6.225659041703961449e-01
2.757036141248846439e-01
4.977257887844420137e-01
5.136091034237222352e-02
6.617544790950558031e-01
4.500713568028857914e-01
-8.146707746881969303e-01
4.443598442890979161e-01
-9.576600613994501465e-02
-2.991510000658241797e-01
-6.139539902255628512e-01
3.225359934217498226e-01
3.490308668388604207e-01
7.079096225968408707e-01
-6.432064863882749339e-01
-4.202527507219342429e-01
2.367235993173211206e-02
6.018839065137537858e-02
-5.477872894213902111e-01
8.454747055999984884e-01
5.197023551562653942e-01
5.998105338148917998e-01
-6.540795683849085496e-01
7.443764548986548935e-01
-3.340211822762242377e-01
-9.282729061671617377e-01
8.639623286054737283e-01
-3.166643629373075974e-01
-1.950488644275285566e-01
-3.564083153042596486e-01
-9.499106798305709809e-01
7.104812500129680242e-01
-1.737056267474632598e-01
9.680568609434976324e-01
4.364385362682443592e-02
-9.018234144768444427e-01
3.355549534822306335e-01
1.121587900983040953e-01
-9.811735749807781737e-02
