-7.830522511421968146e-02
-7.987315522773339449e-01
-6.516736326845086191e-01
-3.641482672910078544e-01
2.348064408424611893e-02
9.953534839838846793e-01
-2.198090599986173288e-01
-1.737299607973833704e-01
7.938318215285348201e-01
3.390893943020297230e-01
-8.003325636186937597e-01
2.910902592860007965e-01
-2.466737816004052064e-01
-9.788341257262711537e-01
1.000000000000000000e+00
1.180013335153859422e-01
-5.257574625910489408e-01
-5.725569890604615964e-01
7.494640492800639375e-01
7.020218074785222750e-01
-8.051338653430837322e-01
4.236450220140997036e-01
1.610561494887548795e-01
-4.599927147580840092e-01
-8.751979599531489740e-02
1.844109018904354080e-01
-9.780225256854773175e-01
8.380540713942830067e-01
-5.370704372309244023e-01
-4.649954120559673942e-01
-2.238854551865783193e-01
-8.799998144640004405e-01
5.238821163827214189e-01
5.216235742751841320e-01
-7.012698708947782134e-01
-2.886134143683353748e-01
9.154966498370709083e-02
1.433491856920243446e-01
-2.128487220350234743e-01
6.289042754513876066e-01
-1.095968750113215373e-01
7.404101315501026015e-01
-1.328240998714261545e-01
-6.131729269033948659e-01
-4.152502824772520973e-01
5.368517490950198701e-01
-5.553326435191059396e-01
6.517795605494773881e-01
-6.098275514412436760e-01
-2.237266168291700552e-01
8.611093521640976745e-01
6.427820072341077218e-01
-5.077226215917770569e-01
4.239890612499839229e-01
-6.265161133296704987e-01
-4.629251202551060151e-01
2.047947882000606679e-01
3.979187675873647745e-01
1.000000000000000000e+00
-7.550831336370356084e-01
-2.602725788034225829e-01
4.890138929006235813e-01
7.266475292912242256e-01
2.436751307822369594e-01
-7.100379761424631120e-01
8.499137378289580713e-01
-3.979618454545950645e-01
3.248944434749418964e-01
3.498545118922555819e-01
-8.630005576879253848e-01
-7.126209622736763283e-01
-1.917226333488346590e-01
-5.194434800168556965e-01
-5.413019160175169819e-03
-4.202851500726968448e-01
-1.952885265061719555e-01
1.957120847529374985e-01
-6.808257170531598623e-01
-4.227675279073688230e-01
-2.887843778321002031e-01
1.504683805298840937e-01
1.468268750728363159e-01
1.704168097518767855e-01
2.838858072818027933e-01
-6.692335997430461925e-01
4.516659145553167942e-01
1.678301762136308883e-01
-8.781114132892494650e-01
-9.913664935775721165e-01
1.943731419423138096e-01
-5.742629159136192207e-02
-2.297414263056121175e-01
7.138874749022653399e-01
-6.079007089961541155e-01
4.004528960047852859e-01
-6.647708299045627101e-01
-6.053056558275233812e-01
-8.249740546433161903e-01
3.109286258928444235e-01
-5.087094145916647436e-01
-2.390012454717616586e-01
3.614264174953969455e-01
3.022415742797928129e-01
-2.491982745067563010e-01
-2.997090998818722207e-01
1.874197492421150191e-01
8.720801139495579779e-01
2.159643725872935072e-01
-4.552052499737694324e-01
8.378619068116255342e-01
-5.189172230687792986e-01
4.189890332415677765e-01
-1.026389744537432591e-01
-8.703874606179173856e-01
2.354828460197446738e-01
-7.324132537278179589e-01
6.212121617524324346e-02
-5.206495476131819400e-01
4.575520994032948874e-01
-8.902724336060328092e-01
2.440211685896362948e-01
-3.006792811153282119e-01
-7.133467618920388276e-01
7.831337083560341306e-01
1.232346937714468016e-01
2.253440070282042296e-01
5.466509451360322958e-01
-8.640940142758197773e-01
-5.507271764628725030e-01
-7.063626531041626855e-01
4.573350475124149384e-01
8.743030158969420373e-01
-3.971423849642836679e-01
-8.859275231150909313e-01
-1.905737442704460993e-01
5.728736100151536892e-01
-8.531680827914127629e-01
5.911827026437219690e-01
-3.578963776435337696e-01
-8.927971201400206613e-01
-3.740085545780181264e-01
-6.908459025460778058e-02
2.390952728822181572e-01
-6.031779393573913906e-01
-3.546615787872126058e-01
-2.716020312744719667e-01
3.617263328427683944e-01
1.960846646529279536e-01
4.197246386892731218e-01
-9.721902764106897799e-01
2.715620006098521944e-01
4.525065813822185534e-01
-2.344869447110815575e-01
1.745052866203120612e-01
9.319685169046916240e-01
-3.558420867764477968e-02
-4.468190875415907204e-01
-9.017298244263256546e-01
-5.921661449190089854e-01
7.425230093938582909e-01
8.424232323513540788e-01
-6.329829191881916062e-01
2.195540763299755060e-01
-2.920764850333197327e-01
-6.915883463445950952e-01
5.521508816932882979e-01
5.840651885258263398e-01
-7.160758196952805577e-01
5.835004150528444455e-01
-6.298897227780786423e-02
-7.878113764248007023e-02
-8.417107868479978272e-01
-3.105490093884438751e-02
5.351779537460557012e-01
-5.865414296814845940e-01
1.019057304210686521e-01
-5.522347611284672553e-03
-2.140367935149287693e-01
-7.834888761847125238e-01
2.812186858457121907e-01
-6.457474769490854083e-01
-3.057413937677361249e-01
-6.216342111438937224e-01
-4.693899732238119293e-01
2.511904568509347735e-01
4.952875478676072030e-01
1.849010350414415083e-01
-4.916434718620528166e-01
-4.651788544507245438e-01
3.306728305836710291e-01
-3.538614020964496176e-01
-2.117452996566302481e-01
-2.065503643195222561e-01
1.198002741220390299e-01
-8.939136916101748653e-01
8.504426573798501421e-01
3.863388191904491564e-01
-3.915752471134559265e-01
4.094710427227568061e-01
3.185371948030197436e-02
-7.174374050689134030e-01
9.242487075555463893e-02
9.521545985301793635e-02
5.298175608096664657e-01
9.696748807200699094e-01
-2.034620535433722122e-01
8.412560182898183303e-01
5.372943023080045677e-01
5.102839100664221528e-01
-3.119748239961546155e-01
-7.859164330120991249e-01
-5.250763734016252737e-01
-2.502991979588847782e-01
2.959415382034633613e-01
1.124709817456517325e-01
5.059002754424704040e-01
-9.064314311899677179e-01
3.948384181431511264e-01
-1.194749171146317207e-01
3.040005623925508549e-01
-1.136773474806229700e-03
8.326630998944323236e-02
-3.630395811765774194e-01
-6.166945879989218504e-01
-8.041589086466490732e-01
-8.764715914084226789e-01
7.585202445347893896e-01
-7.426891441533565175e-01
-9.263588609721573608e-02
-5.639791336553456880e-01
-1.897143566622394584e-01
-4.996763250929270317e-01
-6.866766796837588949e-01
-9.684306480982294296e-01
-9.365684275597683239e-01
-8.995528082467858511e-01
-3.390847483176686050e-01
7.407166250419183751e-01
4.643579224266445316e-01
9.622928598870015282e-01
-3.211567067696332045e-01
6.920193936741095841e-01
7.275563505212974125e-01
7.155072319949129511e-01
3.427340313678753914e-01
-4.393656786727083152e-01
-6.377917359036827660e-01
2.439434463854665835e-01
3.650374023608275453e-01
9.979808434433334874e-02
-2.347467544541222140e-01
3.059516779827693433e-01
3.243645117914401577e-01
-3.638033039360589194e-01
1.621986052743575879e-01
-2.596971360490825109e-01
-1.438358621342354926e-01
7.839064570102709517e-01
5.559468361881554355e-01
5.604466516329099646e-01
-7.801166908836601466e-02
4.401507182165393384e-01
1.443372168457393023e-01
2.789285437992320982e-01
8.279708783484562851e-02
