-5.075242865609237430e-01
5.122242543722249630e-02
2.094162609823075893e-01
-9.067395574202441466e-03
3.152545625074594238e-01
9.458997123688104303e-01
2.789559987229963678e-01
3.380011146895559038e-02
-9.060745741125861841e-01
7.693903020174315266e-01
5.103873761042658774e-01
1.281810606316668988e-01
-3.268339681565609611e-01
-4.852276917455513594e-01
7.695242455269437620e-01
-7.802283377340943904e-01
5.750438979959426877e-01
6.400875106814345461e-01
8.487212736535914015e-01
9.190208962454549102e-02
3.476445639490167300e-02
8.475141221839193051e-01
-8.867083471769567904e-01
8.210233041364980444e-01
-9.810415430207370946e-01
-5.736623796687226884e-01
-3.708428010605449021e-01
1.392814690989181703e-01
8.410596216915815493e-01
8.587606259149362931e-01
-5.298197602992846811e-01
-3.921835091941212603e-01
3.622714951447338905e-01
-3.922683999548720601e-01
9.259374306050744963e-01
2.203727446447516503e-01
-6.061558443173754585e-01
-6.196010928443607124e-01
1.971682433437764725e-01
-3.501346405769883985e-01
3.436845832196047112e-01
-1.456406045918758885e-01
3.987582955137911056e-01
1.000000000000000000e+00
6.915692302644741440e-01
5.216667682053330868e-01
3.564668297550366294e-01
5.533540062078750044e-01
6.242679744191681479e-01
-6.128510062665812885e-01
2.478699738894052373e-02
-5.343283264078043659e-01
-8.551179762557914454e-01
7.284659276441345366e-01
-2.486838345562436547e-01
-9.371075404732391867e-01
3.262955130662064107e-01
8.367692634266521434e-01
6.580150222689158390e-01
4.566665313590799746e-01
3.195715594475154742e-01
8.895883871041425639e-01
-3.855997999146809074e-01
-4.819218257000745798e-01
3.477202279864943790e-01
-5.600111169730820349e-01
7.889075824504160339e-01
1.145948748933183214e-01
-3.777611230238492324e-01
-1.774463329710405102e-01
7.745911517482646502e-01
1.129434544150815789e-01
5.061710835371466821e-01
-6.382808793035117390e-01
9.459467746357494988e-01
6.816282673669357139e-01
2.505977538545343108e-01
-2.075973749190334061e-01
3.973382748289069344e-01
-7.497531511740262999e-03
-4.563999191064898042e-01
2.742751035087524492e-01
-8.716117589541421129e-01
9.212946420376044721e-01
-4.670096384795237032e-01
-2.511340570961511087e-01
5.776386951630472222e-01
-1.000000000000000000e+00
-7.461223688322442538e-01
-9.202046847121678752e-01
-2.333265381514997294e-01
-3.377277155316134594e-01
-9.376373268400547412e-01
8.463854818061287144e-01
-5.133655490199836580e-01
-8.914229519516000400e-01
2.967825505556638266e-01
-1.005464047219231105e-01
-6.147965003873656631e-01
8.930089312891258402e-01
-9.141810761206166092e-01
-5.740644088622812724e-01
-4.504924405491772532e-01
4.131903688459988566e-01
9.442569146723922557e-01
-4.258577671034071699e-01
-1.220342105480656247e-01
3.274449433547630406e-01
-9.946772372837839882e-01
3.123066752121109180e-03
-1.000000000000000000e+00
-4.566505571838930244e-01
2.405630257435586172e-01
-1.000000000000000000e+00
-3.862922231097301040e-01
-9.541904250876820370e-02
-2.643903953943576024e-01
4.911157872651907841e-01
5.029640938580299814e-01
-5.376319863131100441e-01
-8.925342066001697994e-01
4.528247015277684362e-01
-3.274960459012641323e-01
-1.805630412877723412e-01
-1.000000000000000000e+00
4.851431526724128140e-01
-9.753787240590943153e-01
3.953320359044050214e-01
-6.932093839326582962e-01
2.793457681073159282e-01
-8.199891587026564288e-02
5.077946154268665468e-01
-4.594315092579057680e-01
-8.431376934012775326e-01
-1.801384161758852742e-01
-5.333743115875807517e-01
2.716501056934044200e-01
9.505733378312826165e-01
-6.036226756648750413e-01
-3.423206646841270295e-01
2.069005361132922882e-01
2.019857021696491728e-02
2.604424890217451605e-01
-7.111555049648878857e-01
-1.993096893567810890e-01
-1.000000000000000000e+00
-3.502714249236509314e-01
2.697042333594077412e-01
-7.392484991580001719e-01
2.240200298671527479e-01
1.628938374617994178e-02
-3.561706058744158465e-01
3.921309254731459859e-01
-2.534305050076712806e-01
-3.754807509471524973e-01
3.456418591916738947e-01
-3.930879615629552237e-01
-8.952694094787756462e-01
-7.473492829633376910e-01
3.469211491220169918e-01
7.396054947442975980e-02
-3.901360534892697185e-01
6.068379643594248307e-01
9.759247131262571706e-01
7.661294391940429716e-01
-9.443655386971241406e-01
5.336898825453495476e-02
-6.664949063753085046e-01
7.414034094767769645e-01
8.948103975597143656e-01
8.060084781080645300e-01
1.736230499292890084e-01
5.868700089420226806e-01
5.821796318953624816e-01
4.380152435525139221e-01
-7.876583145266209396e-01
2.376206268472578209e-01
1.256877502648892087e-01
5.371722771295186494e-01
-4.586316303898976265e-01
-3.154933873024159396e-01
8.559530263722039400e-01
-5.428672829103073916e-01
3.753395509205645908e-01
-7.714810920392205507e-01
-5.125153953920611460e-01
-4.053249588291184535e-01
-9.324326261027524598e-01
-4.919716246877630095e-01
4.127065752010985467e-01
-9.041796728623427981e-01
-9.237908784858910316e-01
2.380528626437812267e-01
-1.231037237090339964e-01
1.767181989063875136e-01
5.318373329102998870e-01
9.522071469304367319e-01
-6.264028687447633637e-01
1.455249613786155638e-01
-1.000000000000000000e+00
-1.287003416485985596e-01
-6.869518973563208952e-01
-1.000000000000000000e+00
2.123726531773028892e-01
-2.608649931939088784e-01
-2.737268755943178533e-01
-4.870046025086762764e-01
-9.689699620806373481e-01
-7.120661089945885536e-01
-6.241742791296915893e-01
4.335640820113710880e-01
-9.607861714578145307e-01
-1.789880983907541911e-01
5.385097000229350783e-01
6.028461080413852757e-01
-3.458624491802053669e-02
-7.449953679246745786e-02
-2.379274844209462447e-01
-5.929772686127281478e-01
9.006822074308764581e-01
-5.646772057191606908e-01
8.518138051356760609e-01
9.368311632527703825e-01
1.000000000000000000e+00
7.827270002688682116e-01
9.998703478867900785e-01
-3.820144694638718530e-01
-5.073933537407877559e-01
-2.700908465429525673e-01
-8.211561260793780459e-01
-9.463961340268123301e-01
1.732415902701033295e-01
1.141545684476781286e-01
8.183228092234544615e-01
-7.242719670890234163e-01
-7.144774617262295013e-01
5.557314269730828649e-01
-5.996567975640838544e-01
-3.268064538879191794e-01
-2.084868567644559967e-01
1.092880955108306296e-01
-5.227768984117682205e-01
-1.621771332148065348e-01
6.245086201320384500e-01
-3.284261838529325406e-01
1.217740692850639572e-01
4.496597049265618207e-01
5.818026919436984912e-01
-9.126188396206140752e-01
9.015434863890026129e-02
-7.617297012851880211e-01
4.000646488863384143e-01
-5.427243031209207924e-01
2.140187555954731202e-01
5.510425145442992001e-01
9.934095382115337713e-02
-8.949116080231411807e-01
-7.307109004919132289e-02
-9.290507230359683621e-01
-3.930135979246353606e-01
8.674564484846281065e-02
-1.926327746369667082e-01
-9.997154881922978298e-01
5.892232070090086538e-01
-1.336281312008813504e-01
