-6.992670771049847023e-01
-1.103788661549636174e-01
-5.210811751435573402e-01
2.328316721485013119e-02
-5.504740807033472461e-01
5.473494472678505085e-01
-4.154668799194134454e-01
-8.747078891085906527e-01
-6.158429058899098085e-02
-4.564869720417740750e-01
-8.509419990297082403e-01
-9.013958503470690387e-01
2.440115202842412234e-01
-4.567603922683191042e-01
-1.000000000000000000e+00
1.189333835430216903e-02
-8.311608676834527643e-01
-5.403303393534145682e-01
2.247061827536827039e-01
-5.053739269244953425e-01
-8.934590129701927563e-02
-8.005100608376279903e-01
-2.676234105941358576e-01
-8.270779020302132523e-02
4.523225361251017596e-01
5.590444549478710279e-01
2.852409550851986442e-01
5.415631239512421757e-01
-3.612063843992570078e-01
7.433147836310766143e-01
7.173668373011354849e-01
-6.538148310256111095e-01
-1.358420230941639328e-01
-4.330323359917862547e-01
5.432350243098637010e-01
3.487798761957833227e-01
-2.999815225901509841e-01
1.938077038962631171e-01
-4.624404975559581743e-02
-5.570531785547765402e-01
-3.422222047406081047e-01
1.477211820280722732e-01
-4.264488134290979615e-01
3.482898322482220754e-01
-5.792264841448232504e-01
2.890227895787971235e-01
4.992030555910100809e-01
2.065270941556582862e-01
2.841849080810554887e-02
1.424321662487026963e-01
5.499590310471640375e-01
4.663692855300276552e-01
-3.652129864151492655e-01
8.048754116718574991e-01
-6.366153399790928091e-01
4.186588645843535295e-01
2.788908986981156191e-01
-1.822983879726818024e-01
6.213997897238537904e-01
9.138805080673315651e-01
4.147028493162038254e-01
8.715052603858708391e-02
8.667025557427563420e-01
-6.623787063425778943e-02
-2.061505901034021426e-01
-7.707570041269744543e-01
1.000000000000000000e+00
-5.039330344107537663e-01
-7.006136468491634961e-01
9.949933993289359346e-01
-5.480506491063066310e-01
-1.097272945526676646e-01
-6.460994425052900558e-01
2.807215397387714528e-01
-1.000000000000000000e+00
6.672005651639083545e-01
-3.827709284140914381e-01
2.439675689995787766e-01
-7.192992594797276151e-01
-6.874800864394697841e-01
-2.760523688121230279e-02
-6.552787814480927064e-01
-6.417341695191356443e-01
-3.885098644236578691e-01
1.479844579889353362e-01
-3.612748217857393307e-01
4.974056707814442091e-02
-8.105599650595024519e-02
1.356028425528951198e-01
5.881564774996124179e-01
-4.954317436754458459e-01
-6.542265108327328660e-01
6.220657238981468495e-01
-4.008273301306374270e-01
-8.789367107670131851e-02
-3.567421847957713554e-01
6.251875707678322680e-01
-9.888860628361700877e-01
4.915116295287936254e-01
-1.462436732872012257e-01
7.299091444605272372e-01
-1.571680891962612403e-01
-2.667307101932738789e-01
-7.205671483012192624e-01
9.549556646534349547e-01
5.482275338968545242e-02
1.030188259815369989e-01
-1.825423174821786398e-01
6.707012077846969955e-01
-2.414210532206819693e-01
6.904199873776009078e-01
-9.339527476371880521e-01
-8.764794115682669196e-01
1.219993274428210484e-02
-2.544725202611484161e-01
-4.690501795217905112e-01
4.035965557586684849e-01
2.744761609689100879e-01
-1.000000000000000000e+00
-4.469847228844274767e-01
-9.719541951439978344e-01
2.786850869445791634e-01
2.969833922494736766e-01
-8.054770859751102519e-01
6.330334967997226503e-01
-2.689898318860941551e-01
4.401815267960537126e-01
4.964074215794835876e-01
-4.259399204968894459e-01
4.873121784469918172e-01
-6.139218109379659394e-01
8.430913788505267625e-01
8.668110837435527571e-02
2.819822047625474282e-01
-3.177393728397162054e-01
-3.914992809186792488e-01
-3.622132431178135548e-01
4.787354181311370693e-01
1.375308968339697957e-01
1.460763240082333936e-01
4.827178982851025868e-01
4.844975125007429106e-01
5.446403692279218056e-01
4.323660446118049450e-02
-2.865401111904434250e-01
-8.470872888332405815e-01
1.473469184655948894e-01
4.959276966432396572e-02
2.279458560714900106e-01
5.183780690649306688e-01
-7.274932144704084891e-01
1.922395601131887954e-01
3.123769182775644193e-01
6.898498287817880215e-01
-8.857651708990873507e-01
5.218663461289707595e-01
-6.574863792276537389e-01
9.259670618129034469e-01
3.461471622173396545e-01
-1.201501963678799634e-01
6.190812461962259539e-01
-1.844316900495339695e-01
1.145377662383622042e-01
4.750143001155570088e-01
-8.704200923353641040e-01
-8.852320363869690956e-02
9.097920247313657782e-01
-5.421558941239479346e-01
7.246634880219805508e-01
1.173204855634998600e-01
-8.335141762918060193e-01
-5.603223644595929365e-01
-1.015863515802291062e-01
-5.680639750960472245e-01
6.115221586171326607e-01
-5.097669720751021316e-01
-5.196650566239413571e-02
1.373134482494304809e-01
-3.111315360238871564e-01
-7.302508057066462444e-01
6.904846347320903188e-01
1.000000000000000000e+00
-2.820499982163111596e-01
6.568911793403371391e-01
-8.889447925690677765e-01
-4.216585692958103038e-01
-6.824203681325001769e-01
-6.761516080908502868e-01
4.468770235645400102e-01
3.810461760789699559e-01
5.499554824426828858e-01
2.006672910088365125e-01
2.442772417234566618e-01
9.863531010131593169e-01
-2.029755216258096739e-01
4.877691619203826101e-01
8.082267885240879135e-01
4.478655509259965584e-01
1.193079730912965930e-01
8.779968143454417451e-01
-8.865408119122282216e-01
5.199274864476994829e-01
8.835576601284081955e-01
2.368432818920400418e-01
-2.221706632579873442e-01
-7.215292877467599508e-01
-2.421962146811011962e-01
-1.349454743641590460e-01
-4.390741578730359418e-01
3.796900512472198841e-01
-3.490970169835494463e-01
-6.872066067507809350e-01
-3.807853569538158789e-01
3.882868667206060831e-01
2.187142281526992527e-01
-9.285221269652677023e-02
-4.336660121291683878e-01
1.390065104138074048e-01
3.472536336656930067e-01
6.043710860647879546e-01
-5.302450263602017655e-01
-7.682408850139996748e-01
3.289907226456636469e-01
4.211131774983600806e-01
4.162151265901917196e-01
-5.589423317262613988e-01
7.360819719457201149e-01
-2.036569617062004012e-01
6.716914903233150991e-01
-3.261127875858782499e-01
1.507325086380669199e-01
-7.931754932282090165e-01
4.831851757089982158e-01
-8.626617641071487874e-01
8.810417106158852096e-01
-1.000000000000000000e+00
-8.644502752414084945e-02
4.122482125614940207e-01
6.652693159077968654e-02
-5.939348299636213468e-01
-2.016516358565034750e-01
-3.505863380799609796e-01
8.505743413270239195e-02
-1.086865044410731951e-01
7.601451948706148265e-01
7.430427418959432151e-01
9.393566818122154327e-01
-1.711354570544487697e-01
-3.736547029775210138e-01
-2.271952362993332475e-01
-4.435810512253125504e-01
3.775432206269593305e-01
-9.880213147805683160e-01
-6.605883561537563287e-01
2.618461391148890760e-01
2.014867109573850734e-02
4.603824926306154808e-02
6.855604454290500360e-01
6.663852403543617520e-01
9.985641081776861494e-01
-7.417941682920721203e-01
5.097078866405970743e-01
4.525742087576099526e-01
1.536646985755739658e-01
-5.289345962206525309e-01
