2.378244991704498990e-01
-2.675553017822657198e-01
-2.424893066802772668e-01
1.445783905396274549e-01
-7.256919546924536224e-01
-4.318470217945568068e-01
-8.010619430875147717e-01
9.115252925542151052e-01
-8.441403020558994053e-01
5.110665578477713300e-02
2.000233153536453701e-01
1.000000000000000000e+00
7.090633861274727723e-01
-6.376125335530697935e-01
-1.125881576051184219e-01
-2.090776212242780874e-01
8.403457477150634292e-01
-7.343062007079887987e-01
-1.210532721143263712e-01
2.613710369973810121e-01
-3.069842953648186379e-01
7.438628026570353047e-01
7.034474203327325537e-01
1.040669422144632206e-01
9.399164449258863296e-01
-1.258025409588833243e-01
6.117285219031611820e-01
-8.145640251247387997e-02
-1.811134446872820769e-01
-7.421940898504086892e-01
-9.416455058807584599e-01
-8.687175440788652558e-02
-5.371982768697867172e-01
-1.000000000000000000e+00
2.878759535785278545e-01
-1.319318658193212590e-01
7.045435729527804725e-01
-4.228380797766624899e-01
-1.000000000000000000e+00
-1.800707147440713252e-01
-7.762233880980011769e-01
-2.045284997767386204e-01
1.214113017600709221e-01
6.917450760894703343e-01
-9.986957131787369546e-01
5.004137870811470323e-01
1.292222976561914483e-02
2.417180174907466172e-01
1.000000000000000000e+00
7.882850886707007954e-01
-7.341664033429787795e-01
2.239610954136074250e-01
7.571425604372091778e-01
4.233845071503198887e-01
-2.562985069491031109e-01
6.313817415208853312e-01
3.934924777438005838e-01
1.000000000000000000e+00
6.296332536844049255e-01
-7.404891543611075155e-02
-1.148706915544528417e-02
-8.437262042196290723e-01
-1.400848070990479144e-01
8.425483568146924229e-02
1.000000000000000000e+00
5.557186258582901273e-01
1.775071703569562065e-01
9.916528821949485706e-02
1.000000000000000000e+00
-9.247062909820985555e-01
-2.584877271302120638e-01
7.404232936700128054e-02
-7.389890148319513408e-01
9.714712315984193047e-01
4.122350493635910107e-01
2.319817739045385019e-01
-7.154378562132028829e-01
-2.019775970017015365e-01
-4.804062949876000688e-01
5.013945050606272158e-01
2.890422881393844290e-01
3.616011398041052427e-01
-1.736422048700955179e-01
-2.545474356163046070e-01
9.924417051645616494e-01
5.975537813153819489e-02
-2.182220161989876228e-01
-1.390213231249439740e-01
5.165272952256330097e-01
-7.047707249416450548e-01
3.680913276161895675e-01
-4.535770254456444883e-01
-4.229144758074568911e-01
1.000000000000000000e+00
-2.129556610701789365e-01
6.039154394431137107e-02
-1.612177886167314722e-01
6.620686740889660804e-01
-8.081179988215728693e-01
3.579538344563634733e-01
1.222933238731033767e-01
1.485436585139748855e-02
-3.313235443212533826e-01
1.000000000000000000e+00
2.039688905757203186e-01
-6.992797217042043822e-01
3.430717154453696294e-01
-6.854856551502497286e-01
9.171761906866228165e-01
1.000000000000000000e+00
-7.338527993891084122e-01
7.691243037523216586e-01
1.000000000000000000e+00
-1.928112616200554630e-01
-7.410418684005352086e-01
-3.771255664409482455e-01
2.701412271597022907e-01
1.875490423944525809e-03
8.816297759955405988e-01
-1.999371500122870127e-01
1.404471900864802669e-01
-1.980586576061121595e-01
4.008699191997192046e-01
-4.312780292975370022e-01
-1.000000000000000000e+00
-6.145055898241509329e-01
-4.240852038069554686e-01
1.000000000000000000e+00
6.563134448076838323e-01
9.886408205004225680e-01
-6.251493764686764099e-01
-5.238317286740833412e-01
1.000000000000000000e+00
-4.271688960962042869e-01
-9.973338226088590552e-01
2.727507942602546698e-01
-7.766912205840665884e-01
6.096383684682529225e-01
8.983637285247265680e-01
-3.168011790373352898e-01
6.992614866501496440e-01
6.762342643281942234e-01
7.598234782716265512e-01
-5.610427237538627709e-01
1.000000000000000000e+00
4.519190878582691195e-01
-9.357123963095199670e-01
1.572272305347506283e-01
-4.337718107752036589e-01
-3.380264751902003484e-01
6.872442736469843716e-01
-5.918183799751426388e-01
1.000000000000000000e+00
-1.000000000000000000e+00
-1.302296129948758985e-01
-2.837529099586770243e-01
1.000000000000000000e+00
-6.684287921764675566e-03
7.506474269815410771e-01
-6.435741165172685907e-01
-1.000000000000000000e+00
-1.129001395853970191e-01
-1.000000000000000000e+00
-5.746954044666244821e-01
-4.093089078039454098e-01
-9.705933451536952195e-02
1.000000000000000000e+00
-2.740995804447622919e-01
3.131052488947763668e-01
3.008734843086890987e-02
-1.000000000000000000e+00
-9.284487409594224805e-02
6.332098983785128254e-01
1.000000000000000000e+00
-4.801401267011178864e-01
7.372936941797904042e-01
1.000000000000000000e+00
2.784855719630114912e-01
-8.317304422095278538e-01
4.434083175548569344e-01
1.480920985386819377e-01
-6.534224631256229099e-01
2.256144831097525172e-01
-4.126543149875268046e-01
-1.000000000000000000e+00
-1.000000000000000000e+00
2.438650641391239549e-01
-1.000000000000000000e+00
7.356914419389517512e-01
3.800328305865461886e-01
7.758189391862611028e-01
-2.505587407046557802e-01
-2.279437855284661141e-01
-4.012253627942639067e-01
-1.620580119941857911e-01
-1.000000000000000000e+00
-5.007113872818018674e-01
-8.613569131985382432e-03
3.505814778356551864e-01
4.556730069623688983e-01
-9.886270406988184600e-02
3.616311701753673336e-01
1.771288591863528772e-01
-7.688995880935068916e-01
1.820353202861108022e-01
1.000000000000000000e+00
5.653106793599467217e-01
-3.046136884691083013e-01
-1.360225303961843935e-01
-8.183604986820524063e-01
-9.477692805795054909e-01
8.573653808942109933e-01
2.769343337491125823e-02
6.725455876047338188e-01
1.000000000000000000e+00
7.763345674994687196e-01
3.234553790246531002e-01
-1.000000000000000000e+00
3.166401473735336314e-01
3.981949829392404938e-01
5.346196513416523466e-01
2.284793879648291393e-01
-1.000000000000000000e+00
-2.853454954981168301e-01
-6.635020330682318557e-01
-7.652042986832134908e-01
-1.000000000000000000e+00
1.000000000000000000e+00
-2.511964572038790089e-01
1.000000000000000000e+00
-9.576261967312499346e-01
3.778569529680708694e-01
7.256150097445546177e-01
8.954300744117649202e-01
6.707377173588245922e-01
-4.053509470472630993e-01
1.000000000000000000e+00
4.156033321820591930e-01
-3.516465970187386825e-01
-5.604137786952222422e-01
-1.000000000000000000e+00
-1.597139056543280811e-01
1.000000000000000000e+00
-5.193089474561483065e-01
1.534646567514326709e-01
-1.000000000000000000e+00
-6.122106638831402714e-01
-2.274691169166440097e-01
9.228344300438359182e-01
1.000000000000000000e+00
2.748734746796321349e-01
-1.000000000000000000e+00
1.000000000000000000e+00
1.000000000000000000e+00
1.000000000000000000e+00
1.039940908128706432e-01
1.000000000000000000e+00
1.000000000000000000e+00
-2.888031671495714381e-01
-3.253118379024286799e-01
1.000000000000000000e+00
-4.459848785664696225e-01
-7.456635967890808958e-01
6.842962709527041776e-01
-4.652700373209254225e-01
