-6.059882918062517998e-01
5.059362794934578744e-01
-9.333400729119907258e-01
-5.127809408716355044e-01
4.683737733400568093e-01
-6.207358518659873425e-01
-3.952788312247866864e-01
5.994270318647447748e-01
-1.000000000000000000e+00
-5.766310936505081308e-01
8.014588554029226097e-01
-8.814114922732154689e-01
-1.572989131136475205e-01
3.127271650960152805e-01
6.894969135693540530e-01
1.000000000000000000e+00
6.599393836738765007e-01
-2.571258293804200012e-01
-2.851625542819829495e-01
3.841595581222978506e-01
-6.586029175368275368e-01
7.349328281134148710e-01
-3.145124075015870435e-02
2.204460422747172021e-01
-8.641507380011610451e-01
-6.358404493452546324e-02
1.439963376594883826e-01
-9.541268393247799295e-01
-6.111454552612608504e-01
9.939401915749408734e-02
-6.241556094366519369e-01
-5.404077155233129037e-01
-1.000000000000000000e+00
-6.817322460958341601e-01
-8.399910396881136165e-01
-5.071946392893198485e-01
-9.031574722917992126e-01
-8.424202670266215387e-01
4.316076261010763915e-01
-6.484547751340397070e-01
-1.000000000000000000e+00
6.300497862980694030e-01
-8.421830498804783183e-01
-1.516665360564273257e-03
1.043963934994590614e-01
4.067522726675927291e-01
-1.000000000000000000e+00
7.519715503366775078e-01
1.811036111992592734e-01
-6.255957903107807194e-01
7.632001533579926278e-01
4.203465011673823137e-01
-9.097519461522773909e-01
5.045960790380890071e-01
-6.452031655188358861e-02
-6.734141997021994008e-01
-8.103395974122640233e-01
3.079905670575401877e-01
9.132696984424231168e-01
-1.000000000000000000e+00
2.680298593990801947e-01
-1.712617070598607683e-01
-3.871266035502263780e-01
1.000000000000000000e+00
-1.415474065510875235e-01
-4.669412952344964562e-02
1.543050094946951667e-01
-5.043692389609166771e-01
9.886473244547149264e-01
-9.711785167971309640e-02
-2.849716420045760312e-01
2.821546216527295869e-01
-3.810797680830766421e-01
1.371093421371760712e-04
-4.499369121675708127e-01
7.364592823300394886e-02
-3.041112468167621596e-01
-8.615593589058599955e-01
-2.883710754539854371e-01
-8.270444150496203406e-02
-7.699462903346481202e-01
-7.228291459315239198e-01
-6.816543586007178801e-01
-3.508554651725248608e-01
3.392308019539989061e-01
5.455944813832633855e-01
-8.188892737330397686e-01
-1.244986391330311637e-01
-3.502610064587816652e-01
2.218419927806620229e-01
-8.979261142866301615e-02
-3.623445955714279521e-01
-3.540690738347209710e-01
-3.434186947735531348e-01
-9.905809225645159088e-01
6.061922323521740097e-01
-2.634708493487681324e-01
4.355639134454069583e-01
2.253876941012133983e-01
-7.749540026469012854e-01
5.258025871503031468e-01
-2.197744003702890858e-01
-3.797664888619395329e-01
3.235094032734213698e-01
-1.000000000000000000e+00
-5.299555031432947594e-01
5.265296414831448502e-01
-9.130430880850832764e-01
5.144125086921411683e-01
-4.776606791454488521e-01
7.421609076854602804e-01
-6.404018254201343519e-02
-5.210244996216717439e-01
-7.917511100290043347e-01
-4.343132141343326591e-01
8.373391477758602708e-01
1.672916632944042581e-01
-9.923129243472719185e-01
8.502542663607809414e-02
6.822108547915897159e-01
-4.525926667246402690e-01
-2.581663916232597167e-01
-8.486975020214209131e-01
-3.348462008051654171e-01
-9.931688602428785373e-01
2.791128112594578603e-01
-6.209541744908309013e-01
-4.632163666918586720e-01
4.743446741655591437e-01
-5.467091393438063829e-01
-2.115850515569359103e-01
-9.724046080119251867e-01
5.494728401646045146e-01
-7.692463132376503587e-01
-4.771516296292521719e-01
-1.543902140389703526e-01
5.864982459353682565e-01
-6.153955086844000721e-01
-5.753260809719389357e-01
5.127490558429599332e-01
8.832588004834900364e-01
-1.000000000000000000e+00
3.661758385059488141e-01
-9.956737594876732267e-01
9.725398098922779511e-01
6.829731877795210959e-01
2.511531754169205044e-02
-3.409367442846611418e-01
2.275940276273002993e-01
4.352374621972561197e-01
-6.381457869659965532e-01
-8.749927383248101709e-01
-5.156399252744205963e-01
4.252097309440040496e-01
8.305651476323565596e-01
4.509530476496850238e-01
8.668500922629638339e-01
-5.865857371226963490e-01
5.834620191396236999e-01
4.123255990159946371e-02
-2.912807062441691297e-01
4.501656358781329637e-01
4.580386632374677247e-01
2.406337836359744298e-01
6.274218943528375725e-02
3.417259172864040018e-02
-7.019579872878374260e-01
-9.303453295986152671e-01
-3.563754851711868898e-01
-1.754380217335014258e-01
4.666641632600239120e-01
-3.432314254034886103e-01
-2.134868067631141147e-02
9.432649016852789892e-01
5.573205035577157851e-01
2.074291940825916947e-01
5.090315409640127076e-01
3.577410825188995225e-01
8.357303144799788086e-01
3.589258334281679730e-01
-5.293769235526961658e-01
5.029740722384098417e-01
6.948766466614504367e-01
-4.844433536462822154e-02
1.711762165934624935e-01
2.021593985693252993e-01
8.932991868917810052e-01
1.000000000000000000e+00
6.815194644052473549e-01
1.891490776205485003e-01
-9.407446315548446680e-01
9.622543107308432209e-01
1.479973574851964624e-01
2.828098028912426898e-01
-4.214631809406441665e-01
-8.711181232003119002e-01
5.895660934364324035e-01
9.609753047697067174e-01
2.892880644741245844e-01
3.188604042402138350e-01
8.112552848244783954e-01
4.705973929695447810e-02
3.644145646493995860e-01
4.675947972959716981e-01
5.887696841031103689e-01
2.493802751432931952e-01
-4.742289899424393523e-02
-4.363538559996315569e-01
3.763769066291158261e-01
7.242941007036941548e-01
-6.381388860810144337e-01
1.767330204953476702e-02
1.000000000000000000e+00
9.485501940081366712e-01
1.314768926415508243e-01
7.796131515488508024e-01
-5.802465927455391359e-01
-1.960523387127184325e-01
-5.416590309563440453e-01
7.488425564992517991e-03
-9.495718457286259628e-01
-9.076769857921138662e-01
2.326669561292764588e-01
-1.000000000000000000e+00
-2.819373892308073004e-01
-1.000000000000000000e+00
8.948386384443154373e-01
5.445424190643870510e-01
1.835215880485713269e-01
-7.168716854273325945e-01
8.921595793202896640e-01
5.535580849007581961e-01
2.936843321363074022e-01
4.224963040611053877e-01
-8.044206964576763874e-03
4.139184905661061342e-01
-4.949384747624130387e-01
5.909674576824541781e-01
-2.924665382267767622e-01
-5.479172004117032202e-01
-5.248221057904274289e-01
-3.577972982744923591e-01
2.870293305918490967e-01
-7.131958631179546870e-02
2.770686544790914585e-01
4.868324969014523051e-01
2.056643593195497388e-01
-4.494465663075323247e-01
9.744121712979891825e-01
8.872220998236861611e-01
1.000000000000000000e+00
-1.000000000000000000e+00
6.023318059518611989e-01
3.206092208050899117e-01
4.785392605213827366e-01
1.273737811319319846e-01
5.083323263877033149e-01
6.812553577902327184e-01
2.027857200212146438e-03
8.286290815479044891e-01
-2.862534605022097889e-01
2.645340704352910910e-01
-2.835923259865917867e-01
-3.749995007563351468e-01
1.000000000000000000e+00
