6.478971501826904511e-01
-1.350269429670227783e-01
-8.730983526878397516e-01
7.493353906880293458e-01
-4.657352901484395069e-01
-2.149887428840513426e-01
7.290909846766098212e-01
-3.567723100735309405e-01
-2.830953116524892454e-01
-4.251807081915905950e-01
-1.202733736696156019e-01
-4.189979171002087277e-01
9.196589293839838586e-01
2.845470117929238540e-01
2.343661670303975875e-02
7.418385617025387013e-01
5.460128034450695278e-01
-9.086880358248523581e-01
5.735030709288502226e-02
5.387033479745879649e-01
-1.672333704504593843e-01
-6.168274560112474436e-01
-9.375902421234785233e-01
4.184388712367990149e-01
4.626586080059895689e-01
8.538176525679710416e-01
-5.068188274549676464e-01
-8.673944696908009178e-01
-1.944751662754669042e-01
-5.528010641601188713e-01
-1.588058368591627190e-01
7.617856589525401345e-02
-9.939119581967033046e-01
-2.703989508857247426e-01
6.825355655851050862e-01
1.808017029431085998e-01
-8.170963488181870460e-01
-2.627173588642155444e-01
9.088022891503544365e-02
1.644686660356109442e-01
2.381120788632506424e-01
-2.808324697940567383e-01
-2.896834112728901012e-01
-9.281562188108984923e-01
-1.407731200063060406e-01
-3.197847875261383699e-02
9.324543279834700549e-01
4.017178633076796679e-01
5.557319825201598729e-01
1.950548100282261110e-01
2.889984243533192387e-01
-1.455413507589917721e-01
1.349163240541401410e-01
-5.372334495280857158e-01
1.893288013320244545e-01
-5.371786666121682874e-01
-7.445341592276695231e-01
-7.831168244987500859e-01
-6.594155441897713299e-01
-1.494110933638524985e-01
5.291255382254608230e-01
-9.563575353353355180e-01
-9.688762155021612976e-01
1.604202254593939114e-01
2.384664293231865129e-01
-1.189820718640053343e-01
-2.266507207095579679e-01
3.365842932314289104e-01
4.232344017401563629e-01
5.860066129008103530e-01
-2.302902613817540134e-01
5.088060692466755963e-02
4.131543652448916859e-01
-4.409192031583349936e-01
2.240834845919548179e-01
4.129510787950316786e-01
3.349940673716585993e-01
-2.080925952362384646e-01
4.744060324708641030e-01
-2.844703475813230575e-01
5.413400151789283798e-01
-9.907853438911602417e-01
5.218416197810061830e-01
2.270199836252277947e-01
-5.399284881055765872e-02
9.831931251603973632e-01
-8.581796324359058925e-01
-9.681506439663885022e-01
3.571354732938050169e-01
2.209828867307797040e-01
-6.547607015946832476e-01
-8.384224591529243487e-01
2.880941378371405515e-01
5.842009806422709950e-02
-1.914870258816094850e-01
-1.423155017395016375e-01
-3.150767304416882131e-01
8.424305849110542699e-01
-1.623669376934975261e-01
1.422517863565089247e-01
1.577261457709109305e-01
1.952787127148725155e-02
2.691737356187820507e-01
-8.346359371241016678e-01
-9.725511710052432424e-01
-8.648597945358040828e-01
1.236693781917943269e-01
1.648533217364418491e-01
1.523228699279817189e-01
-8.456368627127264226e-01
-7.068041527391377699e-03
-5.753623956870570488e-01
-2.740782045330751315e-01
1.474757304885074838e-01
2.044777452884350422e-01
-4.864557917870770964e-01
-2.425323661928753260e-01
-1.653479746470758460e-01
1.796097612350885386e-01
6.174511960265816057e-01
-5.814803980506653147e-01
-3.811078831817789059e-01
-5.029811817747049663e-01
-5.928529507996707082e-01
5.312915006215319647e-01
7.565121638258958114e-01
1.829717673858710647e-02
-7.352538625075816237e-01
7.977246848571497573e-01
7.661694517454409326e-01
8.231041783566881431e-01
-1.053436170884149981e-01
7.585545666488793248e-01
4.423756161404658882e-01
-9.018446454083874908e-01
2.939426699750480321e-01
-5.086898640876664768e-01
-2.981242150196758978e-01
6.796858496075659506e-01
1.825247217496811514e-02
3.908642143119354095e-01
-2.866771661165490315e-01
4.950121822003776817e-01
8.410867051632524571e-01
7.501582938448831950e-01
-6.395676208542731001e-01
5.459970468498145379e-01
6.340354881277279198e-01
5.532877481310144452e-02
7.061288415349440406e-01
6.158517419718358976e-01
-4.669032092225659514e-01
2.098528695770682795e-01
2.121407570707782853e-01
-7.578284870683529295e-01
8.835755842173285135e-01
6.216068534856249439e-01
1.393835010189174994e-01
-4.777613897564982892e-01
-8.672520622987183181e-01
1.996688564960269474e-01
-6.080502482521750185e-01
-8.983749337784278921e-02
-9.250615824905294993e-01
-4.456040329930399668e-01
4.555493253985627433e-01
9.547122284833908790e-01
-2.847974447480670079e-01
-2.498087059172202640e-01
-3.224404208511530978e-01
-3.094949797905113265e-01
-2.248713235179580217e-01
-6.886398532232635983e-01
4.673606241442407327e-01
-9.252952724126549677e-01
-7.869866183126816850e-02
-3.825002587533912202e-01
-5.074820653516347591e-01
-3.448470619058587872e-01
1.010629457865068748e-01
5.539473085934507601e-01
-9.453318194178381706e-01
-6.268455597293063342e-01
-6.713388492836895871e-01
5.349996234595864042e-01
-2.685991339367526098e-01
5.884377344043326685e-01
-5.587741477865246775e-01
-6.591807207462903051e-01
-5.098275130036805658e-01
8.697991843050885130e-01
-5.517235551780832470e-01
9.142990314480581304e-02
-2.834065692708548356e-01
9.592324245434442620e-01
2.038627393564371726e-01
-3.326956838277286277e-01
-3.857610004707739959e-01
-8.553596285395830279e-01
2.499095766274186392e-01
-8.128943947569426953e-01
6.045536639344437635e-01
4.153922614786607070e-01
-4.049668188787475809e-01
-4.835726078853717080e-01
-7.890699342662514937e-01
-8.730438882900104502e-02
-3.851160207481518771e-02
3.616457109562538630e-01
-7.270500658099623426e-01
-9.016811919363358907e-01
-2.081528755433881273e-01
-4.311392974615126938e-01
-3.785772521285499792e-01
2.093551428038439299e-01
-6.344126912038741128e-01
-4.234111427083016022e-01
-7.488639240617313009e-01
7.961166598642552827e-01
1.047377062877185017e-01
6.312189634529254967e-01
6.973526280023489843e-01
-1.403962412747190580e-01
-7.046696581912257340e-01
-5.666937008060233261e-01
-1.703773051823738172e-01
-2.651658206690343800e-01
9.972103622993233607e-02
-2.162241629298171652e-01
3.500154439650698390e-01
1.630710598607578721e-01
-5.586890135196920237e-03
-1.558733823016509312e-01
4.242032740601207053e-01
8.416201663687874479e-01
6.714704384606101639e-01
-5.027965213807870093e-01
-4.228210909190511790e-01
-4.084833877910833966e-01
7.367774833101305987e-01
-7.647930345202023084e-01
7.117814815851719601e-03
7.619434183028102048e-01
6.196586995549300259e-01
9.889108990891946060e-01
-2.922778802978995838e-01
5.571980467467896325e-02
-8.805484999445195582e-02
-3.248463631085614089e-01
-3.010451996471905090e-01
-2.041129883816265034e-01
-6.195710842788064721e-01
-6.642303721379039239e-01
6.627125948175069947e-01
-7.163465379418454404e-01
4.780739394625428407e-01
9.677690650043238030e-01
2.878945572368958317e-01
1.185660000027148886e-01
1.516380402185812937e-01
1.055154163914449050e-01
3.880245119062466497e-01
-9.121224680816741870e-01
1.454404847425201930e-01
7.187966616442804657e-01
