-4.426289096326484485e-01
-2.641586286372506476e-01
-7.888444763786612857e-01
3.099030246515406262e-01
-4.485430454048148219e-01
4.622663931885163668e-01
-9.400760120263477182e-01
-2.214411923021994966e-01
-6.193324142639545782e-01
-7.894610755615967257e-01
2.332259454928693465e-01
1.000000000000000000e+00
-7.026631364621245268e-01
4.543004451286888346e-01
-2.918758900278567991e-01
1.000000000000000000e+00
-7.644963582377505285e-01
9.872724620556917463e-01
-4.849282042097649015e-01
-4.946959937923808281e-01
4.659516145626727002e-01
7.113548165354897090e-01
2.795705097569975428e-01
-7.907082480579167294e-01
2.189457998961350516e-01
1.450049942485828747e-02
-1.357544126553095754e-01
-9.258478180541604985e-01
-3.268181815402176893e-01
-9.930130812126443107e-01
7.017655305476337979e-01
-9.042463819246236989e-01
-2.672268557218059892e-01
5.841548271078960131e-01
-2.450022569327480193e-01
4.958970870107487494e-01
-4.746202856023325201e-02
2.011755922231567295e-02
2.970381308515577801e-01
-3.797844058937201450e-01
-6.067661906840701724e-02
-6.146940140996214330e-01
-3.955354852049605130e-01
7.573561462753604090e-01
5.512544063481552570e-01
-9.530825460127694271e-01
7.066089351072961655e-01
-6.055037081552496758e-01
3.786593900296946202e-01
-5.627503603224637274e-01
-3.942176373975639914e-01
9.502818448456078482e-01
-4.294502919374554306e-01
-9.370211014192504351e-01
-3.184289766858743875e-01
7.346710808652306968e-01
7.539638359439031490e-01
-6.259957432066135530e-01
-3.048739077493451965e-01
-4.962000802919668274e-01
-6.280359558954390353e-02
8.194121267815246412e-01
2.513841922639997173e-01
7.363493484198929684e-02
5.087131542858220890e-01
-9.231046130449271914e-02
3.439503901487250825e-02
9.500112376271496739e-02
3.622491765423461185e-01
8.217122654243090851e-01
-3.847819123454875867e-01
5.039718733692581942e-01
1.644789579306842747e-03
-3.843069926794871471e-01
3.718512008197977781e-01
-8.060921487284176123e-01
7.407730489483346781e-02
3.076166813794891652e-01
-7.517512682053728579e-01
8.151560912564927153e-02
8.253532038862854137e-01
6.996464031742988254e-01
5.566988696105170664e-01
-8.073123495466759669e-01
1.131333215957098237e-01
8.004064511264324944e-01
-8.464009769419953422e-01
1.893660293715016818e-01
-2.956968908329726253e-01
-1.702055443146654468e-01
7.426914163645698119e-01
8.367728859364602645e-01
-5.134918228248124272e-01
-5.738792235035131695e-01
1.061455053389063485e-01
8.533261503935210546e-02
3.025253403648919814e-01
-1.215412803344435022e-01
4.474549562468402852e-01
-9.013920205047596390e-01
-7.515409352185525860e-01
9.492748693431699580e-01
-4.103243012359377717e-01
3.231488211375014852e-01
-8.987303142338352036e-01
-4.960312514228684133e-01
-7.777504682602844888e-01
6.148644877650497609e-01
-6.708747952372214884e-01
-4.004569542471305144e-01
-1.247049515862700408e-01
3.123194340651942458e-01
1.465151511249817018e-01
-2.266404180518940548e-01
-3.211136638510598829e-01
-9.812067710352465610e-01
9.175052489749009332e-01
-1.205193622999941594e-01
1.183205205295300988e-01
-1.855649086865461261e-01
3.464821687431452468e-01
-5.434691992786278014e-01
3.174508446846366905e-01
-1.457253997912415500e-01
5.623153026493665774e-01
5.849672877032094931e-01
-5.437218849018037314e-01
-6.646529394955019709e-01
-9.635559751953969299e-01
-1.433268335861881404e-01
1.971292047110776990e-01
-1.949059020477691417e-01
3.150195320728106374e-01
-3.806481899160440996e-01
1.438262193300439973e-01
6.070665688095615575e-01
4.578437447363392643e-02
4.537116598723934802e-01
9.708340522565994668e-01
3.365842573040433994e-01
3.568358723635167706e-01
6.966630325106841770e-01
-6.665021939841656584e-01
-9.543921109929467406e-01
-8.091263751989363762e-01
1.073258404416326250e-01
-1.880395599870028911e-01
3.238356893384722879e-01
-5.729228034602386055e-01
5.810627313965285312e-01
-1.643863310227409724e-01
-7.264448353609481712e-01
7.726522201949032054e-01
-4.755864733790418075e-01
-3.409044884312528167e-01
-3.570423620866045589e-01
6.897019100580313866e-01
-6.750071758587689041e-01
-5.173184051667641947e-01
-8.695878506065962688e-01
5.088152883577917729e-04
-9.836732221579398416e-01
1.855202967298053007e-02
-2.837206219490821524e-01
-8.030496168891128050e-01
4.431354467373753159e-01
-8.182273669799700055e-01
-6.071694170473223018e-01
2.968726552138275521e-01
-1.613449071843728877e-01
5.386281499693530428e-01
1.000000000000000000e+00
-1.511186576244477053e-01
6.259037087207763861e-02
9.144322186219995541e-02
-6.805421602935020076e-01
-5.189506788734106202e-01
-3.093370949669048686e-01
3.596339477666390394e-01
6.535441805623289913e-01
2.773856972487768746e-01
2.076127847691879857e-01
-8.872369514377095312e-01
-9.586054342307881448e-01
2.397257895433480002e-02
-8.665027034080268198e-01
-3.373231911418157480e-01
4.670321772072555944e-01
-2.098723963654643976e-01
9.002368535930707072e-01
6.891252250306842964e-01
8.479119904664393637e-02
1.889072885159104043e-01
-1.977450044642254934e-01
-1.159552178025523572e-01
-5.330727867408313614e-02
4.359443228128870862e-01
-3.514416269793098624e-01
-5.791789367074366979e-01
4.903412525536651190e-01
-1.178910620657310643e-01
7.794049984837820855e-01
-3.604861692118783711e-01
-1.000000000000000000e+00
1.000000000000000000e+00
-6.394649270381946859e-02
-9.290225915416492342e-01
1.218624241661836471e-02
1.386862973438128706e-02
-3.613919832022788881e-01
-4.741052756152828174e-01
-9.899722072217483904e-01
2.207443993146304406e-01
8.513991458730046924e-01
2.964453572784013780e-01
-2.884202076213803756e-01
2.519507800928354468e-01
-2.849269474010999725e-01
-8.617602791905698556e-02
-7.248017375232372883e-01
-9.382934847891609698e-01
6.190736900900545292e-01
7.450410793391697428e-01
9.013339940717898235e-01
9.641195898292613808e-01
-5.025441728245703260e-02
-9.626928794697635627e-01
1.664160991697935521e-01
-8.457852061232843388e-01
2.004953024560848507e-01
3.506000425680313448e-01
-6.742648445127265022e-01
2.512082285513942415e-01
1.802524509871873681e-02
-4.586746775491126193e-01
-8.642454605911403798e-02
9.228145386474340128e-01
-2.460834266409248072e-02
-1.000000000000000000e+00
7.672538920249358796e-01
-3.102479870764943692e-01
1.226858629335143558e-01
-1.211125864801692043e-01
4.644461695712263083e-01
7.896415772505986919e-01
-6.546772308423727260e-01
-1.968530208379098978e-01
-7.396864405527878161e-03
6.348555423246217133e-01
-8.349805590411454870e-02
-7.728337738978313665e-01
-6.394120922409013419e-02
-3.125107401417936970e-01
-5.108734498902054444e-01
6.584377670134945459e-01
-1.314272310574517433e-01
1.254958638500496826e-01
1.000000000000000000e+00
6.069075054995427820e-02
-3.808989422561185889e-01
4.451059920421426286e-01
-8.202216143051317410e-01
-6.518242886581107065e-01
4.146792059908324113e-01
-8.481342063884029780e-01
