-5.197143112279106747e-01
-7.092441042569141985e-01
8.332964853397684113e-01
1.000000000000000000e+00
7.340032003168864838e-01
2.657656090626737688e-01
-5.495860965690114730e-01
8.151560252074534496e-01
-4.873394519781358847e-01
-2.695554376636704053e-01
-5.327700535764980927e-01
7.449470311622639063e-01
-5.847288185227358381e-01
-2.178673335603228262e-03
-9.143501028632682326e-01
-7.431292568037008994e-01
-2.103994698990224177e-01
-3.725671670579794315e-02
7.124739750447609543e-01
1.527057027434732817e-01
1.104140424963591105e-01
2.224121752566866339e-01
5.662146839449715419e-01
-3.324840226704063872e-01
1.331339485789211075e-02
4.702207362029198756e-01
-2.432481361240719786e-01
-9.504901896348770807e-01
-3.365374573718846185e-01
2.876308963029321486e-01
-3.074282687294020988e-01
-1.666430271397510987e-01
-4.339535451319739279e-01
4.857184444609694562e-01
2.537837695008061667e-01
1.895733479124088738e-01
-8.638431705243045933e-01
5.471979816006187353e-02
3.023954989336173904e-01
7.412051646351139889e-01
-8.389614200333445071e-01
2.327657356198273852e-01
-6.008547320731801866e-01
1.917839066533644221e-02
8.093690481977366957e-02
-3.985579044799942849e-01
-1.000000000000000000e+00
-4.204016823090123145e-01
-1.000000000000000000e+00
1.075739696417114116e-02
-1.472462477321023755e-02
-4.592493565014340029e-01
-1.000000000000000000e+00
7.403286018348176345e-01
-3.260370818948943872e-01
-5.083294685550046044e-01
4.456571932568469396e-01
5.524763893806254877e-01
8.021155587073988125e-01
6.427286777884101687e-02
8.004769676379382970e-01
-6.076476997460907858e-01
-4.006603416350569546e-02
4.449033528268442339e-01
-1.622105002278330099e-01
-6.508117219748136284e-01
7.490607038374186288e-01
-5.000753023552811233e-02
3.173895683767351539e-01
-9.258030956575512560e-01
6.244487763006194569e-01
1.000000000000000000e+00
-9.879738795524709571e-01
-6.817093236350917351e-01
2.445191100822115549e-01
-6.615924291833344961e-01
2.908925269509890499e-01
-6.382180579868714787e-01
4.843424065320661165e-01
2.939534022562528826e-03
2.379972753868562704e-02
2.098449142778987531e-01
-2.877213065622766797e-01
5.212448218498545449e-01
-1.000000000000000000e+00
-7.451371307334541116e-01
-5.628077530826758323e-02
-2.442421728058623565e-01
1.742606969703445335e-02
-1.711351196656925033e-01
3.963123060337436776e-01
-1.536153650905234258e-01
-1.886997155625027567e-01
-9.637947329509130578e-02
-2.498491175496819761e-02
-3.071243702391373565e-01
-2.542896265006888701e-02
3.981985035870258538e-01
7.335637942642518894e-01
2.225559303904166009e-01
5.656779732727386101e-01
-4.825197910336830320e-01
-1.000000000000000000e+00
-7.126261689171707880e-01
1.295544606283491329e-01
5.403736041171357529e-01
4.851372338558601616e-02
-1.686430498861071492e-01
-3.149810868105502593e-01
-1.000000000000000000e+00
-6.778896900383855062e-01
-7.026975909519954655e-01
-5.500050278089672062e-01
-2.906375201567293343e-01
-4.100643412466636883e-01
-9.472922717357710187e-01
7.802718484384376652e-01
-4.094534236970975294e-01
6.941032727348439568e-01
-2.711591743050716374e-01
-1.039011288890115126e-01
-6.414919102297812759e-02
-6.283563900995259299e-02
6.152704829048520896e-01
4.384700001421540927e-01
9.063202306713062928e-01
3.950561056321871822e-01
-7.629853807644804142e-01
-4.077673416857057753e-01
-9.849162940874500727e-02
7.773037983075815616e-01
-5.810894831806193706e-01
9.256223787149376880e-01
6.915504513034037570e-01
-4.694932978989873607e-01
1.694888778048237732e-01
1.629193398872136878e-01
2.658995973871509100e-01
-6.400266103395436668e-01
1.000000000000000000e+00
-5.127885837321715101e-01
7.938490647004232681e-01
-6.511966618409884555e-01
7.446927992169186106e-02
-1.221698009944608282e-01
-7.932674896584757107e-01
6.971507088470902946e-01
6.461851506839141335e-01
-3.389830980243810910e-01
1.130813643794653378e-01
-9.876334248482482314e-01
6.830809956313528275e-01
-2.517977361429064587e-01
9.993839978100496069e-01
-1.000000000000000000e+00
3.019119209534071868e-01
-8.578201717818181860e-02
-8.652076729378671560e-01
8.953927056649888527e-01
8.957153072785482006e-01
-6.137748898158407185e-01
-6.948239339008453752e-02
3.875613700947742046e-01
-3.712010842915133835e-01
-8.754614606682543654e-01
3.900660290510235551e-01
-5.414328693586027974e-01
-5.345319376028208058e-01
-6.021929360425382072e-01
-4.313407865540704877e-01
1.251612729484967712e-01
2.176392614702241379e-01
-1.000000000000000000e+00
6.386017961601069270e-01
-6.524595016448265783e-01
4.069447319729104784e-01
5.040763728831193502e-01
7.075122105002062955e-01
7.505276449312485720e-01
-5.872039916501237133e-01
6.737076885711430485e-01
2.293040278595626924e-01
9.186864573425763680e-01
-3.736805730799809822e-01
-4.744849462564446063e-01
-7.721332987342666154e-02
-2.981781015276815938e-01
-5.167554093418317285e-01
-2.831659750487223182e-01
4.272739127632044220e-01
5.319979952020881253e-01
-4.649701837716666564e-01
-3.312752122797275600e-01
-1.348910709014740084e-01
5.456695255483822171e-01
5.208633185115884023e-01
7.727681679035591777e-01
5.558452782479168519e-01
-9.417454421817266219e-01
-7.614788798769394074e-01
-9.411036321981295361e-01
9.252553634983108344e-01
1.732393391617762513e-01
1.251519490725887251e-01
-6.970485700297723852e-02
-8.458523634619641296e-02
5.784592091628699695e-01
9.303584027670049883e-01
6.635242358592187140e-01
1.000000000000000000e+00
-8.530809554108108594e-01
-3.041409254360021852e-01
3.659702922593683905e-01
3.348806412929110077e-01
9.065415491047315033e-01
-1.000000000000000000e+00
4.807692452241681402e-01
3.260752551112327535e-01
7.701117423337299206e-01
9.672971066849246347e-01
-8.740942753051954561e-01
1.000000000000000000e+00
-5.901156298848730941e-01
-2.770828377343708682e-01
1.000000000000000000e+00
8.704592426647730363e-01
-6.606690840803138842e-01
4.296695200002740300e-01
6.996849409308518730e-01
5.145384227792167975e-01
1.303600463810754631e-02
-1.234355221544547188e-01
-3.343703511797212480e-01
1.113155177893504488e-02
1.651860611852771776e-01
5.307856178905084876e-01
-7.931404127932979442e-01
4.712265947243516884e-01
9.041789320059021584e-01
-2.631256770062256889e-01
-7.312940277912649556e-02
-4.365389362258811912e-01
-7.934512533010914526e-01
9.685597483461665380e-01
-1.559838103413633270e-01
-3.817730152836425472e-01
-3.636993758616230976e-01
8.076657052988079899e-01
8.329095790853175973e-01
2.375262414264109334e-02
-4.485427342966367692e-01
-2.451164095012279831e-01
9.306235093742938336e-01
4.354730628975013729e-01
8.967773496098025987e-01
-1.621012932197469225e-01
-3.756159860637552916e-01
-3.570891805092366589e-01
8.253598038036247253e-02
-4.507518218538677512e-01
-3.172776483129146619e-01
8.263267517833073894e-01
-3.187618357358819043e-01
2.063611914729621133e-02
6.756094757693208441e-01
