3.383782833053483596e-01
8.259263680408814867e-01
7.330163979698403054e-01
-7.325687023691196398e-01
8.289660158167926340e-01
2.334699537539268732e-01
7.973859782514942651e-01
9.067540041903909831e-02
-2.892972680943048935e-01
-3.737458937847537577e-01
-2.768090484387106809e-01
-3.765100521398454525e-01
8.520330139869077835e-01
4.586189484042337838e-01
-9.560753715920600193e-02
-5.056506553094484158e-01
2.703734078935136065e-01
-2.356733977659986046e-02
2.623328540163296085e-01
6.905955112859498701e-01
-6.914507531481814961e-01
-6.642197238183822350e-03
-4.604914355671505533e-01
-1.814210511727698538e-01
-5.820304246695213735e-01
-3.788042146980438174e-01
-6.452033928333313906e-01
6.589321942474368754e-02
4.855797590809989295e-01
-8.093420828942443634e-02
-2.044256336120735540e-01
6.891184850852454247e-01
-9.594648322812735497e-01
3.762249445561991479e-01
9.844058265031832011e-01
5.023663263339968044e-01
-6.896926713233111350e-01
2.815509230852000222e-01
-6.808975326851947063e-01
-3.010003376917451678e-01
7.340365554865867503e-01
2.082600995865022675e-01
-4.385704745426894924e-01
-6.813140388773384348e-01
8.209432998030814499e-01
3.655503716365005040e-01
-9.826796232735528491e-01
-5.144385747358106720e-01
-5.254654805129646000e-01
-6.593405460429316300e-02
3.385392804843155856e-01
4.250932517407204347e-01
-2.743106104074459761e-01
6.129197491322218028e-01
-1.194089725830811410e-01
-5.857167048095741624e-01
1.128922642354699135e-01
3.011660636353341580e-01
-9.027656672633306290e-01
-8.079793956061980253e-01
4.300533983494900792e-01
-5.181824366394501835e-01
5.422065428506006590e-02
-7.845476189031796999e-02
9.609224500394084600e-01
6.176503812061515664e-01
8.199492327924378099e-01
1.565420644301092068e-01
6.218387741802071655e-01
-6.517134946409990359e-01
1.886324059284834043e-01
-2.102193468308247437e-01
-7.636051884227172959e-01
1.777561612926802370e-01
6.899403125798933001e-01
3.764007625058876094e-01
-5.298071702111868397e-01
1.568025358315683349e-01
8.244860138007381600e-01
2.122536992711019366e-01
-1.678565636029620833e-01
-2.403863788894821107e-01
-1.164101265415800057e-01
2.738071257944287851e-01
-3.655169458858461562e-01
-1.000000000000000000e+00
7.651951789638080648e-01
-1.728064511855779140e-01
-1.000000000000000000e+00
3.914049377208383973e-01
-7.289603787459357775e-01
-5.393643407437018200e-02
-4.936833488047067675e-01
3.068232179711527507e-01
1.000000000000000000e+00
9.459755785925818561e-01
-4.865002795947832026e-01
1.046987375626109440e-01
1.482513826002345159e-01
2.110639225651977924e-01
-8.651617808962859257e-01
-9.740252837190677138e-01
1.942563270204833437e-02
-8.843435029766006927e-01
-3.336652646560510638e-01
4.116759250003457771e-01
7.412890799009879128e-01
7.578224024762636457e-01
-9.612617554114399887e-01
4.443329043617494367e-01
-2.124832507955636274e-01
2.609342321714804847e-01
-1.788411062254380290e-02
8.053402238882452213e-01
-6.493833649809386266e-01
3.543585798898289951e-01
-3.723800926679041723e-01
3.237177229526255751e-01
-7.866377705871114845e-01
-8.087608847669560674e-01
-9.764947795816514287e-01
-7.089475995540681641e-01
6.253101296875640536e-01
-4.732831666248669134e-01
-7.651067547956613701e-01
8.241196043456494591e-03
-8.001020450159632702e-01
7.840624158652078624e-01
8.849106953839147582e-01
-1.171017790233587486e-02
-3.648835968735246738e-01
-7.977944621271744197e-01
4.965769468697397437e-01
-5.793897721819984969e-02
1.000000000000000000e+00
8.326272340529947691e-01
1.877361402164434145e-01
3.259683601036114098e-01
4.961337065715136774e-01
3.863980698798812341e-01
-8.442420445223763892e-01
8.434469213907533902e-01
1.713093559688640410e-01
-7.215150076570258086e-01
4.535327388022838413e-01
-7.378640219882077744e-01
2.241045722877754720e-02
-5.478997825117077891e-01
1.945597787307122850e-01
-4.185882022268569980e-01
9.969194656736921623e-01
-7.224466589151721241e-01
7.251781668503368694e-01
-5.265471994446935255e-02
1.643745008496972915e-01
8.577751707522205393e-01
-4.220639038461198034e-01
1.441026103596403374e-01
8.557778147336483343e-01
-2.158526656427937063e-01
-9.790865288937443678e-01
-8.642878145607530982e-01
-8.835401166372214288e-02
-2.984475376955677550e-01
-5.255580746069385967e-01
4.415699170528384343e-01
-2.128750380487107741e-01
-2.019159229305134140e-02
8.997206065894916005e-01
-6.415881200481408086e-01
6.716406495312414737e-01
7.322997982922689886e-01
5.873856523607920987e-01
1.832067073438885529e-01
-8.058901655118624330e-01
-4.666333288826092218e-01
3.278592346659596757e-01
-9.540827685504569278e-01
-3.064943506588924116e-01
4.534993581078272662e-01
-4.371191555193396638e-01
-1.579078102267097994e-01
-5.072826869908393377e-01
3.427630181660301645e-02
1.830818231614725899e-01
7.736325276127644646e-01
1.354622488658980828e-01
-4.132687311333416713e-01
7.866011261342771288e-01
-2.422471408939101956e-01
-9.602925339461260146e-01
-4.839373268828006669e-01
1.073531963334357631e-01
-8.220905262573010575e-01
-3.956721673171397224e-01
-4.368622359816936029e-01
3.631443416009776382e-01
3.613124872695754330e-01
4.747094150892892661e-01
2.720109626550675230e-01
5.901582107215617157e-01
-3.052127027514129898e-01
-6.512369965482027734e-01
-7.675691672069073768e-02
-2.451729175907662039e-01
-1.676968277684660613e-01
-4.510042336387081185e-01
3.837403711308224330e-01
9.075291529338045393e-01
-5.729507904844626243e-01
2.362912724985068991e-01
-8.357714370238000789e-01
-3.539806207729125909e-01
6.431042584927644246e-01
-7.548617182696575334e-01
1.924184788755855524e-01
4.590660903304630835e-01
-2.528807212617700806e-02
9.846394434683647390e-02
9.073546744644311879e-02
3.777015785472013221e-01
-7.006133862308827620e-01
-6.562040598194429641e-03
5.631681316120706882e-02
-7.459551091547187429e-01
5.619126205012016095e-01
-3.413859867121778469e-01
-7.876644923871518600e-01
9.236787537371675683e-01
-8.097412929814284954e-01
-2.196408799468154704e-01
-3.533074016607540280e-02
-7.606304097803604503e-01
4.211129357865117662e-01
-9.296493359725841454e-01
-1.835860131498689984e-01
9.963061920024041118e-01
-9.673931105650418472e-02
4.501190457295449754e-01
4.461486721082109641e-01
-6.425062671450632035e-01
7.822270920800544758e-02
-3.808039475806407337e-01
4.536293882781878839e-01
9.852310501850045643e-01
5.325949997798140600e-01
-6.780644827811823649e-01
4.771137177472193902e-01
-6.761645344214195497e-02
5.380591722823893086e-01
-4.090891061055037525e-01
-1.606974384407537926e-01
-7.350327915327818928e-01
3.637134061201925395e-01
-5.785988703196395244e-01
-4.894129098939820621e-01
8.280424058246835806e-01
4.788571972611106453e-01
9.938633073566609522e-01
6.446443389627916076e-01
-1.149319942252274851e-01
-6.352517223318348005e-01
-4.076165391044828112e-04
-2.904504267135985529e-01
6.531973844739025203e-01
