-9.484067028703495605e-01
-4.168240984976813168e-01
-1.007408756124267279e-01
3.501129721784578264e-01
-6.196282907542323137e-01
6.913075352064539381e-01
6.839284656711420718e-01
-9.688067212187154720e-01
6.657685077279441588e-01
5.174845138479023943e-01
-3.596786769011321994e-01
-5.539240804665521156e-02
6.702557910418053266e-01
-1.894204552060067270e-01
2.421696854580941416e-01
9.153533301381124865e-01
-1.611201370223224461e-01
-1.999200013449542457e-02
-5.774383541470852199e-01
5.473202615096777190e-01
-4.030257743682754135e-01
4.313348232082318129e-02
-9.091119483198901730e-01
-9.860223766897091568e-02
-4.056869624748771774e-01
-4.420437708027176171e-01
-6.754610561307302641e-01
1.203231995758590189e-01
-8.957749440047584333e-01
-3.082304058715178985e-01
-3.914793862782043332e-01
6.411875657124898042e-01
1.000000000000000000e+00
1.000000000000000000e+00
-1.651665267679498783e-01
-1.672109475951475688e-01
4.622611694730786036e-01
-1.206872380983222692e-01
-1.000000000000000000e+00
3.685069699873058102e-01
-9.992899905241902081e-01
6.482989772833245290e-01
4.987166014139587933e-01
-1.910878741476160214e-02
3.038931057818653469e-01
-9.981230644459270218e-01
-8.554464621440571737e-01
2.498378206965066739e-01
-4.004774874741504620e-01
-1.000000000000000000e+00
-8.263058286892877025e-01
1.000000000000000000e+00
-7.616404436454440319e-01
-8.528220856076487166e-01
-3.345032456379680719e-01
1.278251904595554406e-02
-6.727819062316027221e-01
1.000000000000000000e+00
1.457489873338404240e-01
2.884651245823142696e-01
2.056016346929491201e-01
6.188415045775423895e-01
4.127216551296805647e-01
1.000000000000000000e+00
-5.721286735135500123e-02
-1.000000000000000000e+00
1.093376193306935806e-02
-1.000000000000000000e+00
-9.204642732712238207e-01
-9.572572542225976644e-01
-2.964979173562832804e-01
6.150247984973619131e-01
4.657223160425607578e-01
3.056184325268522795e-01
3.384789066744414709e-02
2.273323256550277005e-01
5.412621494242266795e-01
-9.365722668882980884e-02
-1.697430890283349036e-01
-4.132585599015484168e-01
-9.522613209976932280e-01
1.000000000000000000e+00
3.437036312639747959e-01
5.594313157374202206e-01
-7.703479131121969692e-01
-5.850392695843262825e-01
4.828689956947855855e-01
1.000000000000000000e+00
6.406504753838317967e-01
-6.437582081760928610e-01
1.681579687882583385e-01
1.173136216255960540e-01
4.969336896755820465e-01
1.000000000000000000e+00
1.434650203788340184e-01
6.117118069719995610e-01
-1.000000000000000000e+00
-6.556511205620945137e-01
-8.674632754827650283e-01
1.000000000000000000e+00
-2.871501762543451908e-01
4.111060379679140619e-01
3.432314477439135647e-02
-5.885186030740113816e-01
-6.741628081953494611e-01
2.479395104298065533e-03
-6.564087685185968635e-01
8.432270484509650776e-01
3.682155470957090837e-01
-3.667249745531152572e-01
4.161049644864143748e-01
-4.236998495187829228e-01
4.403959179403126312e-01
-7.018935882243843016e-01
1.336742928511583939e-01
-1.373250363259348461e-02
3.998732419497327273e-01
7.829226596139967631e-01
-7.014506486112975781e-01
-4.537126386008113466e-01
1.102258184194093715e-01
5.851622110608116489e-02
5.001417985021217039e-01
1.000000000000000000e+00
-4.342719515314873435e-01
-7.417226895307280632e-01
-8.032809835447349833e-01
-1.000000000000000000e+00
-1.841033273225898270e-01
-1.000000000000000000e+00
-2.651117386828272249e-02
2.131001003917513681e-01
-1.311199557482450873e-01
-2.150651173242236203e-01
2.918226836264200541e-01
-5.383376563530148928e-01
-2.109577095704567862e-02
-1.000000000000000000e+00
-6.624661185956214338e-01
-9.492797251737910003e-01
1.877809509587306802e-01
9.260587062445978512e-01
-3.363132103812084273e-01
4.779599329747549197e-01
-6.569723905088573623e-01
1.091497714800496177e-01
2.448254675824929061e-01
1.000000000000000000e+00
-6.750858568624844569e-01
-6.300871463893262803e-01
-3.619920425635373418e-01
-6.757162478098566183e-01
5.194033796080050891e-01
6.765273012195521796e-01
-1.082786910880727815e-01
5.474170482608375909e-01
1.072350214225035181e-01
2.676717619229639356e-01
1.448951448521243468e-01
-5.042524696487682423e-01
6.157197622300747408e-02
-2.294233588078284924e-01
7.989442749263540033e-01
-4.396980101690463050e-01
-5.362886014419845360e-01
-4.472149145194569408e-01
1.813742058292082682e-01
-9.001655880777149621e-01
1.758824794746473019e-01
4.289864350587035968e-03
5.796125567393414224e-01
-8.561569548813302566e-01
2.395260046569658297e-01
6.244252711538904321e-02
2.439339877057765671e-01
8.308770572131066734e-01
2.583074527083464855e-01
-2.766529643971140651e-01
-3.800110131533409596e-01
-3.287047904400385856e-01
-5.553368041549111567e-01
-4.103907272131285255e-01
7.957426689384030638e-01
1.000000000000000000e+00
-1.000000000000000000e+00
-1.315658047283061599e-02
9.831403349881963072e-01
-6.575470693990179694e-01
3.541297865266149203e-01
-7.080238885763392997e-02
-3.455109863478280086e-01
1.000000000000000000e+00
-7.990486380924027854e-01
-1.265701484133819887e-01
7.820396862023638596e-01
-7.455790188185466016e-01
9.273511145048773940e-02
-9.461466182003083203e-01
1.000000000000000000e+00
-1.201913813216968496e-01
-8.275991376301344848e-01
-7.606428247986899427e-01
-2.387981582908422773e-01
7.317739245826627714e-01
4.109928233525775854e-01
1.000000000000000000e+00
-5.095849263588743128e-01
-4.810876820693068545e-01
1.912974211699045024e-02
-7.329045122951434177e-01
8.088036359639976247e-01
-2.166396238593648604e-02
8.208272343915146152e-02
8.412807900915580950e-01
1.000000000000000000e+00
-1.000000000000000000e+00
2.149282051271311778e-02
1.000000000000000000e+00
3.427448656610510014e-02
-9.041414364525007796e-01
-3.709162452955688805e-01
-6.164701018534769483e-01
2.884473540613781695e-01
2.796649386265999127e-01
-2.217080791918554228e-01
-7.951665540520469477e-01
9.885945301572739430e-01
5.193791187367950979e-01
-1.965996299793884017e-01
8.775573531401366090e-01
-1.864091478414797720e-01
8.298682592907038469e-01
-1.772571221830984423e-01
4.814661378377764755e-01
1.000000000000000000e+00
-4.976027702866903102e-02
1.378164834961980167e-01
-1.000000000000000000e+00
-5.483558860663854118e-01
-4.240254375866883141e-01
2.521437067329198589e-01
2.059520530970765095e-01
-4.715912508820154780e-01
1.000000000000000000e+00
-9.488971070257143925e-01
4.982147995018567088e-01
3.319989793409918732e-01
-1.337085435716012238e-01
2.223401299953889909e-01
-2.920435729271021394e-02
6.922908550871141875e-01
7.119817428967074591e-01
9.463659766976448839e-01
1.941356509182073364e-01
-4.115023677081639519e-01
2.747932413818764408e-01
1.000000000000000000e+00
1.488535887573163019e-01
3.122099636607648110e-01
5.796303543435863403e-01
-1.650032253896753787e-01
-2.473536492881795446e-01
1.000000000000000000e+00
9.090714441165940185e-01
4.758739550048886047e-01
