5.816890174574580463e-01
-7.640447787079764908e-01
-7.715485272731226196e-02
-1.361048373709776715e-01
6.221029242664704029e-01
4.756122072653641286e-01
-5.882306151021852170e-01
3.855498689632942400e-01
1.301840736153383471e-01
-6.447995396606536200e-01
-3.573354887582507189e-01
-3.287408620011983418e-02
6.710902586140063963e-01
9.888632255718434738e-01
-7.364380430837419445e-02
-2.787125170955628145e-02
4.463197902168195563e-01
1.519738099520144825e-01
1.929473685141822603e-01
2.787691281723783110e-01
-5.103471364171960900e-01
8.779898355684583322e-01
-4.003176990796970536e-01
-6.621577055520135868e-01
-8.247411067616394753e-02
7.014003815496181460e-01
4.674849580144972983e-01
-8.086098932287255625e-01
-1.667501994667563991e-02
-8.743282717215741240e-01
1.186346298951618805e-01
-3.142880314284051124e-01
-3.942046113396480145e-02
3.513956201979124838e-01
2.308551975481331064e-01
5.009664410784631094e-02
3.338302704170940105e-01
1.730150137343606787e-01
-1.478243652647063811e-01
4.731381142805528572e-01
-5.790587628446477453e-01
3.623224579701126435e-01
4.985021751494171927e-01
-3.507314181899026106e-01
-2.827607405395617945e-01
1.565980309764344325e-01
2.631417390318737670e-01
-1.253489450930653226e-02
7.506094207399938156e-01
1.240135516221121392e-01
-6.899904412749195970e-01
5.617774606871870358e-01
-4.511593914230668245e-01
2.498424139578873659e-01
9.057289948756985787e-02
8.559793121712232500e-01
-2.267294703452058524e-01
5.110115093282695531e-01
2.912105570344133421e-01
-4.290035093493580476e-01
-3.003657363330956565e-01
-8.886260725523800197e-01
1.000000000000000000e+00
5.306151129694831603e-01
-3.048252690825332123e-01
-8.184880037879389558e-01
-8.029942663581551843e-01
-4.065299274230735893e-01
2.764025625290934540e-01
-8.461139613790722436e-01
5.194876463665167865e-01
-3.487471222447320329e-01
-5.727266132435160362e-01
-8.585779011913341474e-01
1.814149748183859767e-01
8.556135406658580411e-01
-3.462061196342325342e-02
-7.027074546238498698e-01
-2.759143248583595387e-01
-4.557098064240325819e-01
-4.134450156990558956e-01
-5.347631401431380826e-01
5.218969597801128568e-01
-7.299805979817908241e-01
2.822722778613295791e-02
-1.526335902814726087e-01
-2.340422156204461368e-01
5.212929138026534126e-01
-5.644096978560071420e-01
4.426850840587665675e-02
-1.119736299790417000e-01
-3.520464105591176729e-01
6.760651913295601112e-01
3.902159836787062464e-01
7.171434567342136468e-01
-2.925693670659184065e-01
-3.418333876569288332e-01
-1.237233287767552925e-02
-3.737307684866379986e-01
1.295528563969727820e-02
4.608688490161376716e-01
2.823144230110861130e-01
7.388554058933791691e-01
7.717487874786088664e-01
8.996982708242313720e-01
-8.829361438564085063e-01
-2.543572603193284820e-01
2.383788004594851184e-01
5.184959299093818696e-01
9.233458263751515016e-01
7.245931927029689579e-01
8.199823399529453383e-01
-6.651218489609720397e-01
-6.580733163454361989e-01
-6.066803732260293014e-01
-6.239652993579791751e-01
-2.053240345304785386e-02
7.590475201665287663e-01
-2.303208132407945641e-01
-1.818440169685304753e-01
-6.495912182253951173e-01
9.354115366877060467e-01
9.739564558651521153e-01
2.157725521084582765e-01
3.749039550808992427e-01
-1.916310855421945458e-01
5.243556159585807119e-01
3.201685918481976811e-01
5.464516389833278254e-01
2.005180423421497604e-01
-7.116301902433497251e-01
2.333621209181402367e-01
-2.801820151829583772e-01
2.014459761160589668e-01
2.815482606649235553e-01
8.476715369588132543e-01
-5.357328090199957593e-01
-6.000982374206571546e-01
3.458737915382206207e-01
-8.617174213297618124e-01
-8.581392126462894510e-02
-4.599535730730330840e-02
-7.297081075251976578e-01
8.774910804331257363e-01
-1.885989090849811145e-01
-2.199967847910208607e-01
3.119804947739590606e-01
-8.594340315271968844e-01
-1.372790031009807343e-02
8.440040228504859243e-01
-2.137464002403257624e-01
-6.807345035150809132e-01
5.596746281659881195e-01
1.487187014660684148e-01
-4.980009686385329370e-01
-1.048204748932688862e-01
3.569288213280614741e-01
-5.947054065308220450e-01
-5.340072344975799190e-01
-5.202288371599850247e-02
3.649902356490397626e-01
7.099181703067580784e-01
-7.885428939404545146e-01
6.668820419647165654e-01
-5.606292377360331258e-01
4.973840229028616555e-01
-5.982675787276419133e-01
5.633651146502874907e-01
-4.313491182621385089e-01
6.907143827765953592e-01
3.405672830391742179e-01
9.990012728115509333e-01
-7.339785677154535559e-01
-8.294413829254503323e-01
8.786227311727312639e-02
-4.908553135686836710e-01
7.402961463757846694e-01
-4.501463537005781501e-01
2.702575474662949340e-01
2.374707122484560895e-01
2.987512713048940949e-01
-3.644486613294017907e-02
-1.067632053182725471e-01
-6.976195002286835756e-01
-3.258616085432273213e-01
8.395216844842650072e-01
2.628694211406284453e-01
9.488549045738274845e-01
7.661222673623424573e-01
8.442373818325829005e-01
-6.284442073308058596e-01
-3.870668110646137139e-01
7.967509552067952860e-02
7.676688982277195539e-01
-9.012008734695753365e-01
-3.043618456600916122e-01
-5.514662391166784694e-01
4.883745681958633345e-01
8.316042729091361885e-01
4.286809498411869868e-02
-3.897330240322041117e-01
-3.240140068840255960e-01
-3.464404803014511369e-01
-7.765641539332153176e-01
6.090965276909121595e-01
6.424853823409037989e-01
2.847556877517782858e-01
1.290960244115999522e-01
1.967846930107743919e-01
6.721802221373307518e-02
2.880252193624583956e-01
-8.176470413472887167e-01
8.057259100657701012e-01
3.803958690313600233e-01
4.135128161582364292e-01
-7.359555200248127926e-01
2.322133051710362217e-01
9.743953046804512130e-01
8.943064957172063290e-01
5.311412206846855000e-02
-9.914464746299738174e-01
-5.976657074147817550e-01
3.490933757601699661e-02
8.626197115703364560e-01
7.498666745190800675e-01
9.442213308905191838e-01
-1.077342082534249457e-01
3.948264308203783823e-01
7.820772395759876261e-01
-2.404089354748994989e-01
-2.104123572273113307e-01
2.415818615282174786e-01
5.613577126255107075e-01
1.346679461203702521e-01
-4.014315805592643671e-01
-2.141912339272173949e-01
9.292560620243019986e-01
-7.833986905345025065e-02
7.812507023688497476e-01
-9.948040060272194118e-01
-2.686324800160447279e-01
3.561937057133723883e-02
9.453139452584873315e-01
5.205155998514239268e-01
-2.736424468345299843e-02
-6.228189076641332811e-01
8.858914285806471778e-01
-3.103853570178641830e-01
2.909588655341404095e-01
7.761862110638166889e-01
-3.897292437082863215e-01
-1.183433641944415804e-01
-6.231097384795973859e-01
-3.584089128219358766e-01
-3.103410762098643971e-01
-8.812460342317662843e-01
-4.841819784599561416e-01
5.486413135372925076e-01
-3.984848465370365300e-01
3.094891160904850169e-02
2.512215672133378819e-01
5.805182186714479275e-01
-2.983826782737764027e-01
-9.842405990282827588e-01
8.104360982760390186e-01
