-4.864867627180116116e-01
3.796572211823117105e-01
-8.958864115690339247e-01
-4.027367984798062572e-01
-6.042576798503134228e-01
-5.595712627128603955e-01
-9.148437651152403483e-01
4.888134800304586580e-01
-9.714478241758588428e-01
9.803963589449924410e-01
8.957461527167462911e-01
-9.374525538698699201e-01
-7.765315893860245122e-01
-7.879779147289491803e-01
7.725412910686735302e-02
7.522008324327646989e-01
-6.041644570214719234e-01
2.656136140217748576e-01
2.194935611887491866e-01
8.818991073749604670e-01
9.252955681601560123e-02
-8.267708599043197548e-01
1.232902696029247736e-02
2.615725709329876914e-01
-1.048366867083208032e-01
8.276268105173447687e-01
3.816886687714959869e-02
1.950258967000750854e-01
6.738620755703965681e-01
3.668229282381016976e-01
3.027449514988529433e-01
-9.129999534705737219e-01
-4.758889871045433040e-01
2.188875920508768225e-01
5.238662621891856386e-01
-3.745848567489642456e-01
7.640749400106088274e-01
-1.861259825683030389e-01
-8.385479009362388769e-01
4.736410799639914071e-01
4.203427385161417895e-01
-6.069338232296119795e-01
3.598451324268479024e-01
-7.884577285505127708e-01
3.290878023910481787e-02
-2.022944526356746930e-01
-8.992816968656234256e-01
-7.554295689174350681e-01
-7.529433429881211559e-01
-7.246870624351136048e-01
-7.747497071569016125e-01
-4.112813058064761496e-01
-9.420424932041009392e-01
-8.553543115297184141e-01
6.123598676124331064e-04
5.529853567946334536e-01
-7.399964726111372126e-01
9.281815950138792015e-01
5.417967546743143181e-01
1.893893385126432793e-01
-5.849542001572920480e-01
7.106118612297229742e-01
-7.636108261702156952e-02
6.602789358035083822e-01
1.267309071562718881e-01
9.811603557777925921e-02
-4.799128140495529937e-01
5.393451119282159922e-01
-1.421522687410987640e-01
-2.031541013733575429e-01
-4.920968526891300598e-01
-3.558247874408215772e-01
-3.116472129964429350e-01
2.684979280917361155e-01
6.373960702995467020e-01
7.852780699681618515e-01
9.165793620752547000e-01
-3.482169143443372139e-01
-1.493108961745148733e-03
-1.368769753824292668e-01
3.280636033087802605e-01
9.868587317637800282e-01
6.324787710759145476e-01
1.964501864180505653e-01
-1.860241973898821843e-01
7.784382841073502757e-01
-7.179736458104877261e-01
-5.863285209928759123e-01
6.343198289103162413e-01
-7.465290208054937704e-01
-8.398719335223026050e-01
-7.953994987037416031e-01
8.424899333853976824e-01
4.334556299680565328e-01
3.520260017996117430e-01
3.334453350590429466e-01
-7.334051667259988694e-01
7.720077376614862263e-01
2.982803359503052310e-01
6.340699663408744247e-01
8.357342016115514305e-01
-6.283556697334380381e-01
-2.878477120581699467e-01
4.500632627453111656e-01
-1.872729665115890896e-01
-7.184738120790941096e-01
-2.066184126676651189e-01
8.891373622029259405e-01
6.143307602428045300e-01
-2.880066880435649956e-02
2.340949404352232754e-02
5.303779472810206119e-01
7.968618086938095146e-01
1.753207773314700013e-01
-1.433123623228733656e-01
1.083984583882657837e-01
-7.936911623114921710e-01
-5.168806937866345930e-01
-6.289801565308947850e-01
2.388729529205835256e-02
-4.348700662296252073e-01
4.365639674928669667e-01
-7.352160054333145567e-01
8.195888154182831009e-01
-9.787398591634048906e-01
-7.611803669214294299e-01
-2.138350408320111029e-02
-5.449672143048605033e-01
1.499492275803218089e-01
-6.293441632522569495e-01
-5.265784054150295379e-01
6.272692231979526412e-02
-5.604270976148064687e-01
-2.677998768632461335e-02
-4.853996025767868261e-01
1.405158171394091937e-01
8.221074422702208118e-01
5.220690096470954611e-01
5.210268682397247719e-01
-9.378244007569451757e-01
-1.740704489383622100e-01
2.254809106228830018e-01
1.890961462808198323e-01
-9.778861014697435294e-01
-7.453827498286795805e-01
8.876342451923626697e-01
7.236001866384478287e-01
5.966000708042731304e-01
-7.190619438011349729e-01
6.259078290685575752e-01
5.558113946905181013e-01
4.841888318224225607e-01
8.758041154199698308e-01
-5.892314345115343688e-01
6.979324496271255285e-02
4.588443027053168422e-02
7.578756905660115617e-01
7.337084784600265142e-01
1.450640463115240308e-01
8.581221877105964513e-01
-3.778907434109184393e-01
1.125910604102675627e-01
4.224840712329880343e-01
-1.901515322878375436e-01
-8.343340876902858305e-01
7.383559461184494577e-01
-3.313653968892489310e-01
-2.105302604689009982e-01
-1.453659392456319033e-01
6.854107458459874902e-01
2.931626547754295764e-02
8.931157666981235366e-01
2.490212794243362726e-01
3.628440891323769790e-01
-6.029388204157291042e-01
-2.954859772010969277e-01
3.580626074670119063e-01
-7.233129472392407777e-01
-5.564114011836507334e-01
-9.651654776497469168e-01
-5.443263357949865711e-01
2.367842321798423466e-01
7.443418826903867025e-01
7.936745045322259884e-01
7.959099945255010411e-03
4.754609796765010277e-01
-3.371015715366949550e-01
8.147889883933501221e-01
8.525882198901069131e-01
-3.372475160385597359e-01
-6.793086800518595147e-01
1.649341248152689232e-01
7.416210295380629702e-01
-2.113291106407058084e-01
-3.860325441675263036e-01
9.827083327996066764e-01
6.214126038839906663e-01
2.952191504225383234e-01
-8.837110452719607601e-01
-6.436119051877353670e-02
-2.276670478278324250e-01
2.742431737929660329e-01
-8.356457204113976189e-02
4.696721307767810494e-01
-3.803244027838412755e-01
1.746277215318279286e-01
-1.409419984408335491e-01
-1.648598566749703842e-01
7.395926436208366539e-02
6.931322722998225494e-01
-9.465096442036435853e-01
1.575212179792946365e-01
2.108619415740231595e-01
4.277851145749065331e-01
5.472622170178604861e-01
-2.365532060372590450e-01
8.385732414684889946e-01
-1.319033796316926299e-03
-6.698463326671764140e-01
9.409921363539268668e-01
-7.448255353734654083e-01
-6.176496716214261440e-01
4.528986426046608393e-01
2.460074770372833175e-01
5.106975069046273408e-01
4.730853075184824341e-01
-4.536446330977634833e-01
-2.816565872210412547e-01
-4.924681353230939695e-01
2.827494016551701517e-01
-1.859047588142734853e-01
-8.098379378856104260e-01
6.474105208487550556e-01
4.005117438180860745e-01
5.471549048837218709e-01
9.551800020864542606e-01
-4.786158951670582695e-02
3.280072658753407921e-03
-2.321588227107149738e-01
3.496560670906956325e-02
4.294020046127986490e-01
-1.708401167141140320e-01
4.649076208162645774e-01
3.931175230496297690e-01
9.167036314579042333e-01
5.093651409220096848e-01
-3.111271140081304232e-01
1.087268859192207504e-01
9.502228007621262851e-01
6.542692246185237703e-01
-1.114487190670709893e-02
-3.598103773161809293e-02
-3.900048559135060877e-01
9.701048172590667207e-01
8.986769376445638002e-01
-3.677730773137213305e-01
2.388365205630047505e-01
-1.996954724896651268e-01
-6.463669426372464777e-02
7.554421695918172031e-01
7.642131825924081134e-02
9.343927062933492511e-01
-9.883026145104374383e-01
8.623685731184380643e-01
-1.281676422873716525e-01
