1.000000000000000000e+00
-3.949122904091721953e-01
1.000000000000000000e+00
2.902930785105879430e-01
1.860587193502658554e-01
1.317457492468940838e-01
-1.440944938974819678e-01
-9.356610693060046779e-01
-9.653532764067940253e-03
9.007096057360792773e-01
-1.524911108058182307e-01
-1.000000000000000000e+00
-5.838743412894520368e-01
8.509039060666085952e-01
1.000000000000000000e+00
8.415069666035357443e-01
-2.868492392980676042e-01
-7.885642191940465118e-01
9.721178482016814559e-01
3.361769891745018946e-01
1.000000000000000000e+00
-5.916184533808285240e-01
7.893438464450237557e-01
-3.111421698317735629e-01
-1.931748131994846518e-01
2.276681156633326708e-01
4.335063871408826319e-01
1.379003143121606545e-01
-2.259605345099841567e-01
1.369105013802642823e-01
9.937361750883951794e-01
-2.957665567347466107e-01
1.000000000000000000e+00
-6.237364734595096660e-01
5.025725911197631568e-02
-6.399036937805526737e-01
-3.301545075954766539e-01
-7.703799358225078553e-01
5.109459613273747980e-01
9.373208190131113726e-01
-2.614469654412800992e-01
3.162166919026629941e-01
-4.728246555771379867e-01
-4.225269689263064787e-01
-4.093564206464295196e-01
-2.853243769971069432e-01
1.764622513067115595e-01
9.942122514460269844e-01
3.384160545585212510e-01
7.678401257933931134e-01
6.645793914248991907e-01
7.664171351283959321e-01
8.784187152705410506e-01
-7.992738093002755839e-01
3.882230807196531686e-01
6.992799619949466861e-01
-7.639845026188840649e-01
-8.005909677241005440e-01
-1.265503130301059986e-02
2.837423994598529120e-01
6.037195728754203294e-01
-4.336004191673944463e-01
-5.633011573827937379e-01
-7.549779837194637855e-01
1.485911780435258123e-01
2.386824583871776095e-01
4.784070171888128442e-01
-7.224288774644893607e-01
1.561772732852317880e-01
8.187460372467652014e-01
3.472489174829819780e-01
-2.236617587425157039e-01
-2.612717404524669274e-01
-1.000000000000000000e+00
-8.007714499903315630e-01
9.077297993937607501e-01
-2.988567499896706559e-01
9.678929205013880877e-01
-3.590027488078578188e-01
2.213966551886428213e-01
-5.405214604397658995e-01
2.265666992651532152e-01
-6.765878356879053701e-01
1.000000000000000000e+00
-2.345223668776639236e-01
4.943783528195730970e-01
-7.973899503263795485e-02
4.910880946120508295e-01
8.763322831869174712e-01
1.140120138988632986e-01
1.609918392302145396e-02
7.768004911348964647e-01
5.101113135453736458e-01
-4.670403573346677550e-01
-1.000000000000000000e+00
-5.955950786662891350e-01
2.825398821505484825e-01
-2.847186535592967083e-01
3.427003331592590740e-01
-1.306442942017054243e-01
9.744681557952863393e-01
2.002981393706471103e-02
8.617162093395758227e-01
-7.159919369229728048e-01
-1.000000000000000000e+00
6.776960828503912904e-01
5.656328380782444931e-01
7.093227894979212689e-01
4.185080734893704135e-01
-9.903761352020471476e-01
2.506997292110197395e-01
1.589802277803080699e-01
1.000000000000000000e+00
-8.794441316289061117e-01
-3.531581069743383594e-04
-9.224059074946358572e-02
1.787408249106258173e-01
-1.000000000000000000e+00
1.000000000000000000e+00
5.836353713689901301e-01
-2.655788290609109037e-01
-8.988276401822875572e-01
1.141809876007261193e-01
-7.147344975665892441e-01
1.000000000000000000e+00
-7.476534177219590349e-01
-2.782044748662531042e-01
1.000000000000000000e+00
6.186516889879134506e-01
7.988900690526137272e-01
5.473346800688049241e-01
4.742819099416270001e-01
-4.422712830314915466e-01
4.144756182227674057e-01
-8.569006487259295257e-01
-6.254825395541341315e-02
7.916396694848568671e-01
-7.103945831988787152e-01
1.889361932249999931e-02
-3.755403182546389607e-01
-2.561188435177334521e-01
1.000000000000000000e+00
-1.821386933606505276e-01
9.767400248882974756e-01
6.350357066844114495e-01
-6.911667155305132315e-01
-8.218465970571069423e-01
9.932509367966335656e-01
9.916820711037261926e-01
2.463020949166125906e-01
-4.039212756754261280e-01
-8.158221594207755167e-01
7.911030331088133583e-01
-9.895957686128677988e-01
6.103980988466252144e-01
-2.539326672961942366e-01
-6.677444818997180231e-01
2.227018859529028560e-02
1.000000000000000000e+00
4.894986755524000088e-02
-4.884507455464188741e-01
-2.268720270395460092e-01
-2.203939599224293833e-01
5.675262382533152739e-02
1.000000000000000000e+00
5.187425236849405596e-01
-8.311997297214357427e-02
6.123202593575389763e-01
6.410990653116318549e-01
-1.694371275799659848e-01
-6.721772754318986465e-01
-3.483484827707116205e-01
-3.225066652897411457e-01
-2.988001778389251517e-01
5.757463042455737146e-01
7.257315579730069244e-01
1.074914690355153191e-01
3.724802053688043291e-01
-2.777134125067004522e-01
-6.010124219986728855e-01
-1.000000000000000000e+00
8.229012003744220483e-01
3.451781530135674680e-01
-3.261019645950824497e-01
-1.926938268264874743e-01
-1.000000000000000000e+00
7.261483244095729983e-01
9.263585632263104941e-01
-7.422472399114005137e-01
-4.363954165424305254e-02
-2.061260012430465860e-02
1.211289890956483012e-01
1.451511091101802542e-01
6.058728734989382581e-02
7.741360747373959850e-01
-3.304445549894291512e-02
5.397964551545276768e-01
1.103152783803583725e-01
-8.335054099474383804e-01
-7.541053224781117947e-01
-1.126492747232232805e-01
3.072137636332031851e-01
2.554677803019529403e-01
1.505770151976852655e-02
-9.254999594314476941e-01
-8.841424772678109223e-01
7.569883920304287805e-02
-4.370843511502477963e-01
1.000000000000000000e+00
2.452172449758254213e-01
-9.768180300470522548e-01
-6.857484593979422671e-01
-5.812831395382810351e-01
4.329176782245685029e-01
3.660552697568288938e-01
-7.549633505289757851e-01
7.567423953462670827e-01
6.851600376936850534e-01
-1.571742350790517606e-01
7.860523395407384983e-01
6.533451609899638690e-01
-1.000000000000000000e+00
6.025841315808702081e-01
4.745016182733121646e-01
8.425834270343584009e-01
-5.421200479336716338e-01
-2.082304782399456711e-01
4.361734516555824115e-01
3.944787387996091521e-01
1.193834773518966941e-01
-1.359125513223816695e-01
7.084910654921833251e-01
6.394631785980384175e-02
5.106957887235272775e-01
-1.000000000000000000e+00
-3.150061021944499107e-01
-1.103165409339484926e-02
9.108306065922862071e-01
-4.348358399237660099e-01
-5.291930878842581176e-01
-2.533406661781294478e-01
-6.632887496773953728e-01
4.996882040993867458e-01
-4.258886612212389733e-01
8.910193017950565064e-01
4.588507611183573198e-02
-1.961229854648260940e-01
-5.929542543964677614e-01
8.965004549211494922e-01
-1.239357294678058441e-01
-2.299946807534889448e-01
7.041221116763114463e-01
2.384505177469182224e-01
5.122614998191674651e-01
-6.427997160293363876e-01
-4.376049160300686802e-01
-4.423272827681727914e-01
2.013698434478738974e-02
7.802402769010612360e-01
3.145329733847554432e-01
-5.915861325386175817e-01
9.443886604510690619e-01
1.000000000000000000e+00
5.352348358151426400e-01
6.299529487031753083e-01
