2.027909817342665177e-01
2.350579024543565931e-01
3.191440710907865186e-01
-6.385838247645776455e-01
-2.897187519639154996e-01
-7.351040003619374597e-01
1.956857346538430353e-01
-6.101629349260577762e-01
3.022720357164054295e-01
-9.002577888031348952e-02
-3.021133039160361911e-02
-4.384548173413912453e-01
4.931132019734992822e-01
-3.623405474980689323e-01
2.926724348967592593e-01
-6.811689241169549547e-01
-8.134320823325480454e-02
-6.111900124772584597e-01
-5.645672028461037328e-01
2.241622576276004475e-01
1.115751672132354322e-01
-4.336795828266113428e-01
-1.000000000000000000e+00
-8.142705079541284752e-02
-7.969475152824373465e-02
7.467338715914378922e-01
1.836253563899862273e-01
-6.253451680586015193e-01
3.396789592048343742e-01
-8.799361529572174989e-02
-5.476559823344243627e-01
-3.382991622483227379e-01
2.234737105912237842e-01
-5.039018261173913715e-02
4.960093851153846156e-02
-8.403462272810825473e-01
8.843144011434379836e-02
4.899983292864454332e-01
5.042488086470986453e-01
3.960300208929770083e-01
-2.785574459112808432e-01
-7.008408587452352734e-01
-2.601656239783372015e-01
7.314856578094581785e-01
-6.646152174891538644e-01
-6.027994219767276451e-01
-3.973152160569785041e-01
-4.124538075792195946e-02
4.858389992986424932e-01
-6.466433059691893970e-01
-3.935766032671667025e-01
4.217413638345097748e-01
1.348554976917834269e-01
3.895239206263118037e-02
-1.878892900473230210e-01
1.000000000000000000e+00
3.724052836939948929e-01
-3.863593159008256728e-01
-6.841459558754800496e-03
-3.194821989732682388e-01
7.238553173887742886e-01
1.664184745530191967e-01
5.875398739056442166e-01
-4.762580270562065121e-01
2.145474822625493272e-01
1.000000000000000000e+00
4.894208825504160476e-01
3.453609139486045754e-01
-1.983140203782323141e-01
4.904389469717103656e-01
-4.793861459742143616e-02
3.453374164803888480e-01
5.789465083385973987e-01
-1.708902885724870035e-01
-3.497415852886385235e-01
2.286400249884816271e-01
4.074834845726509891e-01
2.112292597711796782e-01
2.721312501712588872e-01
-4.060546203529238896e-02
8.113366301330215968e-02
-6.247247373305258034e-01
-2.670046485762225807e-01
-1.218828158697674718e-01
-2.666660975195696281e-02
2.292137575607929856e-01
7.851487074067018401e-01
-4.426181113449305649e-01
5.758919196372925819e-01
-5.797731488654290777e-01
2.300003758462771108e-01
-7.509962890462489327e-01
7.679185799429659731e-01
-8.015839767940515781e-01
-1.945675380610329963e-01
4.838782800230556624e-01
-2.400323316375028992e-01
-1.049599417634098364e-01
-6.363796692627290419e-01
7.383955252407942149e-01
2.648116181668593860e-01
2.234058995799615976e-01
1.388282721250310159e-01
8.985334414415891979e-01
-2.936830048723201858e-01
6.676646640878987071e-01
5.670121367909357613e-01
-2.480007849496888572e-01
-2.472965787086990330e-01
-2.948318342901332448e-02
4.806202229723886554e-01
-3.150701921572742759e-01
2.423947847478284956e-01
2.878163095204314681e-01
8.255819378406938913e-01
4.767704964411473290e-02
-1.314009842665451178e-01
5.572713907208317607e-01
-6.889781444046908510e-01
-2.509674237148753484e-01
7.389896653393790427e-01
6.041020524322897600e-01
-6.714291296795962261e-01
-6.802334464162584915e-02
-4.001790654104993572e-01
3.217559036030548381e-01
-6.175944282543696651e-02
-4.646686301687965592e-01
-8.817182257219871588e-02
-5.026047726353827239e-01
-3.559974137097221547e-02
5.556259554395137634e-01
1.292656189086747176e-01
2.041523243738269100e-02
-2.921624565957067210e-01
-5.111497642647933048e-02
-2.122360138997044787e-01
8.159958779931741901e-02
-6.770940024896450193e-01
-6.303914108809843819e-01
-6.400032685620338224e-02
4.568980607039869191e-01
8.554324383084878081e-01
-7.362041851732091802e-01
-3.206011598609849744e-01
-4.702403662439909038e-01
1.000000000000000000e+00
2.646168258955168273e-01
-3.690854295198256474e-01
-2.972482027428642315e-01
2.928031943186360508e-01
-1.563522031792523581e-01
1.676202351610771302e-01
-1.030158412794296152e-01
-1.414915829273583336e-01
4.495023555512679958e-01
6.236182041794036124e-01
-2.971634108433330868e-01
2.254426869480238849e-02
4.752968104473893618e-01
4.238626448883244802e-01
2.130421623901081474e-01
9.946214587938256857e-02
-8.753427979299269190e-02
-2.284364461821654091e-01
-4.699124105124416473e-02
-7.900377093699313402e-01
-3.710704597847591657e-01
-5.603321292547336352e-01
-2.303417001843685030e-01
-8.469912741715027726e-01
-5.010906801846495839e-02
-8.761285181986910864e-02
-2.835325990181166711e-01
3.802362215980508164e-01
-8.127590647028957171e-01
-6.701787579368740921e-01
-6.222696556223473729e-01
3.448364796812112276e-01
4.426095376095033340e-01
-3.513250439505901657e-01
1.447160373324513083e-02
8.815433034729394102e-01
1.000000000000000000e+00
-4.337684931040197700e-01
-1.638013369968271404e-01
1.643090325347185687e-01
3.076457715729976061e-01
1.684041408014833596e-01
-5.302996120049751072e-01
-3.460782793264978729e-01
8.694036118615189324e-01
-1.274974554411161809e-01
-5.464571291996145330e-02
-4.401520089082862075e-01
6.368752774918391424e-01
-1.758046732815939650e-01
4.790209730463873550e-02
-1.329672902101258769e-01
1.640625440715066663e-01
6.216224868174157203e-01
-6.069542109419934217e-01
-4.566504387308258917e-01
5.039247104714699166e-01
1.861008034952487122e-01
-8.984443630542782167e-02
-3.224698392611571318e-01
2.492077343095576714e-01
-3.334425872439040761e-01
2.819398844748222110e-02
-7.790481772845360142e-01
2.884382699678270656e-01
1.027000805106916825e-01
4.150320954421796715e-01
2.409976356123415542e-01
-1.000000000000000000e+00
5.442710098774732330e-01
-6.553999235116109157e-02
-2.029915324692390666e-01
-1.549375113180894159e-01
-1.000000000000000000e+00
-9.975085587406623544e-01
3.889091077909926364e-01
4.951143860612986503e-01
7.098347773364921398e-01
-7.414777673147656678e-01
-4.452841204226022365e-01
1.232207812768384980e-02
4.384478057190628886e-01
-5.539229542976509268e-01
-1.166842145182256374e-02
5.183023827674806960e-02
4.126578400236029509e-01
5.156872464024138125e-01
8.755124759058325878e-01
1.653381506262705247e-01
-8.602473334952454032e-02
3.545208370368926332e-01
7.761105509443447792e-01
-1.000000000000000000e+00
-7.202528949725892637e-01
3.612039243926599141e-01
1.524426468370194687e-01
1.009524785780802070e-01
4.284087199810628910e-01
1.677647926474085394e-01
-3.223640956645125732e-01
9.644065664616563449e-02
7.524448717371996498e-01
-2.875153104470876686e-01
2.523660996452368188e-01
-2.623905953018412784e-01
1.491624179655746119e-01
-5.754706170846933810e-01
3.157555054081391255e-01
-4.278582709622772429e-01
5.892867354082216291e-01
-9.805478062198111355e-02
7.417436570399930096e-01
3.209494852242630869e-01
1.237464193492714137e-02
9.226448338741366495e-02
7.506944685760224001e-01
-7.742413849459828246e-02
5.513912798522777603e-01
