7.984239762223803716e-01
-9.285427026329368116e-02
-7.560865844668437363e-01
5.965428799751246736e-01
-5.785063057377066720e-01
-7.443472132818038656e-01
1.000000000000000000e+00
-8.374019388467859315e-01
6.060754332093216679e-01
2.664383448829400480e-01
-7.899285833689713154e-01
-9.618010183670298030e-01
-1.366717373054038287e-01
-1.000000000000000000e+00
3.091288190259037227e-01
9.585709994402455414e-02
2.297642168047391298e-01
2.656242830848656311e-01
8.622063136767976754e-01
7.664124916737038440e-01
-2.478046407814221697e-01
1.000000000000000000e+00
-9.354484072103730341e-02
5.866031813443794984e-01
-3.937318927583626227e-01
-6.917789639297835524e-01
3.104045002389318464e-01
-7.870137798158842735e-01
4.558799844805535018e-01
-1.122735883139923674e-01
3.420997544282160518e-01
-8.553489597895196361e-01
-8.368547013081503172e-01
-4.968223546007488611e-01
-8.843501422344588470e-01
7.748194471442559905e-01
-2.395401076930019080e-01
4.287098626909515708e-01
-4.341176888968281133e-01
-5.110026530975556591e-01
-1.000000000000000000e+00
-3.366056211825876332e-01
-7.926453599821459139e-01
1.000000000000000000e+00
3.393358347334012870e-01
3.250363637788500348e-02
9.248639810142271767e-01
2.159063869913735445e-02
1.976564292976155102e-01
2.674717821543414753e-01
1.409940688297649791e-01
-5.261216613373624895e-01
6.155866543046023542e-01
7.505366113870226563e-02
7.144029134115172930e-01
-7.973181156525503965e-01
-6.503382114017084437e-01
2.977862999115855613e-01
-3.303872256609778901e-01
1.498782309633810428e-01
6.534255136253963592e-02
-9.428853331715693065e-01
-1.422737159540306273e-01
-6.098676000122371654e-02
-2.018261024267702375e-01
-6.219129933190996606e-01
4.727062117121965112e-01
5.840644502110017289e-01
5.125663075634195875e-01
3.556985622762875998e-01
-3.536527388486607193e-01
3.811980771276402002e-02
-3.893337899782298717e-01
-8.941761819424298707e-02
-4.084465730762907310e-01
-1.797238477130734258e-01
5.557762336457439112e-02
4.379016612205378634e-01
2.858910104616476655e-01
-1.859500106680962439e-01
2.506247475511083622e-02
7.105266169245167962e-01
-3.037927399322137845e-02
4.471350691355275853e-01
-9.452171762132069444e-02
8.244922801677396773e-01
-2.906118756677873727e-02
3.279279745198060425e-01
-2.740858686244597164e-01
-4.152169150906386275e-01
1.282894076584451537e-01
5.146167834526300666e-01
-1.000000000000000000e+00
-2.890614528174613174e-01
9.265388131876113320e-01
-1.132006070663270914e-01
-1.162251638715927626e-02
-6.271947426984494367e-01
6.768049759426424394e-01
8.500357568620494630e-01
7.128257174651141392e-01
9.894308137759144639e-01
6.419967818770155876e-01
1.437190378785304645e-01
-6.191055305171471179e-01
-7.659180679183419382e-02
-7.146407662207912015e-01
8.158915933115202801e-01
-9.988443569848570736e-01
-8.736942631044197771e-01
-8.843780753930841065e-01
7.448942783268737156e-01
-6.957825496030241030e-01
4.327376258031596645e-01
8.919039447932015641e-01
1.000000000000000000e+00
-1.000000000000000000e+00
-1.000000000000000000e+00
-5.299361926834125214e-01
6.444591976048634763e-01
6.084426476552919905e-01
-1.284628334952298834e-01
2.046797798224955223e-01
2.624273285323557303e-01
-4.899213752669595578e-02
3.289019985875274443e-01
1.000000000000000000e+00
-8.281997197383262899e-01
-1.141175253937951606e-01
-8.752874868983853140e-01
-1.089838872156401461e-01
-6.721612173018407521e-01
5.981498076687186138e-01
6.660799365151999218e-01
-4.143265402794636398e-01
9.567393230247629443e-01
1.416983348087049455e-01
9.018669545778124075e-01
6.318540248211361732e-01
-9.920510907455211136e-01
3.261800546830003755e-01
6.474630494696482774e-01
4.041853513939552833e-01
-1.000000000000000000e+00
7.125804684033957281e-01
1.458041103030006669e-01
4.528078062242095747e-01
9.426560557963441500e-01
-8.123191660210142828e-01
6.465736237275743203e-02
-2.101348202981253577e-01
-2.299349020483162365e-01
1.244240617339845700e-01
-3.697923715270676759e-01
-2.872347465343063622e-01
9.740151413456499263e-02
2.434889242915931895e-01
2.361398277239440402e-01
5.934598556625649834e-01
-6.125665170004490623e-01
9.060245833428928197e-01
-3.985640152945285619e-01
8.582046719070923757e-02
-1.955647519619356789e-01
4.893267860861274521e-01
-6.192698327951065007e-01
5.172918563369200973e-01
2.386433247385996714e-01
-1.353300485826783861e-01
4.396489362191226546e-01
7.925302310273729667e-02
-2.686104764101027165e-02
7.957439241473317493e-01
-6.938608038054161486e-02
7.213807598277803823e-01
3.483950483374349538e-01
-5.267864989646762197e-01
1.150330787720521553e-01
4.715557006501391868e-01
4.982618428752982886e-02
1.368363480599524562e-01
4.677769183662783270e-02
-2.057768177666453036e-01
-3.045278439734425691e-01
4.912423480340597504e-01
-2.338383224276097683e-01
7.236190472537245011e-01
-9.365083596056122950e-02
2.358991299489188176e-02
2.887775492144037948e-01
1.000000000000000000e+00
4.570053616583689138e-01
-5.431516474593800492e-01
5.831059721750602165e-01
2.861820052616866339e-01
-1.155414778910457407e-01
3.803704781429296244e-01
-4.050751074196237700e-01
-1.125836661300369523e-01
5.329281616220644668e-01
5.600520485390586556e-01
8.391446377192928185e-01
4.157896995806094065e-01
4.003726226884163353e-01
-6.123525263814881825e-01
2.933521313097520178e-01
-4.473241644568110575e-01
3.140279306863283382e-01
9.659748423375933424e-01
2.799731662016484712e-01
-4.505973391015705154e-02
-9.453177097821666708e-01
-1.911590162857055297e-01
4.864315352296959549e-01
3.757700503528194069e-02
-1.000000000000000000e+00
1.715442837633742723e-01
1.641099136419150728e-01
8.698476701350297269e-01
9.264767750283370296e-01
1.551929849006198903e-01
7.050896786757732126e-01
1.000000000000000000e+00
9.853887468371302916e-02
2.289340888516623873e-01
7.504425140211332668e-01
-1.000000000000000000e+00
-6.971460894945875619e-01
-6.718486220492788652e-01
6.935147058733788228e-01
6.987650642226179709e-01
-4.106603130038717353e-01
-7.582099052293698183e-01
8.557342803740657367e-01
9.252708179283706258e-01
5.197152615442394152e-01
1.000000000000000000e+00
1.155169038311258944e-01
-9.131785989188179187e-03
4.265517261979507868e-01
-1.978807158613749007e-01
7.203806663348149009e-01
-4.285355966622503843e-01
7.981416661060469764e-01
-9.330861722712806561e-01
-1.000000000000000000e+00
-8.313111006055013963e-01
9.035605998597873167e-01
-3.849756340904916807e-01
-3.976519486341796306e-01
-3.898242290934756937e-01
3.667520456247161942e-01
8.227192914493605125e-01
6.494170318439378420e-01
1.000000000000000000e+00
-7.338000244896109026e-01
3.011797139641259058e-02
1.703469329978495317e-01
7.217705241328336019e-01
9.133518067535646434e-01
-2.056430314149537697e-02
-6.003050516818153604e-03
1.969354130064824293e-01
9.957617071125013375e-02
2.836144868908974104e-01
