1.113864948256102494e-01
-6.590387702628459632e-01
-5.059655271379245312e-01
-2.053817801146522459e-01
1.420122574054427100e-01
-8.202580799954890534e-01
-7.584677887588842093e-01
3.171062222626355731e-01
-5.417942149283372366e-01
-7.154947087581865484e-01
9.520254186600005664e-01
3.494064198285348199e-01
-1.290974310830453886e-01
-7.022701457754090271e-01
3.238273690485230505e-01
6.186087358869125641e-01
-3.461263735014801224e-01
-8.711769551354969776e-01
-4.995286444569069229e-02
-1.000000000000000000e+00
-9.580473256256560877e-02
-5.503960404378234195e-01
-1.905822850987260453e-01
-9.733005182683332479e-02
-1.000000000000000000e+00
-4.761469135657675489e-01
-3.376395050327408720e-01
6.322078140898947929e-01
2.999355589924875276e-01
1.000000000000000000e+00
1.000000000000000000e+00
-1.697821450603100579e-01
-2.106203866968022753e-01
1.019309173504930749e-01
1.000000000000000000e+00
1.940266781063688106e-01
-2.800556764870693049e-01
9.937289163201935560e-01
1.113624990163313289e-01
2.855059855868590790e-01
-2.376433677873435180e-02
-9.301220789485659113e-01
-2.017346038649820705e-01
-1.000000000000000000e+00
-2.094633906185414951e-01
-9.113368859631318930e-01
1.687774365500115115e-02
1.008170230403739459e-01
5.376769552043045852e-01
-6.594720220514943554e-02
-9.389489503775637624e-01
-7.989076218762334314e-01
5.588345565553467509e-01
7.540771731809461365e-01
-5.065830910973493362e-01
-2.227932823412124008e-01
-7.853338982306856675e-01
-9.010946393322147863e-01
3.092872889096957567e-01
-6.271150418016055994e-01
1.306136797600104815e-02
-5.391143690464664795e-01
9.362901472579621132e-01
-5.649044061381590653e-01
6.530478929266023691e-01
-2.701910911890564870e-02
9.135773644934862547e-01
2.500263897518375522e-01
2.676227392998848514e-02
8.247249929344031560e-01
7.133488175955404742e-02
-5.948010585332743627e-01
-3.042390025484318916e-01
3.202779576217659741e-01
-3.269466204622361039e-01
-1.000000000000000000e+00
5.987031436718381894e-01
2.373318813423645479e-01
7.807471101375118572e-01
-6.348877540491414395e-01
-2.383691879129411495e-01
-3.911325099086367940e-01
2.265797912951718618e-01
-2.330486730044026566e-01
3.201919172615912967e-01
9.627299370930949562e-01
-2.075039777537394936e-01
-2.959787646676582673e-01
-2.611847493170760814e-01
-3.393456810569321913e-01
3.750589145546676106e-02
3.567235201713491177e-01
-2.026614068010036129e-01
-2.484534736136607691e-01
5.585070710608219802e-01
1.000000000000000000e+00
9.054354816654992533e-01
-6.718509512806487838e-02
-3.888813377014443962e-01
-9.687065456058878699e-01
-3.290476634306897519e-01
-7.441744791879153498e-01
-7.305394650435748094e-01
-1.919513957106261659e-01
2.355008121719517900e-02
-1.700407975662653892e-01
-7.537471398731451222e-01
3.423126495307291517e-01
-6.334831454474090240e-01
-9.403523752716943518e-01
-6.296497394778204360e-01
2.955113587910804945e-02
6.539033846070542166e-01
7.610295029441337400e-01
1.000000000000000000e+00
-6.788739025641651326e-01
-4.200802645121766155e-01
-3.808594387871633846e-01
9.312010497993825631e-01
5.072108148798377680e-01
-5.523291911110692620e-01
4.342672618291872344e-01
-1.373157339650692976e-01
6.575619398903986834e-01
6.377360168936887508e-01
1.834236709173040214e-01
2.149983016184201512e-01
-2.180947047947301431e-03
-1.000000000000000000e+00
2.063187823092761108e-01
-1.872900021613921884e-01
6.670673233516568601e-01
-5.286793412459128705e-01
-8.801956479502413000e-01
-8.689838034663008859e-01
2.411334858960069161e-01
1.654218590253668797e-01
3.344747750126835228e-01
9.437807250284095673e-02
-4.866864411419086212e-01
5.126849389187477790e-01
6.245471757108704836e-01
-9.604900532223005216e-01
-4.623884670970236366e-01
1.535701524434905374e-01
-2.166545929974350582e-02
5.110143647246283560e-01
1.572471293402096792e-01
2.525191960845907246e-01
-5.649825673320884034e-01
5.475556787101951706e-01
-3.947143971666405848e-01
5.880567275642802905e-01
-8.120056989982203932e-01
2.146488655797300082e-01
3.167412490577374284e-01
-1.373312775780929362e-01
7.514299301837681355e-01
1.038395633173408300e-01
9.730649306939694876e-01
3.432856741407442902e-01
1.146605948799929164e-01
-3.356709957009445522e-01
-3.152905164753360134e-01
-2.180409943946881313e-01
6.968613464473991659e-01
1.136095376131085466e-01
-6.360813406963836680e-01
-8.417260664081561705e-01
-7.413476496076156774e-01
-8.038895079091203932e-01
3.659567351827219817e-02
-2.378286385598834818e-01
-5.280829972015685936e-01
-5.713611690764246465e-01
5.704049506913058121e-01
9.552952639364030718e-01
5.920681981654755122e-01
2.552658804633023415e-02
-2.221623054707522193e-01
3.881678505207648566e-01
-7.982322894122799717e-01
1.245909961966896184e-01
2.882666994555539430e-01
-3.589732446009517575e-01
-5.815990914348507790e-01
1.000000000000000000e+00
2.066693766131788568e-02
-9.193672657703855222e-01
8.892005320325072626e-01
1.564899073330922596e-01
2.084643480840697727e-03
-4.738500912005997878e-01
-2.030521375886057411e-02
-3.128797548912983228e-01
-4.708173133480900163e-01
2.661547760980904620e-01
5.098051741667631864e-01
-6.370322140084172524e-02
4.926036746531251009e-02
2.197311974519735589e-01
4.312912206371848911e-01
-6.969440471378708646e-02
2.197483049314080394e-01
-2.938421402146845218e-01
5.083429895772760831e-01
5.253308636624083316e-01
-3.826448577316726718e-01
2.487609635306789746e-01
8.023463234387939735e-01
1.160275451800897861e-01
-5.670906623942904012e-01
5.430542230930099912e-01
-2.820187684409110052e-01
6.236658567039319312e-01
-6.974639103213374769e-01
-7.230322308106320595e-01
2.023502420406717572e-01
7.987042267407553631e-01
-3.460606573264604080e-01
-1.244541968504400686e-01
5.853201270434055248e-02
-1.000000000000000000e+00
-4.014526230717747612e-01
7.796617733179840304e-01
-8.346944799603094323e-01
-4.580095957897015180e-01
-3.003099206536209986e-01
5.073561882561534730e-01
4.007512127521516837e-02
3.310950303732743127e-01
-1.650511831557044395e-01
3.343901942956047924e-01
1.000000000000000000e+00
-3.665124341105138739e-01
-2.527957085961380912e-01
9.351303633681719019e-01
1.000000000000000000e+00
-2.859423480593884515e-01
1.845033193728446985e-01
5.767998399185314540e-02
5.505087427130710420e-01
9.648039677475753750e-01
-5.306609280301157749e-01
-3.553211375008581974e-01
-6.832962169818727061e-01
1.000000000000000000e+00
-6.101271858260266523e-01
1.000000000000000000e+00
1.447204594129773980e-01
-1.000000000000000000e+00
-5.006468718701027054e-01
5.823827994091295146e-01
-3.103407823292474998e-01
-1.365220583770127005e-01
-1.000000000000000000e+00
-1.854718190583897752e-01
-8.529751396591911394e-01
1.000000000000000000e+00
-4.961624064139072976e-01
3.304603801953634457e-01
-1.548709777180977409e-01
9.921817924606509687e-01
-3.096015746854896555e-02
9.642438983836774113e-01
