-7.707489456226424007e-01
-7.754979241334085671e-01
6.251581874650788961e-01
8.914783781791282280e-01
1.964916442948736464e-01
2.191797118329068539e-01
-1.414200470115158925e-01
5.204518632138627199e-01
-7.114156909575450882e-01
2.429173109010713816e-01
-7.755474048502437601e-01
3.319426991002045746e-01
2.186559368867224684e-01
-6.964006140530563105e-01
-1.969612375472036270e-01
7.833952115367175395e-01
4.951897911715106293e-01
6.643325570137306180e-01
8.818690283736361213e-01
-7.164440513798366883e-01
1.120502756721306614e-01
-1.379398770028481547e-01
7.895914892070550195e-01
5.722316476272268915e-01
5.444525666961297361e-01
-3.484741932767931871e-01
2.238596035683287910e-01
7.262228373660579717e-01
2.141921892018296969e-01
1.092408053574462912e-01
1.764409943584555052e-02
5.038646599176093144e-01
-9.974698248624367380e-01
3.953891660020845134e-01
1.878013041751538381e-01
-8.176136214418781023e-01
2.675543991208724215e-01
-3.175631259813178620e-01
-5.210131601138008328e-01
-4.197914084275362612e-01
-7.214038090696002214e-01
-7.353273946803813299e-01
8.086940824780848303e-01
-8.772626831213612419e-01
-2.784007175495384345e-01
2.216635934359614257e-01
5.920954485585788740e-02
6.848855968132407934e-01
-5.263599195945491971e-01
-3.905373629248360956e-01
-1.229972645807992926e-01
-9.324419026318311321e-01
6.646857471436682374e-01
9.692945073756389363e-01
1.700711643589936095e-02
-4.064943637655208386e-01
-2.621897272617892405e-01
-4.679225960915103233e-01
-5.994702246720251537e-01
-9.788805990428239845e-02
-9.325753718639311352e-01
7.291381082728287666e-02
-3.153811278760694226e-01
-2.460993492372283153e-01
-8.629020324923137863e-01
4.029427445787114870e-02
-2.139438953679384525e-02
-2.519222782551839845e-01
-3.391332041826908839e-01
-1.989788618260239783e-01
4.087738485210539174e-01
5.198769502155533573e-01
7.701011564667927800e-01
1.000000000000000000e+00
-5.956434833972786835e-01
-5.409134397961672391e-01
5.249795376364141397e-01
-1.457371043400450539e-01
-3.965062497200375624e-01
4.990353570946687300e-01
-5.773512361188886111e-01
1.120565589354196590e-01
2.146019300939501218e-01
6.840509185360961197e-01
-5.297888296303643330e-02
5.761840383678238364e-01
6.633075085335244925e-01
6.483938372587489951e-01
1.861389592378819291e-01
3.204850357269544148e-01
-9.944578612548107266e-01
-4.031888317137433120e-02
-2.814135850512839987e-01
9.142448222289956128e-02
-3.437848706142816457e-01
7.413211971177284809e-01
7.501131929961348810e-01
-1.125356104329919837e-01
7.595456580644928124e-01
-7.480977833378348318e-01
-4.592904237811861190e-01
4.233807585044020438e-01
3.768363702151475980e-01
-3.979967586562200843e-01
-6.524194388856516813e-01
-4.905007673747308061e-02
1.498254844910107408e-01
2.713314482030448893e-02
-4.558818043099051032e-01
2.712047112540700855e-01
9.035997720219826057e-01
-5.646336072224693581e-01
5.590166198853114832e-01
-6.173145494002765243e-01
4.278704041579413087e-01
9.022038963172835935e-01
-4.941657059995356871e-01
6.541015255085886881e-01
2.328695924227297542e-01
9.572731465987085464e-01
8.066536910343289346e-01
-7.138260951143693411e-01
1.510698734862272463e-01
-7.632188496946017420e-01
-3.112277459776195965e-01
-8.502380633658588316e-01
-2.260406752238002248e-01
-2.829086645631782027e-01
7.727026205499820666e-01
7.267969114529004848e-02
9.976971159402252542e-01
5.843061746427633540e-01
-8.516557603340202398e-02
-8.170831419826438680e-01
5.640627296124123280e-01
-3.069635371150913894e-01
-2.228335004816517362e-01
8.181539104685691122e-01
-4.335103789002118790e-01
-4.065432983109751319e-02
-7.442393545205945316e-01
-5.166879191868238852e-01
6.969020700440793359e-01
-8.698725005233187701e-01
-3.920087712790909507e-01
1.870673384717145282e-01
6.807686513415749374e-01
-2.858281487243432561e-01
-1.480278557950240881e-01
-9.819645941847379156e-01
6.708867578871462456e-01
1.113153779452540348e-01
-3.293801914180938262e-02
9.323015729515979899e-01
7.381931875683203081e-01
5.669243011179865288e-01
6.040337148478067686e-01
3.870612960332457941e-01
-1.839831120858255176e-01
-3.155151912318945318e-01
-6.107906446614261853e-01
-5.373766814046943008e-01
-5.495853281427713899e-01
4.207731328464356935e-01
7.436975664198022251e-01
-6.628007630471330902e-01
-9.806369428504954078e-01
8.777617062693747751e-01
3.258216492685137577e-01
-7.668092082806581278e-01
-3.679836223475232426e-01
5.540101583448893141e-01
-1.340723685418221400e-02
5.911751298830000279e-01
-5.069694939042825865e-01
-2.102978773564885273e-01
2.726246456685399444e-01
-4.625096484495387905e-01
1.180989707843096426e-01
-2.673883158402137195e-01
9.556262256856358217e-01
6.432481063177755143e-01
-9.250072971080358641e-02
7.935799639643679182e-01
-2.618872738621040863e-01
-8.579091101526319374e-01
9.217455020639759855e-01
-1.295869637784525796e-01
4.881845708016845364e-01
5.507002699814347313e-01
-6.541505145502539698e-01
-8.673588132473506462e-01
-7.514275491151845010e-02
-8.476424910585074191e-01
-5.927513411395635146e-02
-2.010320450197242703e-01
9.093549201098827250e-01
4.984133187637690421e-01
4.501620071946756951e-01
-2.884221428208939564e-01
6.301879454015572035e-01
9.526371383359061307e-01
1.875760191853983461e-01
-2.872204314176693973e-01
-1.846151012650911749e-01
-6.084288262172803385e-01
-7.451151002325346884e-01
-9.094385737646326628e-01
-2.684688742374636838e-01
2.288177374498831795e-01
-8.674926364383450661e-01
3.202953954066847242e-01
3.104325769535076773e-02
9.286590913977961215e-01
2.996100463410285020e-01
-3.024655257640946893e-01
-5.878837393442213344e-01
6.759119887213524969e-01
2.394636804358083459e-01
-4.929906051524104438e-01
-9.331243028271558604e-01
8.756936913429633762e-01
8.921570420852533712e-01
-5.129188522484593449e-01
-6.534044568933028430e-02
-8.567766228990276733e-01
-6.516675400350568914e-01
-6.528246975813092323e-01
-9.460159274100172766e-01
8.104181015467393223e-02
-5.337988603153371869e-01
-6.472497203009046629e-01
-4.843425921662543043e-01
2.734848438259254166e-01
-3.994647812949465582e-01
-6.482276002757452193e-01
3.454355161738118518e-01
1.574566501469796265e-01
5.258813189313127356e-01
8.833818678759119969e-01
3.032483346730281415e-01
3.898506161840775697e-02
3.406502160156810177e-01
3.655839521695094518e-01
-6.837169163737291111e-01
8.803640663072807016e-01
3.438030869998238703e-01
3.576244871706888429e-01
-4.215339019584292135e-01
4.149952535415195598e-01
-1.512834503437585632e-01
5.474713159284894104e-02
2.787672921198869336e-01
7.013799465704488867e-01
3.967563725907423677e-01
2.013695327599811513e-01
-4.798720792246093936e-01
6.772348452731185020e-01
7.831757961052416839e-01
-4.402281686883342537e-01
5.039508496007960581e-01
4.531703895594374476e-01
-4.640181941001411126e-01
-2.132157209543297238e-01
-4.656641878632121756e-01
