-7.653967334531742717e-01
-2.491144026362465680e-01
1.000000000000000000e+00
7.735500318648973472e-01
8.854322045813141084e-01
-5.283771851675969078e-01
-6.335712925009309160e-01
-5.417306559671850597e-01
5.911225915908291384e-02
3.315912932358671128e-01
-1.443703070230359931e-01
4.536926702379473486e-01
3.380306383800424364e-02
-1.170663125087085810e-01
6.035512084399421440e-01
2.494501908469215490e-01
-3.494452442100714484e-01
6.692623443316172427e-01
4.569175986943962986e-02
1.397065668877530975e-01
5.350596424904577875e-01
1.000000000000000000e+00
-2.546502879472388736e-01
-9.978396084738612171e-01
9.663010941456908753e-01
-7.289209652837302933e-01
2.743582593202640862e-01
-6.883790539559658805e-02
5.127521833806838458e-01
3.478744410528720188e-01
8.119213657394830364e-02
2.059142626474635696e-01
-9.514587031852811405e-01
2.806458361940978308e-01
-9.440708528515131537e-01
-2.591428290395587086e-01
-1.514986924789687439e-01
-7.771575376856215689e-03
1.000000000000000000e+00
-3.629507998579528660e-01
-6.225326805481246062e-02
-7.003746836970774492e-01
-3.312557802691582509e-01
-1.000000000000000000e+00
7.518309343313467341e-01
1.553855781704973626e-01
5.023288177056932646e-01
7.527479043424392113e-01
3.152892576443577788e-01
5.441843784043312038e-01
-7.275026184752610980e-01
8.360743478554475416e-01
4.539734771287375903e-01
-8.903743958494180211e-01
1.000000000000000000e+00
9.454424393231932733e-01
1.196528188874178555e-01
8.387928279866476711e-01
2.059007346814906714e-01
-2.779391879976640389e-01
-3.615488974427982782e-02
-3.095467403799747608e-01
-2.706649183142417758e-01
-4.014997593201741211e-02
5.005948921465755985e-01
6.727860853136284902e-01
-1.662455582507234020e-01
9.361555759587556480e-01
-6.605479474134969831e-01
-5.013534993506526538e-01
4.436460715767369667e-01
-6.255314882204012772e-01
7.775290166871553499e-01
-1.384975668217633960e-01
1.000000000000000000e+00
5.886268623371203601e-01
1.817386178294079502e-01
2.053764978792511908e-01
9.634628597138772399e-02
-4.145005303203657121e-01
-8.376354467313467111e-01
-8.024845012456076621e-01
2.085008344537606639e-01
-4.095693977131594776e-01
-1.117487363091328456e-01
-8.954102895458046496e-02
6.279358971500776931e-01
3.657240743600822519e-01
-4.752045543731475696e-01
-7.974981656651600748e-01
8.404311798439668690e-01
-6.262738093278877316e-02
-2.533887882212493281e-02
7.859938150040284288e-01
-8.393419188621362714e-01
1.049853578662149900e-01
2.236856966638582911e-01
-4.239968324369165487e-01
-4.467464362799972166e-01
2.574043355913396836e-01
1.041550615111946909e-01
-1.000000000000000000e+00
-5.685738251350127559e-01
1.082059642955814915e-01
-7.604029320452869722e-01
8.752021276582282461e-01
4.405996827567104646e-01
-7.295641266792651791e-02
-6.501025546791598941e-01
1.406536709358936488e-01
4.099997106017505555e-01
-5.162351729346426055e-01
1.000000000000000000e+00
4.949019928992762218e-01
-5.282383669764936229e-01
-1.363638565030496075e-01
-8.050554247680896669e-01
-1.126376531893699129e-01
-3.121662609925987542e-01
-3.073707193085906120e-02
2.135816955528984096e-01
-2.021640972120333779e-01
-5.645658607073011925e-01
1.208188692654306173e-01
-2.144361508247207837e-01
2.096414575499361277e-02
-2.158069411791705416e-01
-6.350511804684423334e-01
7.235633685225451028e-02
4.676467645503796788e-01
-6.140046476020379895e-01
1.085200245474407521e-01
-4.155341920657684707e-01
-1.000000000000000000e+00
9.442721867196355312e-01
-1.543699898473925303e-01
-2.540829087370971573e-01
-3.969828361831535535e-01
5.350491280316678200e-01
-7.245797150750543647e-01
-8.250684938951646785e-02
9.976968380211366227e-01
4.604350194391242379e-01
7.765391642854886367e-01
9.235664516901531673e-01
1.100712327759290066e-01
-1.000000000000000000e+00
-2.343130481466746406e-01
-3.062057719450298476e-01
-4.340869069144390746e-01
5.001318288200834461e-02
-2.640125932257001984e-01
9.819486306982326829e-01
-3.605471868909222444e-01
6.329436501177034824e-01
-4.225965346970176340e-01
-7.911940627248650326e-01
-1.000000000000000000e+00
4.356201295399158013e-01
5.908724913673946144e-01
1.252734300040439508e-01
-3.286973782461160010e-01
4.462791088133040152e-01
4.016338869025852798e-01
8.234300295683183446e-01
6.463371044198804594e-01
-9.785641333128825003e-01
-6.301375678177902895e-01
-6.224522680472401870e-01
3.159189029541485394e-01
-6.885082056865781119e-01
9.747477091781227010e-01
-7.256203638978162562e-01
-7.992838291298528519e-01
-4.133091994138087255e-01
2.907827777444594863e-01
5.795603916387632726e-01
2.093557206730988218e-01
-6.046628504043189967e-01
-5.930839961745565381e-01
1.000000000000000000e+00
-3.290615304761552729e-01
-9.724018407724348556e-01
-9.656846894529093062e-01
-6.423667746508365806e-02
-6.861477626641787619e-01
-5.007033311280506549e-01
8.185110476127506196e-01
3.415036466741359078e-01
-9.031762645382304111e-01
-8.096435398323882371e-01
-7.326390636080328811e-01
3.676466863591336676e-01
-9.387781256625931103e-01
7.487132979199635496e-01
7.125933714799463914e-01
-7.573265877040290250e-02
2.775261956416282261e-01
5.859072239021164696e-01
-9.462728523794261548e-01
-1.352620861875603875e-01
3.246054151017251366e-01
2.494597987260561700e-01
9.658380396693133640e-02
8.169774632659603242e-01
-9.813772885717571004e-01
7.333845536901604234e-01
-4.376526114409753365e-01
-2.561601994298737806e-01
-9.460451368935746119e-01
6.017782436690171100e-01
5.712861059882765602e-01
2.351871261875695396e-01
4.402472953000622358e-01
1.741123139896919580e-01
-3.045362388968689826e-01
3.072951141663089469e-01
1.959891868299734607e-01
-7.385655383958102949e-01
4.181093010096065821e-01
-1.639308033157245159e-01
-1.000000000000000000e+00
-1.521956564064366191e-01
1.000000000000000000e+00
9.567932858969958598e-01
-1.688641660050789195e-01
-1.805262512647781703e-02
-1.000000000000000000e+00
6.872378154943992179e-01
-5.460146300883741977e-02
-7.597269306426481794e-01
-4.231938403262973658e-01
4.588364143096916870e-01
-2.231309543052271138e-01
7.139542617620033838e-01
-9.359860085723390455e-01
6.167748260991624543e-01
-1.763943491779671469e-01
8.660447726419746584e-01
3.563680398829667251e-01
-7.107535946203941135e-02
-4.421700174152444762e-01
6.726966939939442724e-01
-8.809787114050551260e-01
3.871576488951431472e-01
-4.245165963629584649e-01
-6.680103885927868301e-01
7.969883132018118488e-02
-9.519037126804630322e-02
6.335442704716984785e-01
-5.996447211926312360e-01
-8.565720238775018647e-01
7.435938020911518898e-01
9.776162714219112093e-01
-1.000000000000000000e+00
-3.065992486243553916e-01
-8.477120459948553899e-01
1.491332565898657592e-01
5.576782569875855522e-01
-4.863457195148725987e-01
6.749476449773719189e-01
3.526079067650506049e-01
-3.991942397005487919e-02
4.796081852998053119e-01
1.000000000000000000e+00
