-4.417716183074373859e-01
-7.741916725575999081e-01
9.044541374029384517e-01
-7.475444432765729896e-01
-2.844133720201780235e-01
-1.054755116736871279e-01
-2.424035970810327623e-01
-1.334058338815582445e-01
-6.691785065832249746e-01
1.000000000000000000e+00
-6.050513747608694537e-01
-2.483238498653574655e-01
2.490657752186131724e-02
1.000000000000000000e+00
-6.925331744495031305e-01
-1.700816161896480105e-01
-9.065737277369781966e-01
9.419831304291336194e-01
6.069255446934731513e-01
-2.496008119911811152e-01
3.837409080401751327e-01
-7.842355457430838506e-02
-8.817555195567814419e-01
-3.461060519295395821e-01
6.711372410178799708e-01
-2.932244418291626298e-01
-6.243315381730988323e-01
-3.253423638871912882e-01
-7.967519034368625297e-01
6.710512971060671461e-01
1.655533522815057779e-01
-8.063004882434596787e-01
1.000000000000000000e+00
-2.650633901256016500e-02
-9.045889873224731703e-01
-6.851676150933445619e-01
3.209107419303871001e-01
-3.701205701226332190e-01
-8.968048841165341400e-01
-8.976919457433030214e-01
-1.000000000000000000e+00
-6.649762021529148637e-02
4.940841133313080280e-01
2.211461621890398188e-01
1.242311832016908119e-01
-1.000000000000000000e+00
8.733701467133054841e-01
2.230932198313158588e-01
4.738011217304818334e-01
-1.000000000000000000e+00
7.004619021610465346e-01
3.814647232352401662e-01
-1.861979720664920512e-01
-9.658786956826199699e-01
-5.353014395933211045e-01
-1.000000000000000000e+00
-5.597745335826286306e-01
1.948173830516254645e-01
1.000000000000000000e+00
-3.420294202743202616e-01
-8.251565389494907032e-01
7.278362651321588217e-01
6.399954453671674592e-01
-7.368027626427647858e-01
6.929595360939176940e-01
-8.035829745806769564e-01
4.398122633806670345e-01
-2.990910962182269373e-01
-3.856679287981982229e-01
-8.313248772520143159e-01
-2.429772000712152880e-01
6.473567568789909132e-02
-4.694139160443464576e-01
1.000000000000000000e+00
-1.813570367414765461e-01
-1.246492206883249576e-01
1.646278177536787957e-01
-9.443836991921217283e-02
3.377020668439817408e-01
9.137161328740193156e-01
9.144770498444481088e-01
1.000000000000000000e+00
-1.255672221588422510e-01
8.283866760081426417e-01
-4.164745397131958127e-01
-3.860005019830269335e-01
-1.000000000000000000e+00
1.000000000000000000e+00
7.864225456685686177e-01
1.000000000000000000e+00
-3.445946713280017559e-01
-2.805251104029613529e-01
1.000000000000000000e+00
-2.416988298573710114e-01
-9.906093373784238820e-02
-7.865839916231933682e-01
-1.000000000000000000e+00
-6.926252573512212685e-01
-5.071096075990678687e-01
3.291793943528716349e-01
-3.959389821055049330e-01
5.436802008051272450e-01
8.554392303967867095e-01
3.512188954482574621e-01
-1.000000000000000000e+00
-1.000000000000000000e+00
9.525650392718110204e-01
-1.873473348347554079e-02
7.220407955571981340e-01
2.189216973549676371e-01
7.249465259015767105e-01
5.038364018904220032e-01
4.206872141521322273e-01
4.044128403069912059e-01
-4.366700725735829791e-01
6.311964200769142330e-01
-4.201240571680332492e-01
4.477354974361381634e-01
5.323596152305620777e-02
9.342153804026478436e-01
-4.404679147614751766e-01
7.428488071282735028e-01
-1.000000000000000000e+00
2.905584046506898832e-01
8.845683469037470825e-01
-5.495328077752223983e-01
-3.394439385939018727e-02
-6.236187194079207963e-01
9.871064317078543926e-01
-7.928939601864533060e-01
3.979776156212621041e-01
1.405491986869311649e-02
1.000000000000000000e+00
-1.783648139332498495e-01
8.965532075067780271e-01
-9.574186467564090863e-01
3.569428126129121637e-01
4.171958462883441632e-01
-1.590675241719545496e-01
1.956692332543309432e-01
8.448500339226853173e-01
1.000000000000000000e+00
-7.194262853110104938e-01
4.587404162633490490e-01
2.158167165292327327e-01
-1.000000000000000000e+00
-1.000000000000000000e+00
1.000000000000000000e+00
1.000000000000000000e+00
-2.098976675246746471e-01
1.974798232906961881e-01
-1.367410713982135373e-01
1.000000000000000000e+00
-1.000000000000000000e+00
-4.739413813811632070e-01
2.205602190793679585e-01
1.000000000000000000e+00
-7.503033169560766602e-01
1.283958534293240805e-01
-1.000000000000000000e+00
-1.000000000000000000e+00
-1.000000000000000000e+00
1.840706352399473222e-01
1.603385799786423427e-02
-5.146157264069721737e-01
8.003812068551885428e-01
1.393114240679180771e-01
-4.856342108843898775e-02
-3.243840318026991465e-02
5.481782031057883531e-01
1.357022220384924288e-02
9.360995660447878342e-01
4.598409754617264755e-01
3.738838798029201493e-01
-9.173035379189135030e-01
-4.696734701050109262e-02
1.000000000000000000e+00
5.331344519887833977e-01
-7.022544113506586916e-01
-5.584899697786152029e-01
-1.000000000000000000e+00
-7.456604663332911942e-01
-4.879835387954957471e-02
-1.810132158677758007e-01
-1.000000000000000000e+00
-1.000000000000000000e+00
-7.122878279820671343e-01
1.000000000000000000e+00
-4.388743938611691653e-01
9.521601134543091760e-01
-3.037976762003691267e-01
6.435653122789690705e-01
-8.259533598057183790e-01
8.061041983822538892e-01
1.463149217011422976e-01
-3.621487328197176003e-01
5.432181695615916350e-01
-1.000000000000000000e+00
-1.000000000000000000e+00
-3.888942475926053244e-01
1.000000000000000000e+00
-5.756409572227586535e-01
-5.372199020171832817e-01
-2.219015010473146532e-01
1.000000000000000000e+00
4.364163008441765412e-01
-4.488970681304140786e-01
1.843323748042782761e-01
4.212480570566248250e-01
-4.992810390266336218e-01
1.270944002462064404e-01
-1.304791630996176011e-01
-4.400236887055964385e-01
1.000000000000000000e+00
7.046419797505456550e-01
4.912152134378644508e-01
-1.000000000000000000e+00
5.234977347204362585e-01
8.220861830477658172e-01
1.000000000000000000e+00
-4.907897318029862399e-01
1.000000000000000000e+00
8.833628400531822189e-01
1.000000000000000000e+00
-1.000000000000000000e+00
4.364562445407261237e-01
-8.838143225972437955e-01
7.024998202484900034e-01
-4.728909542626806850e-01
1.000000000000000000e+00
-1.575220404784429540e-01
1.557599015293856803e-01
-6.396334614624785697e-01
2.663886483643930769e-01
-9.777577435485837465e-02
-3.608389381907078919e-02
-5.916988450896267793e-01
-4.767438294548027589e-01
7.349239902123916313e-02
3.835066685095114281e-01
-5.969249627245756251e-01
-3.865603541232429108e-03
-5.294314016904770881e-01
1.000000000000000000e+00
1.000000000000000000e+00
-1.000000000000000000e+00
9.084405535538386811e-01
9.756799551262993475e-01
5.944169757910003904e-01
1.000000000000000000e+00
-1.000000000000000000e+00
2.146347580729160986e-01
3.296635525834130109e-01
4.483515839007954362e-01
1.000000000000000000e+00
1.000000000000000000e+00
-2.544075425152723113e-01
-1.000000000000000000e+00
7.658004432752344437e-01
1.000000000000000000e+00
-2.136807209491515813e-01
1.538548179973199259e-01
3.126630416247450084e-01
-6.072751125080807499e-01
1.000000000000000000e+00
