-4.487153793646807554e-01
-1.158399546424153659e-01
-9.520609144973948279e-01
4.586878597072162056e-01
-6.259259637450840241e-01
6.522756006153496156e-01
4.775407680726919124e-01
7.199304932160497383e-01
-1.626842906761596375e-01
5.540312029091539747e-01
-3.674355770527444331e-01
-7.950756233573907927e-01
4.861924825428618480e-01
-2.564222966903852985e-01
-3.249845145102705501e-01
-7.322890909126855696e-01
8.931085417979075514e-01
-6.921695336739477344e-01
2.742766259194828748e-02
3.409147089143803044e-01
-9.174336260822428812e-01
-1.335775005252289871e-01
3.601729181918198464e-01
-9.982734172715728160e-01
9.811595436572106976e-01
9.560284301273334062e-01
9.538403701864843764e-01
-4.598556996351796933e-01
-3.130840586751477694e-01
8.159450811256592218e-01
6.175700734482623133e-01
-4.484706681663814809e-01
-9.820082362897386563e-02
-7.389931333669310654e-01
-8.288694369151450303e-02
-3.818987336370644470e-01
-5.634003508699472196e-01
8.818308727737900199e-02
-4.025647636496136883e-01
7.119416331380286067e-01
-4.072075958293090991e-01
8.185534154641933569e-01
-3.561918606968144108e-01
3.218876320100924060e-01
-6.939815912323176184e-01
-5.471818321265447399e-02
-2.024398910194000756e-01
-1.596073034978547911e-01
-2.524158124009092674e-01
-5.755509128476996583e-01
-5.237848675005390975e-01
-9.839762458476869478e-04
-1.384682638212553218e-01
6.061517053969978086e-01
-4.398032981758134285e-01
4.729029420542351092e-01
-8.153983312283747953e-01
2.250536901559640479e-01
1.043123501549386711e-01
4.524755064014613914e-01
-2.221981685122370598e-01
3.062400317296970487e-02
5.721139088209670209e-01
-5.536638791028274387e-01
-1.713850354592643954e-01
-1.441889863360612534e-01
1.806113773898979091e-01
5.044606934013846633e-01
-7.019220512673838286e-01
-8.020683245216293777e-02
3.270121280836975064e-01
-3.477689680337200384e-01
4.969624271868353649e-01
3.458800685173730738e-01
-3.992009073085318049e-01
9.244229387789197894e-01
-9.331149190362777457e-01
-4.856471458854235146e-01
-6.834693068138404382e-01
3.014657484629215123e-01
-6.247370475607955109e-02
2.308832007680444720e-01
-9.874611530079866473e-01
9.334675194732322545e-01
-3.372148009638424870e-01
6.252498047208464582e-01
-8.744895842796336360e-01
-6.901855166492608662e-01
4.799134885218891422e-01
-8.375200425971731644e-01
-3.797844103559772089e-01
5.140402995736075287e-01
-5.338800071925686730e-01
-7.916191884328965811e-01
-7.077658132353773501e-01
-6.171530557570137354e-01
2.403962035283488952e-01
-7.458899197748563026e-01
2.638786869908945620e-01
2.075858110935233092e-03
-9.586563332918807134e-02
-3.381202725144130117e-01
2.685549490593422753e-02
5.583189184884713718e-01
1.361303677452292415e-01
-9.992312523462426599e-02
8.107477662247364325e-01
-5.803033086215478864e-01
4.799530698536216278e-01
6.714593715731309587e-01
6.219616747061156303e-01
3.905018135107641841e-01
3.893552747646078505e-03
-6.508371430383297351e-02
3.048220513761139561e-01
-3.312919696397298441e-02
-5.229908723994952657e-02
2.674279292855130663e-03
1.032989908300451509e-01
-7.452725915834734760e-03
-2.297018659127336715e-01
9.166254719675706042e-01
7.180034715971128634e-02
8.589414975633820060e-01
-2.739232643708997550e-01
5.672682895030262129e-01
-6.632948019482773905e-01
-2.907190080669790344e-01
-3.577113228053028227e-01
6.634393072500643918e-02
-3.170850563625682850e-01
-3.895857310903550474e-01
2.506631334972050373e-01
-6.616044224561123954e-01
-8.329097681505001072e-01
3.236222437545223096e-01
-2.495981749383835435e-02
4.001616543021391248e-01
9.358030955055307576e-01
-6.320819935892940666e-01
2.374182910508133570e-01
3.791756659158420639e-01
-7.845957263909358881e-01
3.746217427751236118e-01
-5.579322224930640672e-01
-5.376366107533436800e-01
4.319502179773320183e-01
-3.810983790476972222e-01
-4.228679773160183286e-01
2.242439054944260768e-01
-7.623281485248345479e-01
3.931292203582279488e-01
-5.939960587410380022e-01
-5.996610892376460500e-01
3.589468093780344704e-01
-1.449984234853618492e-01
6.351113048268280936e-01
2.509768838510654243e-01
-2.262137480650971977e-01
-4.979418040622816677e-01
-3.932335459140273715e-01
6.703071252428547400e-01
3.318842348688830768e-01
-4.785986074121385547e-01
4.750737342798810325e-01
9.504919325768026450e-01
-6.420047457714114780e-02
-2.876940365387880560e-01
7.242837656986618189e-01
-9.100530565413362805e-01
3.538651546111081236e-01
2.591516997256290145e-01
-1.274338346875726335e-01
6.011382104277589455e-01
4.394944034782922726e-01
-5.177321759782127497e-01
-5.917133786397761330e-01
-1.265637175217591004e-01
-6.424897848202857364e-01
3.406912168618438930e-01
5.970851603434021992e-01
7.973830966256891806e-01
-7.585074192510923297e-01
-7.122025420937869722e-01
-7.128795983474238707e-01
6.178561640826087942e-01
-3.387925380394160579e-02
-5.506106114490485481e-01
-4.896913868497079214e-01
9.554197861933437785e-01
7.842243363990553107e-02
-1.853939870100301812e-01
-4.319381036827705245e-01
9.102745211796068325e-01
2.911424621190550344e-01
-5.453820359786087923e-01
-1.298527196629516711e-01
6.059807005926232115e-01
6.297378217737190642e-01
5.813780200137053100e-02
6.320806753905845454e-01
5.325381353876255108e-01
2.453797499418279848e-01
-4.227288729355884733e-01
-5.979859914610475835e-01
3.830459271438479973e-01
2.261844729479228766e-01
8.726904225859808406e-01
-8.396810486657693140e-01
-5.190659479063451931e-01
-2.547232518833252302e-01
9.193984403322523480e-02
5.162015006610265466e-02
6.182959990459642174e-01
-5.859870924060892605e-01
5.158479419417789646e-01
1.693138271713472420e-01
-5.672867557446990006e-01
-1.198663164402613557e-01
-1.037318387521754259e-01
-4.064357998135592620e-01
-9.294057511451975229e-02
6.566633671511383774e-01
9.960341853468299700e-01
2.500789119606030564e-01
-3.350916021929450928e-01
-5.916734249298518655e-01
3.192919546765544681e-01
9.702266669628207829e-01
-9.706045638267455367e-01
-7.546584620897716089e-01
2.986014596706640933e-01
-4.537678688372230873e-01
3.057690357043734153e-01
4.031759326504749108e-01
-6.221725788462071360e-01
-3.200808375770909930e-01
-6.313043458533592611e-01
9.068154149254886720e-01
1.919279701810341354e-01
8.184411355179321834e-02
-5.437704738677671124e-01
6.116459009324859419e-01
-6.025115404014455001e-01
-2.234544163945248463e-01
-8.040750003057962614e-01
7.428595514369371600e-01
-8.508275691122488826e-01
4.992100712727287060e-01
7.248552875062951317e-01
5.323136737871070334e-01
-2.516916745162277036e-01
-1.943902626607034723e-01
4.114820914228387583e-01
3.168472013490992722e-01
-2.564904725346348613e-01
-2.892949509850292755e-01
-8.200096310904375629e-01
1.234268507467422282e-01
-4.297853012689323293e-02
4.627968842637768948e-02
-1.892281251756335880e-01
5.081938483941232931e-01
8.756528423650350446e-01
2.334168063861234987e-01
