6.232184297372140858e-01
-9.777770625914561364e-01
2.289694409472124992e-01
-5.252953301633037642e-01
-7.596495523723414411e-01
-7.750405524210539632e-01
-7.748911191214635785e-01
-2.646409481303057531e-01
6.363555084287458863e-01
-1.845044989153845627e-01
-1.633664794756911620e-01
6.297690932741224490e-01
-9.422051533985817962e-01
3.592576592019959270e-01
-3.919384075151006730e-01
5.407491399439015023e-01
-4.985326321090224333e-01
5.521393272031773769e-01
1.668149001607728832e-01
4.868917095693767738e-01
-2.757660260741761071e-01
9.498276254673809760e-03
-4.114235953377218813e-01
7.548035928248888471e-01
-8.143330470240859320e-01
4.785426845385492012e-01
1.168779217519866909e-01
-8.614136774858605072e-01
-9.219952899676424618e-01
-5.397665775954090250e-01
-8.395357678549622005e-01
2.087724296209385877e-01
-6.584049930131532502e-01
-3.650415830311564136e-01
-6.077875359332596261e-01
-9.408333105604914648e-01
-4.864602562771869199e-01
-6.944774736656644798e-01
-1.029469200453224098e-01
8.340723901872413304e-01
4.410581345444064549e-01
-1.399595428184088330e-01
-4.089851373853390371e-01
-3.068413362773754205e-01
6.078515723485046207e-01
6.822598237670063348e-02
-4.575979034700647929e-01
9.696627948631408866e-01
-3.138911445023695457e-01
1.128242363407621074e-01
-9.289429316054074182e-01
4.049999704156941049e-02
7.017529333100500644e-01
9.776366252218713360e-01
8.779770273416163118e-01
-2.482944459489295763e-01
-2.578965837348132784e-01
4.644513828792118382e-01
-3.380685203608020384e-01
1.769936163065042034e-01
-1.169473036349618911e-01
9.002931955636243044e-01
-2.720369029149214413e-01
-1.352348103284568559e-01
-6.411596755911087853e-02
-1.338248623852686947e-01
-9.879488311622841579e-01
9.546595010507383239e-02
8.796055017475512550e-02
-3.692021681167496627e-01
-4.769980404345322555e-01
-1.167475605784351611e-01
-9.948207198831877651e-01
-2.177283255645338089e-01
-1.000000000000000000e+00
-3.472776836886140028e-01
-9.497895605294068844e-01
1.270676174520957158e-01
-4.585856475523639730e-01
3.419452827548279394e-01
-4.593687622602961040e-01
-3.656927761327879445e-01
6.123281071554582677e-01
-4.042956680880578357e-01
-1.937874161969533604e-01
-8.599431356208325772e-01
8.597469771334879107e-01
8.751115471545241054e-01
4.019028210481250252e-01
-9.898977134993411919e-01
4.567855792723827246e-01
3.833643378944555646e-01
6.781133802153260781e-02
4.233630800686685181e-01
-9.823247225947995265e-01
6.402880280637988086e-01
7.983809287022907153e-01
4.591356641625203849e-01
-6.432078885398895274e-01
-7.079471009623228284e-01
8.070189051904954614e-01
6.274427064107195307e-01
-3.783365207561022459e-01
9.404057164801463697e-01
3.006427933872992675e-01
2.169218307536958101e-01
-5.497009238157146704e-01
2.597024410723037247e-01
-9.000452390961175553e-01
-5.073326724201416837e-01
7.945045023493867431e-01
-9.264207027216349033e-01
-4.475728567485934839e-01
-3.131468966456636416e-01
-3.824353870259000754e-01
-2.491714216711059249e-01
5.931898734543396001e-01
-5.518093662401171162e-01
-8.664181351128041886e-01
-9.411178381334022180e-01
-8.880084922060738073e-01
-9.136894841451400628e-01
1.621253321368851807e-01
-9.541847541233994257e-01
-7.701276035349546856e-01
3.451367223429108178e-01
9.250352134238859492e-02
1.000000000000000000e+00
-6.929648300214660273e-01
-1.684599185160773338e-01
-5.629712538272555467e-01
2.291438543809430073e-01
-3.333421360644583942e-02
1.494726022638671048e-01
-8.329069609612553826e-01
-4.241907913691467247e-01
-8.081755528788074905e-01
-2.839818082374740982e-01
5.732784411058824414e-01
3.558644148342477997e-01
-1.001159470037662480e-01
-4.013809839780735356e-01
-5.876673746618565897e-01
-5.553028064327951707e-01
6.965451137429878870e-01
-6.785491222008955825e-01
9.532892449696195314e-01
4.399055006355801489e-01
1.733460532726436298e-01
-5.796445884772349899e-02
-4.524899435112819668e-01
-4.995760141117011610e-01
-3.247523051718606002e-01
-4.762587378523545634e-01
2.275017241118943989e-01
1.286008959291348175e-01
-8.829173564098082849e-01
9.275743645310696728e-01
-4.449957858677551226e-01
-5.108382435323036153e-02
2.689026669198053554e-01
-9.845464946433599707e-01
-8.784621954534304056e-01
9.351927228900905886e-01
-5.685156299877260899e-01
-7.009937653746900477e-01
-4.358562632278215609e-01
8.317244152165102766e-02
-1.140550889102621840e-01
2.049910755099430548e-01
-1.689350102754378913e-01
-9.449634032478471113e-01
-1.548891252581346967e-01
7.628188442752800724e-03
-1.000000000000000000e+00
1.826396399006779969e-01
6.565728172136877649e-01
3.146021896001567342e-01
-4.170392179268580524e-01
-4.285241617638810840e-01
4.507887862435645543e-01
-2.138016704240608412e-02
8.973297008336675873e-01
-7.250873251072706971e-01
8.652784818327354799e-01
7.651285669538794298e-01
2.964986169881818068e-01
-2.372084737173629776e-02
7.678491259732421470e-02
2.364290794608236990e-01
-8.235267137847268604e-01
1.000000000000000000e+00
4.028873102408752072e-01
2.953156874097595530e-02
3.447922675929566694e-01
-1.693416271461547495e-01
-7.027357125664432935e-01
-9.760904131300773834e-01
-3.573224313050932244e-01
1.487893305302925295e-01
-5.090793442631325050e-02
-7.591214180477268147e-01
5.423488956503281777e-01
-5.562895102202192188e-01
-9.096001989328226234e-01
-4.376629934089288354e-01
-4.172681879944151184e-01
2.688433899525977111e-01
-8.511867155790371342e-01
-5.739708020977170033e-01
-5.408498892336672803e-01
-2.536071765593617133e-01
9.989995988156863405e-02
-3.638186607759896773e-01
2.942741170505758230e-01
-7.207813914873708594e-01
2.652804044840986197e-01
7.302991650626596831e-01
-6.408300261512467344e-01
5.547481898579555981e-01
-1.451147348851629104e-01
-5.350770618309101945e-01
4.591178668277229313e-02
-9.819273929500339504e-01
-6.971156396476991812e-01
-4.474347014125099609e-01
-6.022865824062342277e-01
-6.439421598794607959e-01
2.294774885840329126e-01
-8.338949476642409930e-01
7.249727937112027121e-01
2.994672796489270539e-01
-4.173542298193121391e-01
-1.772187531994784404e-01
-4.289038885626761388e-01
-4.044777371975907254e-01
-4.199776777385978432e-01
-5.031397654364380134e-01
4.493361915908563042e-01
6.023964962791690247e-01
-1.647707509752458499e-01
-3.185142677997854221e-01
-5.461432070216813983e-01
7.484246552945965636e-01
-1.222406995066835922e-01
-7.760611536356325502e-01
-4.005050351810817144e-01
-3.875128941485381784e-01
2.303611116949684234e-01
-7.894202574381772308e-01
-8.717992235393134948e-01
2.783957495748822786e-01
9.544014046755615599e-01
8.296376378909986471e-01
5.338811070780521417e-01
7.079365613835308935e-01
-6.474300658431506594e-01
-3.360477691368824460e-01
3.253714814485365869e-02
1.674078053103653652e-01
4.170071857072621402e-01
3.911805015215181758e-01
5.204077144475646177e-01
7.639988120414100692e-01
3.664076585553931453e-01
