4.501153052806905475e-03
8.037951165707568624e-02
1.556759230957609486e-01
-3.691795047061069424e-01
-1.000000000000000000e+00
-5.934583705573734935e-01
-1.000000000000000000e+00
-2.235726760213181952e-01
-1.000000000000000000e+00
2.572645202472432224e-01
2.462928818758150507e-01
-4.602588978396815467e-02
1.863022704002281482e-01
-4.971384316582521112e-01
-1.000000000000000000e+00
-3.449169823365029197e-01
1.000000000000000000e+00
2.289487144680313613e-01
4.509553864535267298e-01
3.313104223485295874e-01
4.055655423557001926e-01
-1.071490596301256648e-01
-6.505980446669339112e-02
1.000000000000000000e+00
1.000000000000000000e+00
-1.954662778442422255e-01
2.728581531319548281e-01
1.120861019573808903e-01
-6.326763037227833841e-01
3.950526020603227773e-01
-2.195960686812534202e-01
-1.374382569825903788e-01
2.029288297525216889e-03
-1.561321353886073737e-01
-7.131344786160127569e-01
-3.150767852822176085e-01
-2.668094349178559144e-01
-9.735319111838937334e-02
7.118058714813271237e-01
-4.530553152161523323e-01
4.160710276470416247e-01
5.629239121817870561e-01
-6.718581819731301863e-01
7.311969951753942709e-01
-2.129167743953494507e-01
-3.177830706203603750e-01
4.311881921747859336e-02
-7.907436137835684997e-01
1.095193234586749054e-01
-9.863334772644832826e-01
7.537469457191137145e-01
-9.722930633980405579e-01
-3.983881993353006190e-01
-1.000000000000000000e+00
-1.000000000000000000e+00
-3.362267802240879178e-01
2.112226571771408379e-01
-7.100152583688432717e-01
-9.689105391117275312e-01
-3.453699305808317077e-01
-1.821963252986646964e-01
-5.995697886585751313e-01
6.524504711053631389e-01
-7.981090630683775888e-01
-5.721988096289797321e-01
-7.181380361864225792e-01
-3.177538358120667317e-01
-3.744657395494539465e-01
1.927702324165131986e-01
-1.556435282656680741e-01
3.441611381105831313e-01
1.912917672718786322e-01
-1.000000000000000000e+00
7.517343724964411500e-01
-4.465586686311857068e-01
2.820957334043396394e-02
6.996362224329248924e-01
1.000000000000000000e+00
4.268667141740045690e-01
-1.729377858177936211e-01
1.000000000000000000e+00
-1.660466248985530413e-01
1.000000000000000000e+00
1.000000000000000000e+00
-1.464927750151345798e-01
-6.744257283147098159e-01
-9.442780955566741907e-01
-5.706416726356625668e-01
3.227215550939904198e-01
1.000000000000000000e+00
-3.892064326780107497e-01
7.587727022077536132e-01
4.259498688459779636e-01
5.947333616148221536e-01
2.219744159212711232e-01
5.527745408925532900e-01
1.966603139107240272e-01
1.817338014810413183e-01
-1.831977298563900458e-01
-2.887763390833306687e-01
4.136990101684336896e-01
5.431939156063189111e-01
8.408946422449770086e-02
8.801506375403518323e-01
2.251605408974061695e-01
-1.214766687021154867e-01
5.528383270324344068e-01
1.624085211116844119e-01
4.247449650256501785e-01
2.862453910933092649e-01
-4.334843029884260512e-01
1.255030693629370919e-01
-5.630304474070240150e-01
-1.162599100477527958e-01
-1.000000000000000000e+00
9.254672940132162573e-01
9.057705764028728401e-01
-2.313397170635067557e-01
1.095450517226767978e-01
-7.113911380884538893e-01
-6.340970252589587242e-01
1.000000000000000000e+00
6.042254201175732975e-01
1.000000000000000000e+00
-2.625322352071546850e-01
7.982044335021929449e-01
-3.835756708440823948e-02
-5.593267807043275086e-01
1.000000000000000000e+00
2.378834294727975029e-01
1.000000000000000000e+00
-1.000000000000000000e+00
-3.439566037196459258e-01
1.000000000000000000e+00
1.000000000000000000e+00
-8.435137941267955020e-01
7.321083460672206389e-01
1.226298442317279441e-01
-6.842246043461636118e-01
-1.000000000000000000e+00
-7.703231800284449093e-02
-2.856000749601930733e-01
6.076503135361399632e-01
1.086537989195646148e-01
-1.972468143005042529e-01
-1.000000000000000000e+00
-4.508316796369369883e-01
4.941338945750515244e-01
-1.761673670150991633e-01
9.651004047919484741e-01
-1.000000000000000000e+00
-8.370205746069319108e-01
-1.218628774116318203e-01
3.405040582507539160e-01
-7.279803158141210373e-01
-8.493409179774711326e-01
-1.000000000000000000e+00
1.000000000000000000e+00
6.032334072900809030e-01
8.932636011953256627e-01
-8.215425983240163266e-01
1.000000000000000000e+00
2.016464490623762762e-01
5.476421268983097113e-01
-6.266476571082478797e-01
-6.124507057337065241e-01
3.623317199612290374e-01
8.179203007913177226e-02
7.361306720076243870e-02
2.146932084877296865e-03
-6.045736083149010343e-01
1.000000000000000000e+00
-2.071503839599125874e-02
1.000000000000000000e+00
8.410404748539542785e-01
-1.000000000000000000e+00
6.894524150430004772e-01
3.914330502597204164e-01
-9.743230862005340942e-01
6.799946897415820590e-01
7.122652480506941330e-01
-5.358025764635383492e-01
1.360105921759314218e-01
-5.390195360944661784e-01
-6.331128789333939633e-01
9.739632268470299614e-01
-1.000000000000000000e+00
-8.052810392955878083e-02
-3.628534182019338417e-02
-6.954321073833493738e-01
-7.567251603325131359e-02
-6.200361770924759375e-01
1.000000000000000000e+00
-8.782099604432578310e-01
5.740955849264913757e-01
-7.106460458124799207e-01
-1.157379178730422176e-01
6.281348043169091566e-01
-3.180191592968173442e-01
-8.999720612523746943e-02
-4.923448393331957273e-01
1.769179184811003891e-01
-6.159475966835867844e-01
6.786806203003480364e-01
-3.523847359426287018e-01
-6.936843337125851994e-01
2.495781748592789395e-01
9.034439659455966165e-01
-8.044928358485070596e-02
-5.256460981357884421e-01
-4.102292400335496025e-01
6.003843054996071960e-02
9.700434328987200816e-01
-9.730916752078817566e-01
1.000000000000000000e+00
-9.196303936763916553e-02
-1.799230929806628909e-01
2.504257747519478272e-02
2.006571849150846631e-01
-9.214429996749927687e-01
-8.586083159801043418e-01
-1.799716609221805874e-01
-2.011281051986136825e-01
8.387118642774201716e-01
4.893358066174953169e-01
5.007232017263694157e-01
-7.583608860741170021e-01
1.472690731504620043e-01
8.924761738078483830e-01
8.593560404164024558e-02
-9.950612358692880743e-01
1.000000000000000000e+00
-8.917780756335805248e-02
7.944837539630836831e-01
8.960253100293893436e-01
3.227561218231145279e-01
-6.890811751447905031e-01
-1.000000000000000000e+00
5.048052407710901246e-01
-3.501901280295678931e-01
9.944333196227905791e-01
4.711127311477644741e-02
-1.398245981841230723e-01
-8.621545222735266245e-01
-5.673276955319738191e-01
-6.530897162095523623e-01
6.912819069584960063e-01
3.416519708379031628e-01
1.000000000000000000e+00
3.771814857959506773e-01
-1.000000000000000000e+00
-7.084426079510294239e-01
3.795246990130340392e-01
-1.002640689631493220e-01
-3.188044621608003837e-01
-6.676000207549536158e-01
3.930059146914376411e-01
6.400603290701133430e-01
-2.868797061369065537e-01
6.545701848584044580e-01
6.149880457501729625e-01
-1.000000000000000000e+00
2.024367185319042584e-02
-7.118764085778254147e-01
-1.000000000000000000e+00
