-6.297774596593965768e-01
-6.665977964810871903e-01
-6.254710728306391854e-01
-5.087007190184813510e-01
-2.879293213323639300e-01
1.410297974950957267e-01
-7.724526933859446887e-01
-7.670093217081686010e-01
5.904359097451772342e-02
8.001005504133613666e-01
-7.689106295289342974e-01
5.389902795449770245e-01
1.000000000000000000e+00
-5.707659723008697839e-01
1.555714893217927663e-01
-4.028304831242368600e-01
-8.279464141348611417e-01
3.262998843221176504e-01
-2.676211090740032716e-02
1.115526606918437746e-01
-8.629850576006494745e-01
9.581384926896768794e-01
2.801242231826774898e-01
-8.764219560298531775e-01
6.813511422907816417e-01
-8.673357350169569324e-02
-9.396419155488224817e-01
2.263616134352415266e-01
2.228386512935807140e-01
-8.835596467023540956e-01
-2.982550244660115979e-01
8.560759938574582506e-01
6.286554322303105069e-01
8.636236829702221840e-01
-1.387283838229957933e-01
3.595848411663001842e-01
3.413325196528474992e-01
-8.787270249022227642e-01
-7.302127785749972233e-01
-4.440827503841000556e-01
-7.585592689343312323e-01
4.754411972510487194e-01
1.023493318622370196e-01
-1.035017089789134204e-01
-7.669289704135890950e-01
-1.101883090135942905e-01
4.771547541182876717e-01
1.000000000000000000e+00
4.162704033802970827e-01
5.620986962753460325e-02
2.705468031363115200e-01
-9.486807849157763428e-02
9.690553917585427168e-01
5.701772561277782536e-01
2.016465163420522178e-01
-1.000000000000000000e+00
1.379191977857285312e-01
-5.612909358163398199e-01
1.930187980737994025e-01
-8.888268252357112154e-02
-8.208516023024792219e-01
-1.176005629259768426e-01
8.759243440867918729e-01
9.242563251738911134e-01
7.776190609743904858e-02
-2.090250561189319622e-01
4.098601729005730832e-01
9.434204332418288930e-02
-8.249134054827913509e-01
2.869284090432810963e-02
-1.188311593080004780e-01
-9.491791790597985390e-01
-8.787645292441409461e-01
-3.514405077919982023e-01
-1.540388926005873405e-01
-8.641286317678555928e-01
-8.710792842962737925e-01
7.742299825561740345e-01
-4.375352873232790651e-01
-9.606344222990994552e-01
2.815981002045314097e-01
-2.130428531192039010e-01
7.169422941633739610e-01
3.175215820885568530e-01
-7.326772996047832276e-01
-8.779348522085326234e-01
-1.422030330220180883e-01
-4.198064697173848336e-01
-4.765911325917950858e-01
9.783486754457668688e-01
-9.765925697953243834e-01
1.561869575768007889e-01
4.613626507040611280e-01
7.588412860204685195e-01
-1.801796554416881246e-01
-2.755124145381218081e-01
5.229236045150230661e-01
1.487448141699476700e-01
8.658992493209476393e-01
-2.359711544642415504e-01
3.001299881653121115e-01
4.274590169183679622e-01
2.134764442751886371e-01
2.903822233824319629e-02
1.721830113480096180e-01
-2.830594113171519544e-02
6.503793141570106684e-01
6.369861344482814491e-01
-6.366565041931651070e-01
-6.122169353368580591e-01
5.312799260362682796e-01
-2.744181097503994859e-01
-9.262977487979453528e-01
-1.031534489003739230e-01
8.389359991731839550e-01
3.187542008534305360e-01
-9.584482653947967723e-01
-4.175579169357628295e-01
5.797446396414882575e-01
4.861059103689333583e-01
2.292867350338667620e-01
3.263244846691493173e-03
-3.459982908633214560e-01
7.445060904279809932e-01
-7.251360753912096113e-01
6.981560494723231258e-01
-6.636502488080457951e-01
2.876926026051263019e-01
6.997095986032124681e-01
-2.497002709753184391e-01
8.137307602634891168e-01
1.848015022413840303e-01
3.935382300876113515e-01
7.524569732171015879e-01
9.703631462650339490e-01
2.140992211640221354e-01
1.000000000000000000e+00
-3.101564391446400837e-01
-9.136130566714864010e-01
9.919647967585749626e-01
-1.976397040131387950e-01
-4.368373426760032707e-01
2.946766705567485101e-01
1.212792135051892206e-01
2.864046795267103374e-01
5.025624660234684349e-02
-3.279906876356164513e-02
1.123183758143395661e-01
1.865340932708419164e-01
-2.033393794237650098e-01
2.883636764125712681e-01
-9.059129479688226017e-01
6.029739967771496900e-02
-3.415873247954503977e-01
2.235553271297715389e-02
5.239309406345289410e-01
4.730574564800293924e-01
-7.331342897241547307e-01
3.612581865847563911e-01
7.071269163560666149e-01
-7.080636476460238082e-01
5.908554159139129958e-01
-2.209584110218873465e-01
-8.822963458639028200e-01
-5.070407375043206599e-02
-3.460765588153109640e-01
-6.663167816219284223e-01
8.820491121376303756e-01
6.067740407077100162e-01
2.613655154910826672e-01
-2.779943833746725268e-01
2.062540140180628701e-01
3.173065497920440348e-01
-1.411408540123173516e-01
-4.753796909092003475e-01
1.345312741555263480e-01
4.471988917945888264e-01
-9.780287128401293772e-02
4.302415766296822652e-01
-9.079963317978112514e-03
-1.252103045572715567e-01
-6.490094104398207442e-01
1.000000000000000000e+00
-2.759701973414729892e-02
8.200123535669805452e-01
3.017684731881322691e-01
-7.837592582954178155e-02
1.124996411849897293e-01
8.234767546054801990e-01
-1.000000000000000000e+00
6.607079611756181414e-01
6.947578462170269642e-01
8.476824552001543944e-01
1.012933864588811961e-01
6.456822452515795785e-01
1.158377458751466693e-01
-2.009452729321981046e-01
3.138971736620811415e-01
7.357412316427822674e-01
9.562570701128445538e-01
-4.266251716500499835e-01
4.447950322903180265e-01
3.146222487431598047e-01
-7.517761079441667160e-01
-1.494266870728244712e-02
3.930693714183468579e-01
-1.807829060071861615e-01
-4.194011482760833243e-01
4.481609179340140248e-01
2.954467886603768800e-01
-6.392181752409129558e-01
-2.533046649895043245e-01
2.244702753860008393e-01
-7.260035023070818827e-01
1.769919544566044278e-01
-1.078213271254931660e-01
-7.085961017835344933e-01
1.661009192244364829e-01
-3.404894993307294726e-01
3.900358349804162184e-01
-2.991321957528736419e-01
6.480813072139117725e-01
-2.060258158177716847e-01
9.947245486587272811e-01
-1.970003013300517525e-01
-6.866936835323724786e-01
-6.749871097885878912e-01
-3.632360081475827229e-02
4.339012886178821304e-01
-4.522935304096153963e-01
-9.177100118536645201e-01
-2.409274813538446747e-01
-2.396412816911622778e-01
-2.892265374036440129e-02
-2.697899054751189407e-01
2.777336938345034145e-01
1.601457802148313903e-01
8.596621879664674282e-01
4.725621505065900063e-01
-9.460899917918580426e-02
6.143567995529735093e-01
3.749970443195014824e-01
-2.919253496230625466e-01
-5.616035491190781714e-01
8.176041641952862538e-01
-4.855344268882149095e-01
2.725540384103535274e-01
-5.609030106337022925e-01
-6.334727693436655871e-01
2.792502380301984943e-01
-7.792404920994869810e-01
2.594484805691552598e-01
-2.504737252319670926e-01
4.007592422864110215e-01
1.383629916249677905e-01
7.676572161370287528e-01
-2.605757723189736641e-01
-3.322979442737370448e-01
7.419769325102569812e-01
-2.698951205814914545e-01
-9.031935017246647268e-01
3.849249599729622773e-01
9.003595056510149686e-01
1.193520098837090870e-01
6.130931047829496494e-01
