-4.825911439087582355e-01
4.030387534989239295e-01
-6.934479805763102966e-01
3.366760742872521028e-02
-2.406775657429527371e-01
-3.892791978420488963e-01
7.689154108052116410e-01
1.245895183806309259e-01
-4.573640169296384617e-01
-3.673036072340378766e-01
-8.529281325375641654e-01
-7.553733295044937623e-01
2.792537724610375527e-01
9.768489040335832652e-01
5.207709687098471818e-01
-5.733560839063129855e-01
-5.528749071752927513e-01
5.241376460946822746e-02
9.467513817557486888e-01
9.794987882912107313e-01
-5.325969189619084165e-01
-9.025895510963464208e-01
-5.094477274196378414e-01
-9.942741824603122947e-01
3.073924574237503204e-01
-4.660113225594133546e-01
-2.225999282225537002e-01
-5.926505752291160167e-01
5.650867833567865262e-01
-7.612107924582800500e-02
-2.827425649460115764e-01
-5.706388800272337303e-01
-6.878877156166705031e-01
-8.153462857669694364e-01
4.891606003182960016e-01
-5.125724370723985235e-01
7.944127831945888563e-01
1.000000000000000000e+00
1.029452653969296083e-01
-9.451339349255201139e-01
7.389320988993897110e-01
-3.140598989237894934e-01
5.689870774654914864e-01
9.602296526667490895e-01
1.687266784235552652e-01
-6.845582231100122428e-02
-4.694469245339649710e-02
2.567212053176426423e-01
-1.682869138850804358e-01
6.620905863470414321e-01
4.879282247650924553e-01
-2.583027798244506013e-01
3.415294712604790561e-01
5.593618245161613434e-01
7.577292725012141350e-01
8.811667215022629396e-01
-6.821989495363955935e-01
2.756157496847768673e-01
-3.991278494433188051e-01
-3.992363474563960235e-01
-1.173264945927952052e-01
-6.198121587603491189e-01
9.371848432230176495e-01
-2.391152908992222326e-01
-4.207441742891586678e-01
-4.165967785725395167e-01
-3.968034318754614098e-01
-3.039338502178583479e-01
8.786299846212020093e-01
1.542363705428466680e-01
2.454613866743022843e-01
9.980579963426989831e-01
-4.780703549909626204e-02
-9.936429780292141967e-01
-7.575885713159946633e-02
3.831121296154762490e-01
3.782330120672532381e-01
-4.065227755723135328e-01
-6.082033454362179015e-01
-5.607538464974608505e-01
7.186015378234336115e-01
-2.693011166745478135e-01
3.102125102837838266e-01
-6.311616442511929215e-01
5.433727072104281852e-01
-8.219082102901613673e-01
4.655336207306286500e-01
-3.791043351730023492e-01
3.408085449684497004e-01
5.498387829083184464e-02
8.212440542857479819e-02
8.273563373450594227e-01
7.606559270784063465e-01
9.602822220379543250e-01
5.573243097294797721e-01
-9.156849452859887606e-01
2.202747139978229463e-01
3.058215905719132710e-01
-8.787026678441469674e-01
6.823173411951493073e-01
9.461087955947429240e-01
-2.133417930464294177e-01
8.460268388197778044e-02
7.065446845854250757e-01
-6.899420865780512280e-01
7.391186502573081629e-01
7.463422886455080008e-01
-3.365267093871573412e-01
-9.110295960632064372e-02
1.735643406695568380e-01
4.580268837824463812e-01
-7.191340129454273367e-01
-8.909683362856972710e-01
-6.233015409555391351e-01
6.296546675329476317e-01
3.420476127430861490e-01
6.756344791245061376e-01
-7.683108057922038991e-01
-6.932453402687956956e-01
6.942277189100212187e-01
5.598555784718037831e-01
8.704423736883704077e-01
-9.525897358619246358e-01
6.168823068197015758e-02
-5.353982532655687798e-01
-8.532678752889859553e-01
8.174424700303413172e-01
-3.106542515098440482e-01
7.432917918124681833e-02
4.008895814303281568e-02
4.932479407914240888e-01
5.586688529275263271e-01
9.153617661909012604e-01
3.698965758792374103e-01
-6.050816600157555847e-01
5.023531080573346852e-01
-8.601048826616954912e-01
6.487306988573946498e-01
-9.080320069399814287e-01
-7.820664806016952575e-02
5.345447643066518761e-01
-4.696393352122874010e-01
7.548864418372980278e-01
2.338709882634395498e-01
-4.835872101093738329e-01
-1.789636318968998996e-01
5.177483801774003247e-01
6.214554866050878701e-01
7.121139595189589500e-01
-7.471625152620120502e-02
4.352301814249037726e-01
3.911692422597268237e-01
1.170728321812486428e-02
-4.226409657813323673e-01
3.125485151906555181e-01
-9.348194395721602934e-01
3.276737769851671978e-01
-6.670159973866840453e-02
-6.116089946072738037e-01
7.531112252502167870e-01
5.737478855775437481e-01
9.306573349623352698e-01
-3.549359092680643979e-01
3.098885389164809379e-01
-8.355927945267338508e-02
-4.876429657474572466e-01
-9.733030149761137118e-01
2.921311860090112233e-01
-5.001765539810127947e-01
9.367183051962226781e-01
-5.469382621222096397e-02
7.306942489568872823e-01
-8.338684117493342374e-01
-4.402610297812636908e-02
-3.740300757179559898e-01
-2.359175635910195634e-01
9.930599671101574266e-01
1.210666454947073589e-01
8.714764293168473230e-01
7.211599449207843904e-01
1.177725961749064298e-01
-9.545324595511688326e-01
5.655385664254801714e-01
5.349261951112871394e-02
1.031897377496027168e-02
-5.952216229174733808e-01
-9.807521437441979462e-01
-8.378446055458872443e-01
-4.280519956292305750e-04
-9.670981656262274129e-01
-7.499502798876040988e-01
-4.701758756576737142e-01
2.154392596716545594e-01
-3.703689873058044757e-01
1.989233220269115421e-02
7.583083163969164264e-01
9.151359726598689015e-01
6.389816871262725684e-01
-1.952244040818239545e-01
7.804480413994587806e-01
7.229015336170481199e-01
-8.760622488044891298e-01
7.416159120681370398e-01
-3.847285419567432196e-01
-5.448702408842336364e-01
8.222311175514078752e-01
-2.732116524007726088e-01
4.541929383898419825e-01
-1.000000000000000000e+00
-2.955882011315735802e-02
5.722332856726974892e-01
-6.488186209180462072e-01
-4.354106841287230800e-01
-4.273934300661550445e-01
3.458081216099457844e-01
-3.291550796871194340e-01
1.336192960080526126e-01
6.373718605880840382e-01
-3.210147983158130325e-01
3.999504408768927988e-01
3.402497378700530817e-02
-7.107213647134800194e-01
3.258302374490635867e-01
7.423420317320990058e-01
-6.852170719930323894e-01
-1.301956785851947629e-01
-5.838320349938619369e-01
6.095607939019020982e-02
-8.494981968278439433e-02
-9.343916536759122593e-01
-2.917274578579859279e-02
5.169072715940004059e-02
-3.511143460725494325e-01
-7.685972992821705763e-01
-7.256363390586648698e-01
-3.298830526749825243e-01
-3.905253314923551322e-02
-9.165368011045658125e-01
6.506030348525349005e-01
9.461864149096890220e-01
-9.591330839641707406e-01
-7.934253679651690483e-01
-2.491647174917841490e-01
-1.461178298665295472e-01
-2.623335995405614574e-01
-3.295332547843770055e-01
5.776901757640879875e-01
-3.207226057805783181e-01
7.917386692550323346e-01
5.715275784574269657e-01
-2.578053975892248273e-01
-1.000401542057860471e-01
-1.890847608964500992e-01
1.505659685562006356e-01
-8.347325513208425640e-01
-5.219136650736893035e-01
-9.608814897549702305e-01
-2.431846355239879465e-01
-5.455977239808451618e-01
9.819381224474901249e-01
-2.850216719262578247e-01
8.982512350933096190e-01
-5.582821312039980555e-01
5.274183997527128742e-01
-3.182537917609598033e-01
