1.102994312582967762e-01
2.794027919899660928e-01
1.141091235621973232e-01
2.345325691059398920e-01
6.965399887086820563e-02
5.510070328138332307e-01
-2.660355704114156228e-01
-5.320721919692451563e-01
-4.029541001284107637e-01
1.141342734077964577e-01
-5.291649381751737380e-01
2.076451245258029155e-01
2.556444466704124174e-01
-8.845138643774147491e-01
9.936192988905413470e-01
9.043796247907762709e-01
6.483851128213278248e-01
-4.056405487390230546e-01
-3.434138370485417258e-01
-4.916278338791661429e-01
-6.632150987868696834e-01
-2.110927247995370015e-01
3.151595173220976820e-01
-3.581875055135812502e-01
-5.575635363879096751e-01
4.592735882170450590e-01
9.417985473570564814e-01
-5.718761574455831775e-01
3.234440976237900056e-01
-5.089977986494871320e-01
-1.854699704148203843e-01
-2.778043182420261159e-01
3.480595749046379583e-01
3.503717954078794383e-01
7.913024975074212097e-02
2.968321914998466315e-01
8.228719153085064519e-01
-9.407136650620007146e-01
-8.741504609399988190e-01
4.238956781902982751e-01
-4.899239645347895911e-01
6.068567860363529576e-01
2.674495876260145621e-01
-3.963981238930975870e-01
-5.434822586651044674e-02
-3.749150929515812081e-01
3.080386000904417054e-01
-9.441363416922166074e-02
-7.108893256138502093e-01
2.298436351970793989e-01
-2.228534213329329550e-01
2.251563106121554081e-01
2.346015475089410218e-01
1.199000063966923907e-01
-1.000000000000000000e+00
-2.674162248386171559e-01
-4.943829652232193395e-01
-3.429718423800850458e-01
3.083826844428808611e-01
3.332296843183772950e-01
7.068232838381935945e-01
-8.606708322181133575e-01
-1.720567994454679506e-01
4.444088852405019274e-01
5.288225119924803153e-01
-6.307602610977192104e-01
-6.512011671986848160e-01
6.742189279297442495e-01
-5.829486373461840731e-01
-6.916943315804974235e-01
-1.658114354350112007e-01
6.063719818726183153e-01
3.414160526058502843e-01
6.323449865683273829e-01
5.158871486619345248e-01
6.578452226500164368e-02
-5.745465018836022342e-01
-1.826245225904399305e-01
-4.266456867215653315e-01
1.359225915876459134e-01
2.375086360236694227e-01
-9.227780288534970232e-01
2.600061694774576382e-01
5.401871042254960953e-01
-1.135553892187453895e-01
1.303578116304398016e-01
-8.142473289430085526e-02
2.707681790653370113e-01
5.532768714594644976e-02
7.925929493053440744e-01
2.262968142682758588e-01
-8.319568540760011732e-01
6.117610382881166764e-01
1.117981281903852320e-01
2.158895746846465902e-01
-6.081940560912060256e-01
7.342582923544910267e-01
-2.718998920428833954e-01
-6.288030546003489096e-01
-2.175831661886423185e-01
5.124541150946105850e-01
-7.546966343875788352e-01
5.865934942798288754e-01
-7.345862069196569255e-01
9.499113356324007107e-02
1.134966429835841950e-01
1.488668052372863482e-01
-2.307430816834214193e-01
-8.337294567443989668e-02
-9.590064575293959503e-01
6.449850105433823089e-01
7.134151835023738730e-02
-3.853922402436205097e-03
-4.121135406435785797e-01
-8.274865457934941215e-01
-4.485494198543415467e-01
3.452387214736873933e-01
-1.000000000000000000e+00
2.724803487954909897e-01
3.792343051795477038e-02
-7.303280855315681386e-01
-6.427205835865958949e-01
2.991679214782275720e-01
-3.557327713328007346e-01
-9.760932102055213111e-01
-8.053184744699508624e-01
-6.192676830464822757e-01
4.425067956143687864e-01
-2.631510915749362689e-01
3.208919350629749756e-01
7.641997500202546423e-02
-4.531154311260066070e-02
-1.367957132587708791e-01
-3.846066660195351927e-02
6.845748932432431655e-01
-1.858595257704198644e-01
8.714358128071502119e-01
-3.219163215443316961e-01
5.613569451353308537e-01
9.553209741380850328e-01
3.029258739568472247e-01
-3.217928576427536713e-01
-5.282831816770212630e-01
1.806021831668316313e-01
5.920883838921604525e-01
6.830881780056963226e-02
4.072397800128048084e-01
-4.921200776566527768e-01
3.455587161995657963e-01
-4.775270139904106981e-01
3.784412690883437458e-01
-6.324386575634812768e-01
3.952926589542171687e-02
-4.744770121384537798e-01
-4.893591576332266824e-01
7.556989420707347360e-01
-9.682923876661330143e-01
2.169360863016041030e-01
2.749017000726792226e-01
6.398742817947573602e-01
-6.727475279529164798e-01
-1.721307816332537932e-01
-1.477489243010421394e-02
-8.995276754774548245e-01
5.791675197487737847e-01
1.191657733051256635e-02
-6.641891623977493886e-01
-1.095663678007913477e-01
3.997767059452774774e-01
1.585852174360673494e-01
3.370904378159766956e-02
7.510140184570867072e-01
8.779596890074514715e-01
4.661868614043385151e-02
-1.434217070592148646e-01
-1.000000000000000000e+00
-1.137935733257355864e-02
-3.548680431389132361e-01
9.166511571450880469e-01
-2.474481203358180892e-02
9.874479070918142920e-01
-5.487330426785347326e-02
5.334617401301654516e-01
-5.997057293133294387e-01
-2.370478201775408078e-01
1.108030448617217389e-01
4.665649488272224366e-01
-1.375611237559480338e-01
-1.086068891384897039e-01
5.034612524365215114e-01
-3.290245594179976862e-01
-5.982637945394830847e-01
-2.187613257600066197e-01
-3.205638984537449443e-01
-4.432632833741394496e-01
9.948764412781733180e-01
-2.048064287404569028e-01
5.066665085985812000e-01
3.428507340760288402e-01
-3.569548273233020819e-01
2.658148295272126926e-01
-1.103705624601676316e-01
5.919577387685042158e-01
-4.421976797378184276e-01
3.466493856149688302e-01
-6.594993013980045005e-01
-2.311967839516473056e-01
-4.359296650138501095e-01
-3.276565847687826216e-02
8.555498149913784434e-02
-6.765958672226147774e-01
1.728090711293082116e-01
4.441873807359649762e-01
2.947233590743511544e-01
8.661331952666468936e-01
-4.179974187250834472e-01
-1.055864633737583075e-01
-2.573255023019337950e-01
5.236605503097456760e-01
5.735429006194968649e-01
-8.480713041765107763e-01
-3.795714308663007408e-01
-5.091448508633054093e-01
-4.906391309802715650e-01
-5.985529831481106733e-01
-4.596145073031698836e-02
1.800578505141052776e-01
7.479453781111442545e-01
1.011445072220060748e-01
-5.184151095939094900e-02
6.444308025735103751e-01
-2.508583795770394920e-01
-8.955695765913257445e-01
-2.167290398888989944e-01
-5.445877957189015905e-01
-3.956450561106044095e-01
5.532106797114006991e-01
2.123733984535324248e-01
4.141408539666449062e-01
-4.434806714505545866e-02
3.432318845989105194e-01
-3.810872129045606016e-01
7.003609314141583386e-01
3.634444370604676955e-01
6.776611681360662498e-01
2.215153934916549439e-01
3.342979402845285275e-01
-1.498556610039663561e-01
-4.496818037009176483e-01
9.319318916820273913e-02
7.496741064958551970e-01
-7.167352313518526863e-01
-7.775166717121304583e-01
-2.626235728701658556e-01
-6.406656862205002412e-01
-5.095604286323351939e-01
-7.298942565655832659e-01
8.965427881486762729e-01
-2.788562849256548959e-01
-8.726490136752675097e-02
-7.892924071107172423e-01
-3.886064062559368981e-01
-5.767370369568879385e-01
2.744575081338761491e-01
2.160070926605355268e-01
