-2.319739732865262472e-01
-5.850539033648516352e-02
-9.994212083184914608e-01
1.078127662541652487e-01
2.495902163049801281e-01
3.390710154451064273e-01
3.362541790491622162e-01
8.475974268997799044e-02
-6.505477546667299826e-01
-2.659562836067252967e-02
2.270833905710043510e-01
-7.661594259521273820e-01
-5.024546249722947611e-01
-1.854998952340336515e-01
-5.666446089430652311e-01
4.781693341615917969e-01
-1.111794111361983362e-01
6.364716119306064179e-01
-9.978021843877982189e-01
-2.725289083551636349e-01
5.174530101732195408e-01
4.990095924923436677e-01
7.965701047795969991e-02
2.815731892144266446e-01
3.007390939596026325e-01
9.110495383102905631e-01
5.218509112122733384e-01
-7.507539605052728771e-01
5.264081557203270645e-01
-2.475385831064940145e-01
1.415882544984872204e-01
4.009438640804727783e-01
-7.969234819878598941e-01
3.186123713248663059e-01
2.603763640797016610e-01
-3.163157932209978984e-01
2.089918320471095825e-02
-3.899523880119215580e-01
-5.629991104747034125e-01
-1.289618973936441648e-01
-3.701119300941644319e-01
2.891054899621445795e-01
-4.192372521266580776e-01
3.297795862169528025e-01
-6.178155089936372413e-01
-1.093482219618783502e-01
6.196107894793634330e-04
2.366633056705280680e-02
9.482885256082882464e-01
-2.684984633014242394e-01
-4.669193964063877988e-01
-5.483083761384488497e-01
-2.185266318671588159e-01
-9.512130311590010212e-01
-7.853251352106178640e-01
-3.461725438481044748e-02
2.314124934136385647e-02
-5.416280050654500577e-01
9.126764961600366544e-01
-2.421604679276785355e-01
-9.018080778209200954e-01
3.141843597023616930e-01
-6.004879681679602399e-01
6.913485331931488176e-01
5.155210565557080127e-01
-3.903433944995027272e-01
6.631272548074389483e-01
5.557835691617254437e-01
-9.003601130307170575e-01
-3.135574599908903526e-01
-1.495035019971442392e-01
-9.316563331068068443e-01
-6.830778095383887027e-01
-4.640225396168202732e-01
3.443003368258845676e-01
-7.188241651850060254e-01
-9.540835687378039776e-01
3.365499749123699313e-01
3.246858669190388902e-01
-6.551437595769564748e-01
-7.764845374682469714e-01
7.026076769730638105e-02
-8.682016415217135297e-01
-3.518947208649287894e-01
8.934034232823437893e-01
7.608707714997018368e-01
3.271501379813981369e-01
-7.110492270280606153e-01
-5.663118407270515409e-01
-3.682781756981671206e-01
-8.330086258268252219e-01
2.888210021450723919e-01
8.066103390736989454e-01
-8.738229021141099562e-01
-7.773218914528892132e-01
-1.327116950952200725e-01
2.793005198774358711e-01
4.807922627917526892e-01
-2.851572445035917003e-01
1.000000000000000000e+00
6.146850811008193194e-01
5.517847075983772775e-01
8.867313899302742275e-01
7.555222429947858753e-01
3.062762520321029580e-01
9.681620161069433017e-01
3.035536874217301673e-01
1.847527867621439057e-01
-5.202782116934432377e-01
-1.421600326203635856e-01
-6.681276873943478023e-01
4.024260162591839496e-01
-8.079754442305180362e-01
9.323243006888495277e-01
6.374174809988597534e-01
-2.512536370734719249e-02
-1.518204105967200235e-01
-7.514101548499250161e-01
-9.913575281474060752e-01
-7.443292836728814255e-01
-3.095091788095505336e-01
-6.487297983695403669e-01
-8.361715146125645592e-01
-3.191192367440958133e-01
-2.059595631321338161e-01
-1.002582518158090519e-01
5.094824334549523659e-01
-5.832069013995955231e-01
1.901041577513427061e-01
9.439491829130244316e-01
-7.561903838829024949e-01
-1.696908004882766718e-01
7.171761633471447350e-01
6.444646758352894356e-01
1.406811919688615298e-01
6.556250837122006292e-01
-6.720499473516029498e-01
3.181437525041137526e-01
-3.715804878028992064e-01
5.987161871460302542e-01
-2.905055708508714751e-01
-8.729611346667920380e-02
-2.825839744107482704e-02
5.830485763786090736e-01
-3.530608580287053488e-01
-9.219720889716231937e-03
-9.933240051261404968e-01
-6.157616717974656595e-03
9.800607200907511807e-01
7.438319533073989298e-02
-6.198829543699986289e-01
2.900108968026778311e-01
-1.442440254887067397e-01
6.928035272991064364e-01
-1.547517557506770114e-01
-9.508772417927557896e-02
5.706306019194755663e-01
-9.396023886586422069e-01
-9.838141029377789337e-02
-7.478480943826097960e-01
-5.833858560414451055e-01
7.082119359698588745e-01
-7.785745318822359096e-01
8.041046967647971222e-01
8.583127257128082555e-01
6.537789189364671127e-01
3.859874819154107684e-02
-8.363434229267507902e-02
6.593674630394674718e-01
1.266063165017721204e-01
-9.920433589327410928e-01
-8.696557870144474567e-01
2.327108706403129279e-01
3.050807290350532330e-01
7.609798682206725395e-01
4.000924156709584345e-01
-5.487544855222581397e-02
7.973898935833565460e-01
-5.703835016442060368e-01
-6.019179070128874987e-01
7.381486024519872124e-01
-1.112109957173073038e-01
2.911793285317409996e-02
1.431518882162308159e-02
4.703442680195377701e-01
8.326582505275912371e-01
5.032939989049833862e-01
-8.964537137697377034e-01
3.392560319933994872e-01
1.286968904059173635e-01
7.620100105858207407e-01
-6.357590633448531037e-01
-6.526007720911211063e-01
7.663357130955417151e-01
-6.328137162732996313e-01
-3.442957460693780725e-01
3.964161567443145184e-01
-1.649157733438055828e-01
-3.372933625360250431e-01
-3.403266556619932715e-02
-4.484878624251285029e-01
4.568138243036636847e-01
-6.432559367002219641e-01
-4.667680088138954630e-01
6.585240755762100662e-02
9.108430371995210884e-01
6.242065271305139440e-01
-5.047338345416045868e-01
2.591949280421075308e-01
-1.670340768527457387e-01
-6.904426555985165859e-01
3.868496782452248706e-01
2.587941783498091119e-01
-9.777092937421683061e-01
5.799854537640296570e-01
1.097317341260817258e-02
-8.331084060452222939e-01
-8.495419463200664101e-01
-9.782678300237490632e-01
-7.328208573722321262e-01
-5.004894864040356772e-01
-9.340490384604036578e-01
1.464080956055431315e-01
3.893651086989906585e-01
8.308250350272472495e-02
4.975397550523185108e-01
-9.511405766900564718e-01
-6.472504390357771697e-01
5.298930077345407330e-01
1.453357546103584141e-01
-8.066960430854239750e-01
5.217413510757840100e-02
-2.597677174107089204e-01
8.081395289296344764e-01
-1.194079745212348609e-01
3.327018346286518824e-01
3.359567255293769428e-01
4.181230158189497281e-01
-4.496078150840752130e-01
1.684067327725621288e-01
-4.231343026225536930e-01
-7.063153524685443774e-01
5.745756114793729719e-01
9.278685839663440849e-01
1.909092229486393233e-01
-4.215979978866428723e-01
9.448964982892840148e-01
9.950544581664524380e-01
-1.147153168862362627e-01
6.371142454782674491e-01
1.078631734077346582e-01
-3.607227534697559079e-01
2.264874986888980590e-01
2.508769739177831859e-01
-9.869909689448315149e-01
-4.109193801682384795e-01
-7.977826396859409863e-01
-4.322925702140671955e-01
5.720339972640551274e-01
1.005957210769873322e-01
6.503115729556707691e-02
-7.090261682769705143e-01
6.053470506753855229e-01
1.726059867876825749e-01
6.453045955982492643e-01
