4.410198985886427669e-01
-7.417095100571799993e-01
9.137062920055551984e-01
6.813255800860593681e-01
-6.243003298246443400e-01
2.498072838403220253e-02
4.549488272528172672e-01
3.460315753380429626e-01
8.272529289791012985e-01
-5.521535894821918422e-01
-2.193018124571905203e-01
5.596196163161133441e-01
2.877607436703089050e-02
8.829262976984275646e-01
6.482640243285168191e-01
-2.106980120631503084e-01
7.677624993357909933e-01
-8.849613649482130917e-01
4.641243154317682418e-01
-3.607784381464700374e-01
9.566401443290031281e-01
6.841019104273327045e-01
-4.152632509625189261e-01
-5.421759321228714068e-01
7.236454180199956010e-01
-8.181116235287034799e-01
-8.203917560650353380e-02
-4.630781180632983496e-01
-5.486413869596939996e-02
-2.901224675452938051e-01
-4.122673241496918606e-02
2.087599332110569861e-01
2.600716988993359013e-01
-5.386113896395479106e-01
-6.466652152204226400e-01
-4.599603315659630542e-01
-8.075777232519820714e-02
9.588417996692313316e-01
8.349715837354350079e-01
-6.650447518984747841e-03
-3.056926772704764428e-01
5.644298417616695485e-01
4.257762895979777529e-01
7.317791203679244738e-01
5.382697391506966605e-02
7.615208856455986108e-01
-2.146547768367341735e-01
3.569708816007219898e-01
9.625554140523588931e-01
6.245246807518354260e-01
-8.912220500115701771e-01
-6.343446595535338073e-01
-4.068909169909267209e-01
6.786006648164695232e-01
-1.258025605223627164e-01
-1.979333975266366341e-01
-5.708435847321142731e-01
9.917387775976931330e-01
-7.735259003530821076e-01
2.300517451568362404e-02
6.968778460996850610e-01
4.993262999822345449e-01
2.102425377944203144e-01
-6.641171642034524591e-01
1.779707184908594364e-01
1.000000000000000000e+00
8.607886074017687683e-01
9.628291692138124525e-02
9.795068221556699761e-01
-1.686231621958367288e-01
9.493021286170053585e-01
9.155949348916734287e-01
6.727027584180698128e-01
5.860346664847213560e-01
-4.049685006004239973e-01
4.599567117546523587e-01
-3.387243017823879931e-01
-3.128665917551365361e-01
-1.362419575881999023e-01
-3.652739082721236930e-01
-1.392711592984063884e-02
-8.028644796093282743e-01
4.720019263595094383e-01
-4.463898374021515458e-01
5.324415933840358495e-01
-6.712320865362391142e-01
6.175765496112564090e-01
-6.134887282586191093e-01
-7.340024918443565083e-01
-4.650362698148680085e-01
1.316621435517460054e-02
-6.423050453833688556e-01
6.904333677980651895e-01
2.955565412026681105e-01
-6.082360669661597274e-01
-7.926008950004811426e-01
-6.184156001188095830e-01
-6.410462355883275176e-01
9.314037203515890262e-02
-3.757599558922142258e-02
1.190686225865562609e-01
9.250357457622269131e-01
-1.565674523600877333e-01
7.052857695262444437e-01
-2.449040277153151646e-01
6.122697047216394406e-01
-7.555532231664761067e-01
2.407328949178979549e-01
1.567714446257717498e-01
-6.491576672438010842e-01
-8.644927456422721868e-01
5.960192724085817684e-01
9.078724257874126735e-02
4.631066827712666534e-01
-3.109771858536158895e-01
2.641110850012560185e-01
-1.551308265707740386e-01
9.244672572281853462e-02
-1.934578719732726881e-01
7.480167329024365319e-01
6.300193604296520089e-01
-6.092723427669746172e-01
5.001575646669396136e-01
6.034052584932592111e-01
-9.169375362295530962e-01
4.492937181570608729e-01
-9.768212767285637810e-01
2.997946170975485103e-02
6.247469746885969677e-02
7.823364416017812850e-01
6.788745170734313827e-01
2.968496640055959812e-01
-2.307058906809180132e-01
-5.013949456130943894e-01
1.146376493039258371e-01
-5.859366822542719788e-01
-2.410780903386514351e-01
-1.529974593296331564e-01
1.641500781407929654e-01
6.063995971290305764e-01
-8.205212008650470956e-01
3.432675778314031589e-02
-8.984010901471550792e-01
9.725260297934978926e-01
6.765862546625724949e-01
3.141568353996083141e-01
-3.210866880564828829e-01
5.653018177225435092e-01
-1.000000000000000000e+00
4.503135567934850036e-01
-8.342043650676570499e-01
7.948241258116017782e-02
-4.896323281074188571e-02
-3.022639522213090846e-01
4.706408684171672352e-01
-9.392329414306033186e-02
4.356288573406978948e-01
-2.213262464369591953e-02
4.839646453568158257e-02
-8.747395810544544847e-01
3.991414148678138485e-01
4.202500755875360205e-01
7.327244377102913875e-01
-4.768965713548876106e-01
3.345381509632510131e-01
7.282371724543579283e-01
1.797651604699559424e-01
-3.407536713148433538e-01
6.009126295980560251e-02
8.721581694982920574e-01
-5.980734165789344248e-01
-4.908631842832564818e-01
2.986792793611676711e-01
8.175101265832154240e-01
5.036152712873962489e-01
6.379006571812725346e-01
-1.163702640266502941e-01
-5.180743491151342806e-01
9.288756045495778491e-01
8.857496035609340179e-01
-4.717322207680090251e-01
2.317674947026779897e-01
-9.386375591089384240e-01
-8.891878672914410586e-02
-2.001696492494950963e-01
-3.087005351605829340e-01
4.688080499816820179e-01
-7.735927297967784000e-01
3.897427225916065829e-01
-3.882553834345192634e-02
4.186904334694241392e-01
-6.054482766864297538e-01
-1.000000000000000000e+00
8.310969870703250884e-01
-7.116295861058958838e-01
8.173798388999033993e-01
2.853027711559175117e-02
7.120138557088098175e-01
-6.761480502996044528e-01
8.102186634898771445e-01
2.675365080048359157e-01
-2.621729853618503525e-01
-2.046594541448024107e-01
9.127516230443122325e-02
2.086829464827781866e-01
9.787781490515834459e-01
-3.383686402157859430e-01
4.069905212765765334e-01
-6.419240982124044814e-01
-2.197067159537820502e-01
9.964206125134700276e-01
6.681962557805208869e-01
7.196882045532138061e-01
7.170769680929638401e-01
4.872382630046524499e-01
9.369554862371143322e-02
1.808907320855401846e-01
3.618579658984147907e-01
7.473189803585200686e-01
4.988335611553580407e-01
-5.102518623407539256e-01
-9.861917682787311179e-01
9.557389413510455345e-01
9.539705702119898323e-01
4.587380686166526722e-01
-9.723958824224032682e-01
-3.816723324338266998e-02
-9.654733258817768671e-02
-4.058572046108828157e-01
4.736887688237467753e-01
-7.384321682086314453e-01
-9.387765379088996998e-01
4.737976181551881716e-01
6.181249638582435590e-01
3.007899510609224336e-01
2.868103506111184253e-01
4.242474636701235591e-01
-5.130728285519794429e-01
5.772543756485865041e-01
-6.358164537273104377e-01
-7.351808728301095774e-01
4.972539566037978975e-01
6.976776972082615602e-01
-4.365647085822190743e-01
3.521495404717358557e-01
6.962878019899927384e-01
-5.508579019124512088e-01
-1.102386018081058516e-01
-9.923111831165847274e-01
7.611085363047961350e-01
7.138902293027677981e-01
-7.471868728835773243e-01
5.949758900739290368e-01
8.876999966653884577e-01
-8.748811068977380145e-01
6.598258895500668242e-01
5.011620499924895888e-01
2.903218494746415690e-01
8.083015895117307004e-01
-6.800871717827512430e-01
-7.220022945005908355e-01
4.528407467299984113e-01
-8.305965774487804598e-01
-7.144846611241648660e-01
9.878084746123521054e-01
