5.529472810915613268e-01
-5.854806681120090506e-01
9.255239710955942556e-01
-9.138522540959156393e-01
6.115920638542969856e-01
-2.045046575129876310e-01
1.000000000000000000e+00
9.919169806969629910e-01
-7.048184693741275098e-01
-5.742145168229917385e-01
-6.218029504587212486e-01
5.749349748997030218e-01
7.433626125723635791e-01
-6.224255949285196765e-01
-2.628403989914848138e-01
3.589767994890564751e-01
-1.000000000000000000e+00
-1.000000000000000000e+00
-1.131764122441116793e-01
2.991722651972880676e-03
3.998278438065314688e-01
2.111488560665540359e-01
-5.337883248129442482e-01
-2.362654743570420379e-01
2.814096260755052370e-01
7.772871492320860831e-01
-5.399313847173260461e-01
-1.931360043707784913e-01
2.082629967832701767e-01
-1.745722172273815875e-01
-8.728721736003410836e-01
3.122049174911906699e-01
-5.815897598662613799e-01
-6.163517084078611319e-01
-1.409518701922354289e-01
1.258149665098289294e-01
-3.631698837015011616e-01
-4.862885740502207454e-01
-2.070228502289181982e-01
-5.880962753553824474e-01
-6.600422610458258621e-01
8.889340273182568808e-01
8.303959151011326423e-01
4.816502383681890986e-01
-6.170165440775295940e-01
-2.202434779726475389e-01
-9.630273478402489040e-01
4.924634799654558637e-01
3.019106401358764291e-01
8.031436070620359136e-01
-6.711732886507664197e-01
-7.712296329404222384e-02
9.194822692576778422e-01
-5.807860549127210614e-01
8.841010809278133653e-01
1.000000000000000000e+00
-3.170592799254521310e-01
5.174968731009510492e-01
9.148339865384056413e-01
-1.000000000000000000e+00
-5.474969165027987472e-02
4.288276540559787797e-02
-6.120719868574182598e-01
5.208018152545377255e-01
-6.599556435779818653e-01
-9.118616148082783202e-01
-4.444416924426863869e-01
-2.561653128554897130e-01
-2.567938354970206172e-01
-8.573409349833709392e-01
-7.516282970722165668e-01
6.489492956168958493e-01
-3.690004725189350854e-01
2.006175312945042144e-01
-1.000000000000000000e+00
-7.193752124864594144e-01
-9.617672116565700868e-01
9.047132430391973124e-01
7.010872498984872525e-01
-8.360831773416461665e-01
2.657716277680854944e-03
-7.469313407452953246e-01
-5.661227224371853106e-01
-1.196601102645307169e-01
-6.673717235950045179e-01
9.030530540626059699e-02
7.388376367247095899e-02
-2.053218321092935561e-01
5.679933972842905465e-01
-1.000000000000000000e+00
9.319568611459411178e-01
6.754671449044624687e-02
-8.755756521344122412e-01
8.986797988838433060e-01
-3.146804357975065969e-01
2.452886940293821372e-01
6.822044009524723673e-01
-2.425076274095225859e-01
8.732413089181203514e-01
-8.962591186182278236e-01
4.321586256083251865e-01
-3.035588014848675797e-01
-3.597814777820911303e-01
5.814990224438896238e-01
2.979378035946903536e-01
-1.000000000000000000e+00
-5.749418848798868442e-01
-8.939388680266731058e-01
-6.853686196556598720e-01
-9.797138416754360701e-01
-2.142751101111099454e-01
-8.811910918040195551e-01
5.339174728449866958e-01
1.851481087072892606e-03
1.071801065380195706e-02
8.794417840527043451e-01
-3.153583948179576879e-01
-9.958574073675274807e-01
-4.859566338442286582e-01
9.977553756023378462e-01
-6.502517803501836058e-01
-9.906038420824649915e-01
6.266904616643140247e-02
-2.046342855051619392e-01
-4.179398220890768734e-01
6.128387043608090057e-01
-2.064534284535283759e-01
4.758626419345681757e-01
-6.666835192251041597e-02
5.326935129903653809e-01
-7.179914463027617932e-01
-9.806664759244476670e-02
-2.319408385467192080e-01
-8.334186054575580815e-01
2.477956268013750130e-01
-9.940291897468509497e-01
-4.995019161164511168e-01
-1.736768845970210751e-01
-5.113735967473176380e-01
3.743143962281576531e-01
-8.990596435120590257e-01
9.701936557652951487e-01
-8.498345089987064949e-01
1.728933683693800738e-02
4.596491479343798314e-01
5.752860634782646088e-01
5.768627213714201396e-01
2.900734664311366284e-01
8.894772003910480507e-01
8.948988676158653455e-02
-3.831423642524569573e-01
-1.228091919751610472e-01
-5.360596105871962003e-02
4.571102112366046133e-01
-5.879597417696589279e-01
7.458426678870093696e-01
4.912199513697343423e-01
-2.098179632053764898e-02
1.165740503644907833e-01
7.128163325522947069e-01
-2.136853121889168428e-01
3.205851029409205188e-01
-4.859064191025577184e-01
-4.528105174726609894e-02
1.959998523548081018e-01
9.822287894247534457e-01
-2.928643107908635024e-01
-6.408927448995616061e-02
3.401235054850955120e-01
4.207730916857790326e-01
2.282930869365736581e-01
-3.314848592403487060e-01
-6.762099499783194023e-01
-4.605190300370866630e-01
5.856851212074687396e-01
-3.372676219503820683e-01
-9.287382908005490378e-01
9.803409485990521866e-02
-7.915992597036423106e-01
-3.523936925555109512e-01
-7.248391021818680890e-01
4.398157424758404321e-01
-9.802158963640732470e-01
8.050985982787788320e-01
3.821358737832439845e-01
7.299953214004526458e-01
-4.982241289968886849e-02
-3.278506121101538717e-01
1.475536874332259440e-01
3.936845291661632551e-01
-5.397709342376422192e-02
-5.433890277289024073e-01
-4.651185041329610748e-01
-9.982022726578336780e-01
-8.022270206315400554e-01
-3.381958091003114397e-01
3.258888685291211340e-01
2.110490962939903792e-01
-1.558145392864258572e-01
6.639066265340860529e-01
-2.576290872999705273e-01
-7.357305529513954445e-01
9.869623419772155515e-02
1.667322916550121326e-01
9.951221164751584691e-01
-2.497691983116339665e-01
3.741768473968131725e-01
-2.483266619336954584e-01
-8.734715165321871311e-01
-2.969253821269959293e-01
-5.880907008508340361e-02
7.062162951161750080e-01
1.141960841948610750e-01
3.543893100923443118e-01
9.372188840486292971e-01
4.510508819288094884e-02
-3.486868878155208185e-02
1.000000000000000000e+00
-9.371775291347990144e-01
2.370021255548765415e-02
-9.050468216151617007e-01
4.004518102915698985e-01
-6.483605208520257790e-01
-6.770262873300272322e-01
-5.812720032212901344e-01
1.471855798937524717e-01
-3.990767122251535071e-01
1.414069251744416444e-01
-3.792346326557124447e-01
9.091678522912580718e-01
-1.000000000000000000e+00
1.000000000000000000e+00
6.842980353035983399e-01
-9.275987550191611142e-02
-6.882861393159174224e-01
-7.474381463399367709e-01
7.659375211774799297e-02
-6.392868520971701773e-01
5.600272150619263201e-01
-9.339021783836878310e-01
-8.288607649736154936e-01
-8.962786437239531612e-01
-4.202521999869467395e-01
3.100783394572513840e-01
8.329593780683071103e-01
-1.000000000000000000e+00
-7.867153977665853892e-01
-4.233658019369963554e-01
-2.485256576914421645e-01
-2.602916007435664980e-01
-2.092001470984343192e-01
-7.667545048994424128e-01
4.077319399335479488e-01
9.112423158922446920e-01
2.153513344208892732e-01
6.996334511717539062e-01
-4.319736272384823161e-01
8.498157201794475091e-01
-5.364687536213497143e-01
8.871505219220878757e-01
-9.306238726850593057e-01
1.825744352177042784e-01
4.261850524321332268e-01
-7.918688413625150080e-01
-7.041407096914136243e-01
