6.168238725013106549e-01
9.286275516025526144e-01
9.071348377829626664e-01
5.345844309060777677e-01
-9.724918879775930058e-01
-3.028477689886664437e-01
-7.990963087193680980e-01
-9.871486224714386415e-01
8.358827267495250180e-02
-4.973387551244987659e-01
3.558582033013842072e-02
6.043457831064482644e-01
2.512532704700116137e-01
9.388327847046107344e-01
-6.061907479741152072e-01
-1.000000000000000000e+00
-5.863442654414395827e-01
-5.843444186186768086e-01
-2.660120171578675974e-01
-4.081220748552840671e-01
8.599996391519406647e-01
-4.664226081925787470e-02
-7.696953254135068256e-01
-2.710106637153048004e-01
-1.000000000000000000e+00
5.611346352547927907e-01
-3.191063028129316193e-01
-1.000000000000000000e+00
-1.916646835016149186e-01
-9.099466660798978257e-01
-7.422480686215775503e-01
9.916255630653203479e-01
5.894282670964867688e-02
1.000000000000000000e+00
4.588584132149325923e-01
-7.482224664284283788e-01
1.352810834196184198e-01
-1.315886213716129793e-01
1.000000000000000000e+00
-8.661875031226538013e-01
-4.274329518489922708e-01
-7.460417478122003399e-01
9.290307413195652009e-01
1.394534800026132615e-01
5.678948053686077024e-01
-6.480382150819279374e-01
1.000000000000000000e+00
1.000000000000000000e+00
1.000000000000000000e+00
8.051241325861775433e-01
-5.312429417258390796e-02
1.000000000000000000e+00
6.666223858574437111e-01
-1.000000000000000000e+00
5.439320849078471687e-01
9.175349478573860407e-02
-1.000000000000000000e+00
-8.038658100096070236e-02
-9.232669037028971015e-01
-1.559694789714212160e-01
8.537293252304442581e-02
1.029750140347644449e-01
-1.159732431797889096e-01
-5.599189405625198956e-02
5.809117462536297349e-01
5.315049493074652798e-02
-8.815112912661031697e-01
-9.162891838877335049e-01
-1.000000000000000000e+00
5.088405787813172765e-01
-6.573901355168063620e-01
6.083019979575411407e-01
8.311388505381901437e-01
5.474222184352879328e-01
-2.475431461982855463e-01
-9.859920896407099455e-01
1.706223086195696181e-02
-2.349638182448499646e-01
6.200626047668006402e-02
-5.470797558321111032e-01
-6.768594663394242872e-01
-1.587050659877842218e-01
5.611206891685129872e-01
-1.000000000000000000e+00
-5.999004744599594208e-01
8.027134058498042180e-01
2.729490134946539470e-01
-4.339716511305835578e-01
7.919754324630935427e-01
3.177269251427458641e-01
2.246460285335896423e-01
-1.251597158435848178e-01
-1.000000000000000000e+00
1.305772479921248896e-01
4.115983106936575986e-01
6.191499042200377945e-01
-4.606202587877815668e-01
3.224003114100646439e-01
-8.891062703311423121e-01
2.809487186682377846e-01
-3.542389593747856669e-01
-7.741839143680576685e-01
-5.646460910355466378e-02
4.365691997340467312e-01
-2.483930973491188521e-02
4.873660974409633750e-01
-5.492567663926443133e-01
2.022981881875090815e-01
-2.677569945958404030e-01
4.578997735745736208e-01
2.681689770781739979e-01
2.366035829463242202e-02
-8.055292624053683737e-01
-2.329890413937393823e-01
5.037256152913650586e-01
7.801247728942475868e-02
-6.367101425133856463e-01
-2.680010273586707070e-01
5.564943549974630255e-01
-1.198445933132362418e-02
-1.000000000000000000e+00
3.495887886299743341e-01
-9.117899629485111124e-01
1.918157900765568025e-01
-1.000000000000000000e+00
-1.000000000000000000e+00
1.000000000000000000e+00
-8.620999686393520101e-01
3.999440559210365453e-03
8.031363925288395600e-02
9.391106842663458076e-01
-8.393589925579182376e-01
-6.459860556439731005e-02
6.955120091297339879e-01
1.718214267960482267e-01
-1.248467034407456655e-01
6.191504700424632635e-01
4.869831321298643267e-01
-3.058636182022160810e-01
-4.136560968347932077e-01
-6.351138367104229854e-01
1.782678891920461417e-01
-6.272410202910052579e-01
7.553256928247285007e-01
-6.016632837316793214e-03
-1.000000000000000000e+00
1.668768734706937984e-01
-1.000000000000000000e+00
1.000000000000000000e+00
-1.552508146439734449e-01
-3.355012522365813377e-01
2.044304802658408748e-02
-4.830618376524689062e-01
-7.651337606433562533e-01
9.496644813428991583e-01
-6.466990255142420763e-01
9.512521487366240036e-01
-4.890285049578602106e-01
4.124279425742150007e-01
4.642399543978696919e-01
-3.871703356794746753e-01
-5.368865313474868728e-01
5.007453585618086844e-01
-5.334142852708372295e-01
-1.000000000000000000e+00
6.545774827575780996e-01
1.000000000000000000e+00
-4.929697357515947509e-01
3.281036291192673815e-01
5.321797039792597328e-01
9.197258558040338761e-01
9.750098009404811750e-01
8.691591384516373919e-01
-1.000000000000000000e+00
5.192231078389740739e-01
3.876001819270531445e-01
8.998650818763084258e-01
-5.018407756733924696e-01
4.734942196985183482e-01
1.000000000000000000e+00
-4.496195175001183042e-01
-3.401633532516860070e-01
1.000000000000000000e+00
-6.701527008173908673e-01
1.000000000000000000e+00
5.213308549861617180e-02
-7.593874015158647017e-01
-3.946135032377408591e-01
-1.939983543696751078e-01
-2.644025390338206605e-01
-3.413338812752846341e-01
-1.216839409959407925e-01
6.940156851531326110e-01
-1.729160536025216022e-01
8.494081671720070670e-01
-1.391859341597938005e-01
-3.008375128260445397e-01
1.000000000000000000e+00
7.817130712698763251e-01
-1.000000000000000000e+00
1.743455016829166260e-01
-5.447882918968187660e-01
-2.643758005718666038e-01
-4.661638411702238027e-01
-4.375460512294048199e-01
-8.690101779030379170e-02
5.628364947247070926e-01
9.308976763727794257e-02
-2.191617493215348156e-01
5.855209181975726818e-01
-1.000000000000000000e+00
-3.066658824717442000e-01
1.000000000000000000e+00
-3.533502494235446489e-01
1.000000000000000000e+00
1.000000000000000000e+00
-2.395783660511711932e-01
1.000000000000000000e+00
-6.164446562834497989e-01
-8.004069306673320394e-01
-9.876857916136410065e-01
-2.811271154826824326e-01
-1.990979023278049986e-04
-2.510247897359936808e-01
8.292806688309201091e-03
-6.405972686835883501e-01
3.082353478974663163e-01
3.305550853980751547e-01
1.000000000000000000e+00
8.173012598233674320e-01
9.260013965534102942e-02
2.603869652375534471e-02
-1.533205953595045967e-02
4.188411381706645398e-01
-4.745382363291028582e-02
-1.000000000000000000e+00
-6.415856560586813417e-01
-1.000000000000000000e+00
9.646928004107704346e-01
1.000000000000000000e+00
-3.551567874888930110e-01
-8.015737916093331750e-01
-7.229100383227737847e-01
-2.945920018603323531e-01
4.349083554045471978e-01
9.515240403244811240e-01
7.287825088611815660e-01
-1.687142835369719318e-01
3.734118181230340339e-01
-3.168079755092477190e-01
8.238988841702394872e-01
-1.676013151286626091e-01
-1.000000000000000000e+00
9.522714030536625351e-01
-8.240915937631364541e-01
7.312655815751631927e-01
6.185234181660723696e-01
5.451115195963041060e-02
-7.915830884347032637e-01
1.000000000000000000e+00
1.171472452767413908e-01
-9.037593712761848863e-01
1.000000000000000000e+00
1.000000000000000000e+00
-3.823266474409869886e-01
