9.904958114159239102e-01
-3.821020433509871861e-01
-1.156163691820366601e-01
5.875358465446143263e-01
-7.606035710678695771e-01
-6.688415819016416686e-01
-7.535538542729529610e-01
-5.683228042180166195e-01
7.123231874905577854e-01
4.334921963919091681e-02
-8.310063707106059017e-01
9.885495907381673941e-01
9.973357860929397967e-02
-2.374783937028337455e-01
-5.243475789375062757e-01
7.508618709447486550e-01
5.565711422704506806e-01
8.923197057232834517e-02
-7.120658382544979847e-01
-1.464011045050104265e-01
-8.937986565693778473e-01
-3.238062164982868918e-01
-1.599602698118571809e-01
-5.321120407889161630e-01
1.441738620773231339e-01
4.425860604501032913e-01
-4.756163726827299376e-01
-7.164549397355987059e-01
1.550123515965746712e-01
-4.766470700168337071e-01
-3.134504714541616610e-01
7.953259529620211321e-01
-7.883789902030244878e-01
9.995089346674894681e-01
8.929303066851731474e-01
6.392648949691333016e-01
-5.586992467845188770e-01
2.263859200250923909e-01
-4.695286612590565678e-01
-2.442298585726720705e-01
6.477031813431205487e-01
-6.437167907028424896e-01
7.324315525552553829e-01
-6.525012987255056629e-01
-1.000000000000000000e+00
-7.764255238108316304e-01
-8.286423774339821691e-01
5.424978029374665223e-01
8.094058244133623958e-01
4.235378447064608309e-01
-6.713115968021843294e-02
3.199591083972909145e-01
8.775745633249051325e-01
-4.730350243074779026e-01
2.994054916410057166e-01
4.413610890045520652e-01
6.586766186165040615e-01
5.707893240451840100e-01
2.392109494687417459e-01
4.346710388979018180e-01
-8.406931558022689988e-01
-1.000000000000000000e+00
9.689931032395520116e-01
5.273714005524017256e-01
3.773061113025815150e-01
9.534433520763092584e-01
2.068406397866364710e-01
1.000000000000000000e+00
-3.407888390882485297e-02
-6.212099427205721724e-01
4.707788576642835676e-01
-3.598641514687301868e-01
7.633509618586120649e-01
1.891164855459031013e-01
-4.943631879612322422e-01
4.416561543265165035e-01
4.032675951927429669e-01
1.641721864846337198e-01
5.182493181503078361e-01
-2.624077682058545413e-01
6.682407576551354644e-01
9.946591449749366820e-01
-8.687274932401414240e-01
-2.501158106391360159e-02
1.040764375167708700e-01
8.337663613921602046e-01
3.539061065619553137e-01
-9.340019393683693938e-01
2.154449888050453676e-01
-4.760854137273062836e-01
-4.789096813480719916e-02
-8.516179082397568045e-01
-6.387143250292028895e-01
2.752239567427747780e-01
-2.678501057230220361e-02
-6.009754835083609414e-01
-4.716401324512866644e-01
6.433460561883383444e-02
9.817931351057145317e-01
-3.171181546603247248e-01
-1.586617960930715165e-01
-3.848804276526580637e-01
-4.995194955577327844e-01
8.916782199438215706e-01
-6.464507245337749453e-01
6.209601442632007862e-01
2.891508693280573361e-01
6.614081820937303124e-01
-5.315678865283175458e-01
-9.412565137068360510e-01
-9.624244586100556553e-01
-4.923132152423905783e-01
7.513149960038267849e-02
4.232917990770822536e-01
-3.293999907392510806e-01
-7.090642034110119507e-01
2.069481575994862599e-01
9.902013542490053499e-01
-9.864038058591535485e-01
5.816775487459824312e-02
-5.677290671772383668e-01
-8.615256443381101858e-01
9.647355344378922837e-01
-4.588744252524218359e-01
-5.492276267235185472e-01
-6.143694340489769257e-02
-5.639385288549931818e-01
-3.047620313448710649e-01
5.761184922223072657e-01
-6.120875126862316273e-01
-9.177165735628308729e-01
-8.110501459310448524e-02
-9.303615388217392201e-01
3.530171373065511542e-01
1.000000000000000000e+00
4.432671461683491132e-01
-3.875192653286840816e-02
-9.389604748118125510e-01
-6.751437021573274411e-01
-7.771460764460663695e-01
3.204484288591000762e-01
3.994161724535070235e-01
2.939313724409498008e-01
1.720941958439958785e-01
4.871402581162318501e-01
-3.207164998256966104e-01
8.736357476905076691e-02
2.341278901893132369e-01
6.887714587724109716e-01
-7.516105067918936733e-01
2.799604935188915178e-02
7.021010076169083014e-01
5.764409032048489756e-01
7.198764667516095450e-01
2.187573231381484684e-01
-7.376140497249298322e-01
-8.554636204383754272e-01
5.516537066457504190e-01
6.939578978629006301e-01
-2.066701327935605015e-01
-7.030353166502645301e-02
1.541018162029483274e-01
2.622083800693368882e-01
4.977019274621012346e-01
5.512179288099635643e-01
7.164298189054356669e-01
-6.882522465133344980e-02
-2.366647039108123463e-01
-1.080168497333418021e-01
4.775737580505296509e-01
2.409364961426996299e-01
2.450201565283220972e-01
8.361296845180008486e-01
5.245780524161944847e-01
-3.004423065785137847e-01
-9.007874882003097383e-01
-4.708733316876914099e-01
6.123024399182658284e-02
2.810438723212762557e-01
-8.661461088168123101e-01
1.812564208438363633e-01
5.046871110582600295e-01
7.915195455759618248e-01
-5.415245921008637886e-01
-2.452591613247294133e-01
-1.045395748123656987e-01
1.701344803657052207e-01
5.282706312211489230e-01
3.637796436238001085e-01
-5.790420215610454502e-01
5.720526485143422324e-01
3.761506609314233529e-01
3.052940800250887321e-01
-7.041405681413379636e-01
1.221267361400126816e-01
-5.713539019249403994e-01
-6.558346047785621469e-01
-9.880455944693846693e-01
4.458393786766715605e-01
6.463850275317404304e-01
-1.765402941068323628e-01
-4.564998779001947504e-01
3.794274550795762035e-01
-1.776996572099888150e-01
2.371798622006813240e-01
8.919408138645490425e-02
-6.857044453998930589e-01
-8.143225876247592865e-01
-2.817229239753316072e-01
-1.349756048865219937e-01
-6.473871354370814846e-01
-6.756544113881000069e-01
-5.795585906559808098e-01
-2.644253431209708793e-02
6.991827906667604786e-01
-8.288280334374964475e-01
-4.513778332575340002e-01
7.305215029696856543e-01
2.170813506571593887e-01
-3.905629037274108706e-01
2.056653697301320527e-01
-8.882293244868226800e-01
-4.272399271571847290e-01
-6.470576306865705174e-01
-5.644189072491381243e-01
-1.000000000000000000e+00
2.905962265324886218e-01
2.227725385657257640e-01
8.438273572233395692e-01
8.605999991854351716e-02
-4.173623901312089046e-01
7.254767830990798139e-01
4.375636262696351864e-01
-9.697529549934624793e-01
2.722506047145378805e-01
9.659134814883565401e-01
-1.693247679339771605e-01
7.819517955606878346e-01
1.781060998918571614e-01
6.074823820376726996e-02
-9.852617288223104453e-01
3.832093742587587837e-01
2.456883428455980400e-02
-6.873480756332310815e-01
9.481873795076645184e-01
4.585876201421319465e-01
-5.250206109855259928e-01
-8.614802179336342736e-01
4.442416666742099451e-02
5.920126548786326381e-01
5.867677159011774890e-02
-1.831880795963426456e-01
1.177684876120002055e-01
6.473115531138304846e-01
4.580784915742753260e-01
-9.745946478447944372e-01
2.295478697113062516e-02
3.679851186235145732e-01
3.982487871617124142e-01
-3.658041640919496018e-01
-4.174610229406365836e-01
2.190219686725021209e-01
-6.730042588790496882e-01
9.624617269461344105e-01
-7.725248132616902019e-01
