2.167289492444059995e-01
-4.622016915321850994e-01
-1.900183536454539412e-01
4.964226594139090065e-01
-4.093235986001380056e-01
-9.428684373656520679e-02
-2.331466509745006022e-02
4.741192933197699855e-01
9.758089874600500702e-02
9.940525675281974838e-01
-2.494217258842175711e-01
-7.124736643193056995e-01
3.219590395953717543e-01
2.009582982033419896e-01
3.861263043280325213e-01
6.652900862415374039e-01
4.442324651712546424e-01
2.719635646850366295e-01
4.078462390605211985e-01
4.434374746631785658e-01
2.393971655983551661e-01
-8.764196635263097335e-01
8.182508653449663827e-01
2.834730266718612501e-01
4.885613096248975218e-01
7.243185578944163483e-01
6.390701688111338763e-01
-2.031241399529271074e-02
1.566698899305837833e-01
-6.581860209977820064e-01
1.210741627901149448e-01
-6.644116096478935862e-02
1.583551628645001735e-02
-9.698006359325928027e-02
1.741809421133266866e-01
3.655011896673181493e-01
6.778176906140309654e-01
1.595874572283896564e-01
4.173282404464484507e-01
-2.983449225940970617e-01
8.784073558065148557e-01
-2.320695494638145284e-01
3.209594369726795904e-01
-4.597400575318049132e-01
-8.965253507027393098e-01
1.000000000000000000e+00
-5.501411230575015132e-02
-2.172039444818499865e-01
3.828275858802556719e-01
-6.466399680224901303e-01
5.815379721319285933e-01
-2.042058332700977252e-01
3.315341805352202686e-01
-6.832741347945414656e-01
-5.625820007546999957e-01
3.862813027706772928e-01
1.023975008348722293e-02
-4.091157760646724206e-03
6.315323719205615527e-01
-6.806498703228585079e-01
-1.175438888187485265e-01
-3.989001786208718481e-01
-5.691217489646918093e-01
8.802992257390407360e-01
5.508271351789739700e-01
3.700398233429779138e-01
2.584428458689193020e-01
-5.815126827804870807e-02
-1.610443555481151368e-01
-5.347270041735732171e-01
7.026794681872313708e-01
1.431928575838807838e-01
3.001640351785652694e-01
-2.101014873596303012e-01
2.530908746919484642e-01
1.561161137394016796e-01
1.135491440543835023e-01
4.539447460628345254e-01
3.962524664654430429e-01
2.982817031334771829e-01
-4.039539663958143789e-01
-3.812457308808038792e-01
1.000000000000000000e+00
6.669375116688436300e-02
7.040619003193463454e-01
-1.878013367427897595e-01
2.377124504904759572e-01
2.684550977786607784e-01
7.663880894344505812e-01
-8.541668803427517886e-01
3.112302391968440052e-01
-4.950301370119286615e-01
-7.165125304695600938e-01
-4.208670208941052149e-01
-5.057868114628774059e-01
-3.058758167045827481e-02
-2.085471705235211193e-01
4.437774356829613520e-01
8.131017758774892190e-01
3.730082840723627363e-02
3.867852217725087360e-02
3.707649963538194315e-01
-4.253243569817524161e-01
1.135724535476692332e-01
2.128864484626887821e-01
-2.122747764893100353e-01
-3.356064937232131062e-01
-9.501138378628966041e-01
5.625490130975897562e-01
7.214771435915585673e-01
-5.140851760668185833e-01
-4.456420971519964302e-01
7.238284490974413732e-01
-6.762466129142923332e-01
-3.572890988707244087e-01
-1.595875479073999292e-01
8.104135325346162322e-02
-6.285513382615417477e-01
5.567691810443009537e-02
-6.165414301007965392e-01
-1.846045425056972722e-01
1.586852698185456934e-01
-8.893322634330456111e-01
-1.821940154557826208e-01
-6.003659332544198923e-01
1.000000000000000000e+00
-2.998897617425468898e-01
2.252704384391168158e-01
-4.678969783866131216e-02
6.903685970230225566e-01
6.469137581810679993e-02
-6.547341840746435937e-02
-2.554746622350513863e-01
3.269922970893892611e-01
-5.147456551235682909e-01
-7.602291608714074611e-01
-3.780359048607815353e-01
-6.059481153480066329e-01
5.866205441914342789e-01
2.895599040777696587e-02
-9.378261919000524527e-01
-1.000000000000000000e+00
-3.934988852349148303e-01
-1.376642222431611051e-01
3.305993938691536016e-01
-2.588400418550138582e-01
2.068656084623334834e-01
1.986488359329785514e-01
1.906814121766075287e-01
1.658571677346114548e-01
4.655322496524427200e-01
1.767807108926658932e-01
-1.501305318964257784e-01
-1.992302529887277629e-01
-6.611909475311837925e-01
8.993067714719009675e-01
6.728033739683074721e-01
5.100118312157447820e-01
-8.236028857702581973e-01
-2.042931265752447878e-01
7.325516156962325054e-01
5.370029879555771046e-01
3.915739588804287852e-01
4.507772513167418449e-02
-9.909889430001994626e-02
3.358237625604572063e-01
3.666363760872162203e-01
-6.602881471143935421e-01
-3.675476097633303407e-01
-6.656726001946335902e-01
-9.144077010503524061e-01
9.075008405801077149e-01
9.023212670551570280e-01
2.011198704323960973e-01
-9.127164431850672832e-01
-2.375148003857666112e-02
-2.416430787498928812e-01
-5.712797341636033366e-01
-1.261786186528493503e-01
-1.203125120948141946e-01
2.938848262413060741e-01
5.361263664068296464e-01
2.688343809871664991e-01
-2.281073441640880106e-01
1.683654954972635398e-01
5.186799787301907827e-01
-4.795780916430122387e-01
4.692754242246638396e-02
7.461660887734430370e-01
-1.603751038244533023e-02
-4.302539541955438529e-01
4.065271465861162170e-01
9.907618627979997150e-02
-1.046774973331621172e-01
1.382841489453075501e-01
7.868642150400809721e-01
6.075633649136590320e-01
3.662075359993542945e-01
5.487369303918505636e-01
8.403109189203328278e-01
-4.106701547502876193e-01
-4.790991216688753607e-01
-1.110702872731850199e-03
-8.252262863476871324e-01
2.896175310400400660e-01
3.810838071297809049e-01
2.011775467208343215e-02
-2.242025380063293050e-01
-3.998404193909854687e-01
-1.392262950340255323e-01
-2.353853937304460908e-01
-4.685489457204827790e-01
9.108965312234473810e-01
-6.048400843432842899e-01
9.433730925963204061e-01
4.889423641557169020e-01
-2.340417620126755693e-01
7.765768010002209731e-01
5.836631589002085896e-01
4.455317595188537649e-01
-4.164609214297243511e-01
-6.647109038493763666e-01
4.131817911504727103e-01
6.049761530930610753e-01
-3.013226992726706355e-01
-8.491674645059998916e-01
5.468698775372418108e-01
-7.090724833650881020e-01
4.802248449553535581e-01
-2.335288855284720355e-01
7.919182731964435895e-01
6.694297021074286924e-01
-5.051482040859686662e-03
6.935268732090058563e-01
5.762498498712420592e-01
-1.121189465867402646e-01
5.073032218802842053e-02
-4.488279056153497981e-01
5.211154597542331235e-01
-1.441747135447382089e-01
-2.236047336128659246e-01
9.117517772923589003e-01
5.378614924655841234e-01
6.556841246402246304e-01
7.334215500705651980e-01
2.783983753993957144e-01
-1.116518459313430300e-01
5.677724450523754518e-01
3.846300227447539966e-01
8.690651771758863831e-01
4.613051394400502492e-01
-2.059774311639125666e-01
-9.181408817187224347e-01
-1.289247691180057387e-01
2.409960803643287353e-01
-6.493938315507969961e-01
-6.412902767629408141e-01
-2.349822916479666901e-01
-3.279536200835326820e-01
1.131081301900622726e-01
-6.080003922356542745e-01
-8.334404238150050492e-02
-5.027206228905749530e-01
5.468224118894071673e-01
-6.340246196527016265e-01
