-3.315872406805588923e-01
7.216106749410308163e-01
6.110953019168194889e-01
8.280259528933113788e-01
1.953464905547914743e-01
6.027825684742264822e-02
-9.370147475002648108e-01
7.811831343332922284e-01
-9.959445539116908996e-01
-4.157231078271322322e-01
-2.352664485434735608e-01
8.500177033409270777e-01
-9.968158933947270928e-01
-2.862774108375774618e-01
1.502672727000854414e-01
5.900473984000671468e-01
-5.392887174172016351e-01
6.536961755980976729e-01
3.259946370765853807e-01
-6.293833695621464663e-01
4.541667130377202710e-01
-8.455044108770588540e-01
-8.930683432990489390e-01
1.837603846587878564e-01
2.541923258234410898e-01
-3.923130267018828388e-01
9.208779592096205668e-01
-8.677937746896180471e-02
-5.405763306475441787e-01
6.026967424932319073e-01
2.302862400102974050e-01
-8.204879116531060834e-01
-7.868303075247379264e-01
9.026567417347557409e-01
1.000000000000000000e+00
7.363663188927094261e-01
5.447372447364429160e-02
6.810477706989241931e-01
-6.492070871047639358e-03
9.782626821594582189e-01
1.523356000384770148e-01
-4.918642951504030858e-01
1.370370661902725606e-01
-2.768737398914213887e-01
-2.373785589058432510e-01
-3.647178409554885370e-01
-8.476474180482251874e-02
-6.749730495921866247e-01
-9.988979646978555227e-01
7.667322244212231297e-01
5.790930752532539305e-01
7.920357154629855678e-01
4.259472682135656552e-01
1.726494587907541067e-01
-2.355033696895045825e-01
8.221121438097804823e-01
-2.489537728172359632e-01
5.622285456919405844e-01
-7.085231399048657064e-01
-6.632889231871585967e-01
-5.101655671847804552e-01
-6.714551154353629592e-01
-3.485368615571535766e-01
9.813283723416699189e-02
-7.825917068299830248e-01
5.008256021932654400e-01
-5.313383080829585658e-01
7.215732589257295437e-02
-1.288454127568168239e-01
2.259307389036480096e-01
5.585576785503081343e-01
8.845689032966108645e-01
-8.198594984273805952e-01
6.297649086038370481e-01
-1.933195972504477833e-01
7.501323694126516006e-01
6.897342424422014950e-01
-9.530340350655159831e-01
-1.527342341924949887e-01
5.033620864829999597e-01
-8.890831724054959473e-02
-6.657712924615351024e-01
-9.357905236164731910e-01
-1.093275256297137066e-01
-9.866461032920395002e-01
-1.132412068937009852e-01
6.924778379221856461e-01
-5.064844247002331379e-02
-4.380994594474368203e-02
6.209599662008627452e-02
-5.415221008828119409e-01
-8.777356055098017862e-02
-9.414874750863775343e-01
1.084887320470108163e-01
6.185307667150765631e-01
5.011196789898435533e-01
-2.413291022961452370e-01
2.982507972147792619e-01
-8.372685763448317608e-01
8.881423342882304173e-01
7.699251309009254030e-01
5.434001445129552632e-01
-3.573052439530484126e-01
-1.789721021006106805e-01
5.889849817302217350e-02
-6.131764727078768962e-01
-9.500390919880765672e-01
-2.891660858259688105e-01
-2.951349968236067767e-01
-4.355439053513521230e-01
5.637944553703702066e-01
-6.785830817390374747e-01
5.561148215715803200e-01
-1.791099493051685476e-01
-3.700067946072966851e-01
9.116524081869092910e-01
-7.929398673043852597e-01
-8.869609672461491456e-01
-4.931858185691682106e-01
5.327865086505751968e-01
4.586713194166081031e-02
-8.429751773485780753e-01
-9.494266309812626758e-01
6.157477403374516101e-01
-1.000000000000000000e+00
4.537029336420415060e-01
-1.109498541247420089e-01
6.021118143848274151e-01
-4.111137086624419013e-01
-2.433580874124245952e-01
-7.564112016922861503e-01
4.652768948893721834e-01
-6.282199105838415232e-01
-7.186273792384296755e-01
-1.000000000000000000e+00
-6.793723904586250750e-01
2.992032748286312938e-01
7.091621920213020402e-02
-7.021846400696067914e-01
-4.960061201926153629e-01
-4.124280582664736627e-01
-4.745933527164075683e-02
8.044009771302439438e-01
-4.046777121157369983e-01
3.630490406833062345e-01
-9.227840553982291638e-02
-8.322643907815674424e-02
6.242782418869474714e-01
7.732485530181776312e-01
-2.848654856302879623e-01
9.277380624988939006e-01
8.160709664233258831e-01
4.968184816148568661e-01
-5.462799973644538731e-01
3.986980042713279548e-01
-5.715956274397469006e-01
1.813536307906139511e-01
3.057427102749497028e-01
6.247847525437918437e-01
1.000000000000000000e+00
1.403448786704848406e-01
-5.939554642614387481e-01
4.762890544016045169e-01
-6.879006481293448161e-01
-7.835341311810704035e-01
-9.567335863103261229e-01
-6.648320722833211960e-01
-3.892806837427609246e-02
1.784597521694715194e-01
5.241586017638381056e-01
1.412440894826856308e-01
-4.445827061763443222e-01
-4.731829209638864775e-01
2.748543354892292179e-01
9.177874446983181889e-01
1.335695381173889751e-01
-5.961208261434378652e-01
-3.372324371260104758e-01
-5.778835726953592822e-01
9.406338588690059677e-01
-4.731638898077461519e-01
2.377447715660306882e-01
3.815100849654234905e-01
2.597572629420853985e-01
-8.324229323181999707e-01
-1.680250795439672817e-01
2.137611730698258938e-01
-9.372258698681039668e-01
8.843191349171091176e-01
7.850160926582345766e-01
-9.958935943791815681e-01
-1.263584084342015967e-01
7.317009750228049558e-01
-1.218787079853884264e-01
-6.530390660950625703e-01
6.000315128106108453e-01
-1.020271788027993232e-01
-5.294522698241015402e-01
1.594626222165544949e-01
7.430982298432876609e-01
4.812668141205129757e-01
2.224847480298506319e-01
-2.500330168515161322e-01
-3.182910267103165047e-01
7.153669253649035387e-01
-2.816225682758699556e-01
-8.927029196676428136e-04
5.772782461434480261e-01
3.518877343485936060e-01
3.272354583343102252e-01
-7.092654493693804074e-01
1.775353326477543958e-01
-1.160461450908185643e-01
9.459361674991972890e-01
-9.234707818290013304e-01
-3.624167245682446969e-01
3.273429648586785867e-01
-7.327891547631271152e-02
9.904918078480264843e-01
3.851326233070218041e-01
-8.525897300414075897e-01
-9.368407432362937381e-01
-8.657041094362960543e-02
-7.912838123846257510e-01
-2.375197919388052359e-01
-4.509526430847949907e-01
1.742817598128683365e-01
-7.092378000300383345e-01
4.742353526346303472e-01
-5.538317618461310321e-01
2.302690656823669357e-02
-6.539464250891960928e-01
-1.284940543604186081e-01
-3.565796329664141506e-01
-5.528795756655506544e-02
-3.599124346522740714e-01
-3.000188865550508233e-01
2.238760178827077230e-01
4.539139521584565351e-01
-9.234186895047691301e-02
3.293628235926372438e-01
-7.245388728504376097e-01
-4.553544833752819487e-01
1.000000000000000000e+00
-1.848044389802515619e-01
4.604197385280730526e-01
6.350969952277354391e-01
7.588163646312922062e-01
-2.500943461685524172e-01
5.272162530850244000e-01
-2.728869755559260035e-01
-3.014348958289463365e-01
2.442648174675610129e-02
-5.249638769578821584e-01
-6.838359844958878941e-01
-2.145653162008125669e-01
-1.454623670407502178e-01
-5.536019384701739154e-01
3.795925517555803763e-01
9.876559880398130264e-01
-4.708613984599769875e-01
9.966592795810800265e-01
-9.230523138577274578e-01
6.941522156199915194e-01
2.984969132981678541e-01
