4.992840384860910419e-01
-4.991492342705251550e-01
-2.372936883858636214e-01
4.727614789854287514e-01
5.964135818505051923e-01
4.785429665858536019e-01
-2.500974424154644993e-01
3.068360699593064567e-02
1.516649079875420358e-01
5.897331492672517328e-01
2.734057817951907055e-02
8.624346119606496330e-03
-5.058676119265350657e-01
9.067766821397378330e-01
9.797468479712514444e-01
-3.313730652975881430e-01
-7.129116448447136989e-02
-5.372064820592920009e-01
2.078567116021646788e-01
1.417768757693206594e-01
6.947163560596970600e-01
2.218986319393916329e-01
-2.869468520344607421e-01
-1.559767043756362659e-01
2.122136189881076440e-01
-4.782247713262884892e-01
-8.845626691261326835e-01
-5.286369666932014821e-01
1.936497365295580253e-01
1.377000516173687850e-01
2.870414501907179172e-01
9.376909256455243091e-02
-7.004312902885623249e-01
2.535637062240025386e-01
-4.110400575628214703e-02
4.072738229750219041e-01
1.424084931908251583e-01
-4.848077190747395737e-01
5.063538897637712699e-01
1.842846806112659053e-01
4.970671365207812720e-02
2.293893283127754756e-01
-2.499560098836626221e-01
-3.409172549012047249e-01
-4.193973101516645374e-01
-3.756403708866918323e-01
-6.667823747779104693e-01
1.647695557407697908e-01
3.588958854528583320e-01
-4.661369649263903403e-01
-2.726165400170701414e-01
4.208148675563028185e-02
4.869903075573195350e-01
-5.923618322756668553e-01
-5.261994672099198356e-01
-2.566175451066013413e-01
-5.739400585361397189e-01
3.777372893094467776e-01
-6.247136174870081549e-01
-3.323475850842744772e-01
1.453198138508087212e-01
6.269083458512787477e-01
-8.305328198927620642e-01
4.798375137622737374e-01
5.998073771752676642e-02
6.800780344704968616e-01
4.663682739858286408e-01
-2.154036979823735765e-01
6.556379121016862044e-01
-8.048641221472828677e-01
-7.177267045600538298e-01
4.459188664184654538e-01
-2.560185763192241448e-01
-3.209458501818086562e-01
-1.772413685213674039e-01
-8.320583001430410519e-01
1.338863269441904758e-01
1.180484103716891719e-01
-8.105608540002776641e-01
-6.031971296306486430e-01
-5.619742920080061932e-01
-3.374486215273448525e-02
-6.144650816387411396e-01
-4.429793354651961890e-01
6.362828152278491300e-01
-5.222476648330947047e-01
3.815847995081296240e-01
5.718253288569448145e-01
-6.714111979433565747e-01
-6.119284251293950483e-01
-6.943468741777735209e-01
3.075594751316646502e-01
-9.359297931209018540e-01
-5.749616391172378549e-01
6.331393063817176703e-01
4.197436860427660177e-01
-7.006991959557882232e-01
5.578449563417156032e-01
-8.429875311285637274e-01
5.938390911633146807e-01
4.156887708837492812e-01
-6.778895685222930956e-01
2.079270085846433025e-01
7.098709138619874182e-03
6.762027846250961982e-01
1.024767086145200179e-01
2.607815696998060373e-01
-6.068772893943344959e-01
-5.003380697080164197e-01
-1.493065274460074754e-01
-6.027662558976760732e-01
-6.227392409866254752e-01
1.813997335907871489e-01
-9.772283095172824563e-01
-4.427131095144933859e-01
5.381719406721576782e-01
2.106520610705782115e-01
5.696306417028174085e-01
-3.951356904382588020e-01
-5.125920206420627734e-01
3.706588457239680112e-01
-5.226711192288624463e-01
1.949520581874175651e-01
5.296174912298250437e-01
-5.173823767082711411e-01
1.105113969562105947e-01
2.951996674642825558e-01
-2.484965974892129337e-01
-6.715096507811435522e-01
-3.721441716179150205e-01
2.561141321926286296e-01
2.953620981270170531e-02
-7.085487466117748045e-01
5.777381027153074555e-01
-5.381342138154322496e-01
4.890201497691197552e-02
3.376007353262199251e-01
-1.579401871420367254e-01
-8.268714178271259208e-01
-5.764228563448275944e-01
-1.313077044148264205e-02
6.506792144126414268e-01
2.055529347817225128e-01
2.384018415015805858e-01
-5.009896485105653774e-01
-9.360162890288645787e-01
2.842061154772067555e-01
9.652898821798783224e-02
1.479071148209202824e-01
-6.584233278064215850e-03
7.160689859446280892e-01
-9.155008990053026263e-01
5.377220868931033015e-01
4.817899661855478133e-01
5.963321452131120637e-02
5.554784245545941745e-01
-3.663709097460965403e-01
6.187795103099733574e-01
4.399620724985306985e-01
2.456478040062519408e-01
4.183647766858230033e-01
5.122338697759880599e-01
1.011275092875140169e-01
4.923698696615463888e-01
7.274328002157879336e-01
4.543164461197819470e-01
-7.174258088928187060e-01
1.967343156396518244e-01
1.124216220263867527e-01
5.589098918833024232e-01
1.592351834444076519e-02
-2.612229967067365988e-01
7.042425014821475093e-01
-1.434618668395104546e-01
-3.572468961699731271e-01
9.679675058171308688e-01
5.851681230221078556e-02
-5.820785006220170477e-01
-9.400471471299984838e-01
4.709997653102758475e-02
7.027931343955453602e-01
-1.989344701179240893e-02
1.268096248884796329e-01
-3.153312069653895211e-01
4.670030496550481303e-01
-6.904278876847040891e-01
-1.302915132587123548e-02
3.258842193048205882e-01
-4.222023500380145400e-01
9.938799054275326839e-01
9.790848633660198530e-02
-6.811814177902651979e-01
1.870645291102885910e-01
-4.177476383588285547e-01
-9.808165639705648253e-01
8.429160816728513694e-01
-8.022204257220679757e-01
2.327775534051987616e-01
-3.054130628935649572e-01
-4.746142851227804216e-01
1.618648578361506218e-01
-9.434619897441043346e-01
9.844068172377462567e-02
2.436652989760788035e-01
-1.481510089970959343e-01
-5.292444200688284361e-01
-6.471527569342954145e-01
-5.767761631400523115e-01
-5.092348865833849075e-02
-8.017104130959151753e-01
-1.350143178944493150e-01
-3.040468536992112503e-01
4.202531002773634006e-01
9.735484431029762797e-01
-3.078743666017951242e-01
-1.668474448317223136e-01
7.305038472483778023e-01
6.960763333498132255e-02
6.383846198967743080e-01
3.715991376886110809e-01
-8.833281891909321448e-01
2.515758228087565662e-01
5.874165173708525423e-01
1.826680447806418028e-01
-5.122299069289965034e-01
-2.575029251063506996e-01
-7.920557516766542072e-01
-7.095171617354969484e-01
3.145546699720072059e-01
-2.637209369781235990e-01
-9.782640474166544031e-01
2.792826595731464079e-01
7.197805914378889725e-01
-2.433840274736365772e-01
5.922306972108982714e-01
-2.125156727223272701e-01
5.943420099917453570e-01
-6.612318759219828479e-01
2.386260489082769887e-02
-2.563327410259240158e-01
-8.755191053084596664e-01
-2.033036935912990728e-01
-2.760062498537906861e-01
4.694471892233400001e-01
6.138645487848813920e-01
2.085413724346076858e-01
-9.541106082260497612e-01
1.981915195882395508e-01
2.533722533027060742e-01
9.529910620569848057e-01
5.801184895393582952e-01
-7.193281440942420613e-01
-8.401716372453615911e-02
-5.926318160932719792e-02
-3.773162101702070004e-01
-2.956934733587210373e-01
3.739211118096976150e-01
-1.002290317417788845e-01
1.870589888930891953e-01
4.035566595163584958e-01
1.679489474919075576e-03
-6.337393173017140668e-01
-2.216737948239398404e-01
9.969552078003995899e-02
2.732300162300377311e-02
