4.396711531542892848e-01
-1.498208693094864041e-01
-6.993886496270720343e-01
-1.213519720912777100e-01
6.193299943361951776e-02
-2.767980513765979644e-01
4.328875400320807976e-01
8.531178511080013127e-01
-2.591299491820200362e-01
-7.207292387004735623e-01
-5.982678699407952827e-01
-5.060716066626153031e-01
-7.502874520224040999e-01
1.799145736231193282e-02
-2.001786200315442965e-01
1.094969501770408637e-01
3.147919084119605304e-01
-1.474741930639034138e-02
2.563076548466368676e-01
6.316944792891799887e-01
-9.352677360080725588e-01
4.787618854795416823e-02
-5.160341886882677809e-01
7.947843694961578276e-01
-3.098485349914146258e-01
-4.865024629008661838e-01
-8.849002731933193200e-01
6.632830226296178022e-01
-7.178730800503282938e-02
-5.850521622579768488e-01
6.207219653627316092e-01
-4.238154534596250134e-01
-4.530053763392416499e-01
5.267466055935134950e-01
-3.049465982041448808e-01
-1.000670477987922746e-01
-5.969734640534314352e-01
4.706889138484819934e-01
7.645529432424901239e-01
8.106750235673281235e-01
-9.153937544562715245e-02
1.970966629312013718e-01
3.014216250929503960e-01
-1.784624752263853920e-01
2.322205801730927166e-01
1.914111606221410300e-01
-5.661020490633994484e-02
6.477267324594019327e-01
4.773365180560679155e-01
1.316289483689270512e-01
-3.327406756139046351e-01
1.107373573143536072e-01
-3.509491646622139860e-01
7.819173872537389380e-01
-7.806696823485798076e-01
-2.625276159706992074e-02
6.050987869777104677e-01
7.452678559194707564e-01
5.785629241033258818e-01
4.701477245134526584e-01
3.452213812289790518e-01
3.036103936453222740e-01
4.252629878128131313e-01
4.491341557751715730e-01
-3.181448094679635297e-01
7.549081185262740412e-01
5.501646528990670193e-01
5.270283657484613471e-01
-3.083429361501475174e-01
6.694526013879140147e-02
-2.771102546917051379e-01
-1.645828075066456397e-01
1.720641940581706109e-01
-2.710541137602819894e-01
2.541130014983907781e-01
6.018905411083586704e-02
-6.630124245855060217e-01
9.044666418096538596e-01
-5.204677721922357225e-01
9.935193948013898435e-02
8.751799308580474612e-01
4.588426705721050658e-02
6.715653536291394943e-01
-1.000000000000000000e+00
-3.470715669168868978e-01
-8.433252679330680568e-01
2.751255435100213309e-01
-8.896452157354803880e-01
7.715298855037708847e-01
9.983553399315594490e-01
-7.177304473542025498e-01
9.458147653940778277e-01
4.767796264770789438e-01
-5.759272774391546168e-01
2.640998436418368067e-01
1.208189756784324442e-01
-5.575280995167312126e-01
3.309954063322730899e-01
8.825662068865174348e-01
-4.843363162648838260e-01
-5.994216500598055219e-01
-7.188055061523257461e-02
-4.239028281722705405e-01
-7.188152088799124595e-01
-7.871241511404794000e-01
-4.719146733970970287e-01
-6.054797107049096905e-01
-1.883007738129687247e-01
-1.339242171665413483e-01
-4.708427696157132525e-01
-1.146901445191752522e-01
5.058430475159343409e-01
5.011888981993031233e-01
3.047861654170245238e-01
5.437898175304662907e-01
8.121240542447469846e-01
-9.147638804686960556e-01
6.955972027664616419e-01
1.706030700842478265e-01
4.683164653967823998e-01
-1.812493823574483909e-01
-9.000502193013055763e-01
-4.557284574404790733e-01
-3.605238332673301738e-01
7.759582308320165378e-01
9.522863181594075632e-01
6.197245351808067237e-02
4.632342096410377863e-01
-2.497439086957613519e-01
-3.328991202980016162e-01
-1.200388481808598307e-01
4.059473753958112718e-01
-8.919516711043444790e-01
7.989029727755989629e-01
2.389534626321838107e-01
3.700859795373717120e-01
6.301067484849770528e-01
-7.054449895373637869e-01
2.349669643414502573e-01
-8.551162944227239104e-02
-3.314120988529727363e-01
1.590777320815751905e-01
-8.125060260341712137e-01
-6.997626579573672512e-01
1.450225162021708258e-01
-8.439104004374732293e-01
-1.467702040249130313e-02
-6.622143015883235062e-01
3.259339148934774499e-01
-4.964626461749375164e-01
4.221035359750806570e-01
-2.908451732244656807e-01
8.268261446894815681e-01
3.007123099161268867e-02
2.775604383813405351e-01
1.379458001299349590e-01
-5.417702562074183659e-01
-8.737986678990481426e-01
-9.217090709675372917e-01
7.136001977656450945e-01
1.670571645150328299e-01
-2.788923218234540258e-01
3.791607625993713704e-01
-2.220540140263509432e-01
6.810992896680714281e-01
-5.915236061453021943e-01
-7.717509403772533361e-01
9.850841881045560577e-02
1.554408706226816095e-01
-6.081602524496598772e-02
-5.734783276005051000e-01
-3.609024377666427696e-01
-7.343939828406427228e-01
3.427233288890832452e-01
-1.380442434588644296e-01
4.357898386540244307e-01
-3.479638425034015103e-02
6.524856710427067163e-01
6.755090001250475540e-01
-6.966744095391899094e-01
1.003971577756386513e-01
-4.522443103285642696e-01
5.691998242900695448e-01
-5.548483845054847929e-01
-4.780916847573823958e-02
-6.009202320607467951e-02
-3.626915035261740194e-01
8.171010363855022440e-01
7.814860488606933941e-02
-3.367845188101435960e-01
3.712753191203295722e-01
-3.675113228808296606e-02
2.764683678891766139e-01
1.667103646285015284e-01
-9.241635053840828729e-01
4.059926342080799611e-01
-8.405296747580037753e-01
5.799877201267711335e-01
7.021208487607355497e-01
-7.959366043800505386e-01
-3.274108824467576451e-01
-3.168250713441870259e-01
8.414317371543914570e-01
-3.215460371586629229e-01
4.840730431369023590e-01
1.879381269805497912e-01
2.074480142309729214e-01
2.063962009173336276e-01
-8.396917054720687279e-01
3.433036677919574231e-01
-5.557155078388857916e-01
-1.534214436398471104e-01
4.881632880106708816e-01
4.184234942531849799e-01
6.996828082069477261e-01
-6.676534711575741188e-01
3.541125051974645110e-01
4.668701682954539134e-01
-6.815392654911918147e-01
-3.741323905605698497e-01
-6.457449595823936406e-01
-6.181389055884581873e-01
6.512453846348366104e-01
-4.960716560478744541e-01
-9.146295134837820751e-01
-3.389048618019067094e-01
-2.505291996698679746e-01
4.383180985330817903e-01
-8.327236696360700297e-01
-7.497261238506949255e-01
8.968828913927922031e-01
-6.804444558954598765e-01
7.583981964569206369e-01
-2.753817227916828259e-01
1.388803518310642027e-01
-5.091498664101570260e-01
-6.164630623519262720e-02
-3.359404577768327904e-01
-3.641368080829888720e-01
3.643153335754633071e-01
4.403649635687014730e-01
-6.196304583851783843e-01
5.964532484637330434e-02
3.127241519964369942e-01
4.301994187648604528e-01
4.021395358579225032e-01
-4.323258092390422913e-01
6.389428806561936458e-01
7.590139673676501442e-01
8.123403781174509675e-01
3.927780228358692671e-01
5.472702329253242848e-01
4.214283836071678890e-01
2.624209558370433903e-01
9.088160706960934920e-01
-2.867389038337164742e-01
1.617388781100897732e-01
6.261747706278781855e-01
8.577990328624135463e-01
1.383668038740610839e-01
-8.550301354709730628e-01
6.305926475157443978e-01
-5.225130198013381300e-01
4.387954941007876641e-01
5.270360339953018558e-01
