-9.665366580907586158e-01
-6.563712499160099245e-01
-3.458653830911919691e-01
-7.110758563550549916e-01
6.484122483791223690e-01
7.684231821181561894e-01
-4.765818324789518612e-01
8.830611036413481552e-01
-5.891697251106342570e-02
6.404717844532713533e-01
6.632114922160803339e-02
-8.221844666862667683e-01
-5.501199546935640061e-01
6.663654385695889637e-01
-7.725957035199115808e-02
6.232169392904562955e-02
5.057223493252438473e-02
3.031910590077628864e-01
9.173174808196622454e-01
-3.264892059479824749e-01
-4.209124328132591852e-01
-2.785917763794094615e-01
5.377431187302961213e-02
8.261830530523048832e-01
-1.074241388430501321e-01
5.844512917673838626e-01
-5.141619846436502606e-01
-3.590320582119705950e-01
-7.893396358842765803e-01
9.423860995172865795e-01
4.014772839696734152e-01
-2.358617591654067758e-01
-7.240051138762195748e-01
4.318557863264513852e-01
7.190735051178001047e-01
-3.851325934451639288e-01
-5.381517508376887360e-01
-5.113777423379799458e-01
2.919021136667354632e-01
6.978242706137274265e-01
-7.088100935099790334e-01
-6.836472724376223553e-01
-1.513003141693582965e-01
9.894399610054427363e-01
-4.055535024201574745e-01
9.220342712606666158e-01
-3.845694866143092305e-01
1.769330851572894492e-01
3.178997652354080827e-01
-4.119453961883283166e-01
-5.024640166913463268e-01
-6.723116322902488173e-01
9.878831678572148611e-01
-7.284422942538977264e-01
-7.295488779584810013e-01
2.753133891166201219e-01
-4.043470584952288949e-01
2.930998649188455429e-01
1.371971522253161435e-01
-9.329238454887327503e-01
2.842200524361464531e-01
-4.113000661212482534e-01
-3.608906840014840522e-01
-6.470790529990484430e-01
-3.322477451430847495e-01
1.528202856029943768e-01
-7.948302648021300376e-01
-6.312864576837851072e-01
4.495779118581011424e-01
-5.457407377232359469e-01
-2.326160245271102767e-01
-9.046539256333319123e-01
-5.092422756305663434e-01
-1.388886894726187871e-02
-4.084044230318035762e-01
-7.413173560060282163e-02
3.378110682600106718e-01
5.089951296649204426e-01
7.819853802041938362e-01
1.896472421239904227e-01
-6.505394925016450003e-03
-4.613908216983901300e-01
-1.645507508292818333e-01
7.814551189193437164e-01
-4.517654738306542406e-01
2.487561373557889421e-01
7.968081807118077009e-02
-7.851374993234476740e-01
6.972529199767502073e-01
-3.297597780678263035e-01
-8.332361786060669129e-01
-6.202365156225102538e-01
2.387281747087814932e-01
9.813951633001058994e-01
6.834277496452068057e-01
-1.392975252268289221e-01
8.731939198957312520e-01
-6.606298310836020704e-01
-3.938988389812064783e-02
6.090493518514191740e-01
3.087729327501581578e-01
-8.011628445398688569e-01
-2.476768643112263746e-01
5.750583966968703109e-03
6.011695360995936710e-01
4.733828736968873074e-01
-6.135189990461547005e-01
5.588653210429512797e-01
4.162921643243044922e-01
-8.660954078476645890e-02
-9.071774748871901384e-01
4.250404801636595842e-01
-2.712424633253582851e-01
4.814298338008522471e-01
6.637221153745102020e-01
-6.617351775952700077e-01
-8.093764487602550517e-02
-2.456813137664819457e-01
1.292942376954271388e-01
3.331712011125960160e-01
6.825661649051705249e-01
-4.468580028368305257e-01
3.427756367035023621e-01
4.152633579705975464e-01
-3.198360033908445033e-01
7.376947093621086804e-01
7.705319074296466120e-01
6.411133197008533902e-01
-4.444410313339903773e-01
9.686319628287252126e-01
-3.649659242587536823e-01
-4.063564307807514542e-01
4.168510288504368444e-01
7.676422996887848349e-01
-8.866192793392726479e-01
-4.206725954439394233e-02
-1.599946096349111890e-01
-7.243276812320229574e-01
-3.863997146697157881e-01
9.366945999971520997e-02
-9.605666573467981362e-01
-4.132773717633102528e-01
-2.053515821218589998e-01
4.692460770938989834e-01
-9.750695194385827769e-02
7.762553474360185390e-01
-2.309738392626148329e-01
3.539116087195006144e-01
5.601534656328792661e-01
-1.244238413942077015e-01
5.317769456989653865e-01
7.619592691132430762e-01
4.903302286585392578e-01
2.681384658284124978e-01
7.524203069351409479e-01
-3.538082052005124822e-01
7.180851715691056736e-01
4.628824447069388448e-01
9.570124929841117289e-01
-8.954745242199058097e-01
-2.391246530503927659e-01
3.577657773558127752e-01
2.982842146078112933e-01
-6.642004078753159790e-01
7.359826890530578591e-01
1.049773382715357695e-01
-4.440839495199802589e-02
8.739591081834419128e-04
-6.165808494082796187e-01
4.549782640786769750e-01
-4.171544120853409865e-03
-2.778593756895857414e-01
6.043032480890436764e-01
8.719376932343333442e-01
5.063743204595279046e-01
-9.797175480343831566e-01
9.947775418133673053e-01
-6.611573426543944088e-01
-1.290599887783572264e-03
4.307513830167393198e-01
-3.501797561318074070e-01
5.514374290009358415e-01
6.791086377055820522e-01
-7.663849187214198944e-01
3.399912600187909861e-02
-6.097123765633727377e-01
2.272484897541133808e-01
2.519069288842604726e-01
1.643720504650751923e-01
4.697142884188503231e-01
3.639242424315381474e-01
3.575048768059663207e-01
8.427521195652648567e-02
-1.382832913335412250e-01
-2.154042689017761081e-01
1.698448043718497613e-01
-2.712091691659638260e-01
1.652281242877877698e-01
6.169272562720051756e-01
5.018026289130278483e-01
6.582258072347426658e-01
-9.936052670827109079e-01
-2.711033412577348312e-01
-4.979853884240909578e-01
6.588341159012404136e-01
-3.810914495941779556e-01
4.154192554132063453e-01
-5.092862681492666965e-01
-9.251721939980683818e-01
6.524274797959705996e-01
-9.409786069809924491e-01
-8.560023739641411389e-01
4.987879382859525812e-01
-2.608184338078712861e-01
9.174811747269014939e-01
-1.075414156279587835e-01
-3.471476587342970932e-01
-1.197157132600899510e-01
-3.765837494115496509e-01
-2.309870445329575417e-01
-2.144476018292468811e-01
5.483402635717329332e-01
9.264348557050716693e-02
-4.414953506454510901e-02
3.470956586926376986e-02
1.638948106511319835e-01
-4.774944689846900570e-01
-3.160102858447091378e-01
-3.034048097013357093e-01
-8.661418657876619742e-02
-3.166046623053226927e-01
-1.169084738086673958e-01
8.698010198085734945e-01
7.754701149302967167e-01
-2.672559588108902595e-01
-1.371403269564828720e-01
8.464260476434681824e-01
6.473990720604179128e-01
4.483124051928215614e-01
6.157184621796085722e-02
-8.697173939532856224e-01
7.357494565707973777e-01
-3.068475024126976480e-01
6.041450108636220451e-01
6.288404195146284348e-01
5.041148248007199656e-02
-7.623200040889166473e-01
-5.833277809705679218e-01
4.756200300171795625e-01
8.752902213274551535e-01
-2.183445082111097335e-01
-1.010676981856586387e-01
-4.774252102386293828e-01
2.022199527933601360e-01
-4.909881784316030284e-01
-9.423833991607657445e-01
4.466326498571880910e-01
6.675159577384566223e-01
1.824862987511197132e-01
-6.217453212885549751e-01
-6.421679402081084120e-01
-7.170611546557337235e-02
8.060597932697930457e-01
6.511340097035858143e-01
-3.531953161862342316e-01
