2.033809223060294435e-01
-5.927472857374742610e-01
-5.187177646517988627e-01
1.842786100513504888e-01
-6.746007090835306474e-01
9.454492640634379885e-01
1.124515587487546764e-01
-7.925472254547687445e-01
4.386858293184081603e-03
-4.584553355298779387e-01
-5.288038517380551085e-01
-8.656762292723900742e-01
-4.744780749304167156e-01
-5.344404777466185141e-01
7.688425797590925370e-01
-6.346987610651175782e-01
-5.427292807569759070e-01
9.594158129433481008e-01
-8.916539429019869623e-01
1.999070432781757667e-02
-7.679406277532117020e-01
4.359543095952369551e-01
7.199540424860695342e-01
2.253283255354332493e-01
-8.245347316350575273e-01
9.535918433122603233e-02
5.886048545849369429e-01
-3.243286677346113311e-01
-2.238759680065902646e-01
-8.574930937293114841e-01
-6.009111886930589286e-01
-3.187279850755542210e-01
5.211684347831839759e-01
4.435639589998570109e-01
8.985636162725918474e-02
4.302639332422377727e-01
8.088186295540022996e-02
8.322746874016309082e-01
-3.641065085594961115e-01
6.030618842696466864e-02
5.983344122265130682e-01
5.771058003424007765e-01
6.818483029265198780e-01
-8.198296846113517500e-01
-8.726969316851276304e-01
3.883288134014568627e-01
-6.885355906293844086e-02
3.150183731957549860e-01
6.964885771750244370e-01
-2.173420148651192818e-01
-9.650067054145350376e-02
1.072208781958781110e-01
-7.864839220086716765e-01
3.729978784737686404e-01
2.292571655949600107e-01
-5.259001229471111927e-01
8.457923676727598927e-01
-1.200518216530248594e-01
-1.346618455579216000e-01
5.154999177120713760e-01
-5.702259458032687967e-02
5.095693379918252441e-01
2.570581887119693931e-02
-9.056367907190199240e-02
-5.086090315309019783e-01
-3.884650886732139430e-01
6.654961536984995707e-01
8.932290571572549798e-01
-4.444856142198785331e-01
-5.961451792009420103e-02
-9.641004874160290505e-01
-6.760576256280821372e-01
3.679368607914048628e-01
-9.689086829562627567e-01
3.713602946152465556e-01
-9.938102533860950771e-01
-7.367854221667800019e-01
2.975039070132502461e-01
9.885672225340740304e-01
-8.791262324488346991e-01
-4.210533440888022394e-01
-1.728701643174199720e-01
5.343120787350479350e-01
-7.761281463024662930e-01
2.118811782237725039e-01
-4.454872579080260131e-02
-4.605061819057118533e-01
5.462824733368396579e-01
-2.264460615471461935e-01
2.335472989900803376e-01
-8.804032579037568418e-02
-7.165520481274132436e-01
-1.849248899927493639e-01
2.074229473193400786e-01
3.308710195414001909e-01
2.061623992058567723e-01
3.772547689019332129e-01
-4.445317638304022712e-01
1.415519774064140091e-01
-5.858884409297071549e-02
-2.819398137737167964e-01
-7.635107665690732404e-01
-6.591334065900891215e-01
-6.383907686581549168e-01
3.957960746639699323e-02
4.537494267801034376e-02
-4.589746578533298038e-01
3.679721935361857099e-02
1.309360102045056262e-01
-9.052315350433928209e-01
7.903797522703226441e-01
6.507597366255719606e-01
8.371259017064551777e-01
-3.804528890491087889e-01
-1.960358473013821268e-01
6.537759065945683012e-01
6.741804661028192314e-01
7.831657416347144185e-01
2.330343803055245910e-01
-2.025124007409355720e-01
-6.533291295328190751e-01
-9.177754214189686177e-01
-9.742717632188400145e-01
2.353362969096162716e-01
4.864713988745987816e-01
8.638415955882507991e-01
-5.873808735962275929e-01
3.382236386331984868e-01
-2.479193303469036103e-01
7.556191272910603995e-01
6.939198462432809578e-01
-9.863287101040342231e-01
-6.701116766877301956e-01
-2.302854141205474825e-01
-3.411174587084568888e-01
8.091712972802977966e-01
-1.495599029936744984e-01
-2.895640672480062072e-01
8.348717054917857983e-01
7.277926559458285372e-01
-2.802797493357460645e-01
7.941915933160654806e-01
9.546791552529103608e-01
-8.389342337017697826e-01
-2.359388301839276947e-01
-1.484768003246423884e-01
2.808886279856941393e-01
-5.082720474350529427e-01
8.641380763714678892e-02
-8.026701650504661778e-01
-8.545996512068914086e-01
1.736160494781617269e-01
7.082711089139435146e-01
-4.830907455139994422e-01
-7.784783684868572529e-01
-2.211870229289185641e-01
3.722152601338757361e-01
8.881642334704940023e-01
3.379176699655719318e-01
-9.935498696147788689e-01
4.771485388258169813e-01
1.581902824110639205e-01
9.520874529820058108e-01
3.845518198933184917e-01
1.769095388047534634e-01
6.650183388702881615e-01
-2.419206393891240037e-01
-9.612849450244285165e-01
2.474882218559018021e-01
4.815797981218610246e-01
-4.701398531450353691e-01
-7.603010652681414516e-01
5.804757934863278290e-01
6.073651783579379071e-01
-8.486011462723519472e-02
7.455020844275873637e-01
-7.409435355059499351e-01
4.143128430755229630e-01
-3.559814965962624367e-01
2.784667726793088605e-02
-1.073850231728783466e-01
-7.797204819211258631e-01
2.141234358332311238e-01
2.572671726369215595e-01
8.935549825892665776e-01
8.398615679137260148e-01
-7.846350234468379981e-02
-2.216750632831465673e-01
-6.344188449839118782e-01
3.243046435365581903e-02
4.885925120789536003e-01
-5.212198268220917807e-01
1.745473374933216304e-01
-6.010816787911801296e-01
8.684384245645833111e-01
8.548715030627609401e-01
-4.480453601361067406e-01
8.521830009933750727e-01
7.796297792848433383e-01
3.332449596281128468e-01
1.872059684103399846e-02
7.037528084014008645e-01
-5.736163562642933034e-01
-8.476355253165437365e-01
1.580375991798066426e-02
-4.988803761880120646e-01
-7.273379653824603164e-01
1.541929238556938309e-02
-6.042582713739621525e-01
3.572397323867542163e-01
-1.925753858969163623e-01
-5.937340964739357130e-01
5.599386160978152560e-01
6.246190709528027796e-01
1.265262750746506126e-01
8.237232971021839489e-01
8.921990287787910923e-01
-8.520244132528966841e-01
8.045990495058159553e-01
-2.860034692269008971e-02
9.560314038193575836e-01
-3.197102723320606188e-01
-7.413631059263598999e-01
8.386553092354986916e-01
-6.755486457459864980e-01
-2.265559381832082941e-01
3.823113168176242027e-01
-8.945244063878807772e-01
-1.888813029065479210e-01
7.444532057715056439e-01
3.662814786114485521e-01
3.244821403344486654e-01
-6.402434351706991489e-01
-2.484780155229693310e-01
-3.317852180126408257e-01
-4.960235891697672983e-02
4.111060765384617621e-01
-3.398033847326276113e-01
-2.903905903871957239e-01
-5.676295567557840815e-01
-4.752797419177813287e-01
-6.520972208308162266e-02
6.074926471144213025e-01
9.731371532913672961e-01
7.808448473825266856e-01
-2.342365192565019072e-01
8.633816014586617182e-01
-6.408867724208864303e-01
-9.188596414038734395e-01
6.058330901034716387e-01
2.143866582721998260e-01
3.724709102345661882e-01
9.899468931912631664e-01
-4.228609360089974345e-02
-8.480793242012361066e-01
5.842020464229713550e-02
-7.814858787721266076e-01
-4.042495843405364830e-01
-2.664399922002078647e-01
-2.570278526404922159e-01
5.462337658363878301e-01
-6.729482534939876803e-01
4.954915631205509818e-01
-8.770395211223973586e-01
-4.286697199056002106e-01
