-3.147841699289036232e-01
4.506680586631752750e-01
9.807311906895359588e-01
4.050556158496414483e-01
-2.888421494728283800e-01
-4.188421682878303853e-01
-8.965100873826141736e-01
1.443939227002156711e-01
-5.460996649208624820e-01
-1.878960216895441127e-01
-9.398137101372454616e-01
9.147829984276385495e-01
1.402935544668104662e-02
9.770179461952530620e-01
-3.128144446862431427e-01
-2.521887506609745699e-01
-6.953382114800903402e-01
-5.016453159335243495e-01
-4.649482253288980127e-01
6.627869311781849904e-01
5.860051873501740394e-01
1.166461730069374703e-01
-4.040113076594702424e-01
-7.274917665009750234e-01
-3.992191468939647603e-01
-3.627664310101617606e-01
-2.944036990070921789e-01
-9.753668201709470020e-02
5.930818716716239614e-01
-2.651563134017840273e-01
4.177893470316131896e-01
2.662548164565408104e-01
1.513857578446125007e-01
5.226441408756590246e-01
-4.362820768336679311e-01
-5.496385914454049448e-01
-8.759461451149741507e-02
4.633134492191477438e-01
-5.565332374607492305e-01
7.974198079292948993e-01
1.646617467836956061e-01
1.000000000000000000e+00
9.787535351814335982e-02
-1.019602505322109443e-01
9.710467699016200882e-02
7.392504864256341790e-01
1.933328933825231299e-01
-1.770555231305140365e-01
5.319861620317456463e-01
-2.140752865406780892e-01
-5.315849168937540892e-01
-6.291803081969732370e-01
-6.332866915434633981e-01
5.720248018941986867e-01
5.415262767826045653e-02
-6.771450125825539956e-02
-8.015511358998219649e-01
2.486733566855212629e-01
3.258124141794049855e-02
9.739401563423870645e-01
6.907478368103343591e-01
-5.947147662020445258e-02
-3.821602560340675581e-02
-4.617268038648437156e-01
-9.824677774818968423e-01
-1.000000000000000000e+00
8.004878904032532994e-01
6.616467134139458750e-01
-8.634998933782713770e-01
-1.000000000000000000e+00
-8.451542048563994713e-01
8.741161249231709229e-01
-6.911443648601234280e-01
1.144835358867184461e-01
-1.000000000000000000e+00
-8.240671236628460683e-02
-3.686944624948071958e-01
2.179997682116444069e-01
-4.176579998193750143e-01
-9.061918350498068264e-01
-4.875373873560412963e-01
3.500806833750647051e-01
-8.040970284081416786e-02
2.873024457921038444e-01
2.779867628168769533e-01
2.923424551921289805e-01
1.595965440653091538e-01
-8.045469325965148855e-01
-8.003440518865632125e-01
4.465981737601874002e-01
-8.489016565576936735e-01
-3.354009031595341916e-01
3.328671880428653029e-01
3.209285181082397465e-01
3.918773890450690800e-01
-2.018182771458645330e-01
8.589551313035181934e-03
-9.036135024950671113e-01
-9.868914768716071650e-01
-5.176631121795700619e-01
-9.478066141144496637e-01
3.823872319903006689e-01
-8.788339730990287757e-01
-1.377681865305045994e-01
-6.845446541284179176e-01
-3.576110071331645712e-01
-3.436240605315072916e-01
-9.037988759377346693e-01
3.810627997107132181e-01
-3.336944898495524114e-01
-6.315229552858311335e-01
-5.131646574610415623e-02
5.744539392846503834e-01
-7.464857810630842749e-01
4.315788148366213606e-01
3.430099709602532077e-01
1.707336704909466762e-01
-7.590086299840133055e-01
-3.338591205417853480e-01
2.789697701634183402e-01
-6.474736195004474615e-01
-3.129338762280005071e-01
-9.443689972829109880e-02
-2.616386575928209002e-01
-6.698028270504856607e-01
4.927039317688262088e-01
9.431248302032282371e-01
-8.359271188977657197e-01
-2.861119128085167218e-01
2.343297460170781221e-01
-6.848534186786845446e-01
1.813264751036435529e-01
-9.364267340855170207e-01
-3.073338166497805446e-01
-2.047573935716990867e-01
-9.655867626286308847e-02
4.484178345789561759e-01
-8.562056283463994610e-01
9.814923858488096009e-01
-6.051559257698473360e-01
6.608299330793359072e-01
-9.614996853393451559e-01
-7.171618587040182735e-01
3.374824263616414410e-01
-5.114539851368019585e-01
-3.460819739815344520e-01
9.634174776323320977e-01
-1.329507369235163328e-01
-9.568221543490422754e-01
2.550586152106522064e-01
2.593437254563419891e-01
8.817156667472669795e-02
2.063006858321763670e-01
-4.712271080462269168e-01
-8.046398020137421891e-01
-5.615889478158919701e-02
3.954663237327777914e-01
4.517951938309401339e-01
-9.990424884236719372e-01
-8.425978841852319601e-01
-1.578659138711667742e-01
9.669731910300568556e-01
7.512207538970518961e-01
4.838738576779135769e-01
-5.637834132248693564e-01
-9.960373815782365137e-01
-3.157306373714139358e-01
6.978201503560308439e-01
-4.221231804368766882e-01
-4.584273084764602935e-01
6.568173910747954203e-01
-1.459998224990151083e-01
-6.445527000977822364e-03
2.208741706581742736e-01
-8.477235504143809663e-02
-4.688287928628399603e-01
1.403374500319856943e-01
-1.374604870987061744e-01
1.000000000000000000e+00
1.361222388052609755e-01
4.497033741044642596e-01
-8.958203054294215928e-01
-6.960477982166670685e-01
5.844027310317863044e-01
-6.802650427229441910e-01
1.919539348505299170e-01
-6.312783095839999969e-01
-9.550944266423622153e-01
-1.764171927351361469e-01
-7.920077376642991052e-01
-5.680503924360826851e-01
8.884493171105249942e-01
-8.789069647828544607e-01
2.082196279448562670e-01
-1.513517016913576985e-01
-3.055510173299488264e-01
-3.079487498877204743e-01
1.000000000000000000e+00
-9.889504906436303866e-01
1.391953480061305370e-01
-2.612924386444199776e-01
7.546232193593331861e-01
-2.536199032764575589e-01
4.071903734975363953e-01
-4.997160183362676644e-01
7.352030440273034095e-01
-9.983223965714235204e-01
-1.800978754318836028e-01
3.820885400091387218e-01
9.439386870783235128e-01
6.865244026546806211e-01
-6.341498441585234624e-03
-8.047237247328387078e-02
7.222915633675563996e-01
9.035765471009733485e-01
-8.957383583694060736e-01
-7.521776988557481447e-01
-6.920773836300038173e-01
3.907430627296910597e-01
2.461202778483919662e-01
-8.257929210108934104e-01
-7.971928999051179632e-02
1.000000000000000000e+00
4.420269648331798251e-02
7.067545304256439564e-02
7.731558305935253284e-01
7.836055705168771812e-01
2.015636821740973694e-02
-7.429807660052341056e-01
9.422768748781662485e-01
-3.526925438653942813e-01
5.086061030540929284e-01
2.564651351641731303e-01
-1.935487055113793708e-02
1.000000000000000000e+00
5.601109696481115785e-01
1.898503869061489713e-01
-2.267635970695838221e-01
-3.045867024977875204e-01
-3.608570168551735180e-01
-6.943624094418419102e-01
-8.484075907788442006e-01
-6.869108957552871875e-01
-2.651420195706493121e-01
-8.055233522297390314e-01
2.717589592874256610e-01
-6.090686071926625367e-01
4.621469238695971593e-01
-4.789884902712964188e-01
6.327546293154852064e-01
2.479293725265581672e-01
-9.229030518068292999e-01
4.059647478030030676e-01
1.021755224837531673e-01
-8.185481392285010038e-01
-4.608170190189358473e-01
-6.150469471794197673e-01
4.081615576048850946e-01
-1.668942743733550227e-01
7.012714153648174076e-01
7.083183250190587810e-01
1.579631627062812738e-01
9.546060013829638091e-01
8.628633944090571273e-01
-5.355153241992045565e-01
