1.600189270541436670e-01
4.649880207042821345e-01
6.897209204482954714e-01
-1.000000000000000000e+00
4.154060506239783401e-01
5.058298560895525542e-01
-8.051558117128509995e-01
5.267127083954010747e-01
-7.793418481268306053e-01
-6.477062925482097722e-01
-4.043735470138820620e-02
-1.412962734673495202e-02
-1.589816887009633528e-01
-3.811477113750149637e-01
4.569218647242672682e-01
3.039067243464307344e-01
-2.904601022364179941e-01
2.138224991556469390e-01
1.317205307915089718e-01
-9.499178233808416305e-01
-8.116980145279889536e-01
-5.352152670216480113e-01
4.961927005637206678e-02
-6.174052827381484310e-01
6.677451607233069186e-01
-9.813527116764542146e-01
-1.695740484290950145e-02
3.036323605589280605e-01
1.000000000000000000e+00
5.545372437912788888e-01
6.946984516354088868e-01
-3.524470360332697672e-01
-1.000000000000000000e+00
3.219233567417840725e-01
-1.185457332813000253e-02
-1.000000000000000000e+00
3.354949831732988996e-01
-1.000000000000000000e+00
-3.516552673423828379e-02
-6.416948828443419517e-01
-4.257965380518959897e-01
-9.055901983261160915e-01
-5.043112939716287713e-02
-7.808116616953272304e-01
9.628178289160189696e-01
1.431238154101843740e-02
2.610457658623754895e-01
4.486924978542218279e-01
8.375902506219011778e-01
-2.515720789726284545e-01
6.326352431549649991e-01
9.343879882610897081e-01
2.559060170148593771e-01
-3.237788334551249814e-01
8.866966401855902458e-02
6.158015916290014991e-01
-1.375530435019102216e-01
5.270525053279673244e-02
3.570002760469366820e-01
9.377951442133387605e-01
-1.000000000000000000e+00
1.842317929852534952e-01
-1.000000000000000000e+00
-4.205616270445762250e-01
-6.174697224977058196e-01
-6.008755823769572624e-01
1.000000000000000000e+00
-8.396968932381405626e-01
-2.080124835175697906e-01
-1.000000000000000000e+00
-4.518571118603376124e-03
4.703314015152121330e-01
6.258428454995739187e-01
7.992907474557545688e-01
-1.000000000000000000e+00
-1.000000000000000000e+00
-2.579381418028668937e-01
-4.394205184926797125e-02
7.827100267310276305e-01
4.766567477771183059e-02
3.553592745596018676e-01
8.828789958862310883e-01
4.964643520069695892e-01
5.478172548145169296e-01
-1.000000000000000000e+00
-6.382161637566861057e-01
-2.064480783622167914e-01
3.061965981336848830e-01
3.438953455694777200e-02
-1.000000000000000000e+00
7.082010585356509624e-01
4.274066768890203427e-01
1.000000000000000000e+00
-5.401014375982187143e-01
2.135561606218749908e-02
3.052251286017548804e-01
5.566663931541759869e-02
-1.000000000000000000e+00
-1.909553877889370588e-01
-9.091661641887460732e-03
3.833062473893489308e-02
-3.520597012764619116e-01
7.977203407410311531e-01
5.758590285783079521e-01
9.438056980165479004e-01
-1.000000000000000000e+00
1.000000000000000000e+00
1.903925675015936680e-01
-5.313822706521248440e-01
1.000000000000000000e+00
-4.137254329469410297e-01
-4.081529506930993145e-01
-6.140166085575969879e-01
-1.000000000000000000e+00
-1.000000000000000000e+00
-5.113364937987939784e-01
6.793606037758347371e-01
-1.542133796805990609e-01
-3.037891114400897291e-02
-6.616704184575783465e-02
4.867332753467488171e-01
8.672199148121073620e-02
-5.463252245478825153e-02
-5.737858763692060826e-01
1.000000000000000000e+00
-2.545788366893755872e-01
6.213158711533646184e-01
-8.645036978020507190e-01
1.574914366771578700e-01
-3.069385538573684014e-01
8.912918753510328251e-01
-2.578087021822380032e-01
4.888830526177481151e-01
1.029209730444911181e-01
-8.821813148239997515e-01
6.643109657142701741e-01
-8.731937706932003662e-01
2.542240032748785961e-01
-1.000000000000000000e+00
-1.000000000000000000e+00
5.005842559962980776e-01
-3.941992007512711282e-01
5.823247988769847394e-01
-1.000000000000000000e+00
-3.057885829499566444e-01
5.035093945712210139e-02
-7.960540107674171084e-01
7.789996346271768068e-01
-3.215342808340566627e-01
-6.871074298201953479e-01
-4.710002071433647131e-01
1.000000000000000000e+00
5.312956800008945546e-01
-1.690501122937326794e-01
7.132017298967641139e-01
-4.124008513991065938e-01
6.908211125790232332e-01
2.449657054655574040e-02
8.790125591607089728e-01
-1.686574956386049651e-01
1.220607274972501100e-01
5.578770879110039882e-01
7.770913154554877078e-01
1.757372254008513490e-01
-7.989112767581829644e-01
7.928265427636035922e-02
2.773424780174567061e-01
9.298082399827908850e-02
-1.860225381680012668e-01
7.914663444582694662e-01
9.017307466451310316e-02
-1.388890119906612264e-01
-2.118658744435769625e-01
-4.189017383867535416e-01
-6.367416242464474241e-02
7.980316887052660846e-01
2.486795314036525095e-01
6.609650113179277309e-02
-2.492006412375546986e-01
-1.314658821483967455e-01
-1.000000000000000000e+00
8.724428416439345968e-01
1.000000000000000000e+00
-8.754385509009626753e-01
2.757262271717315638e-01
1.000000000000000000e+00
1.000000000000000000e+00
-9.634651793675965692e-01
-5.432641858532496482e-01
1.000000000000000000e+00
1.000000000000000000e+00
1.000000000000000000e+00
-4.706907325219109040e-01
1.000000000000000000e+00
6.587761405779126722e-01
1.565062569741213633e-02
2.517373441830128011e-01
-6.464366575383556635e-01
8.537100540403770310e-01
1.000000000000000000e+00
-5.026659571754803491e-01
-1.000000000000000000e+00
7.658282031867846840e-02
1.971469716645602999e-01
1.000000000000000000e+00
-4.318298330437221888e-01
-1.000000000000000000e+00
-2.308560898937255523e-01
5.576115077446399670e-01
8.552118334877061301e-01
8.678062725470714334e-02
4.289308688492719512e-01
-3.728340922381083722e-01
8.084122462832082912e-01
3.137594951979804092e-01
-8.023137000705304889e-02
-1.602726316439602172e-01
-2.468432951713733225e-01
1.126654130165312684e-01
-7.945260428050368029e-01
-6.384420954688441174e-02
-5.600401900519500487e-01
-3.581482320640078099e-01
1.000000000000000000e+00
-7.278524389190327293e-01
-1.000000000000000000e+00
1.000000000000000000e+00
7.372784861162162695e-01
1.000000000000000000e+00
5.329503303954319371e-01
6.587925793136566455e-01
-1.000000000000000000e+00
9.374279561911650349e-01
-1.000000000000000000e+00
-1.741512216324441753e-01
1.522937901561766116e-02
-9.638932153479621290e-01
-8.047160688736454404e-02
-5.654606463514443015e-02
7.964426898723225845e-01
2.901716084859963796e-01
-1.000000000000000000e+00
4.673731356250769853e-01
-8.512053271353071660e-01
-2.915327299767448976e-01
-6.939416805467251148e-01
2.871484890350312624e-01
-1.000000000000000000e+00
1.904379885717573107e-01
5.319767397166591527e-01
1.313347100067676632e-01
6.230429983087657497e-01
8.016390581086754175e-01
7.519926887864762932e-01
-1.000000000000000000e+00
1.271386789313294630e-01
-1.755143852590921871e-01
-6.574493966094960840e-01
3.274561065522302861e-01
-4.320681448345713438e-01
-5.685309570764483095e-02
-1.000000000000000000e+00
-1.000000000000000000e+00
-3.117604006147639550e-01
-4.891058641630267045e-01
