-9.744642027781647009e-02
-9.124463745302253681e-01
2.403307631073954287e-01
6.750016313040114735e-01
3.872664500317264391e-01
-7.552114077141127702e-01
-5.032433107825400320e-01
-8.471826148003112067e-01
9.276042784072640046e-01
4.806509355541304096e-01
7.300119536890079530e-01
3.454195122612866431e-01
-2.552956467390501416e-01
-3.990235737035161545e-01
-1.696127505373740685e-01
-8.657184009352612009e-01
-3.948606002162053930e-01
-9.190862596963127462e-01
2.441193993152066533e-01
7.566295898178305723e-01
-7.752394384613392475e-02
-5.364680206303968912e-01
2.601343905229416276e-01
5.329354527732521607e-01
-9.445354088277471138e-01
1.410861855058720415e-01
1.899762284487773734e-01
4.571262244223794902e-02
2.215897486286548257e-01
6.249720114763741563e-01
-2.206830408753546191e-01
8.424575431250207469e-01
-7.464799122149010646e-01
1.605150909860759700e-01
1.078205020024869398e-02
-2.967436579485616122e-01
-3.996130161432827621e-01
-7.010780514456627088e-01
2.329869184598889476e-01
-2.673597981456838912e-01
7.720991622441064628e-01
-1.044830567657664133e-01
6.359643156540399911e-01
3.829469819740631831e-01
9.095868820349863881e-01
-2.918745287463206939e-01
4.692696941945878053e-01
7.204528063386674841e-01
-5.414705515995417162e-01
-9.428215637818551098e-01
-2.702083392776732929e-01
-3.826386305438189694e-02
3.526040887361259202e-02
7.443510095517744674e-01
-8.401451649439568570e-01
-1.643650154835469279e-01
3.169975681499039855e-01
8.986987424911241362e-01
9.223581214217890789e-02
9.144686887928838992e-01
-1.507346862334133508e-01
9.327695489587086719e-01
8.797573025013669668e-01
-3.466410894760536543e-01
-3.638461076417920381e-02
-1.521793712888057648e-01
8.547972836167757604e-01
-3.920145857434298442e-02
-1.868387570497960226e-01
4.848795005374040290e-01
-2.579933717853920006e-01
-3.187028801387805643e-01
7.058958452649546356e-01
7.039340442187442815e-01
4.815219410510109821e-01
-4.247582296358414222e-01
8.222119565698629007e-01
8.061380971145366559e-01
-4.455190378444890964e-01
-9.458754107239257802e-01
4.337849961575890312e-02
9.871880506520143150e-01
6.470284073906025224e-01
1.852682105861025441e-01
7.698442619284571187e-01
-2.117838141273926666e-01
-3.463733360369662950e-01
1.315050284501111388e-01
-6.068875000813791498e-01
-4.552043951923296916e-01
-7.874621528155003602e-01
-2.019205560502309593e-01
-5.670560980217578262e-01
-4.707878519812818130e-01
-7.382346704623468092e-01
-6.001734117193824325e-01
-2.346595042135657394e-01
3.532336836855527462e-01
-8.611594060987877164e-01
6.126662282048014330e-01
3.788371031059041272e-01
1.307305930841831110e-01
-3.594849589074828877e-01
-7.094360850607732694e-01
2.935641006076104009e-01
7.454600791204537558e-01
6.722999616777554088e-01
2.161727334311813742e-01
3.228906334342231954e-01
-5.826984024345196467e-01
8.801049309681805433e-01
-6.902052097158928312e-01
-7.739700306914495398e-01
-1.810202980311734766e-01
2.102228470729423648e-01
5.367803973052995836e-01
-8.105781341517348526e-01
1.848232385198003147e-01
6.221830201757976297e-01
7.047214884054914252e-01
4.966962371657617226e-01
-2.421707677705178252e-01
7.731341313002342286e-01
-8.336177152802703993e-01
9.390943317182049999e-01
-7.219169550088202492e-01
1.331003683978315699e-01
-9.779023161385222984e-01
1.282274335318185632e-01
-9.107826606838795858e-01
-5.615309922030342626e-01
-1.202541401998944437e-01
4.457417919112023341e-01
7.939349339379335735e-01
1.213133249746425335e-01
6.403287075881023416e-01
8.848946517240985354e-01
7.136106018154995123e-01
-8.155002059913205592e-01
2.413378018114942236e-01
-4.181323951626612079e-01
2.614136344009752033e-01
-4.624614294373290413e-01
3.070977905867233737e-01
-9.238772011724867284e-01
-8.085733013052196494e-01
-4.058600743769507080e-01
6.339770458295923561e-03
-9.392315640412003397e-01
-1.446240204826325648e-01
3.023735116577179749e-01
-1.549424903584224467e-01
-4.307675129699195526e-01
-5.328140938585785857e-01
-5.798889630616108626e-01
9.040596230148409962e-01
5.047686787074301407e-01
8.748655295551850397e-01
6.383685428195160494e-01
1.608211697862949041e-01
-4.786166216813960705e-01
3.238513712745401119e-01
7.323204745651656911e-01
-9.794898421655287013e-01
7.923323080209698777e-01
-7.505639399568955206e-01
-5.079697854613121066e-01
-8.447211180167077949e-01
-3.699666129600862607e-01
-3.968536205742687617e-01
6.513077818760670823e-02
-9.821657134828736258e-01
-5.430897911774734688e-01
4.233540409774345648e-01
-8.757272106750246810e-01
7.716354212316176575e-01
8.006995330142321343e-01
3.370091426537009660e-01
8.319056207492472321e-01
-2.119961035976982711e-01
1.597621164978946240e-01
9.164827106707977844e-01
6.949775733386336363e-01
-6.295943023839172259e-01
5.973712844464862393e-01
8.336311513841550003e-01
-9.822795759767100066e-01
8.393110506201642007e-01
-9.176052777334060551e-01
-4.348143393790135924e-01
-7.517194168287562039e-01
9.919887694003981515e-02
-6.621001021768675443e-01
3.573606063203382810e-01
-2.042439840889316294e-01
9.812446753052583848e-01
-7.225820153542137358e-01
-4.691013263436196734e-01
-7.731848502471772022e-01
3.389794585627611823e-02
8.479309573492381791e-01
5.396918322389177014e-01
9.821852620735349593e-01
-2.903797216044683438e-01
5.562772302322551710e-01
3.225847918364215250e-01
6.583896187190119154e-01
-4.724239033848425251e-01
-2.775142171811650904e-01
-1.680350319095811340e-01
5.529964268465807908e-01
-6.751959960173035125e-01
-2.801410490959144184e-02
8.262417035692426470e-01
-1.854597347717401590e-02
5.593381890965358760e-01
4.723113745865161750e-01
-8.454700436348172587e-02
1.529569933253855929e-01
8.347765622065073110e-01
-5.908082251930950601e-01
-8.657123017941772414e-01
-8.049435405377636243e-01
9.923325642771496646e-02
-7.897162116302005597e-01
-6.013195479021429257e-01
9.518163793623941604e-01
-2.180463133706238565e-01
2.005299357336451926e-01
-9.892213953133466298e-01
9.635287657404845163e-01
-9.173168875249797516e-01
-8.813571943211240267e-01
-8.812306375799816571e-01
8.831543647596060698e-01
-4.947184460560980490e-01
9.732059813427293982e-01
-1.665451218153426449e-01
5.445953102241098964e-01
-8.437633757516160848e-02
-6.506551264365880716e-01
2.982812226282501866e-01
5.034927211414506054e-01
7.221862075933294101e-02
-7.039200517478392261e-01
-6.979163091350528703e-01
-4.178842314652888579e-01
-3.792061072590271475e-01
3.739346939411780646e-01
7.216184959441116487e-01
-4.839527059975070045e-01
9.988669925136073324e-02
-3.586485143331987757e-01
8.030295507593321336e-01
8.057430033150696502e-01
-3.566852637706765528e-01
-6.001513888853875489e-01
1.332515614149674121e-01
-7.985296625834685802e-01
-2.202496066024837162e-01
4.877429345658144122e-01
-2.088566032059515631e-01
-4.868046406883710375e-01
-8.016448204574653236e-01
-5.313392955165763265e-01
