-2.149866546321759220e-01
-1.019732661170139609e-01
4.070927445745844420e-01
3.990346193998284274e-02
-6.940042731818266697e-01
2.689316287763398594e-01
-4.669935896478383253e-02
2.700016098512607599e-01
-7.098354788788036052e-02
3.872456987194481393e-01
-2.863891773994355905e-01
-3.588988078997649156e-01
-8.304293691725261883e-01
-7.907028319118791782e-01
7.679849389946049598e-01
9.123302207545802567e-01
-3.710919862528776481e-01
7.921639239722508830e-01
6.446826753754764106e-01
-5.192897639720994718e-01
-2.604341094076854102e-01
6.097645912786763267e-01
4.839954413318738879e-01
6.459901393824347693e-01
9.074300438189033535e-01
-3.240614742908369816e-01
-6.244655977699979932e-01
1.992740260605579405e-01
-4.217611858368622291e-01
4.918058855515639038e-02
2.200865161132377068e-01
-2.470945355454028380e-01
7.705224445724940807e-01
4.368142160052057577e-02
6.440229026271790946e-01
-5.805864156081342875e-01
-1.564047932774363936e-01
-9.993152641210084619e-01
1.048118511728719504e-01
6.976043522079660164e-01
-7.284998345574602574e-01
7.413982872095624677e-01
8.412182962872731817e-01
-2.257302874622986177e-01
4.033516952667537958e-01
-9.432731939749661176e-02
2.408895481910329761e-01
-8.167510952569864702e-02
5.603326522706741919e-02
3.346840975123908241e-02
-7.021420623864742527e-01
-4.720545390123118690e-01
4.531754133526524342e-01
8.736165391206380804e-01
-8.084975059771928318e-01
-4.327532233808597528e-01
8.101940556848054031e-01
1.162518278251892800e-01
2.185544136477979293e-02
-5.734250323043048603e-01
-2.499403887738236851e-01
-5.811313111585011404e-01
-1.000000000000000000e+00
7.420350758698044391e-01
3.090381571476827904e-01
-8.595352341617137348e-01
5.068593136449051073e-01
-8.374411168183191201e-01
-7.232029751591684263e-01
5.566561406963389524e-01
8.971104521547237365e-01
-9.201398278492394223e-01
-6.262461909792241821e-01
2.710139010302460849e-01
-2.178249063466337621e-01
-1.929603085080331404e-01
-4.115895752940363361e-01
3.188140140958087981e-02
6.108072661388355140e-01
-5.679667762696443134e-01
-7.184694687588742967e-01
-5.176679803046595474e-01
4.191207965582433026e-01
-7.292308745375093437e-01
-6.687646357667300645e-01
-8.174004823554199550e-01
1.303562741010315662e-01
6.853373825844535361e-01
-6.028643985865949073e-01
9.460041795318852031e-02
-4.037214515667986170e-02
8.867320982945852137e-01
9.980072319660888702e-01
-3.417478812665720733e-01
-3.027980972773041124e-01
8.949474779912347522e-02
3.358516816091220436e-01
-7.961915399562813356e-02
-5.458786161718192087e-01
6.612038779402565902e-01
-4.462292424465222895e-01
-5.706815088836412198e-01
5.193077890946958819e-01
-9.463701021796189217e-01
2.506961115815971031e-01
-4.947535230037495291e-01
2.426120507613267474e-01
5.244946237036491876e-01
2.599114479009667633e-01
8.071408428110393718e-01
6.730325717656158169e-01
-2.440171243261928247e-01
-1.662636073425494132e-01
-3.072721520874610590e-01
6.351675369125997506e-02
5.291449303291696493e-01
7.703523534294363095e-01
2.485388489354962704e-01
-2.205562241212872809e-01
-9.053913270119651191e-01
5.019920599047746901e-01
6.282495188267036568e-01
-8.931499998625014314e-02
5.098455173988223343e-01
-3.205467230018688163e-02
-1.437809258002316071e-01
-8.462100649640504901e-01
-6.255660678575654110e-01
-2.238268431662431279e-01
-4.043313140880883116e-02
-3.732757283399559256e-01
3.393615824260854397e-01
-2.873462441575349580e-01
1.000000000000000000e+00
-7.165989270883673656e-01
-8.589802726648723130e-01
5.010477198259863929e-01
1.257742366173295046e-01
-4.855316698183318458e-01
1.322085477249504981e-01
1.888251689952200607e-01
2.172966452235720602e-01
-2.123473020577428816e-01
-6.034674394602608238e-01
5.198137722906026603e-02
5.569674146782319646e-01
4.693451389943672503e-01
6.905482027489464603e-01
-5.934302658914103468e-02
8.700793978583720722e-02
-6.241056045151771592e-01
-7.198438595044878152e-01
-7.734305668699403835e-01
-3.826557496782665435e-01
9.241264823290415986e-01
-1.695529130495793124e-02
1.657740070320279369e-01
4.048641300286657252e-01
1.237781578974071622e-01
-8.137537185101322290e-01
6.583898367002616325e-01
-8.147701710510675266e-01
8.788992285440655472e-02
-6.008085047958575675e-01
6.842359286813211039e-01
1.677303702293317933e-01
-6.853471546514566803e-01
-3.323040158525301102e-01
1.114906173554337521e-01
6.788509131459465884e-01
4.676739298807971457e-01
9.198092628795463410e-01
1.377638720015867957e-01
-7.023963982247635185e-01
-5.157220071662029781e-01
-3.058425844352342660e-01
-5.471742994828190376e-01
1.000000000000000000e+00
-1.810640392205749016e-01
-2.502240282481114075e-01
-5.060260082016128091e-01
7.356168463904882993e-02
-5.471051346455790831e-01
3.582440978768116069e-01
9.944700106386188398e-01
-1.000000000000000000e+00
2.489554231844647025e-02
6.908470583791630482e-01
-1.164347208983312343e-01
3.893331668152486547e-01
2.874806848309348073e-01
7.187097795074375295e-01
-8.944314390834053885e-01
1.012293555810441781e-01
3.798286611939624691e-01
-5.790883510641835485e-01
-3.331866910774428092e-01
5.048804949096927785e-01
3.733934544258767918e-01
-6.431922942505302609e-01
6.812339383762336387e-02
-1.710834357723229893e-01
2.912998723207634866e-01
-5.264289407067535009e-01
-1.862484235913675068e-01
-4.921387970230529652e-01
-3.275924639337424171e-01
3.150882388441456072e-01
5.666090866256323633e-01
-3.177595076504463600e-02
4.074828935549937303e-01
-1.654915831018044514e-02
2.097260146593155072e-01
1.739210655146555817e-01
6.522333361528257489e-01
4.046488723631381790e-01
-5.178898512639333873e-01
8.885112055254825725e-01
9.841075816923161579e-01
4.312257908962652264e-02
9.090656115786954761e-02
4.809553997249180757e-01
4.130916395922807904e-01
-7.160509008347297755e-01
-5.614210739536563688e-01
-7.750333465172887237e-02
-3.135505958984337038e-01
4.016049316804777836e-01
3.580173965502548850e-01
-4.369030465405953079e-01
-8.082896849711151965e-02
-4.009493270885671201e-01
-8.160689977050956667e-01
2.287432007449297089e-01
-1.557846756180640835e-01
-8.267342274186982864e-01
8.675143120847497169e-01
-8.116713085798409333e-01
2.606215751471077646e-02
-1.898818429656089768e-01
-3.876105380014349677e-01
-7.757906330370725190e-01
4.378311127888184773e-01
4.958316739663661821e-01
-4.260145001941799126e-01
-2.035203139732953415e-01
3.267192122406583632e-01
-2.794303886411007021e-01
7.271688573150769663e-02
1.066308375747568871e-01
-8.690294014910212583e-01
-3.353819137963769403e-01
1.374989276009399575e-01
-5.041934839191010154e-01
3.097305334858413417e-03
3.573799691957664226e-01
-2.326294699786295439e-01
5.182024796066996286e-01
4.869480242703365658e-01
-2.860047433992206622e-01
3.911879276167995467e-01
-3.075457131196985827e-01
2.115415031001464108e-01
7.813042415899967841e-01
7.045710286119021282e-01
