6.419193158742496630e-01
9.419532696385859438e-01
-3.482584778574764339e-01
4.322779462756614066e-01
8.622221277101030923e-01
6.589888376736399711e-02
-7.903145301508840426e-02
2.018512521571150520e-01
-2.742985511226177231e-02
-1.390925742887825223e-01
-4.879361672869312327e-01
-6.410971768558382244e-01
1.798387064756402365e-01
-2.493032197832113495e-01
7.664417742531657307e-01
-2.648204227299680302e-02
4.016380210401809259e-01
-5.788982705665614015e-01
5.970014699069277064e-01
3.748243164151374152e-01
-9.588259363934089619e-01
-3.500952034381840661e-01
-3.061456891952889503e-01
-1.913145640371235745e-01
5.639702368661136944e-01
-8.870295701056655213e-01
-7.611248830318398939e-01
-7.434964783829687285e-01
-2.896739681672885758e-01
-2.052425523419978137e-01
-6.464637342723040803e-01
1.130250245342763887e-01
7.102650494193061270e-01
3.229900187993168248e-01
9.699524358860822648e-01
-1.307578107693727620e-01
-6.877996761995404107e-01
-1.964761048724872339e-01
-3.284451573711871797e-01
-2.884672364792617572e-01
-7.844104374231841703e-02
2.541452083614059720e-01
-3.859377006155989553e-01
-8.362577966065809498e-01
-9.185649925908676572e-01
-3.805770228046582160e-01
9.511970024842528737e-01
9.822294265240638644e-02
3.792569349057284267e-01
8.920032556057784223e-01
3.049089073646241710e-01
-1.111859269752550339e-01
-5.090460285063769241e-01
8.603785813922576464e-01
4.578478391343610010e-01
-4.793856353958476646e-01
4.127470237560257882e-01
6.376074046152978569e-01
3.869048447172708238e-01
3.739821257177575742e-01
-9.794671415650714197e-01
7.970383205549016470e-01
-4.276317947531210195e-01
7.183394827359015355e-01
8.154997871493823158e-01
-1.588885400986484731e-01
2.981523739266595530e-01
1.568754914085304097e-01
-4.761697332084942613e-01
-4.353813515777766874e-01
-1.976068698609807217e-01
-1.699717497288872337e-01
9.012283372171026041e-01
8.639295119128812539e-01
-8.200610538666606164e-01
4.811125458931972965e-01
-9.134902617270362901e-02
-4.608123438381147019e-01
-6.441191929745215816e-01
9.450067230613012903e-02
5.746896349779140323e-01
5.899261909274542415e-01
8.663139114475923996e-01
5.977319696151207618e-01
4.137753818069464518e-01
9.175603528439660317e-02
8.402065999135159835e-01
-9.527441628458350742e-01
3.670996710519944806e-01
-8.857127629450545214e-01
1.263365197158548003e-01
1.362899049820594510e-01
-9.744580937397389064e-01
-7.567521694128154230e-02
-2.373490734653772513e-03
-5.158026490486309346e-01
-1.378969781647636506e-01
7.594796325266064407e-01
-6.535820677732367967e-01
-1.804304354359260731e-01
-3.874720404570394239e-01
-3.849424916617535941e-01
-8.646706233901473304e-01
3.847005637104877751e-01
-9.128106477690584031e-01
8.968910196331267848e-01
3.715826021455268524e-01
1.418107736691265330e-02
-2.873327287507323469e-01
1.026504207679958813e-01
-3.874111304381862575e-01
1.911202139781808529e-01
-1.550425518695158211e-01
-6.584855603349528685e-01
-3.819239623614893997e-01
-9.281778038221404348e-01
2.483516433548405011e-02
3.608432558855190209e-02
-9.481896767781439195e-01
6.438647070903749103e-01
-1.890126218001903224e-01
-1.284208622868496796e-01
-4.888024688363689640e-01
1.934756368319027198e-01
4.706747407232546310e-02
6.980461329983627117e-01
-1.568417461357147769e-01
9.802608325083181917e-01
7.178152756345141938e-01
8.472749868049650468e-01
6.358986074772646768e-01
6.851667248804902410e-01
7.346517085393293733e-01
3.007037086013468752e-01
4.525824350175306487e-01
3.044045261845793604e-01
-7.166538039499715795e-01
6.193852615646446846e-01
6.125008475599429403e-01
1.957839961500966730e-01
-6.938474310926150412e-01
1.020991397812491819e-01
5.165930345104789989e-01
7.212470703737805522e-01
-3.915945635080876897e-01
4.451029728928834750e-02
3.187118315901442123e-01
-1.368759822732143749e-01
-2.924364225519608951e-01
-8.994657512684356426e-02
5.926516569126055733e-01
-8.334856741298892757e-01
7.169348687660219710e-01
-5.262418088618121548e-01
1.435264382524970017e-02
-3.656947061714223013e-01
7.025187182939943709e-01
-2.566328770619537014e-01
2.460111848026675929e-01
5.922414784097062013e-01
-6.171042181486953160e-01
9.166592390740744278e-01
-3.284355843172614975e-01
-2.241406107606542797e-01
-8.537720510786970252e-01
-1.366689333696763653e-01
-5.959028590684070092e-01
3.887907829360633949e-01
-5.329974699018518169e-01
-1.977730433591100567e-01
1.022000336064232406e-01
2.300323687970639575e-01
7.067853223399438445e-01
-8.465089911646583865e-01
6.545610591623768348e-01
-1.644911261375989753e-01
8.657337715931845423e-02
6.415610245729663763e-01
8.625938135063111467e-01
1.143758405891810576e-01
-1.772205008877800747e-01
2.371382122162323663e-02
-8.959028092502028251e-01
-5.136642314878858695e-01
-8.582203928599863030e-01
9.262709886068436482e-01
-7.329664388351356807e-01
-3.550220896943592219e-01
-5.570270026173462785e-01
-8.638562405720606741e-01
-3.960446407718629103e-02
6.472826328349592373e-01
-4.724443328282804111e-01
6.667890028704340777e-01
-3.567112742030128514e-01
-4.397337865062778128e-02
7.899841946654473368e-01
7.195904586746617593e-01
3.537037890347904390e-01
8.023807593283407424e-01
5.100247013657120965e-01
-6.990881918170586129e-01
-7.496051460679836742e-01
-2.030298817320932703e-01
6.491354664488760973e-01
6.353120244460536137e-01
6.289890179364221456e-01
1.163983602732794331e-01
-8.023786138388813161e-01
3.576902967141504242e-01
-3.225189709063351340e-01
-4.355830103018769606e-01
9.125720583868962565e-01
2.613543793390442627e-01
3.450885104556627447e-01
2.693620630601307742e-01
-9.485530510865565201e-01
2.347206560180015167e-01
3.161235664082873154e-01
5.034472134458849446e-01
-6.583273679434817893e-01
9.936620499425248276e-01
3.616253400755475300e-01
-8.592542446199360473e-01
6.420073899216633961e-01
4.216132755252810504e-02
7.802438721907765107e-01
6.858507899250592121e-01
-1.188829888819639413e-01
3.415334148572348738e-01
3.570790937253112141e-01
8.129821069971674419e-01
-5.573202447920748703e-01
3.320729312978412118e-01
7.758393801368261844e-01
-6.582562627735630834e-01
7.494926242774466729e-01
4.010258210450794447e-01
7.552362173171960347e-01
8.477170699104321638e-01
-9.058178338722007172e-01
-2.263966568292827830e-01
-3.826552703619188200e-01
4.614611072007008818e-01
6.520515634116860193e-01
5.870867462937137127e-01
-4.540604653678781411e-01
8.343333359701892160e-01
6.112085868788554865e-01
6.572390147455567933e-01
3.225086929299121885e-01
-9.280302655759462560e-01
-1.923802248782828794e-01
-3.215635317760479062e-01
8.993857183412077294e-01
-9.220868982759413690e-01
-6.112602770268424912e-01
-4.892982387102060571e-01
-8.192651493993232670e-01
5.425097650348898598e-02
-5.786542484532575248e-01
-4.940953295501138154e-01
7.571927417287973583e-01
3.259788587038907615e-01
-6.076119610089070200e-01
