4.445888605729313436e-01
-5.182818099478325724e-01
5.242052869827713568e-01
-9.796833350464762002e-02
-1.116056032960643929e-01
6.096074907637714091e-01
-2.921444594353383994e-02
-7.382637239539016072e-01
3.785098006473257559e-01
-9.705709248568654690e-01
6.267502892297593942e-02
-6.061983605659215790e-02
1.804727493956260753e-01
-2.975712860767698587e-01
-5.513590217806194627e-01
1.143728590250404631e-01
-3.879033542302543491e-01
7.561703280202831667e-01
5.646437228526730578e-01
-4.373255510137199487e-01
-5.903054099918579878e-01
-9.271119562523748303e-02
3.651198377466156053e-01
3.696042738401803529e-01
-3.973572421655238163e-01
-4.782424210467721704e-01
9.194337591276879884e-02
5.998986714412245513e-01
-8.192405322385607480e-01
-6.141391106466576044e-01
1.574163470061007430e-02
-2.292310111780885007e-01
5.482849096137067946e-01
-5.486928601830902696e-01
3.730551586759164318e-01
-8.509272986355345125e-01
-5.536284403509004193e-01
-2.820399624902059088e-01
-3.674997376839654328e-01
2.539940188776119712e-01
5.915513867870900722e-01
5.535652376175675959e-02
6.279917998139092905e-01
-7.617458235836580549e-01
-3.353198034588112386e-01
-7.103447735961169185e-01
1.831941366573519858e-01
-8.335260691530319566e-01
2.128624984998543079e-01
-1.319477539982998326e-01
8.804681283737836317e-02
5.895905020769818261e-01
3.072238656111655475e-01
4.902647720267143683e-01
-6.080337319073725322e-01
-7.736373640557421272e-01
-3.627404708823731005e-01
7.186846015991508185e-01
3.486778130607485204e-01
-1.201311770761339798e-01
1.298233858653903283e-01
7.881914472993154508e-01
6.660589857130678748e-01
2.619723817453438741e-01
3.710928259538525120e-01
-1.999756085793548410e-01
3.434728173335788171e-01
-2.623959617749548334e-01
-4.516831142248415865e-01
-7.426391103076072087e-01
8.704292816584885406e-02
-5.653490723909494475e-01
5.039090154479975991e-01
-5.063912198590010683e-02
1.131776321738336838e-01
-1.098595667880020166e-02
-3.122249595275881084e-01
-3.749811975840664502e-01
-2.823991223883852708e-01
7.059054007291682975e-01
-3.149947582165003590e-01
8.533531571986552322e-03
-2.937067491671019326e-01
5.494678826173488018e-02
5.955662804091454987e-02
1.994228157512722976e-01
8.196041200452044428e-01
-7.637042077250577599e-03
-4.870506491076507793e-01
-4.612077792453881941e-01
9.861139153275344515e-01
6.438683242088538705e-01
-9.932317818086597860e-01
-5.091719062781554506e-01
-6.484110465804064916e-01
-3.148837605824039709e-01
-6.129954325641733259e-01
6.174299096537561038e-01
-7.201403266070942610e-01
9.204942895180759921e-01
3.530268270976428813e-01
6.549464598496355094e-01
2.277947077896221861e-01
6.614177690670772214e-02
7.954609674271653219e-01
-3.731297530057783862e-02
-7.224684859141551341e-01
3.356546896670008495e-01
7.182950493735973385e-01
-1.136891061824936155e-01
-4.255137226094088954e-01
-5.412605289115035578e-01
7.466510732928623995e-01
5.218900839685549631e-01
-4.685925521710024300e-01
2.925489237126168707e-01
6.336445198084492691e-01
-5.790409873479414049e-01
1.428007674539594901e-02
5.216312943879888309e-01
-9.673146956969556065e-01
3.147326382013304613e-02
7.131483245565788387e-01
-5.358436637558883220e-02
-4.245395398828981648e-01
-4.229674011365858188e-01
-3.773694122362742931e-01
-5.088209471606817136e-01
1.484960828782317943e-01
7.962527441842612852e-01
9.578217724883508755e-01
6.727955781755701192e-01
3.365376843213183644e-01
3.463918325262871356e-02
3.077217971054986845e-01
2.345293845165423718e-01
-5.237325858565438086e-01
-2.137391631033804806e-01
-7.663898278101705097e-01
-5.838571302113397810e-01
4.652632817310320412e-02
6.602545011271141462e-01
-6.112856542788414060e-02
3.524212144044902573e-02
-7.780055584677754155e-01
9.432779697262414498e-01
8.026789094927855306e-01
-8.563361212005913270e-01
5.171592981443456916e-01
2.413820721526123703e-01
-5.961259448744774536e-01
-1.868956582890260176e-01
2.815699055604881096e-02
1.438457513161461865e-02
-8.840634504801787585e-01
-8.094117125621099751e-01
-4.813699596563779104e-01
1.864651295758051330e-01
-8.169179563244669540e-01
2.532220285855062425e-01
-4.238623370612049079e-02
-2.358047196281689573e-01
-3.493463394374596298e-01
-5.046546595260861245e-01
4.126965229293120263e-01
2.637441604856549660e-02
-8.795302560885946974e-01
5.484139441615044630e-01
6.761154576682174566e-01
3.011899825399355635e-02
4.797291432816410683e-01
2.693454252891434031e-01
-3.243907969338714059e-01
-7.895595921550495611e-01
2.629681282847456947e-02
3.011464758037862843e-02
-3.330311426833330590e-01
-6.338557150561539011e-01
-3.589541818649699678e-01
-8.578878982006221676e-02
-8.669762564644780678e-01
-3.885765372235372439e-01
5.898275165398794151e-01
-1.020756147160807037e-01
2.362415177130922084e-01
-7.511524655954784357e-01
-1.025617046087017314e-01
2.507144576990538720e-01
-2.626845787871254778e-01
6.796489479654614918e-01
-8.488399052873307760e-01
3.743742665196244657e-01
-1.709262236936959223e-03
9.088395916967845212e-01
-2.623455291381620036e-01
-2.295143940645137381e-01
-6.390757227540277974e-02
-3.072180438573011707e-01
-4.020711904604442055e-01
6.409067845796582175e-01
-5.313066473229515196e-01
8.564232394274202687e-01
-1.733522913293629453e-03
-1.063740890308153969e-01
6.175763073789058977e-01
5.387267218153345139e-02
2.458630871051232236e-01
-8.448221200776508955e-01
-8.887851137659289469e-01
-7.041681440866254249e-02
-5.349154258435561138e-01
-1.408192747952483614e-01
5.665124493149820140e-01
8.649006538852199721e-01
1.528963828259404245e-01
4.912667676144411577e-01
5.616609168950055242e-01
1.591344047265521588e-01
-1.574324482162126060e-02
4.605324869897013951e-01
-4.498242281870689085e-01
-9.961331712024179552e-02
-7.743128024142835741e-01
-5.916023288613165843e-01
6.049151199970528303e-01
-5.944333640709287270e-01
-1.961549519361163174e-01
9.446571457177050934e-01
4.397983252556317280e-02
9.518743641682343437e-01
-7.348276053136260089e-03
-1.642320218173433932e-01
3.181770498372951117e-01
2.195160322921024254e-01
6.674510702230123105e-01
5.879342645107848986e-01
-9.886597557656470192e-01
-5.548841530560295610e-01
-4.561136641478679143e-01
1.270068176421192963e-01
-1.511669773859863342e-01
-6.977338120223604001e-01
8.313935222880974862e-01
3.770394657741403255e-01
2.751548234153059491e-01
-2.592755933282142600e-02
-4.004082569490696741e-02
-6.348932375165998732e-01
3.030203550676299207e-01
7.215309679897889961e-01
1.828825290027498718e-01
-7.332228017870432435e-01
4.420173138726475326e-01
2.947628957580842313e-01
-1.261744251727033306e-01
-4.763670698715071761e-01
-5.659579703911604698e-01
-1.653990340395222747e-01
-1.288033898315040782e-01
-1.607453479845148692e-01
-2.398349910895392068e-01
8.571783291449948106e-01
-8.299703126402443454e-01
4.098274115348072844e-01
1.163751471884388877e-02
