5.938683434443627895e-01
7.725537370428692263e-02
4.229411236313465050e-01
-7.183850897617740650e-01
7.482075236081779934e-01
8.305861448483753406e-02
-6.319681802648702273e-02
-7.428379835710665624e-01
-6.667434084255834392e-01
8.346887007959791216e-01
2.303726000579937594e-01
3.797418495938558181e-01
6.987197267449162252e-01
-9.831867953839494856e-01
3.429872246771499267e-01
3.431308277905663617e-01
-3.318514788372830537e-01
-9.047015783593779226e-01
-5.804415578898083350e-01
3.624745066321686249e-01
-4.675242195495599162e-01
9.961386913628225148e-01
-2.332441939734117842e-01
-3.037638768151909030e-01
-1.143957492912743845e-01
9.722480685447552062e-01
-7.984227360544045027e-01
-4.042635646929406690e-01
4.982439652098045180e-01
-9.252874262037584785e-01
-8.923883461570174536e-01
3.502865761934597089e-01
3.770441197404785783e-01
3.070751257266490231e-01
6.214852294666670662e-01
5.097621098711260235e-01
-8.045238066356490414e-01
3.416889564336067497e-01
1.454174440097688592e-01
-8.690544605669030531e-01
-9.821399713913541163e-01
8.403275151472460180e-01
4.872637649487103761e-01
-1.736170318072032259e-01
4.675246361943974360e-01
-7.470992016266346514e-02
7.750153163467166095e-03
-8.249961271621297776e-02
9.407113838869398670e-01
4.026158711809817436e-01
-7.142241851034147881e-01
6.272729632508298181e-01
-1.919747682654995291e-01
-8.159894859237708520e-01
7.393846480189534276e-01
4.336763847216971168e-01
-4.744178857302598917e-01
-3.669279822341564579e-01
-7.116204803945112012e-01
-5.446365389787131139e-01
-2.833916709151098612e-01
-1.766727710361455372e-01
-2.591154528216208508e-01
1.666599604919641320e-01
-9.004353526671504682e-01
8.063174801880190756e-02
-3.309046159380106822e-01
2.249416281998949940e-01
-7.245898327218902590e-01
3.309042890618425492e-01
-1.193049218091688513e-01
-5.751709731091727562e-01
2.179545138016674155e-01
2.971011871389600545e-01
6.434629608162016901e-01
-6.322363611616297341e-01
-1.089561739841373722e-01
7.184695535895537777e-01
-7.006170691395818828e-01
-4.009356691616752233e-01
-3.843343691556226904e-01
8.272905591300967476e-01
9.166024069226175186e-03
-8.846911908629710997e-01
-8.251609411391200855e-01
-6.942103588930972347e-01
-2.606712548095033721e-01
6.146357822081394140e-02
5.102535199831388368e-01
6.321106086790537759e-01
-3.831374396606145316e-01
-8.453172658993857169e-02
6.720423489261051486e-02
4.803817337664515463e-01
-3.136627731956727061e-01
8.943070275310405215e-01
-8.324532625740499459e-01
4.116032215674714223e-01
-2.049034434774577029e-02
-8.947363221379343035e-01
4.511289525753872098e-01
5.152008170657274011e-01
-1.799229714413197456e-02
-2.199450419390311939e-01
-4.491621035998141220e-01
1.270848645117506059e-01
3.494305728468635741e-01
-4.676631096520769137e-01
-9.551708287658622343e-01
-8.882597268971508253e-01
3.053606089184410788e-01
6.494809195657937906e-01
-9.988446701403050909e-01
8.053507545525782074e-01
-6.679666669817008184e-02
3.226138733913015422e-01
5.813329796176847086e-01
7.177400345560369654e-01
6.367062477535148091e-01
-2.908951711528257045e-02
3.356819553600235428e-01
5.917402192931080496e-01
7.361027154791552896e-01
3.368106726593842470e-01
-8.032159956398343681e-02
-2.444173280508570301e-01
-7.437625425114609001e-01
-6.800458430873004279e-01
-1.688803668237111033e-01
2.808942626198871473e-01
-2.752346219713062148e-01
1.932647829909319714e-01
4.862117442296893799e-01
2.706210900670699138e-01
-7.138886159044766089e-02
5.869836363834886050e-01
-6.244795065141608426e-01
-2.824557195160266598e-01
-3.724003107678455216e-01
-7.735272593565700738e-01
8.578838630869700665e-01
-7.271824367660415511e-01
1.060694680813134561e-01
8.650777648266652076e-01
4.434329517147832522e-01
5.357842450063083906e-01
-4.310797207444847512e-01
-4.703699859645742443e-01
8.225468201458598916e-01
-1.943913591009425179e-01
-2.966833888514801565e-01
-7.125792690605581292e-02
-4.526075805855875878e-01
-2.794494869007506654e-01
3.173778598081764546e-01
-4.651836296777013269e-01
8.036576737483197563e-01
-6.561551314436420146e-01
9.222947590649186456e-01
-1.360987575853673803e-01
-5.820301745060185716e-01
-1.258989462500637035e-01
4.005091430206413339e-01
2.778958107934740296e-01
-4.357271886895563995e-01
4.155281933204069134e-02
7.620828988064092258e-01
-3.157150461263757979e-01
4.702966797861076742e-01
4.263668636698076941e-01
2.648347828738983889e-01
-5.226471698318193582e-01
-9.673620437063605859e-01
8.504177189948951554e-01
-6.265213011020345224e-01
5.588350642192232431e-01
-1.222501967138589496e-01
-3.321255668137266803e-01
-7.185512021627031842e-01
-3.223030440845802147e-01
6.525886292328675342e-01
4.046981024350613243e-01
1.404647521329851489e-01
4.671077726675889608e-01
1.290109126817788887e-01
2.048536484930991997e-01
-2.517236861530232073e-01
-6.877253155655185246e-01
9.280236191694360981e-01
3.672573220099952795e-01
8.389931198622457842e-02
3.055802295536574897e-01
-7.489253374885795900e-01
-3.948640780606174072e-01
3.546756555970664859e-01
-1.073413900092987650e-01
9.356163676869315715e-01
8.399348468451024452e-01
8.684165462190125417e-01
4.822849199512266871e-01
4.870422818238862028e-01
7.272631980177119981e-01
-7.352928520448731575e-02
-7.687544880167707095e-01
1.787105490822403775e-01
4.972686327151607522e-01
-4.914174586443398329e-01
-2.416050375411042950e-01
1.664102503438573688e-01
-4.857211102633853250e-01
-2.206654992497771861e-01
2.856048277486378240e-01
8.686706137538560135e-01
5.690866432541161757e-01
9.224871571545963933e-01
8.545754239097731464e-01
-9.521757621536441896e-02
7.543193299400117180e-01
5.310628271160946490e-01
4.923862107600753824e-01
-4.782524525766964629e-01
5.432244635335850003e-01
1.000000000000000000e+00
8.959847841593056028e-01
3.203745177142478529e-01
5.524431173344723778e-01
8.605088742510165201e-01
9.668786381519058892e-01
5.963080007593588583e-01
-2.702539465219828685e-01
-8.668276222920212604e-03
-7.894491803567544874e-01
9.396415724267015435e-01
3.535300131467580265e-01
3.655662593638377977e-01
2.982605089338541404e-02
-2.392599782994694335e-01
-7.098463758094213372e-01
3.345883814320858574e-01
-1.000000000000000000e+00
-4.916824646108808317e-02
4.126840428972649022e-01
-4.436054184836126790e-01
-7.792032646014672714e-01
4.853994497600888636e-02
9.364429011287611626e-01
-3.858858177850295057e-01
-4.028476448623830031e-02
3.110073403355293475e-01
-6.039569142984322347e-01
-7.452810479265643551e-01
-3.320837764265118786e-01
-2.589677516973698523e-01
-6.902881519871737481e-01
-3.218273011582393206e-01
-8.383544094498454058e-01
3.959363458103042355e-01
-5.724413897520319594e-02
4.133193002647417291e-01
4.015963191669340016e-01
6.862352071735675629e-01
4.124398977298138202e-01
5.757129720449980503e-01
7.500228119926457548e-01
-3.299665299946956676e-01
