7.491116612068396408e-02
9.710225850530912473e-01
-2.110043680341370798e-01
-2.538633088155490269e-01
-5.208628446761540687e-01
-7.536547066074698042e-01
-2.037675090319660542e-01
4.051696139057770485e-01
-2.606065408320801802e-01
-5.815890266197695224e-01
7.073557346225447517e-01
5.338828877048710231e-01
-1.911406016291604948e-01
9.631033049435282489e-01
1.882013663623551825e-01
-2.099008729138806539e-01
-1.530594226582454240e-02
6.312347956212871480e-01
-9.125348743324728229e-01
-5.074736397564484358e-01
8.938474196414788464e-01
-7.277328435773147697e-02
-2.104375465205597928e-01
5.335754001872164975e-01
2.378253355973127259e-01
1.354467212763701411e-01
-7.833894630852873686e-02
-4.383128165097063267e-01
-8.299757651850928619e-01
1.553641221508056669e-01
-1.804047102441937167e-02
2.777451165061637917e-01
-6.968439054013138012e-01
7.543995396284759458e-01
4.092748322121796400e-01
3.213254706482879808e-01
-4.324872028191059092e-01
-1.501923163390126992e-01
-6.490259289777885465e-01
-9.503115507248993676e-02
-1.229941430556097115e-01
8.226465936505160670e-01
-5.567055555435044267e-01
-5.985125776652208129e-01
2.233812147332005782e-01
-9.660017644328608988e-01
7.594041455201586688e-01
-2.531150011963870794e-01
-3.716621835147293496e-01
8.804648756621580308e-01
-4.318833517070197470e-01
3.919523026365973051e-01
-6.760199580382578732e-01
-5.171597909872739374e-01
-1.603282581718716016e-01
-1.727892328161816926e-01
7.871540490911796972e-01
5.516809547595624696e-01
-1.000000000000000000e+00
7.767125919677005941e-01
6.802442625665495735e-01
2.043008378271032321e-01
1.608162364702763192e-01
-1.970438381029551711e-01
9.178097576040076255e-01
-1.000000000000000000e+00
-7.154688885366526918e-01
1.755008470236660845e-01
-5.915815844520946332e-01
-3.266733211705249440e-01
-2.951834572037608240e-01
-2.227024004133120461e-01
-7.502797497950891570e-01
5.239102428781754472e-01
-7.502180157343016909e-01
4.843749720628347522e-01
-3.318550403054378872e-01
-2.334837089509139152e-01
8.566620384477424688e-01
-6.012114146672022930e-01
1.567314448508479452e-01
2.169689437840785495e-02
-6.279638203073294456e-01
3.815484155648157794e-01
9.450916595927305597e-02
-4.780311647443882817e-01
2.528551960238395457e-01
5.719754804688658156e-01
-4.752224091345864099e-01
-5.524682143661447942e-01
-4.330384776068345598e-01
8.627676530946886135e-01
-4.928983512359675911e-01
2.392643146135537552e-02
7.993112424220130130e-01
4.912260437161807686e-02
-7.606691218982646330e-01
-1.704830068504119556e-01
9.717132288009661112e-02
-8.001174265495472060e-01
-8.226162017350857614e-01
-3.004856317336636051e-01
-9.099792423224351001e-01
-5.586660324315996518e-02
-4.611824335640260508e-01
-4.764756572998851136e-01
-4.268867513580112405e-01
-8.739641814064453840e-01
-9.070941107948484738e-01
4.201296368541769521e-02
1.679703724296054412e-01
-5.997912997145076197e-01
6.388809469732907864e-01
9.184786597956081655e-01
-2.064311225510583325e-01
-9.269314697663649794e-01
-3.829145832556019036e-01
7.458251995708119475e-01
-5.334150809063490373e-01
-7.965847048013888765e-01
8.581102525463245589e-01
2.583833074183569667e-02
-5.896908445184749770e-01
-5.211077066689034920e-01
-4.118852687365660570e-01
4.670878069148594325e-02
-4.643252099714513803e-01
-4.398329019668052453e-01
-2.051796635355974119e-01
-6.977855729417556385e-02
3.348564397939188253e-01
-7.990198104581239802e-01
-8.663869889411679459e-01
5.791336414465699800e-01
1.426340289073021461e-01
-7.771828322701846981e-01
7.466498514034672906e-01
-6.194097831704800106e-01
-8.506187543880820989e-01
-2.156825303004879235e-02
-2.906947349067491859e-01
5.213332286591532139e-02
-1.285560413041755834e-02
-2.300787464529898130e-01
-3.351681473569836922e-01
7.950350720452303843e-01
-5.551850110357832158e-01
5.888335962922208733e-01
8.707567338408359614e-01
5.819608201617247900e-01
3.830593584479022873e-01
-5.297203813686750529e-01
-6.021713975899990468e-01
6.310607913789074708e-01
-9.481817323095965699e-01
8.973189173005678976e-01
-1.000000000000000000e+00
-5.793640650265807768e-01
3.085174890085064237e-02
-2.895949645070409195e-01
1.901307690425178554e-01
7.634818327589244502e-01
6.448272627257753964e-01
6.600178313998543711e-01
-4.514193372106327651e-01
-3.334991247943717152e-01
7.488721845263598409e-01
-5.891089450490381019e-01
-3.306370561425993060e-01
-1.000000000000000000e+00
3.405641875970896182e-01
5.710836535937111047e-02
6.628437375284863542e-01
3.659907015258676566e-01
1.000000000000000000e+00
-5.495033900337336075e-01
7.585176652515511764e-01
-2.659474144149335806e-01
-4.710095576317362420e-01
-3.409410336596754854e-01
1.000000000000000000e+00
-4.606803727205023846e-01
9.387091714903693651e-01
-9.970614774682714510e-01
7.355216423498346368e-01
-4.129681671898575712e-01
-1.287204214741375086e-01
3.142232825752012682e-01
-2.236976015305134069e-01
8.191644408222333862e-01
-5.561611653173940129e-01
4.914116708312186721e-01
-7.173137435305320109e-01
1.381386144033647234e-01
-3.544773659954548184e-01
3.018199651312187259e-01
7.062424559057215445e-01
4.507029221187893175e-01
7.311941871217089162e-01
-4.197072259786814863e-01
-6.648446127771314718e-01
-2.190920354914099866e-01
5.334996288616303817e-01
-5.619832949712361136e-01
-4.154147585788340313e-01
1.293599791330734550e-01
3.572787580113440109e-01
-4.148077845658630913e-01
-6.314772015126068894e-01
-7.080025557418431204e-01
-2.698218474000768641e-02
6.201940493709534596e-01
-5.547458102077712505e-04
-4.558351013959763276e-02
-6.089162814236839805e-03
-4.806364073375210544e-01
2.866453528981004889e-02
-5.140897411900580138e-01
2.302058305918753267e-01
-9.996992796539312387e-01
-8.358926627243327134e-01
-9.995413459177039384e-01
-8.024362308956527468e-01
4.685083347577959079e-01
6.530087702064056865e-01
-6.468578944221177185e-01
3.921117139544368912e-01
7.270821215977919805e-03
-2.283464930689351191e-01
-7.055127252947765992e-01
3.907083681454433521e-01
2.980373582251142905e-01
-7.329497040627321880e-01
3.195877580509650651e-01
1.210609927973786693e-01
4.747573457245608114e-02
8.743513085142747832e-01
-3.829799763527139134e-03
4.081519367238294338e-01
6.657405242880334306e-01
-2.369873682870238252e-02
-7.363344145104592231e-01
-4.450916680845921625e-01
-7.595329755383781745e-01
-3.510405405516069388e-01
-5.504093621971817285e-01
-8.573811752565118072e-01
8.984902204489655375e-01
-1.696836076348365863e-01
-3.652715305039450633e-01
2.084991120946854681e-01
-5.019237807566223619e-01
-1.867703972813306301e-01
-2.531462679126664228e-01
-7.875384668002479716e-01
-1.243830436189840259e-02
-1.327274962098770605e-01
5.112360470107555344e-01
4.408004091835156513e-01
8.299477733117724965e-01
9.968162419601528379e-01
-5.718202381292160352e-02
7.840343308173670644e-01
7.423389247430016713e-01
-6.102310159896023878e-01
