-1.811259990403827347e-01
-5.954727047634067461e-02
-4.993909134239217507e-02
1.520879035748547992e-01
7.393046077640763603e-01
-7.948497154382510033e-01
7.123465485210827008e-01
-6.216769236806556354e-01
6.196488424990184152e-01
9.089696704791043746e-01
-7.493702776774064933e-01
6.742121022956604204e-01
5.635013577242411476e-01
-6.195155826796394649e-02
-4.589271567750616287e-01
7.727114441248799093e-01
-6.244988058629166172e-01
4.624652183775908032e-01
5.138347137919283547e-01
-4.232288991644269083e-01
-4.619921673522102701e-01
2.008911252137504100e-01
3.500371537530371224e-01
-4.930529506575549448e-01
3.864571357756392267e-01
1.145420294896069974e-01
-2.156361305582816801e-01
6.002667456136867585e-02
-6.276081298587214974e-01
1.237989328547609569e-01
-7.321006607311189018e-01
1.271573308229181354e-01
-8.971385691274506025e-01
-3.732279840097454393e-01
2.882741404136652807e-01
5.060306320607832475e-01
6.468402307843015286e-01
2.945637848144027071e-01
-8.403670313598682329e-01
-6.751799680000061255e-01
8.834084420884420474e-01
1.069263165868874488e-01
-6.506175057843988085e-01
-8.657051381270426393e-01
-2.775861568511376332e-01
-7.425871309063121206e-01
-1.195027348105877074e-01
-1.030814561842745558e-01
8.434833546629518786e-01
-5.369504403062265174e-01
4.966670191500932585e-01
-6.293856087804667876e-01
-3.513815481189425105e-02
-3.074594455802438508e-01
-6.869491618006360323e-01
-8.803165648699166068e-01
-8.801398766697832166e-03
-5.042685653154221903e-02
-8.908604048756956217e-01
4.795343337440972076e-01
4.353972303208713535e-01
6.855509339990319972e-01
-4.638346650762008583e-01
3.267365720610209134e-01
7.922294115233614598e-01
-4.683396771548118398e-01
5.417936861460592723e-01
1.361191341061428473e-01
3.264158820200114830e-01
-3.253596804354872418e-01
-1.069626449815244129e-01
1.409984491762934222e-01
-1.746572222627994220e-02
7.233035475755267285e-01
9.187338427093252324e-01
8.371562436105510763e-01
2.416816609706350927e-01
2.960364742321138776e-01
4.472292717272132734e-01
7.049549063099739277e-01
-7.972967404176415362e-01
-1.000000000000000000e+00
4.975816059999249585e-01
1.154099326968969219e-01
5.003836207024594529e-01
2.307389989745925740e-01
2.166996275103866276e-02
9.891404405794981258e-01
-1.000000000000000000e+00
-3.721794635688366881e-01
4.120269441988243520e-01
-5.303664214434078428e-01
4.046501675893998673e-02
-3.142127835181949269e-01
5.014570218091074505e-01
5.711998019996789022e-01
9.188113033322440337e-01
-5.127291364227541948e-01
-1.547539512434570885e-01
-6.084578679863762440e-01
4.014769420248276433e-01
-5.119726514479400192e-01
3.726026521762140220e-01
2.820554542188687952e-01
3.284562711050067474e-01
-9.339487443066422090e-01
3.298196746088533637e-01
-6.919687192766980077e-01
8.738689252600209123e-01
-9.777118879405181096e-01
1.937374891265944976e-01
-2.625762760488717928e-01
4.756886220785285779e-01
5.504818582494663826e-01
-9.968896277767909098e-01
-4.705824722667493187e-01
3.004713131797461662e-02
-6.715907776391643047e-01
-8.468662400561969283e-01
-4.883192712807804536e-01
-9.982961832750050779e-02
1.659928913653350158e-01
-3.902444562615832169e-01
1.887877006744971276e-01
-1.111729761438347008e-01
1.565928445211839382e-01
9.336912560606405176e-01
-3.093109681981625059e-01
5.263477007042145495e-01
-7.788047190699500799e-01
-8.517371056497040627e-01
-1.050756022562434472e-01
-8.603961657339016522e-01
1.624470198516018704e-01
1.000000000000000000e+00
-7.095323604468872780e-02
-4.937150189659016419e-01
-1.604760826718373279e-01
7.148812512802125152e-01
5.411063210643521915e-01
-1.293086173329665023e-01
4.056668943361746993e-01
-3.058092729557668754e-01
1.000000000000000000e+00
4.756803708660889418e-02
-2.188280141083595032e-01
7.714056444289059122e-01
5.005670012896142884e-01
-5.517696400497631437e-01
-2.179182387631248274e-03
-9.213664557987770731e-01
7.225171191421217998e-01
-5.518780826059628275e-01
9.481872667351529671e-01
-6.056160940759433009e-01
6.413876252474146611e-01
-6.614515893899330923e-01
7.263004056304718237e-01
1.839659497702264002e-01
9.879737676173754313e-01
1.371622374784882137e-01
6.396003633273954492e-01
-7.824601068308989493e-02
2.049750955743090408e-01
9.786125171196571326e-01
9.738761466993484106e-02
4.503128189783403013e-01
-4.559016822306543593e-01
2.112470341521683892e-01
-2.671434079686225704e-01
8.848570889249920968e-02
-1.446027542287436907e-01
-1.524326447947036423e-01
-8.953157887370659651e-01
4.303704602739912843e-01
-2.106471324232538356e-01
-3.715221867815943213e-01
5.723806771817724348e-02
2.686064766562390460e-01
-3.277625070936098228e-01
2.742971261251139214e-01
-1.610273767931020839e-01
6.353786826832232837e-01
-1.055504281509986875e-01
1.581124873277630627e-01
-6.296760084259589441e-01
5.664913491678307267e-01
8.718005761801317366e-01
-2.917018413785946174e-01
-5.562980983752097153e-02
4.404117770302680146e-01
-1.367689103070603984e-01
-4.198599555821012075e-01
-3.296571330842797964e-01
-7.935822737275731731e-01
7.104767374997189577e-02
-8.268347970942966363e-01
6.028882454107049593e-01
-5.083117121964662033e-01
-8.409102258937184438e-02
-6.056607343344155847e-01
1.637824611094151894e-01
5.581252065857578160e-02
-6.191458075246756287e-01
8.300860983583108199e-01
4.297500542818166736e-02
1.882206671721569913e-01
-1.008061846569517916e-01
-1.809414564894749056e-01
2.777313644160941397e-01
-6.606603538513975415e-01
1.862542561927518769e-01
9.013533487471410144e-01
9.555943199649020725e-01
5.725726797025306736e-01
9.404957225362238216e-01
6.728621259714763214e-01
-4.151541274420829097e-01
-4.220687500703956818e-01
-6.145213020007591620e-01
-8.391072607659700866e-01
7.557814968129826783e-01
4.139002136984781810e-01
-1.289007723389032911e-01
3.359990163811064634e-01
5.344099423633172918e-01
2.292160403663370261e-01
1.000000000000000000e+00
-8.591283169775953965e-02
3.583680365450918615e-01
-1.788030185713568310e-02
-4.789900232875544672e-01
-4.207625587088337227e-02
-3.198496197597519575e-01
-7.602331630327208156e-01
3.198656643304648162e-01
5.982224776079978490e-01
9.182955358218241049e-01
-6.678070495889893987e-01
1.388125748611674370e-01
2.371148526822375313e-01
6.992209064204444324e-01
1.683692048291938193e-01
7.166935456450980180e-01
2.644702814325072815e-02
-7.165450559528609986e-01
-9.560915408291920103e-01
-5.364493958460208045e-01
2.292540924708973415e-01
-7.981181637454852762e-01
6.384280172384623198e-01
-5.945794695667632190e-01
3.865581248140191883e-01
2.327921257305783920e-01
4.600785999905692147e-01
1.767031349911782900e-01
-8.035587879259222799e-01
-1.249167343885926318e-01
-4.543556205350441912e-01
7.818559679606305046e-01
4.338078696840921289e-01
4.331333480993946328e-01
2.740860780627836224e-01
1.000000000000000000e+00
2.209338681311932562e-01
