6.425480784736190554e-01
7.632155018263337976e-01
-5.211655819403470113e-01
-6.757774833199154951e-01
8.860713668389446074e-01
-8.746899952467770412e-01
-5.993808284087973060e-02
-3.448347267213952017e-01
-5.544856563722588838e-01
-4.443264863475462345e-01
8.683606504500127610e-01
-1.779912639915501860e-01
-6.351908818946836455e-01
-1.961934506001883349e-01
-8.088721603376328728e-01
3.565230266118215585e-01
-8.526267677712211501e-01
3.799086227626873313e-01
-8.792365259990551074e-01
-7.322785805620404265e-01
-2.436092741301245923e-01
7.937562869692000866e-01
-5.642726170903833438e-02
-4.426414623179957264e-01
6.866660279117189347e-01
-7.108328164590251852e-01
8.664261481418888966e-01
-6.387024559510079413e-02
7.259226605367934404e-01
3.823685679686041894e-01
4.771595882407642097e-02
-3.643914061544799576e-01
-2.661366713659616412e-01
1.981176001380187124e-01
5.339360019365546606e-01
7.821898401509650434e-01
-1.403141823031919255e-01
-6.904194834497499045e-01
-2.358443964617109589e-01
6.567330256751613415e-01
7.918972147140287410e-01
9.141108938268447393e-01
6.094864448193089146e-01
-3.943722406453467610e-02
1.797735583055483366e-01
4.779975669598686139e-01
6.544828504057529361e-01
3.560969363759585171e-01
-7.613534291151404787e-01
7.555414112763847445e-02
-4.806697920233751753e-01
-1.156162344122774188e-02
4.244908068203474549e-01
-2.771624150978844181e-01
9.921570589473382995e-02
6.927835989932671357e-01
4.597650144435043718e-01
9.577561332200356103e-01
-3.666063353746016329e-01
-8.767290954090165567e-01
7.867902518702973858e-01
-4.731347041420408406e-01
-1.092679745235650701e-01
-1.075782567283027902e-01
9.218364102875077348e-01
6.464411993325638317e-01
-2.423832378452395186e-01
2.069210571287443123e-01
-1.000000000000000000e+00
-6.972066465431845383e-01
-5.229107753883621701e-01
2.524901132355056310e-01
1.000000000000000000e+00
-1.144404177465403322e-01
6.627510024612195405e-01
-7.453686342081426996e-01
-2.253871890275320755e-01
2.522604872685498267e-01
-1.186209260366941631e-01
-2.580550088804882680e-01
-4.163715783351247257e-01
-3.143064968424100769e-01
5.806251058030922341e-01
-6.442657574098320516e-01
6.300405708327609933e-01
3.114281881359470816e-01
4.894709390789906966e-01
9.795716966449414809e-01
-6.841245643655469166e-01
4.765235666665301739e-02
1.932657398450970121e-01
-9.722277709881712582e-01
1.565654004284970924e-01
-2.905870559473104908e-01
3.678059939078925922e-01
5.140330743935330737e-01
-3.270638226059787712e-01
5.717767487948881566e-01
9.761256142145140480e-01
9.403988713734640070e-02
-6.618843813071686455e-01
-2.122235157620888657e-03
-1.556993447473189740e-01
-1.798722425847525397e-01
-3.021841792895421097e-01
-9.251500825293013097e-01
1.152871616254702580e-01
2.825452957825000944e-01
6.636068093815021829e-01
1.014039375911622576e-01
-8.988199383713990631e-01
-5.859986196523746527e-01
1.337094763581906653e-01
-4.036969185245369296e-01
-5.883587117566024816e-01
8.626072350471030159e-01
-6.637414998378163844e-01
-4.467846205116072777e-01
-6.442518377062718127e-01
9.231476535327913790e-01
-4.877415555624597943e-03
2.672769760223603353e-02
-5.883110634189891996e-03
4.837591134089105349e-01
-4.810878432675196326e-01
-9.273729182675394256e-01
9.438813306645210677e-01
-5.105801903361633087e-01
1.265118153215440133e-01
-4.442026881551993656e-01
8.071323191151370535e-01
6.808723455943272995e-01
8.820368127898152721e-01
7.148825797389306569e-01
-9.161748029857017528e-01
-1.499397008069532078e-01
9.067972495882121731e-01
-7.839337356444040505e-01
4.606451692466575487e-01
-3.712549804784850416e-01
1.350010322638952598e-01
4.527993659372820945e-01
4.818523313418259235e-01
-1.072006106492066069e-01
9.378933691813173823e-01
6.148825786989429165e-01
-7.453910435533421808e-01
-7.485454689466455314e-01
1.461328430733986883e-01
-1.763475637000380125e-01
4.293086986395718285e-01
-2.727218804750273229e-01
-6.239317139704382287e-01
-1.959532956528686198e-01
-4.343390728261709577e-01
3.583468054981437945e-01
6.545829875771088657e-01
-7.591030497252508891e-01
3.727177411711871113e-02
-3.656406817169912671e-01
-5.118680136584516926e-01
4.362690979965269111e-01
-2.501215834101611080e-02
-3.193536167568027384e-01
8.645358296629852557e-01
9.927622174175100289e-01
4.217612665994094900e-01
8.456908670423823882e-01
-4.557735626169612253e-01
5.029453838006414657e-01
4.460020218412877879e-01
5.669352624471322155e-01
-6.805475259041067204e-01
4.641980679982120606e-01
1.992838340878105852e-01
-8.779261130453208661e-01
8.453249838974628005e-01
2.544437840848964849e-01
-4.235699201547363235e-02
2.350016751584091956e-01
5.038878044215420182e-01
4.128813719134032389e-01
1.697550097285003279e-01
2.397158984656781455e-01
7.169112372276618128e-01
-3.916180544126505736e-01
2.065511106088231408e-01
-3.986323876367763308e-01
3.003556479414005720e-01
5.978595721073942659e-01
-5.884757618912406230e-02
9.318942470675355416e-01
6.226111270725332991e-01
-8.088567020862424961e-02
-6.490187530965265683e-01
-6.406496005526363113e-01
1.146130071511912291e-01
-5.584330117890869971e-01
-7.697693863513921375e-01
-3.350555246676764631e-01
-2.674594723239225313e-01
6.042833907249345327e-01
-3.226984088508590975e-01
6.076496843272671811e-02
-3.834612385258945322e-01
-4.907859291452467132e-01
7.472990587652674765e-01
5.413912709083223973e-01
-9.370430563290086390e-01
2.870610895569666865e-01
-4.532170119268434938e-01
1.223393713584026710e-01
3.159410166348535220e-01
4.577365997660262087e-01
2.798803013929915817e-01
-3.919032193122347074e-01
3.948780588462290631e-01
-6.097225144745306302e-01
9.385793159275199748e-01
-8.506854510186925289e-01
3.415070802818862550e-01
-3.073126743004644945e-01
2.669385877677902807e-01
-2.170303235941046793e-01
4.495208626228548443e-01
-2.317514040637347339e-01
7.080799778262703015e-01
8.597666179898916239e-01
2.671168808328785449e-01
1.028614373010594552e-01
-6.323624115547505919e-01
-5.470288568263281803e-01
4.320716601301541893e-01
6.378616184882602846e-01
-1.070138404564455747e-01
-4.723003577938458264e-01
-4.171801089213553748e-01
4.547878043954629579e-01
2.320617565572858920e-01
6.384254934573794227e-01
-5.844619073303856105e-01
-9.720539308097602138e-01
2.659877401126133911e-01
2.301835192440830902e-01
-5.261772550713326169e-01
-3.449049334699256786e-01
9.305562083607008539e-01
5.633741559013325517e-01
-2.273346958332083112e-01
-3.262577082788211680e-01
-9.894322441484662001e-01
-8.561650413843480134e-01
7.145061936544331305e-01
-2.210401867501188278e-01
6.564479097416755504e-01
5.402875728596910898e-01
-1.102432791651892785e-01
9.039395875980447137e-01
-4.103301185611329949e-01
6.623443954902816788e-01
-4.772886838396670495e-01
-7.593966321708589540e-01
3.640220265795165444e-01
-3.342685445832498381e-01
-3.249390297925597304e-01
