9.362312776681247506e-02
-1.755932583319317342e-01
1.000000000000000000e+00
3.316631224285156998e-01
-8.098604937256830283e-01
1.000000000000000000e+00
4.447280921742140514e-01
-4.463627193530838033e-01
1.000000000000000000e+00
-2.321802937122110500e-01
-5.583047786328980688e-01
2.774987255754224336e-01
-8.731501309025476720e-01
-2.736536295972611388e-01
-1.000000000000000000e+00
-2.816839646479061265e-01
-1.000000000000000000e+00
-9.782430725389776871e-01
1.000000000000000000e+00
5.160519543650989860e-01
-3.595419659735066276e-01
5.715129746886964401e-01
-2.534566784368388337e-01
1.000000000000000000e+00
1.000000000000000000e+00
3.690598886350782148e-01
9.315968982269563492e-01
4.598122501849544186e-01
1.000000000000000000e+00
3.120373498591564321e-01
-7.612326513999145838e-02
1.193168420985721845e-01
9.473481035353811253e-01
6.667773375358945209e-01
-9.011615816791075373e-01
7.142573206351768844e-01
8.823735421659610889e-01
4.147853720522028109e-02
-7.805697157322611934e-01
-7.203997346864076112e-01
1.840061576888627481e-01
4.674630813036742549e-01
1.000000000000000000e+00
6.583709849701119277e-02
7.689346635704211730e-01
-3.897229347437063396e-01
8.585989552503502376e-01
-2.226795190991418538e-01
2.333655245640227915e-01
1.944731983866750946e-01
9.027109830401657264e-01
-8.905086419790979591e-01
1.000000000000000000e+00
3.789805230313760820e-01
-3.416489838535393675e-01
-3.071492372073564292e-01
-1.000000000000000000e+00
-1.000000000000000000e+00
1.512340396474017856e-01
9.715763991263193233e-02
3.593399205782382144e-01
-1.112829806677936156e-01
3.033480871497561959e-01
-4.237482229506807085e-01
-5.515258830348834795e-01
3.100423983292474595e-01
3.556278564315084045e-01
1.000000000000000000e+00
-3.007212262323850638e-01
-2.559965594873720995e-01
-8.271186069581859535e-01
4.087014679767163594e-01
2.196533570959756931e-01
-1.000000000000000000e+00
1.775345336230913507e-01
2.550733905803984070e-02
-1.000000000000000000e+00
3.540600985933366474e-01
5.557757630336642718e-01
1.000000000000000000e+00
7.308154776581041734e-01
9.204667966604869189e-01
-1.000000000000000000e+00
-1.000000000000000000e+00
5.699048140480478253e-01
-1.000000000000000000e+00
-6.185608745397793706e-01
-7.088232703600882978e-02
-1.000000000000000000e+00
-1.000000000000000000e+00
-7.633302269368630322e-01
7.533687196573954914e-01
-1.149931572149293646e-01
1.000000000000000000e+00
3.875482848228195554e-01
-1.000000000000000000e+00
1.529697808448434448e-01
-8.557476292959509401e-01
3.546724788049675503e-01
9.479809875043616607e-01
-2.908972025341636236e-01
-4.394465896382011572e-01
1.000000000000000000e+00
-2.403461159974547012e-01
-8.030700172584668284e-01
-6.769786811112917801e-01
6.923260216509927178e-02
1.761789987016715298e-01
-9.572749672417070199e-01
5.076152633492017063e-01
1.175228551853433889e-01
6.434705842049820435e-02
-5.862003552600794087e-01
-1.000000000000000000e+00
1.000000000000000000e+00
-7.060244579877882343e-01
8.190836820846771893e-01
9.160829194519370944e-02
2.505064307277600211e-01
1.000000000000000000e+00
-4.234301429189619714e-01
-1.000000000000000000e+00
-1.223104206328258226e-01
4.454855268961179782e-01
-5.650014518670667396e-01
1.188947938382275693e-01
-1.000000000000000000e+00
9.877926235051359694e-01
4.298933673946296885e-01
1.000000000000000000e+00
-8.296024055671648023e-01
-4.111493168248910313e-01
1.000000000000000000e+00
2.957359788022523306e-01
-4.848989758368726921e-02
1.707695099706064146e-01
-1.000000000000000000e+00
1.000000000000000000e+00
-2.605277209553773510e-01
-8.060045062236642632e-01
6.839128250657278141e-02
3.469248919326345382e-01
2.030338695910030022e-01
7.410111097893523624e-02
-8.308764433955493356e-01
-8.513586585465428014e-01
-1.000000000000000000e+00
1.000000000000000000e+00
8.242654391350157095e-02
9.785444492711277142e-01
-6.241328895051646564e-01
3.165681552234108076e-01
3.907033071159535798e-01
1.383549123358017718e-01
-1.166825948880865216e-01
-5.993613118366206693e-01
1.000000000000000000e+00
3.670420576394122225e-01
-1.000000000000000000e+00
4.372766951329686846e-01
-1.000000000000000000e+00
4.664877043355805109e-01
-5.669764657723543877e-01
-7.725809996044380457e-02
-1.000000000000000000e+00
-8.071833365579400565e-01
-8.415658970190196264e-01
-2.511350865794397258e-01
-5.716869671617517135e-01
-7.193352253867288937e-01
-1.000000000000000000e+00
7.108944831851936597e-01
-7.627234472551808198e-01
9.637274239647956042e-01
6.626424575523421900e-01
2.978369787938810465e-01
-6.689073727686657422e-01
6.575059590541969534e-01
-2.349719580426194443e-01
6.140842723763153543e-01
2.144395203332358779e-01
4.638868907058570912e-01
4.324853429734245580e-01
3.447562815303051309e-02
-9.577928162850493088e-01
-1.000000000000000000e+00
5.370893296283516527e-01
-5.635148460896119982e-01
-2.093524067281857248e-01
-1.419985415552968977e-01
5.665111732530681010e-01
-5.457983822153880116e-01
1.000000000000000000e+00
8.015649900917076742e-01
5.360446827050289187e-01
-4.285268434524430736e-01
-5.362991206570173475e-01
1.455168655314571513e-01
1.341394557519095532e-01
-1.304068719071416194e-02
-3.346416074260056828e-01
6.444476117661555037e-01
2.068803224421991160e-01
-1.000000000000000000e+00
-9.682872412307241827e-02
-2.169680485860625563e-02
1.000000000000000000e+00
-9.537658879316867067e-01
2.725688045439358387e-01
6.972529746828348696e-01
2.247531341372674407e-01
4.570195630181241864e-01
-8.205980072124317848e-02
6.038158538040470091e-01
9.212922330898948298e-01
2.066305460957329476e-02
-3.564168482066544241e-01
5.770900146948658715e-01
-1.233301690671322060e-01
1.545572302687994171e-01
-9.000329568405485148e-01
2.688250614474201328e-01
3.808077043792663097e-01
-1.000000000000000000e+00
1.000000000000000000e+00
-1.000000000000000000e+00
-4.450233358342496892e-01
-4.370414417977515620e-01
2.015908390456727650e-02
1.000000000000000000e+00
-4.544824395163260533e-01
-7.538751317078628000e-01
-4.941293936948895626e-01
4.199360532643021671e-01
-1.297377461687225786e-01
-4.335929560810578565e-01
4.572331747438784788e-02
-2.890464419890788061e-01
9.348145649800954082e-01
-3.322749794238505916e-01
-4.108924631339272437e-02
1.436230003191696358e-01
-9.051554087335549337e-01
1.000000000000000000e+00
1.000000000000000000e+00
-1.000000000000000000e+00
1.688483524749589959e-01
2.942726502124619614e-01
8.950756957692684868e-01
7.561608676369397930e-01
2.646050968109757706e-01
-4.457060824018195255e-01
1.447286124276535579e-01
-1.000000000000000000e+00
-6.381629845928705747e-01
6.809673361059288554e-01
-1.000000000000000000e+00
-2.064460291147349746e-01
-2.512817208375180411e-01
6.868417070563546112e-01
-1.000000000000000000e+00
1.000000000000000000e+00
9.956023331394867615e-01
3.683365204380281144e-01
-4.070940698980471950e-01
