-4.828327772681162422e-01
1.859628210197139531e-01
1.809253778566861648e-01
-7.208554404667526505e-01
-3.082784272106666723e-01
-2.037017144375907474e-01
-6.237358165450636038e-01
-7.538801803473865748e-01
9.496621791251811384e-01
4.578352720824230837e-01
-8.965231512987930085e-01
-5.437126576121230626e-01
1.790428319943249136e-03
5.318082396919612265e-01
-2.145798998971191751e-01
9.462358134588454428e-01
-9.619131371343188075e-01
-3.912363435197387940e-01
-2.398552837613182054e-01
1.304478531434591360e-02
6.723566439044459386e-01
-1.555713097427643132e-01
-2.017118446186971781e-02
-2.980426586502239461e-01
-5.572013300749112386e-01
1.612253786410620116e-01
-9.179637208797668535e-01
-6.599033679059227442e-01
2.509396714721089938e-01
4.900739510852248904e-01
-5.186515545605663302e-01
-5.943836663194672632e-01
1.164975873880354229e-01
-6.602389362716780674e-01
-6.875602375603483418e-01
4.920885301454402949e-01
6.947365919303560844e-01
9.450646259220387702e-01
2.156680714635752505e-01
9.058047095813496208e-01
-8.528353841283975445e-01
2.876393257143663451e-01
-2.524569543289045814e-01
3.660979722690769211e-01
-2.656089716849360238e-01
4.069985398520257758e-01
-8.142530008213042514e-01
1.184094117939032964e-01
-7.148028758157609630e-01
-9.118927470801057034e-01
9.095044371348850465e-01
5.455387216994322941e-02
8.291703126428588977e-01
3.292993791658985203e-02
-8.799210962974876593e-02
-5.764578624423910558e-02
2.873568581230890318e-01
-1.217709660323105236e-01
-4.172880210405371937e-01
-9.362305229139499252e-01
-9.556439983726254805e-01
-7.281565216453245171e-01
5.710491018630983184e-01
2.485772184325743539e-01
5.942056655223771910e-01
9.993549481555137337e-01
8.289826323995856949e-01
-6.737442248913481091e-01
1.066579510356352456e-01
-1.242590900817770461e-01
8.684701282515114862e-01
4.706413983519749378e-01
-2.192252150708353386e-01
4.511946048744415738e-01
4.041186391518662990e-01
5.461148122895184143e-01
6.279682138167368421e-01
-2.510396755793871115e-01
-3.449954244649597879e-01
-3.229977533943549362e-01
-2.424638295949866351e-01
5.978334534732868688e-01
3.279526656394308737e-01
4.142056648579213185e-01
7.183050438558750139e-01
-5.474475133194902643e-01
-1.841835963887074601e-01
-1.850597291558708779e-01
7.047523353519983269e-01
-7.451166461746295822e-01
2.495278961854754396e-01
1.011344056588212165e-01
-8.271115993437515579e-01
8.841040242308750852e-01
-3.822996666044163327e-01
5.773556836023132632e-01
-4.873102421247278437e-01
3.447023368155808232e-01
1.708303171465256898e-01
-4.268554920216955512e-02
7.633104401509559489e-01
1.806937729690864247e-01
-2.933021380167823988e-01
3.758716630613124221e-01
-4.282741426874314694e-01
5.264706948146885557e-01
-6.965064907695631691e-01
5.040005281204016363e-01
-9.372158957976257643e-01
-2.354289369863111769e-01
4.351826777149663678e-02
5.257034594871154987e-01
1.288709287556668859e-01
6.195091006648750787e-01
-4.140909536307311178e-01
6.817740387297814564e-03
-3.143683774486740745e-01
1.286801414439308067e-01
8.699443470781098586e-01
-4.929870363740733730e-01
-5.765723828176095855e-01
2.838166627502134443e-01
-4.918595045162904578e-02
-2.106486347375375878e-01
1.423386556882832443e-01
3.324543878978876155e-01
-8.375560321146099940e-02
5.299255227822168290e-01
9.734852308104935403e-01
-5.503982233669060253e-01
-6.041697361114561904e-02
3.543354750326355163e-01
-9.793813682932996922e-01
-6.810070350590802235e-01
6.018699389959668578e-01
-5.246069781968642348e-02
-5.254992184646258835e-01
-8.115542494666921902e-01
5.739933167102606593e-01
1.433870541786164410e-01
-2.813391734811113154e-01
-6.855196600030810661e-02
8.171660990470392960e-01
-9.134745422559874539e-01
-3.551490719425891562e-01
2.730691825900033454e-01
-5.915380137803500915e-01
9.694523009531479385e-01
4.411986680437776087e-01
2.927823507522298585e-01
-2.453384137867928860e-01
-6.815394378117760610e-01
5.934151145097685265e-02
9.082651648604368466e-01
-4.762021265255674263e-01
-5.063208754828044666e-01
3.443042947887267058e-01
2.804262371953905042e-01
-2.528876320618185236e-01
2.497339717904573098e-01
-4.188134324352053572e-01
5.596713424053718633e-01
-5.002046130576375260e-01
8.097995472239936099e-01
6.912220009644693963e-01
-9.712819124476839150e-01
3.068479250960929328e-01
-4.115181126853639793e-01
-7.347996059689836101e-02
-8.321917042738844472e-01
2.648834499316873314e-01
4.513835839289900287e-01
1.210892425253292243e-01
3.410350999324689436e-01
7.799493878376972944e-03
4.434951931627573174e-03
-7.917959618458697557e-01
1.349117330142358684e-01
4.579902058719845792e-01
2.681707889211174534e-01
4.279992750664846080e-01
-6.942510767061107479e-01
1.665423692079350815e-01
4.822053143966341104e-01
-4.619780735195635479e-01
3.794012064294707276e-01
-5.943201262593196255e-01
6.145057758767151768e-01
-7.913640238607722033e-02
-5.116312873599671018e-02
4.999981541843259158e-01
8.851494544080225069e-01
1.157499333085134641e-01
4.746586361854698288e-01
3.030370228474159600e-01
2.997868549016555750e-01
9.423650643296892226e-02
-5.089216325906471550e-01
-1.796597734586205253e-01
-4.581500538164154923e-01
-9.263361904803384395e-01
-9.094251951482612562e-02
4.663240316843271227e-01
1.858040040973669982e-01
-2.546998622091922182e-01
-9.332004034818049965e-01
7.862441749515061140e-01
4.237659439331725730e-01
-1.123686012961565110e-02
-2.970043493491979492e-01
2.882920117073322075e-01
-3.814123460555112199e-01
2.011884232380183601e-01
-1.712196658879650002e-02
4.336727587674251705e-01
5.298615647007158813e-01
-6.846715886456038458e-01
9.467913354740090659e-01
-7.537899952461901698e-02
2.353245880822547598e-01
-1.623574091043773482e-01
3.183888043724075745e-01
6.600735059941416072e-01
-6.988004946299708475e-01
6.315683647742452722e-01
-5.474818996484265288e-02
5.588222667256781406e-03
-1.624378646790078096e-01
2.089112725272369020e-01
-6.419933469048593189e-01
-1.313687014297922340e-01
7.517375588300218014e-01
4.217355999098761354e-01
8.649767733860052044e-01
-8.521353128494291163e-02
6.541620366185303403e-01
-1.649287498232809845e-01
3.989715429965752236e-01
2.535583577036570890e-02
1.615895286578823420e-01
-2.938436791266283987e-01
7.113419682751284112e-01
-1.059571788200319720e-01
4.177369056115078916e-01
4.635788910233995530e-02
6.320907132831086184e-01
1.476801354923524823e-01
6.428807094719379833e-01
7.624281229079958866e-01
4.607076873116577875e-01
-4.393771601513319358e-01
9.049225366196261833e-01
9.615836487401341337e-02
8.024663529979256804e-01
1.837970970153649519e-01
-1.629464932348834161e-02
-3.376525149428126205e-01
-7.335815420045936897e-01
-7.562621079053766238e-02
3.636791516115224221e-01
1.000000000000000000e+00
1.218203249436387442e-01
8.448268637720843799e-01
-6.264188255691862661e-01
6.329712705960145458e-01
