0.349976
-0.694389
-0.933546
0.516416
0.731574
-0.977241
0.943045
-0.110308
0.325270
0.544815
0.462420
0.718958
-0.138838
-0.167516
0.044228
-0.321134
0.152630
0.885227
0.899739
-0.573667
0.858438
-0.724083
0.043121
0.504858
0.053748
-0.286414
0.054018
0.110188
-0.617166
0.047407
-0.978607
-0.466720
0.299422
0.653058
0.802326
0.413490
-0.367921
-0.500571
0.693947
0.337619
-0.740853
-0.233596
-0.949339
-0.406983
0.296531
0.686741
0.960612
0.718377
0.043810
-0.221085
0.361412
0.516148
0.632685
0.174808
0.142181
0.187122
0.926368
-0.946339
-0.592293
-0.553311
-0.118122
0.344364
-0.480491
-0.966571
-0.469439
-0.654366
-0.993113
-0.938225
-0.908020
0.041474
-0.079555
0.754295
-0.579600
-0.754361
0.531690
0.327047
0.212948
-0.212051
0.026909
0.313216
0.748023
0.149864
-0.730655
0.131512
-0.362346
0.126516
0.020059
0.577888
0.013723
0.725436
-0.153850
-0.194546
0.612939
0.583728
-0.643311
0.879126
-0.246341
-0.713753
0.637852
0.819224
0.329188
-0.689784
0.515268
-0.486180
0.101032
0.422432
0.270351
-0.611308
-0.994496
-0.552658
-0.906360
-0.426435
0.374915
0.583692
-0.204216
-0.776463
0.916282
-0.162995
0.428443
-0.118494
0.480368
-0.901130
0.957686
-0.797357
-0.062571
-0.397534
0.087287
-0.852470
0.640963
0.578540
0.497900
-0.369792
0.377344
0.969812
0.427659
-0.842878
0.609364
0.934221
-0.119820
-0.224837
0.041136
0.292711
0.922035
-0.954467
-0.176739
0.210904
0.767850
-0.778211
0.350177
0.030194
-0.942151
0.420617
0.784443
-0.603549
-0.123830
-0.169879
0.815239
-0.554280
0.451056
-0.297704
-0.173004
-0.460458
0.445898
-0.855774
0.609661
-0.398204
-0.978091
-0.842893
0.953749
0.591399
-0.979398
-0.270655
0.585880
0.559212
0.656563
-0.974432
-0.745888
-0.522096
-0.825126
0.170851
0.869866
-0.881548
0.904477
-0.914368
0.470774
0.440802
-0.120401
0.548088
0.122584
-0.111209
-0.156066
-0.534673
-0.587759
-0.379664
0.565346
-0.694219
-0.847269
-0.066466
1.000000
0.996000
-0.626646
-0.799393
-0.348279
-0.784600
-0.671883
-0.200550
-0.947142
0.971673
-0.031929
-0.992161
0.504430
-0.608149
-0.380913
0.268351
-0.826803
0.848142
-0.868913
0.231697
0.649680
0.046976
-0.556651
0.991899
0.175219
-0.562283
0.307925
-0.448214
0.119816
0.668147
-0.546019
-0.135897
0.276229
-0.034134
0.412390
0.507095
0.733324
-0.201841
0.391088
0.301770
0.122457
0.602499
-0.253242
0.427303
0.814259
-0.559828
0.512078
-0.169512
0.686309
-0.936117
0.395552
0.464433
-0.061774
-0.426131
0.904921
-0.639304
0.246836
-0.002430
0.373367
-0.202097
-0.250669
-0.599483
-0.240375
-0.452727
0.760229
0.031386
0.883479
