4.532955258565196655e-02
-1.059418980548688070e-02
6.484543440685737459e-02
3.839527243219709174e-01
-8.118138923464994772e-01
8.784617200186993768e-01
-6.313623472460674346e-01
-4.429074523074512104e-01
-5.830553309517014782e-01
-1.713961320327910820e-01
-6.302518782623738325e-01
-1.862006163386544788e-01
-4.398666427848930693e-01
-6.481155251585366539e-01
-1.015134861306989655e-01
1.000000000000000000e+00
-4.795133729530141053e-01
6.616782450517573189e-01
-4.708768076759470844e-01
-4.827646955008175755e-01
5.459790261183729010e-01
5.681940695850506984e-01
5.980416111207917940e-01
6.564800736158655781e-01
8.018562665170898551e-01
2.784195936154334472e-01
2.687421057504302824e-01
2.651232754833234839e-01
-8.830576719363094629e-01
1.706858398324228587e-01
-1.816984924254319012e-01
9.897314728707489184e-01
5.225318011970495613e-01
-7.960485941575334845e-02
8.243169744182003988e-01
-1.230498091377052461e-01
3.319217573778094899e-01
-1.828449164229355162e-02
-2.675344239290262660e-01
-1.199920198597836940e-01
5.051888510689198641e-01
-7.156124989535312952e-01
2.087875608356156709e-01
-6.427310569480561009e-01
-1.967545436180918594e-01
-4.538320667029349664e-02
-6.046708087474506055e-01
-4.273797847517176729e-01
-3.659428630897416101e-01
-8.930356529344056771e-01
-1.420038106895647051e-02
3.746913065680997357e-01
-8.337185109396179072e-01
1.254360525824149697e-02
1.799532555377101328e-01
-2.827200119184938854e-01
-4.112817983848993109e-03
7.347543084349077436e-01
-2.735876636119354277e-01
3.660339070118636684e-01
1.357167132650303198e-01
-5.987206622058618422e-01
-7.865497141163213524e-01
5.688777480868003611e-01
7.199872867400786136e-01
4.109315016612269389e-02
4.621942042990744848e-01
3.341113005024337057e-01
-3.061055902012768670e-02
-6.460078623090872441e-01
-5.693348551239858502e-01
-6.399444711523507578e-01
5.440738845922510336e-01
7.280745118537396143e-02
-1.951646852157549322e-02
-3.989580985272789260e-01
8.706619292465728188e-01
7.530705354154904052e-01
5.345584574897415120e-01
-4.175021856915217544e-01
-3.629900493593840594e-01
-3.560689958355607310e-01
4.528113528026280199e-01
4.773407544423677873e-01
6.939564075620762162e-01
9.124855267022780048e-01
-5.955443343224782193e-01
5.615153336353776448e-01
5.129989921052444668e-01
-7.856679533837415685e-02
-1.888497482959439200e-02
7.821783404974440579e-01
-5.185998151958124414e-01
-1.665434949526019004e-01
-4.286676299078199248e-01
2.714021379876858653e-01
-7.812541368922746310e-01
5.730638595839794291e-01
3.691313474847550680e-01
6.547477495795579472e-01
-1.880100030245168141e-01
6.684045241181892916e-01
1.994617935511353302e-01
2.150089789400497775e-01
3.916342365673411430e-02
6.430273606727975322e-01
-5.282025301834847308e-01
-8.813194066750389410e-01
2.381749039090598208e-01
-6.250697555185400489e-01
-9.453185107458030867e-01
5.239733945563953554e-01
8.921144501600553056e-01
5.697731289832144164e-01
-8.910310065085074172e-01
3.205289305239651387e-01
7.518612075923801763e-01
9.110414463029488097e-01
4.438080678470681661e-01
-6.299448043220214899e-01
-7.802683654185430528e-01
5.615248485470394346e-01
7.649867283116562611e-02
-6.422146711020984000e-01
1.452813368074994116e-01
-7.502202262012671596e-01
-1.540550498297826865e-01
-4.363762375887189626e-01
-4.727391886031299117e-01
2.432582088521481056e-01
-4.190607531380681205e-01
-4.332070612606355731e-01
7.057554631250426147e-02
2.637774216116648418e-01
7.910970672930379699e-01
3.619738693944403174e-01
-5.769361174953402394e-01
-4.934806623344045740e-01
-4.231627967340403362e-01
-4.397538372084863756e-01
-7.905893384652672440e-01
-5.554673078806876552e-01
2.755675614972514786e-01
-3.953483461245101971e-01
-8.569060456289945282e-01
5.890018587195275934e-01
1.434761506348707361e-01
4.596971230867801239e-01
5.767819904716930957e-01
-2.830512104305800136e-01
-6.278678844096670097e-01
6.203767047392687584e-01
-6.810963509056335852e-01
-8.803418634960862299e-01
3.619158114400649606e-01
-7.190574046829316668e-01
9.819820421701084268e-01
-3.689278215279763184e-01
-1.832909680183598955e-01
2.532523952377523369e-01
-6.912268748528757056e-01
1.162418890166774244e-01
5.566369671364659322e-01
1.824233251408050871e-01
5.518050824179461245e-01
-5.356137971601167003e-01
2.361577032297530465e-01
-1.315438007626366090e-01
-7.993911508183155767e-01
-1.396913812762519136e-01
-5.219289646181118902e-01
-9.667233549489737676e-01
-1.416591210723424643e-01
-3.845097887450876217e-01
-3.455941616235831959e-01
5.641533141576799970e-01
3.039857484441126356e-01
-5.244801653297174182e-01
-9.328392890146861571e-01
5.713036830314002223e-01
6.574624849470664945e-01
4.196564056428784273e-01
6.734783676220279514e-01
-4.168409850774888459e-01
3.217879465045296872e-01
-5.527794846766450609e-01
-9.071888474395115587e-01
-4.028237732118327696e-01
5.083728805748566337e-02
-8.474236358327771335e-01
-3.839954369948925805e-01
-4.824959605855110301e-01
9.137203798703052993e-01
6.704573242508207187e-01
1.536107709632313356e-01
1.517443231298299389e-01
3.341972355907287251e-01
1.000000000000000000e+00
1.559693047082253425e-01
3.634692853496779286e-02
6.756370226934643730e-01
-4.386258096745179191e-01
-1.914357010302941697e-02
-1.383450466573294957e-01
-2.411733271878384599e-01
7.320754557696804721e-01
-7.121224205082149483e-01
-1.524450665016661155e-01
-6.464606745188379300e-01
3.526967748683492165e-01
-3.714886723001109559e-01
-2.953293717724419509e-01
3.244774912552617074e-01
7.983091660973506976e-02
5.719768096587259099e-02
-7.406177498656589808e-01
-1.585421333151845191e-01
6.180834684299285620e-02
9.983371366832719529e-01
-4.645495746855449748e-01
-6.392818640385486972e-01
-8.041271080276324312e-01
5.840048253651853871e-01
-8.036117047964974613e-01
8.127341729328134701e-01
-4.305145088130539754e-01
2.472610387760836304e-01
5.084624485175550657e-01
8.641645376693165570e-01
2.469336706997158626e-01
8.080278402357232714e-02
-7.901357424327395407e-01
3.393405056096587824e-03
7.641369586634594313e-02
3.286730516924014633e-01
-1.603506609128163007e-01
7.441139180054940905e-01
-2.925120443782991408e-02
7.894445954136367627e-01
8.795033236789254749e-01
9.231394692134697877e-01
4.112808859674360606e-01
-4.253079939941989407e-02
7.674297710066349532e-02
9.604584753308184619e-02
-4.936397141661643673e-01
-9.395838448082141081e-01
5.023812595332278752e-01
9.796236640679290009e-01
-7.839013462177613079e-02
-3.927434369051669982e-01
1.310948382078311880e-01
3.727186962493770905e-01
5.061606822608962775e-01
6.089137630179706218e-01
-1.301041734962324337e-01
-4.519056074491087927e-01
3.737791223409396846e-01
-4.335692275312207078e-02
-6.352418395646767246e-01
4.674864503951862288e-02
-1.054896462806005353e-01
-1.148105172905328208e-01
-6.622082665145399005e-01
-8.203078893061355181e-02
