6.820397527176926822e-01
6.119904564167393257e-01
-1.881375018419442213e-01
9.519342189976676138e-01
-9.351106524371541884e-01
1.019371814375724661e-02
-2.030559421903035400e-01
-2.808409385455896690e-01
3.895946501431000186e-01
-2.571968073324275572e-01
9.262443088394212154e-02
-8.895472542816555972e-01
-5.391809793097586123e-01
-1.479220337079782954e-01
-7.771032050937736191e-01
5.510156534326553501e-01
-6.605447704001676801e-01
-7.152762476288034854e-01
5.853932412444864397e-01
4.840321326715324446e-02
7.497705608476312733e-02
-3.579496390574814502e-01
-4.608086104290887164e-01
5.334567032127828234e-01
-1.793201109444919616e-01
-6.954850914107237880e-01
-2.000715569963238405e-01
3.167185318426388729e-01
-7.260837294588591284e-01
-4.562542560491134047e-02
1.649314022475656394e-02
-4.955792907951244164e-01
-2.309700761022051019e-01
-1.957111973901159985e-02
-2.812924633036708588e-01
-7.497953772950953777e-01
-5.065629510029454607e-01
-2.769185883953824145e-01
2.176829673352220773e-01
1.724996928566702170e-01
-2.260761967074369494e-01
-9.710900369617447847e-01
-7.384478650080836815e-01
2.334949222514648426e-01
-9.490667094173925733e-01
7.927331181225403256e-01
-6.280933594495929917e-01
2.580849981898942769e-01
3.386679894050177442e-01
-1.654603741673528194e-01
4.227012164968659835e-01
-1.679163632452462807e-01
-8.482406530617805362e-01
8.397918371164097007e-01
8.326651164435996400e-01
-2.057782387449280659e-01
3.308890560778421364e-01
5.439469429607757256e-02
5.470425444976294571e-01
8.421873381001374614e-01
-6.720148726032275643e-01
1.873200441248497050e-01
5.640744125283481125e-01
6.157936713587190969e-01
-4.907087941818091270e-01
-7.407336166838147662e-01
-9.475680126629648647e-02
-9.481943558760232982e-01
4.993641042597021240e-01
3.546880527702886976e-01
-6.802894421785870005e-01
2.684125101134624547e-01
-1.381775890995289302e-01
-3.868264340377844945e-01
6.639982721362738260e-01
-2.237007332676810289e-01
4.950912127412703256e-01
6.532750000402389734e-01
5.290117730650121253e-01
7.622610825240323518e-01
3.836834072124650774e-03
-4.796896057113211320e-01
-1.618327134578041449e-01
-7.318080935020843114e-03
-6.576002013043644734e-01
-4.775123677047929949e-01
7.554970770134183944e-01
3.437662860642762830e-01
2.449567467343813920e-01
-1.199606217361954830e-01
8.333560731532174692e-02
-4.359595319816933490e-02
-6.709033453468848940e-02
7.996686081365409482e-01
-5.806244479733986275e-01
6.231694109636043422e-01
-8.235667078722910261e-01
9.847241247734679348e-01
7.438264410812369665e-01
-6.376647103884847123e-01
-1.645920275009817857e-01
-9.866847579615867225e-01
-2.678935275014309170e-01
3.221198429327047918e-01
2.385009717745856239e-01
-7.752123286181997752e-01
1.629526127665237301e-01
5.004633474975890284e-01
5.880617975760942251e-01
2.757224090196770394e-01
4.684642811501251725e-01
5.134279317292760325e-01
6.253594378263360731e-02
-9.797370971409691265e-01
-8.220020927599835936e-02
-3.835064346122707413e-02
-5.736904499373705058e-01
6.614737894036903931e-01
-9.517533357071623623e-01
1.388329473297003069e-01
7.354561371872638809e-01
-2.901447142566155879e-01
6.179961760961600881e-01
-1.786158479689992085e-01
4.101882630206465929e-01
8.982842870170704153e-02
8.687931329881195541e-01
-5.026776143497246885e-01
-4.422732688201813644e-02
-7.518301270678595660e-01
-7.938030887383622503e-01
-4.343135977914773793e-01
-1.131198369353159094e-02
3.249520146381297270e-01
6.985168587788279648e-01
-8.166953776407124277e-01
5.280678004140735293e-01
2.341305466869674223e-01
6.382449736600277479e-01
9.248728295789225839e-01
-1.664732766698868716e-01
5.683532678916056735e-01
-7.089277217764333727e-02
-6.604294056275297198e-01
6.800359124120927135e-01
7.986690811890628794e-01
-2.518873451708807387e-01
-2.225778832929177220e-01
-8.907316404103486907e-01
-4.568088110341439467e-01
3.501324002462151697e-01
-2.784390999974528658e-01
1.128805537112023138e-01
-2.776528617035223245e-01
9.625514881352867924e-01
5.703195264514115959e-01
9.440465509095150587e-01
-3.604207420425458164e-01
2.307601384538271461e-02
-7.261078004275318687e-01
9.674653381222213522e-01
-2.279173430328986782e-01
6.187383309957728006e-01
-4.314576556763078941e-01
4.232266919307652309e-01
8.054869438774463486e-01
-9.963322175286586369e-01
1.664975603975380469e-01
-3.280193848470420726e-01
4.526550150095232095e-01
-9.756896076892260794e-01
-6.755712114971856863e-02
4.255338010723157538e-01
7.491210216554042844e-01
-1.560048463216041625e-01
7.926745709293774311e-01
4.443463460046777058e-01
-7.355839623283582096e-01
3.564047871219622188e-02
5.505862690303660045e-01
-8.831994244532694882e-01
-7.190159013485599715e-01
3.793598555054389365e-01
2.422951650954869862e-01
-6.043863169267811308e-01
-8.634614465946268691e-01
-4.820964195668626662e-01
7.678961417396696909e-01
-5.300496204528164501e-01
9.812015625007752817e-01
-8.760324637199778941e-01
-5.606317599411179131e-01
2.736988776177031735e-01
-2.708747615684359289e-02
-7.580267948693619751e-02
4.352935390954952855e-01
-2.350491122688598278e-01
-4.675296164794429110e-01
-1.031296103543419829e-01
5.886169126573499444e-01
4.591429832530389277e-01
-1.782419227158837938e-01
-3.973232323870383720e-01
1.085129377811071549e-01
-6.368837112905900710e-02
9.797589265972403982e-01
-1.056826983826337774e-01
-2.589675175682619734e-01
5.298091632008283813e-01
6.024760236538819758e-01
7.536957183890555800e-01
-5.266378482404618921e-01
-2.283302975696339665e-01
-6.181066407479856029e-01
7.557282015104724859e-01
2.954979695972030918e-01
7.876131272214401680e-01
5.671224262347198675e-01
-9.964769306916057001e-01
3.853987908195160017e-01
-6.943217383512290120e-01
-9.439095607729139914e-01
4.216365743855590154e-01
7.753085630517244642e-01
3.836446081724638191e-01
3.039861175072344768e-01
-3.323598955922471010e-01
9.169025663284129379e-01
1.969499560243050951e-01
1.467861110186812201e-01
1.353929919464396114e-01
-9.076434244825120068e-01
8.540066925022038458e-01
5.721052528479768640e-01
4.732854588386885553e-01
3.059305615127576594e-01
-6.507660945635018734e-02
-1.525810354376975209e-01
3.327960912352634359e-01
7.333634985535701922e-01
6.475866617510288581e-01
-8.260461040997064686e-01
-5.624900529645646685e-01
-6.539200105601754576e-01
1.433076212582637954e-01
-3.603048399243835576e-02
9.038920124171845316e-02
9.443844857442458274e-01
-1.079906492084719005e-01
-7.718070177621934036e-01
-3.402100403811458840e-01
-8.237661281370050048e-01
-1.936839657666569181e-01
-9.006377120691293481e-01
7.529832986472499989e-01
-2.173690630681335278e-01
-8.944239972060645805e-01
6.412967564215408256e-01
4.205389907365937319e-01
5.240594013733907985e-01
5.380569439277826937e-02
-5.243315397320547078e-01
2.637774075280645558e-01
-8.559395885191376507e-01
5.839428343690200585e-02
