-7.636282188706434715e-01
-2.216553461649970469e-01
4.985898682133979021e-01
-9.287253224429784515e-01
5.174415121551316776e-01
9.419542329308101536e-01
9.725953143278598390e-02
-9.745981824988059206e-01
-8.276944155136536363e-01
-4.242572252164513169e-01
-6.113513650642490305e-01
2.115645781750538079e-01
9.064718618704248332e-02
5.785564201969413123e-01
-3.117630258547015032e-01
-7.262533270681243991e-01
-3.110650627666042278e-01
-4.609318752970719135e-01
-1.407757320781581889e-01
8.798024471026075766e-01
2.650772341588283343e-01
8.407042728587931224e-01
-4.563609114313988968e-01
2.663721552242392931e-02
7.992333879295521193e-01
-2.299646777971125489e-01
2.268747980850371881e-02
1.654629639165601240e-01
8.333659407433471333e-01
9.869989969985260014e-01
-1.148498821668577641e-01
3.690316885755506315e-01
3.503774074064585076e-01
8.402505477825705782e-02
-6.566919722038324636e-01
-1.075326004916707795e-01
1.458168459026900621e-01
-6.829163219064851020e-01
-5.428731417638046342e-01
7.842357733403083619e-01
-6.195375516728383047e-01
2.751944912050683367e-01
-8.060303205571098806e-01
9.391652401009658035e-01
-8.266883846995700669e-01
2.034994935758988044e-01
9.816460953485919294e-01
-4.245952860150769004e-01
-9.779590198613470342e-01
8.722776698121088579e-01
-5.941909487868279882e-01
-7.894658798734714988e-01
-3.290334919433015592e-01
8.118839108669753113e-01
5.139286445023378835e-01
-8.682434484482739467e-01
6.380049823105646833e-01
1.000000000000000000e+00
7.573310476510702882e-01
5.657645582479544633e-01
-9.468448345660285259e-01
-4.349478715214737806e-02
-2.687779878079621376e-02
-3.836662582914554531e-01
6.281993865508845865e-01
1.205688708667111975e-01
-8.890414541100293278e-01
7.160241777425904175e-01
8.767607025382868624e-01
2.102912116210257920e-01
7.737932057674066222e-01
-3.988139895439961613e-01
3.799338677755668137e-01
7.270557730108488936e-01
-3.282769639271574391e-01
4.571908367506525295e-01
-2.480157322869367964e-01
8.296576686782040078e-01
1.012780666752801650e-01
8.584190483032585473e-01
-8.062102621627589283e-01
-6.737155787032593768e-01
7.646319428238079752e-01
7.379115821553512422e-01
5.792215127128788055e-01
6.342038696523613628e-02
-5.027548316060463929e-01
-5.444637862511283455e-01
5.056823301850676966e-01
8.762330274354968029e-02
-1.000000000000000000e+00
-2.396050248848807240e-01
-8.976681354860727158e-01
1.000000000000000000e+00
2.157762579627574839e-01
6.134552916368318787e-01
-7.784932361247483001e-01
-1.293360182907744571e-01
-6.401082372777672225e-01
-3.327868674621353162e-01
4.435389004358789578e-01
-8.492268421238917675e-01
-5.202443001748174867e-01
8.662668790306948807e-01
5.259028111100956249e-01
8.600545768821667991e-01
8.186530928795170414e-01
-6.911398678964426612e-01
1.712578773442290370e-01
5.511498589632101153e-01
-5.684794146433170825e-01
-4.259212539614428694e-01
1.900219654823498416e-02
-9.215819787114856165e-01
-8.753169861287337650e-01
-2.303807167483193918e-01
5.170112508738684554e-01
4.806689431970765924e-01
-6.316751987039870286e-02
-9.465096889467310426e-01
4.761343231215884320e-01
-8.020354014234802875e-01
9.320134450086721145e-01
-1.781876644055140346e-01
6.271825922809415310e-01
-8.465264061603172685e-02
5.161969652439113432e-01
7.130345717540853556e-01
-9.261522234211698734e-01
-1.371140592401081659e-01
2.191675264941494172e-01
-3.831508201032260974e-01
8.464934342236530851e-01
-1.879908407869101128e-01
4.642842854919770890e-02
-6.810912904468288120e-01
-3.838794519031227814e-01
-3.573736127639686178e-01
2.649243826245415434e-01
2.631749744346614239e-01
-7.903244940224818382e-01
4.319471436045700385e-01
8.000728729086923341e-01
-5.725742228048369409e-02
-1.405336032499912013e-01
-2.090084043458318164e-01
1.246726593508315772e-01
4.990776310807910621e-01
8.693958900177269911e-01
-7.863060194885074239e-01
-9.535391261183511213e-01
-5.448524643148311419e-01
-5.143294878527429059e-01
3.432960170909233888e-01
5.385128894909314567e-01
-3.296789194492861785e-01
-2.753383231449084700e-01
-8.421926925676537223e-01
6.143110059916279120e-01
2.914875079185645923e-01
1.845681661512764693e-01
-1.119230604075283075e-02
-2.120399494133002605e-01
2.472957875543883022e-01
-5.572925843448404137e-01
5.522704736073857923e-01
-5.497672310160416353e-01
-1.000000000000000000e+00
2.497420397560234928e-01
-5.580552953536075389e-01
-8.109361066854980926e-01
-8.392417973192980440e-01
8.547387764624516659e-01
6.645888450800800928e-01
6.049259062987057955e-01
-5.600167734988577006e-01
-9.152157646510208355e-01
7.914993194683073163e-02
-8.443010091700298148e-02
6.113297429182085185e-01
-2.933985076779455081e-01
-6.637716803472498706e-01
-3.585484525097930586e-01
-8.144420682616241303e-01
-5.795396650996853527e-01
-6.741343837003999084e-02
-3.486852076789785926e-01
1.787205847441919460e-02
-2.559310695478811404e-02
-6.275067479122348191e-01
-1.112553812794442043e-01
6.167269294299849713e-01
6.391455140839732429e-01
-2.404453471403602549e-01
6.494808325304923802e-01
-2.813274673500403278e-01
-4.503811486936151187e-01
-3.421223147151363220e-01
9.505830313194711945e-01
-4.838540908755397663e-01
-8.688802648451219302e-01
-2.701246100873744282e-03
-6.816618285170483738e-02
-8.893092015321415467e-01
-1.130768226358057627e-01
2.646654566905749517e-01
-1.007208895859412756e-01
-5.779219099523189573e-01
6.486473724477702651e-01
5.698907485634763237e-01
8.805505257797221486e-01
3.940841588137654061e-01
2.760669177168337818e-01
1.782424013625596437e-01
9.698093344684850514e-01
-7.038715914453794742e-01
-6.527920169192191757e-01
-7.748113634091891022e-02
9.039250241478424819e-02
1.000000000000000000e+00
5.710291695519498223e-01
-3.881964984339064673e-01
-4.438812284151683052e-01
1.067751993695499058e-01
7.182228853696286386e-01
-9.368439476822724155e-01
-1.497709070171830970e-01
6.622981353754695544e-01
8.733939363573810510e-01
7.169813006608618533e-01
-1.577461266841198029e-01
4.360405288621336251e-01
2.564785091317539623e-01
2.299388294858445425e-01
3.152061514533721631e-01
-8.087459540687065296e-01
1.194863217911221742e-01
-7.914546306788671215e-01
-3.277036918970489543e-01
-5.532144762797139848e-01
-4.134200510283645436e-01
3.503030852545711560e-01
8.919040899228858343e-02
5.356671292091550463e-01
6.008871303595308966e-02
9.645764728986718772e-01
-1.000000000000000000e+00
-2.299880705668326808e-01
-4.928543020623465942e-02
8.452496182079651810e-01
-7.397756930659301622e-01
-4.207838672419692561e-01
1.000000000000000000e+00
-1.289660154934961778e-01
2.827058780224937506e-01
5.959864098503711016e-01
-7.297099849409116601e-02
5.020676676657301885e-01
-2.359637581016130192e-02
-6.457054503932213585e-02
-4.585113120519745955e-01
-6.206837636752684517e-01
8.242570545643836954e-01
1.000000000000000000e+00
-2.932333072121058315e-01
