-4.275548039666086653e-01
-5.094068118983765547e-01
-1.000000000000000000e+00
-1.000000000000000000e+00
-4.511662394233815210e-01
4.395515177211704594e-01
-1.002377756431550859e-02
-3.847414598489173332e-01
3.338606428363250500e-01
5.506302929807402879e-01
1.000000000000000000e+00
1.974483156984013776e-02
9.471561040638742934e-02
4.726460439235589117e-01
-1.000000000000000000e+00
-1.005506737087967367e-01
6.598610252799212705e-02
-7.187463052514022621e-01
-3.220330612098275536e-01
4.356478287631178059e-01
-7.251175165088045160e-01
-3.440294180095518906e-01
2.856167902989610319e-01
-7.816824441074956553e-01
-7.983172956561129796e-02
-1.926175951906136941e-01
-7.410227254251376960e-01
-2.123590148579783399e-01
-2.906112534744487164e-03
-2.096358222995350074e-01
3.389516033581076448e-01
5.581925283865910581e-01
-3.531424180060817042e-01
-2.369180403971919979e-01
6.681996607893725404e-01
2.381217819106637434e-01
-1.000000000000000000e+00
4.379763365336979408e-01
-7.206256545977387518e-01
-4.304980353798293358e-02
5.859463275023005790e-01
2.004305213793167173e-01
-7.072139211832969563e-01
-5.705080403852402782e-01
4.422533061878690108e-01
-6.235358332880855947e-01
-1.000000000000000000e+00
2.986719518470448698e-02
-1.537448837594277973e-01
-2.017676626516962113e-02
1.231901262735751734e-01
-1.995682633914749593e-01
4.411636654572136385e-01
-2.303286907157371943e-01
4.413565216941190972e-01
-1.000000000000000000e+00
-3.794437910442312045e-01
-1.585366927281806615e-01
-2.202504915481734438e-01
4.354095577122606975e-01
4.334555427718227438e-01
-5.337922413847768777e-01
2.286140127250526621e-01
-1.445937738150275265e-01
-3.740050817011919548e-02
-5.618112769043777099e-01
-3.108781523457345153e-01
4.118790096259277167e-01
-2.825520724616312762e-01
2.831607885105015265e-01
-3.660347494610942665e-01
-5.241372665149107712e-01
2.828151351192902396e-01
3.281180103499165002e-01
1.000000000000000000e+00
-1.897542604651035469e-01
-3.804122889535870300e-01
1.933222493570995182e-01
9.365950014059503115e-01
1.000000000000000000e+00
4.982774429183565168e-01
-6.649766433961041834e-01
4.453443535914668183e-02
-2.466448529331576323e-01
5.754716952609100211e-01
-6.120254989438149718e-01
-5.666425122241290913e-01
-1.000000000000000000e+00
-1.826254482644155686e-01
3.310100024864630619e-01
-9.375049981064407234e-01
1.824201352185819969e-01
2.171669341576770162e-01
2.851671663981552030e-01
-4.282086770318779267e-01
-3.704013842207943275e-01
-1.000000000000000000e+00
2.467621357331802323e-01
-8.639519073492121781e-02
2.087339973448127939e-01
-3.297923934779070088e-01
-6.215244992638992994e-01
-5.197434361994297536e-01
7.304438783854737549e-01
-7.215222710957360785e-01
-1.231818218150350086e-01
-4.788204773335230646e-01
1.000000000000000000e+00
-6.072620799060119978e-01
-3.421361420715504087e-01
-1.000000000000000000e+00
3.366651076020937827e-02
8.389717727827594729e-02
4.245039470816582838e-01
-6.681257835005576240e-01
-1.229415235463670458e-01
5.720198728140235556e-01
2.305636868132331929e-01
2.857788329626027579e-01
2.466996017694593757e-01
3.910101297265433651e-01
4.782014634381148710e-02
-6.442085592455537579e-01
-9.786647126074712877e-02
-3.320929239933989030e-01
9.695898725229665227e-02
6.325435552388334326e-01
-7.625977698659425208e-02
1.650613553192486482e-01
5.368324861875102272e-01
-5.941127408361813744e-01
-1.503993826292593650e-01
-8.132150724005097198e-01
-6.662584192224498825e-01
5.608684632537241921e-02
4.561897592889847530e-01
1.745468877046136014e-01
5.209264118092431506e-01
-8.243802994165180253e-01
1.839399887534404199e-01
3.211947972304616261e-01
3.618929017571700379e-01
3.875481409350564066e-01
4.661122963724768642e-01
1.621746481704910425e-01
9.522168094133355298e-01
3.139977037988522790e-01
4.411949042041016789e-01
1.887829491565903295e-01
2.841536038367284411e-02
5.322527123676445981e-01
-1.865269049987618999e-01
-4.621651955457626304e-01
5.493002506322350875e-01
-4.074051358362913988e-01
-9.915901283651679110e-01
1.000000000000000000e+00
1.483693480651374630e-01
-1.000000000000000000e+00
-6.255790410418986536e-01
3.164614375064066509e-01
-5.894744468124696324e-01
-2.425287542447041034e-01
4.745684169634450389e-01
-2.352116121144450789e-01
8.816858990156950515e-02
3.375283571572544328e-01
-2.916720402488343078e-01
3.992929313632157529e-01
-1.883136935621627372e-01
-2.588225740902173055e-01
5.695033267204163696e-01
2.640204545616017806e-01
8.703848735824644134e-01
1.000000000000000000e+00
-8.370395043240953514e-01
-9.047534157976636626e-01
1.025640875504381377e-01
-4.481004217933542977e-01
2.092127282808971533e-01
1.000000000000000000e+00
1.000000000000000000e+00
-1.240786408688034914e-01
-8.807092896174741892e-01
-9.019906318000197043e-01
9.494605911175365565e-01
-5.030529050960562687e-01
8.932087342547894160e-01
2.351731377106991705e-01
6.186658552070067874e-02
-3.074627871668261792e-02
4.261490206394493163e-01
-7.168100969647465126e-01
-7.454126331996340227e-01
-3.048262531925055585e-01
8.529927507263939113e-01
8.694013691625281925e-01
9.724996362181159704e-02
-1.000000000000000000e+00
-3.598460505956359023e-01
-7.832146672190812287e-02
-2.234978538233129419e-01
5.399373978005818087e-01
-8.198893271341872735e-01
-2.248453437388659437e-01
9.527380678618108112e-02
2.057376009202775413e-01
-3.349660312190041456e-01
7.939291200892927280e-01
-4.671804801037728327e-01
-8.871156621366340644e-01
1.000000000000000000e+00
-3.342134100987002865e-02
-1.000000000000000000e+00
3.139675146463360988e-02
-1.000000000000000000e+00
-1.169954499039774776e-01
3.215500910878642538e-01
1.000000000000000000e+00
8.378872910499353122e-01
-3.259419332686412374e-01
-1.000000000000000000e+00
-5.138609701263939789e-01
9.601431055581179930e-01
-1.081358080285665518e-01
1.327106545481139266e-01
-5.231025937240423307e-01
-4.496446512522104810e-01
5.663335484818377008e-01
-6.408057355094731733e-01
-1.393907113225814620e-01
-6.015382659501405938e-02
7.507964898084711347e-01
4.097063610722128102e-01
-3.833085418048469140e-01
4.360724221420050339e-01
-9.872196710791182328e-01
-1.885762895524872862e-02
8.723934170100509089e-01
-3.735699609593523540e-01
-6.559523133312552545e-01
-6.150791974656673045e-01
1.000000000000000000e+00
1.000000000000000000e+00
3.183523835878768748e-01
2.378896956060652101e-01
-2.035574529943442457e-01
-9.209988012288301551e-01
7.480095272955491481e-01
6.279178066145403303e-01
3.030139746668249479e-01
-4.657109683904207542e-01
2.675788511327632513e-01
1.633566257287568102e-01
1.663934343669870031e-01
1.587114465154613185e-01
-5.211758851392372938e-02
1.322460261392358061e-01
2.371536480095003396e-01
-3.065381309930648168e-01
-9.850569111839796443e-01
2.698595681829226156e-01
-5.987409462883386269e-01
1.000000000000000000e+00
4.617279529497981816e-01
