-3.151645002841108045e-01
-7.214880557333311906e-01
-2.641320832817733999e-01
2.105208877297652104e-01
-8.042059786126254384e-01
-2.003545289223847004e-01
6.689719522687790354e-01
4.258176728366135366e-01
-6.004122637973963172e-02
1.083571006793206948e-01
-3.414848760362176883e-02
-4.793155127984054520e-01
-9.680757998047145874e-01
-5.555116425921855505e-01
7.845114939831514533e-01
6.259494765724511467e-01
-1.358796364486959396e-01
-8.065199167591019513e-01
4.262726857962328975e-02
-5.646827095447426448e-01
6.687144014166530592e-01
-8.097640993107204643e-01
8.331482483778929193e-01
-8.067826369886904603e-02
-5.080945718587293047e-01
8.865851053581672581e-01
-8.388116453904814751e-01
1.787388497328208370e-01
1.914612449930952476e-02
2.762204576056955241e-01
8.800563240366177098e-02
-9.012826415753202314e-01
8.289154355271006747e-01
-6.232322086625454727e-01
-9.546775004521237951e-02
4.191526449397620091e-02
-1.000000000000000000e+00
3.450999630480491298e-01
6.228401433326578029e-01
-1.097757321027992283e-01
1.551382175525521379e-01
2.552906550565023913e-01
6.429110263455939389e-03
3.960090790064340061e-01
7.534512653538497640e-01
6.075884868501777447e-01
-2.639489427489054574e-01
1.889711887149347902e-01
1.152535470169531173e-01
-5.138668237048661380e-01
5.793972247517651386e-01
-5.922674012318704939e-01
6.148617365936903667e-01
-1.179961518951453403e-01
-9.328011467378614086e-01
7.375362569810908209e-01
7.625112009449148687e-01
5.734505002751900671e-01
-2.161863229693522515e-02
-4.850308824975549937e-01
2.447127183359705527e-02
-4.566508748239787030e-01
8.322303776094239769e-01
-4.202407397246978316e-01
7.707114719125354174e-01
-4.700679608981144231e-01
2.007800727907437799e-01
-1.652510801900499704e-01
-5.420332407054545554e-01
-4.746395106448979551e-01
-2.192252134565371158e-01
-9.381493084714667696e-02
-1.909388764114134107e-01
5.758953791302199310e-01
6.273283827920139721e-01
9.515994917481409576e-01
4.396613748878991368e-01
-6.673371443490027088e-01
3.920837709218732980e-01
-1.429658597582959823e-02
-3.324782030790233989e-02
-2.426489698868048439e-01
9.234588706393039026e-02
-2.973208938089199060e-01
2.682733936582228917e-01
-6.084469881314986672e-01
1.669886914183243420e-01
2.437026689875922969e-01
-3.193916521138158160e-01
-6.716411431483052530e-01
1.674097080089655409e-01
7.727468480255056393e-01
-9.104683453545892036e-02
2.243862402964986735e-01
8.502108443176509267e-01
-8.671426824926047328e-01
4.794538141593819303e-01
-9.858708389199534183e-01
-4.463666583914545072e-01
2.048099088217751329e-01
-4.817327587501435415e-02
6.631864848480741870e-01
-2.056356399039772076e-01
-7.645220450984429039e-01
-6.138153300706821192e-01
4.566690715789732957e-01
-6.994958462896387896e-01
-4.861399872088323360e-01
8.652883877064068141e-01
-6.580562648461741881e-01
5.338514977098193226e-01
9.534462083566852542e-01
1.000000000000000000e+00
1.247332388216992882e-01
-3.126769938400402737e-01
4.837860580285600065e-01
1.497288985430715869e-01
8.147785211044555886e-01
-3.159198438880912452e-01
-5.512061959015499557e-01
-4.739352504631468843e-01
-3.994056094158549008e-01
2.487128022537826444e-01
6.386977166345844115e-01
-2.271917010000845671e-02
-2.500618038448543246e-01
8.707662915518604718e-02
5.068394447015611703e-01
8.736419523939746856e-01
3.232031357889177947e-01
-9.986429573991857378e-01
-3.785441946494974008e-01
-4.119394697797962857e-01
9.714816045855585447e-01
1.678783877326711638e-02
5.133500690839776226e-01
-1.354137873586924168e-01
6.647808394109089303e-02
-3.476325878177095041e-01
6.760453181009117296e-01
-6.888486375563165343e-01
-3.476747260842258935e-01
-2.042261011161319306e-01
1.418467620116579120e-01
9.044447937443225172e-01
3.066572133561480396e-01
-1.181770029140464112e-01
-4.310810917653175034e-01
-1.054901523890316994e-04
-1.566449988582684361e-01
-3.103975151256281872e-01
2.274197843220790438e-01
-6.119559681749886515e-02
-5.161026211562969035e-01
-2.525447215622973474e-01
-5.277276634967733582e-01
-7.358124629380322634e-01
-5.958784922984694532e-01
3.421382587322290281e-01
-1.696433859616830464e-01
-8.436470797796219445e-01
6.213135825018371028e-01
-3.558615331069696630e-01
-3.950440032682784874e-01
4.690820939165057379e-01
6.734494910074051433e-01
-3.785275643500752851e-01
-3.252965982876079298e-01
-9.882619635060980734e-01
-6.017369795675447941e-01
-6.173613842438749888e-01
-4.614577027815723875e-01
2.656856868477375233e-02
-4.001219031353244748e-01
-4.904379571575574470e-01
-9.427813216155798148e-01
9.879878107009489874e-01
6.231715041390506471e-01
4.026880808315703164e-01
-7.667571661293599572e-01
8.724035647882710798e-01
-5.794144524064567259e-01
-1.514835236162637155e-01
-3.140561997333485844e-01
1.557754888251270953e-01
-6.798038960969108313e-01
-9.570902215717886907e-01
2.075987312487944658e-01
-4.580924478269620681e-01
3.229011523256976601e-01
-5.949050902975501209e-01
-3.429198832338944403e-01
5.795165731196392223e-01
5.878226148031973075e-02
-1.702819789045562637e-01
6.068630422284283510e-01
1.225764953600535639e-01
7.343469652202228026e-01
6.349572578752586960e-01
2.725399035107123336e-01
-6.738018265439389420e-01
-8.598379076822825207e-01
-8.098761001280533334e-01
4.582196595301801789e-02
-1.837052291254265834e-01
3.166927492867912530e-01
-8.642539654915410985e-01
-3.284502403234645374e-01
-6.286386031401103303e-01
-9.383859281855444490e-01
-4.313911936688108462e-01
-1.588382400747158085e-01
3.781687015485051262e-01
-3.110165557794402069e-01
9.428801835148725718e-01
-5.401309332774986149e-01
-4.997373457782465778e-01
-2.492509341249634636e-01
5.653679310454642337e-01
-9.006313589316841117e-01
3.061155531469146596e-02
1.045547751581729079e-01
-8.179925687241274002e-01
7.265660793048165367e-01
4.512637140026209970e-02
6.811525319578926041e-02
8.622897091151677795e-01
-4.172347270773364425e-01
-1.323873019042811627e-01
5.935072729106538603e-01
5.238272072591309003e-01
-1.418425586096087598e-01
4.456954690167184707e-01
6.976285314380505920e-01
-4.051924341065359370e-01
-7.367023428661675366e-01
7.805708405269735639e-01
-4.091056154951711044e-01
-3.182488875171799458e-01
-4.337872933870174919e-01
-8.967537539530052726e-01
3.361156651298968789e-02
3.669765237114219203e-01
7.904492840974620682e-01
4.984874195825119703e-01
4.745768478207573748e-01
-3.888555829205670999e-01
-2.216944351087013487e-01
5.910217467841870631e-01
-3.893901388744203107e-02
6.093435779551781284e-02
-7.120525072486771911e-01
1.298908960640657861e-01
2.616307924618506142e-01
9.768363500630111718e-01
-3.671757143221118791e-01
-9.764026817440040196e-01
3.600932536775566795e-02
-3.921962799230845897e-01
-3.100559618047906141e-01
-2.060693994409009133e-01
-2.775580169111939721e-01
5.851152315180319086e-01
-4.802679147982904517e-01
4.210238863298338963e-01
