7.806622926465658363e-01
-2.063471052372826131e-01
8.000609905177573644e-01
-1.090897893988016509e-01
5.916587251025848815e-01
-9.939652050947966888e-01
-3.955956033867957800e-02
-1.618489609087288006e-01
-4.436422811176827241e-01
8.952596239435385295e-01
-5.374306602015741507e-01
-4.015193795583931191e-01
8.743677804379879070e-02
1.268280854889856091e-01
5.682500804651064996e-01
3.163990480788736459e-01
-5.740119541272492576e-02
2.319072070918051232e-01
-9.091715204535448791e-01
-6.560850393484720655e-01
-3.504078411133986215e-01
4.903989985066929957e-01
-1.938175864131943538e-01
5.043612367192145118e-01
5.420342033421341466e-01
9.577070135052583311e-01
-3.285486978974593297e-01
-5.204072185805463935e-01
-7.419591136950951515e-01
-4.245839713774803847e-01
5.587311187647185928e-01
-2.020739515434488709e-01
7.145828436984578147e-01
-3.053975669214366029e-01
-3.546550225328539696e-01
6.299050766593390360e-01
-2.533342459243174138e-01
4.909941531649120172e-02
-5.470662669169094050e-01
-9.630479836413019523e-02
-7.736929666586078724e-02
-2.236960163796655188e-01
2.658939542353070395e-01
7.995659768371325971e-01
-1.563406946495046190e-01
-8.728406656638099115e-02
-2.463783905246361705e-01
-6.813029894031962241e-01
-9.791345964613189512e-01
-2.751651664453429458e-01
-5.511297320615260453e-02
-3.688376122849141847e-01
7.433233279833417750e-02
4.072978767653294696e-01
-9.528433761202217411e-01
-8.243101738498692654e-01
5.354767666602766596e-01
-3.566566843034952861e-01
-7.098492586614379984e-01
6.472808291020415439e-01
9.180549643891242617e-01
-4.374737806047226396e-01
2.887448684344950944e-01
6.002926827565677748e-01
-2.110678141479160885e-02
-9.076597214979625905e-01
-4.138055468812391613e-01
4.293088771059596631e-01
5.458769167730901373e-01
1.639361251176065792e-01
9.932555843681352137e-01
-2.332739436579476244e-01
-9.598605994774445094e-02
-5.881717411918310212e-01
-4.581367277428016749e-01
-4.508295137888173043e-01
-6.045730593421634325e-01
-1.487876583463494384e-01
-1.000000000000000000e+00
-8.815642934948878517e-01
-6.535554303985622315e-01
6.312994124711462929e-01
8.094670730885302756e-01
-2.365153127684923584e-01
8.248418449832857213e-01
9.913811090784896418e-01
-8.450242456444442274e-01
-1.087982932183709783e-01
6.033745517734966368e-01
-5.480677794373700618e-01
2.882742116983565417e-01
-9.297582653633020833e-01
-1.108176016432197986e-01
-3.918531439511768188e-01
4.258707297458224073e-01
8.360743040659570635e-01
-8.462044670856536666e-01
-7.679752962121252358e-01
-6.558368262800747805e-01
-4.109438189832772537e-01
-1.000000000000000000e+00
4.189635053698161915e-01
-1.597634763145198422e-01
-6.995001237153890550e-01
-1.543116351084481419e-01
5.445956156449720531e-01
-2.045776335967532944e-01
5.337465682014816970e-01
-1.190562993632688915e-01
-5.131986719308256895e-01
-9.748708214049275345e-01
-4.411839892233787030e-01
-6.146515472822047244e-01
-9.996015243064015898e-02
-3.679752354664183045e-01
-2.963326347988990417e-01
7.936842074287575599e-03
5.777003353408425301e-01
-3.923204380231972710e-01
9.457860171432230789e-01
5.319411324954370635e-02
1.173228025375723238e-01
5.646278812479683662e-01
5.083383154051591690e-01
5.626861462335452924e-01
-2.355780599574540668e-01
6.477888622182903511e-01
-6.200551653855705947e-01
7.685171127348507103e-02
4.424410360630891548e-01
2.218684874795945339e-02
-7.714965847851784631e-02
4.312117475946730671e-01
-7.196129545561678054e-01
-4.452578358041865414e-01
-5.375751492653275676e-01
7.536122206323627726e-01
-8.368068050158623539e-01
1.503745509624229149e-01
-6.528452839194500701e-01
5.072832845743129315e-01
3.868571772103535089e-02
-2.187225606700629044e-01
-2.257278913791406771e-01
2.626387156040136395e-01
6.445620334430279819e-02
-6.605685343290421674e-01
-9.991049764926194232e-01
5.850695624304602660e-01
9.637465368587183612e-01
3.524636107636830440e-01
-5.395333974116136577e-01
-7.612940521359149448e-01
1.080541061682099568e-01
-1.225722108640403540e-02
-9.308999213172820530e-01
-7.108327973343433470e-01
1.000000000000000000e+00
9.540522585248085718e-01
-3.886430354403034304e-01
-1.128343869775212394e-01
-5.623748661802141502e-01
-3.965897798320439094e-02
-9.062323087299433144e-01
-3.541475172025614349e-01
-8.921419666552936611e-01
-2.468281806358352259e-02
5.292862159665803201e-01
1.000000000000000000e+00
-4.736964823169690919e-01
4.345249361124663423e-01
-3.661918491299605005e-01
-4.502897646140446852e-02
-3.107806109175625942e-01
-4.567754524639111580e-02
-1.364263462434042173e-01
-1.146552449318380962e-01
-3.598636030453730150e-01
9.564415870789448881e-01
-4.985948961560798809e-01
-7.846621887603943968e-01
-6.867815127509662165e-01
1.947016832500017003e-01
1.612207398330680608e-01
-4.775764692459597005e-01
-5.615109986447497370e-02
6.787558547570538003e-01
6.538639086239914633e-01
8.991670847703012726e-01
2.440383339837289833e-01
7.041757508471750970e-01
-2.570715906583227461e-01
4.412587490804079637e-01
-6.874414188928394953e-01
1.146686537108563969e-01
4.033153769598838423e-01
1.659562444918992186e-01
4.348498249615415645e-01
4.484413536871849626e-01
-3.837398512850431764e-01
5.549631848234315434e-01
3.517511738338401361e-01
7.638675149457735403e-01
-6.428548442167341115e-01
9.871655295747756576e-01
5.461092249680383759e-01
7.752610431194872920e-01
-5.551005264541999384e-01
1.000000000000000000e+00
2.643107305738403578e-01
4.058898073811411100e-01
-7.974287189292961209e-01
-4.812008521830011265e-01
-3.011397794623937862e-02
8.426373592996605488e-01
-7.950952184848104620e-01
3.666190893083460800e-01
-9.496543674162274407e-01
-4.230669218768590145e-01
-9.475536723015998142e-01
-1.520833933762416601e-01
7.343877702111054617e-01
-5.747496050387874700e-01
-6.606121731888283666e-01
4.888428449846141111e-01
-3.397098057396998882e-01
-3.114021349011946160e-01
6.624200412256648907e-01
3.863577766254289170e-01
1.269349549391076137e-01
-2.277109397929039658e-01
-6.489637663957765756e-01
2.606498349189371178e-01
4.535333145695470414e-01
-3.707252323862834098e-01
9.120073854295275562e-02
8.950207129318614729e-01
9.087841424486904351e-01
-5.905818050157853882e-01
3.795544436630963192e-01
1.277395515710892937e-01
-7.587909807546906471e-01
-3.579551596043349659e-02
6.230760045562258043e-01
-3.697097618734579427e-01
-4.535639115287093404e-03
-7.253657272899872721e-01
6.330892444950777520e-01
3.781090445837003711e-01
1.580154392385668682e-01
-3.190516966852046110e-01
-4.976184606758122797e-01
-4.440111660204548727e-02
7.658028555605220777e-01
8.409323774164374488e-01
-9.554005845589883528e-01
9.331029814606757178e-01
7.277194245946634332e-01
7.849409529845507993e-01
4.604344112569620506e-01
6.649486909003623492e-01
-8.268894697604687316e-01
4.552722712041092912e-01
4.784764714797569429e-02
-2.480444110506643818e-02
