-8.051878325111339052e-02
9.898452514695141868e-01
4.243841380487087811e-01
6.726728799514152257e-01
5.230213610823293280e-01
-3.757950843067179303e-01
-6.380649483958940049e-01
3.540672898084578080e-01
-6.547407578265196371e-01
-4.163345911755222950e-01
-9.065931429716367340e-02
-1.534659462221188431e-01
8.457013629546030753e-01
-2.814125380193921444e-01
9.443627939585426123e-01
-5.747989515076099565e-01
-3.828306084015953292e-01
7.546830025495721017e-02
8.706620692239590564e-01
-9.890453984815792410e-01
6.705157838687529903e-01
8.108676028642030076e-01
-8.532866920478892059e-01
-9.083994002370090470e-01
8.744439007540110165e-01
-7.435491720042737285e-01
2.757454675473088868e-01
7.540310490692272438e-01
-5.614342966900776055e-01
-8.082360109183404084e-01
-4.145966922690835776e-01
2.494276554049061900e-01
-6.891065599977070910e-01
5.768646370641390408e-01
-7.520355565809495602e-01
4.809357932891540899e-01
-2.667863972771671310e-01
5.160350037068934803e-01
-8.087819335046297908e-02
8.115035241148371714e-01
-4.457083710140146149e-01
2.062317416764181122e-01
-6.518897167328818743e-01
-3.203724673194374706e-01
6.261633552397751767e-01
2.171519440932057066e-02
-1.986466903438763865e-01
2.133969732639897643e-01
-4.430745926208106145e-01
5.747976151667772982e-01
2.102085339930577224e-01
6.100577646195113335e-01
4.488653188784441639e-02
-1.328776247506697761e-01
-7.454410781796256824e-01
-1.000000000000000000e+00
-2.745774994104317468e-01
-3.975443045889901494e-01
-6.190835147028070917e-01
8.692153267348818879e-01
7.717480448395419579e-02
-2.764912594597073170e-01
-5.396746534298808573e-01
-2.575056028788691442e-01
5.737414081290990175e-01
4.190615508786732502e-01
-6.582601863127424124e-03
-6.673969155823609167e-01
3.244332306515831377e-01
2.342418976935067843e-01
-2.270756751679006147e-01
9.791588545772382801e-01
-6.076751546554066685e-01
4.636970962056616852e-01
-2.883891760243637581e-01
4.810275998329596181e-01
7.817914277585843452e-01
-9.359331921071151195e-01
5.982496248352719981e-01
-3.453037919774779585e-01
-5.344804712422044357e-01
1.211680055068433681e-01
5.678483704252361708e-01
-3.623696037170174300e-01
-7.044519683783347919e-01
-3.235773936416713736e-01
8.397226672651152413e-01
-6.157545082158601968e-01
-1.793458605903273106e-01
-9.188737898581189611e-01
-8.151475822615601441e-01
-1.224200239756438879e-01
7.476006629671940740e-01
-6.372899015680735246e-01
-1.415684703272426237e-01
-7.418688878934098785e-01
-3.189840347043466640e-01
1.373880283536312863e-01
5.860305675722607965e-01
2.415113384158060761e-01
3.413022849398226199e-01
-4.421744267428098230e-01
-8.903177114526565905e-01
4.921603102456397760e-01
6.164114944464860191e-01
-1.000000000000000000e+00
5.222084828610380480e-01
-2.941613590249594345e-01
-1.144450261673657376e-01
-1.950705979613724939e-01
-5.886663647189894766e-01
-3.558937195335247772e-01
-2.987211555912794303e-02
-6.623746248319943852e-01
-5.527836914040269445e-01
1.637829596195283788e-01
-1.802228048357594758e-01
1.960413700241800949e-01
-2.282849837080396238e-01
-9.299178593706385332e-01
-5.496610141466642396e-01
9.602911225447785526e-01
-7.919480231212827626e-01
3.989391162466140450e-01
-5.510318386730939100e-01
3.537706661303263722e-01
-7.770620732525679308e-01
-1.339736883173399118e-01
4.481896747873050924e-01
-8.940340908996025071e-01
2.645023966707018559e-01
4.032250705083654241e-01
7.423286216961499928e-02
-1.659031629585616674e-01
2.304433917946235866e-02
3.478442599828026616e-01
-9.027726902438555356e-01
2.165705715771568673e-01
5.446932138107896115e-01
7.716984529505883650e-01
-3.340310728434288112e-01
5.226346172807776469e-01
8.209586130766248768e-01
5.048909300464508032e-01
-9.392453020033448841e-01
3.217015679744523737e-01
-7.779430385814278814e-01
8.373021846979649130e-01
2.587242042768671535e-01
-6.108980703590665140e-01
-3.265151725372006375e-02
-4.430321193846130101e-01
-8.063869447318616768e-01
6.609492774987080210e-01
2.219538589347376245e-01
-8.952701678547621000e-01
2.028081344894747673e-01
6.415993371963257808e-01
-8.936421648120296268e-01
-4.160686969467706220e-01
-2.007066989565773341e-01
-3.095831882897246423e-01
-6.536601907766177444e-01
4.384019778768726283e-01
-7.011683668303181349e-01
1.692236089231182739e-01
-6.833298657973918555e-01
-6.327807154687208335e-01
5.771149552435186347e-01
-6.249912999620161891e-01
-5.775655629170528549e-01
-7.833211787495191203e-01
-3.041461890905508003e-01
-1.711521889023881471e-02
6.970619276852216828e-01
-4.370700645796217199e-01
-3.638342387057202920e-01
5.171285910494067828e-01
8.553226241367228866e-02
-9.776222776373799661e-01
4.043137338868885156e-01
-1.130616748600858923e-01
-3.596545790146647992e-01
5.344141129308361826e-01
-5.221818953010073372e-01
-2.111249438057714034e-01
-1.931273546928033991e-01
-2.209042252019300934e-01
2.954658526618965109e-01
-9.689103496874262866e-01
-4.545058648565800663e-01
-8.820877521105336960e-01
-8.766585736967680287e-01
1.017273799090596675e-01
-4.028176461786461271e-01
6.069202244272631219e-01
-5.738939912152964951e-01
-1.124421362916987466e-01
5.732689770045620303e-01
-5.904708216192104953e-01
2.815762902597065409e-01
-7.371178960905173660e-01
6.077895978165626101e-01
7.514175511066434332e-01
3.216814082132233299e-01
-5.428181212629954455e-01
-4.238644440614574016e-01
-3.178984943752571901e-03
-9.662286729158550136e-01
1.923473689825099253e-01
-3.608487069671850733e-02
6.531648851923654853e-02
8.248059296335870094e-01
4.733725027486461734e-01
2.364743473886909975e-02
3.391366537037958651e-01
-8.556467025994047848e-01
8.712559308347864739e-01
2.413566711985151159e-01
-4.212792071287285722e-01
-8.268808815962483960e-01
3.968006794749514565e-01
-4.117158694713640710e-01
4.326514381845214530e-02
1.238315311255298035e-01
-9.081241747994577285e-01
-5.014967692741771899e-01
3.470477537660007217e-01
-5.105236983874252843e-01
-2.167044923457133176e-01
-1.734791820191361467e-01
-9.265219996625526644e-01
1.376403999325130911e-01
4.415088176780768148e-01
3.071535073987727849e-01
-3.249962461985611561e-01
-8.237458789300751150e-01
-8.018506683162198723e-01
-2.372128203244641131e-01
-9.844204285829938339e-01
-8.291687685394737439e-01
8.403782488816966545e-01
5.043789519481223227e-01
-2.456488452442302517e-01
9.939025673654158233e-01
-3.376979509961683945e-01
-8.581414422262703123e-01
-8.790684744971870579e-01
-9.240568545601097750e-01
3.001071061496052295e-03
-4.073736137193104123e-01
5.083662663168033724e-01
-8.314704980909566334e-01
-2.639588414484024259e-01
4.732216545299781085e-01
-5.084102310377658362e-01
7.708546064260393127e-01
-3.321245081660231246e-01
-8.626356459269270971e-01
-6.025720669213618930e-01
-4.109716585532170452e-01
-4.024503274120010410e-01
-4.946910016193830639e-01
2.080774651844183865e-01
5.458883419032873885e-01
