4.349652082996382507e-01
6.649624600938801589e-01
-2.021698164662921737e-01
5.949820205906439785e-01
-6.682635253868052239e-01
8.252245642943401016e-02
7.202165189314488902e-01
-4.785105360794572604e-02
-3.809830788618271402e-01
5.533742872772204890e-01
-4.192378231064042282e-02
-5.660043791233444477e-01
-2.692035423802425775e-01
-3.827920352349878375e-01
6.021345788918555098e-01
8.654102738101316916e-01
-8.405827477584824070e-01
-8.380429538508049614e-01
-7.720061167813456748e-01
5.513233289184271690e-01
-9.738303512558665886e-04
-4.626904621707248477e-01
2.969490366187095276e-01
4.713391677670983881e-01
6.149158722782934738e-01
6.737576679960857184e-01
-5.452057167624029255e-01
-7.439123419621334055e-01
2.320203770491000572e-01
8.696798056424670520e-01
4.152442054868887844e-02
-2.851624680233724174e-01
-2.451514590015702044e-01
-7.177611003140764723e-01
8.723329746569630228e-01
-8.238893614644851038e-01
1.484001936131962296e-02
-2.936624477111471343e-01
4.824121246395556284e-01
-9.869935553387723104e-01
-9.867994837390949847e-01
2.056327016960115550e-01
-8.355585098868933969e-02
-2.372405039941039018e-01
2.341619316551377672e-01
-5.233946954859800549e-01
2.103196332800429946e-01
2.417489032648012515e-01
1.637092247241815901e-01
3.354113613219844581e-02
3.954248137550780418e-01
3.428586881657387231e-01
-3.882205787407224662e-01
-2.269268808940785309e-01
-5.479885560952659773e-01
-5.085401490539251945e-01
9.693748623075404414e-01
-3.517598992531334456e-01
9.690351076920356022e-01
5.193157280446243362e-01
-8.371004264863048938e-01
2.462566263356613661e-03
-1.337580896282362375e-01
-7.627868916999354099e-01
-6.809397101912093575e-01
5.348767080943879204e-01
-6.666725209400181651e-01
-6.070009776471810836e-01
9.625720542021001247e-01
6.251144919036502046e-01
-7.452931271527212242e-01
-8.398100324771264891e-01
3.280254262344457494e-01
-6.171686587472846597e-01
-6.719318516401844299e-01
-6.314905487987507726e-01
-4.338646987805827582e-01
7.605034266092363104e-01
1.889437820427624093e-01
-5.982915376281239261e-02
1.000000000000000000e+00
-9.335733555709249121e-01
-3.355582225432465204e-01
5.836479253748849683e-01
3.107905686112255594e-01
-2.969981730672037745e-01
-9.355625553969453279e-01
-3.466036240597534235e-01
2.800804550263742421e-01
-1.426868760649031564e-01
-9.661251724059269907e-01
4.075149142902829147e-01
7.181400382023142015e-01
-6.641533679943514290e-01
-4.485891557795871343e-01
-8.486365307427856663e-01
9.896087692565940230e-01
6.286266384823813169e-01
5.224937578369504010e-01
7.828736850335209496e-01
7.673462852677792601e-01
4.901648597711290023e-01
-5.445538507354918956e-01
-4.257212917650761153e-01
1.000000000000000000e+00
-4.550467207955199989e-02
5.909011893564339868e-01
-6.489440438361702146e-01
-6.943583414173999380e-01
3.098081498710067994e-01
-4.860112063886070644e-01
-5.508932726130553181e-01
7.513840778805702669e-02
1.431579626902363955e-01
-5.659306118518683260e-01
5.702972475765211158e-02
7.691453738996045786e-02
8.691296890686690535e-01
-4.684040947479644057e-01
-9.340761179883441123e-01
3.196750907886565241e-01
2.319277607168883648e-01
3.267704339454073903e-01
-3.859404261202658004e-01
-8.653415115520834977e-01
7.668224207402747350e-01
7.289818390342177601e-01
9.574884040776345806e-01
-7.188196188972040268e-01
-4.874149219661163546e-01
6.180457060402215763e-01
-9.444541833490101013e-01
1.800672974301456009e-01
4.333269715827923196e-01
-4.770438590015160241e-01
-7.524717692976937711e-01
7.375545984774820596e-01
3.538825784064176805e-01
2.565875932328802178e-01
-2.136559828156652241e-01
5.323250308148488319e-01
-5.746572312572553187e-01
-9.271226749587511140e-01
-3.878360454896501164e-01
6.583378312887828709e-01
9.721660948810515457e-01
9.700899730589978009e-01
1.000000000000000000e+00
3.676279292935782372e-01
2.367008103822405563e-01
-2.419929294341234272e-01
-8.349047097515975846e-01
-3.671740387821225138e-01
-3.384177252934605917e-03
9.041095932767175825e-01
-2.804656419306650328e-01
-4.771599734364257994e-01
-4.812797867210600877e-01
-1.981520078704581689e-01
9.295235703201742972e-01
-4.988814352383204032e-01
8.944818518652429828e-01
4.145014489650917788e-01
-1.985671956078847167e-01
-6.981272968502516552e-01
-2.717727767935742555e-01
6.362607951471188628e-02
2.373657362538836857e-01
9.994290406965227191e-01
-2.039779173198752460e-03
1.471316266098614545e-01
6.693704749945428301e-01
2.407568428540101113e-01
7.922769749559572805e-01
-7.240460752995336868e-02
-8.107848773126922204e-01
2.041829440065052736e-01
-5.856498450336400374e-01
-4.935506926925747884e-01
-2.326036883599580385e-01
-4.791867779533184324e-01
-6.931865525549346652e-01
-7.027751433352560362e-01
-6.916865020851989954e-01
4.699321072032318636e-01
6.941808961493516339e-01
-9.809425418253521212e-01
-1.622003204167861146e-01
-5.570756118441333449e-01
8.902666272829249383e-01
6.925419448552072588e-01
5.205307511094674489e-01
1.564610333002725007e-01
-8.508086128425975669e-01
9.617581785655229254e-01
-7.236512547000280016e-01
-9.252023483575899654e-02
-4.462757230334579717e-02
-3.286425615257220767e-01
9.828612189251433318e-01
-6.461541938134618412e-02
-6.869763282347784994e-01
1.192264685819872660e-01
-2.245949525087667098e-01
-3.617174751279210732e-01
-4.796584396545251483e-01
9.460799776642350167e-01
4.340172706568903305e-01
8.707375210886372230e-01
-3.924183622157331186e-01
-3.920696138519399465e-01
2.629720523619869521e-01
4.271205495854446532e-01
7.906596652912933898e-01
-5.162807253307621913e-02
8.002532975541567506e-01
2.360671924281134704e-01
-1.800848157722394483e-01
-1.600206254530289751e-02
-5.207355688424428752e-01
9.872149346630958444e-01
-8.213462584347297479e-01
-1.278272983251671491e-01
-1.469328038148942639e-01
-6.395630328053680813e-03
5.650872343616106797e-01
-8.271010018870799119e-01
-6.943154022318100971e-01
9.230204331258025086e-01
6.782134786066641441e-01
8.017629483823094372e-01
-8.865229747523255543e-01
5.056836980072281218e-01
-6.833830967528702338e-01
8.616290624926614683e-02
-2.948109156622564786e-01
-3.547819906326541428e-01
3.548171345919812203e-01
7.128438122732128068e-01
-4.034628018362251822e-01
-7.164680080410836815e-01
9.936517061485194979e-01
-3.622259801351876973e-01
-3.383520807163722388e-01
7.653046166265986550e-02
3.461253378700857031e-01
8.679329207160302317e-02
1.351859854337273958e-01
1.000000000000000000e+00
5.420420423315717162e-01
-3.091581810540302566e-01
6.106377881186808576e-01
3.371830318995792108e-01
6.185670214801988198e-01
8.762370521643967347e-01
-2.518188636934290958e-01
-2.993505085220160566e-02
3.076736477507309164e-01
1.772526944029224616e-01
5.993773471063668090e-01
-8.103708999379781730e-01
-2.552182990870961454e-01
-9.740902199615157908e-01
-7.350595595137403571e-01
2.072884575641700255e-01
