-9.563542742655017914e-01
1.658758559335098415e-01
2.602060647298938267e-01
3.886473190589716520e-01
-4.151353013612100740e-01
2.861824307699625258e-01
6.833159352293800559e-01
7.042972593537633053e-02
-3.501184847881249063e-01
-8.002711934824173756e-01
-3.549577004078872111e-01
8.209935170655913161e-01
2.895193564957372345e-01
6.318460639004601642e-01
-1.991405665079943876e-01
7.781690307494584236e-01
-8.590589811943916132e-01
-1.903058036455005375e-01
-7.850960866437346475e-01
-2.883613260378612431e-01
5.651879205368524062e-01
8.196530339691840972e-01
4.563505676162982194e-01
-1.435487903229417661e-01
1.685236252237716226e-01
5.582741711545289309e-01
8.976258826106973121e-01
6.214784717324990382e-01
8.432433378390278289e-01
8.581159397673949751e-01
-3.727460612959951902e-01
-1.746971688635103881e-01
-6.978269553178384488e-02
1.475013395843701725e-01
7.637859297525837476e-01
-5.994957030135675824e-01
-3.533146291689786000e-01
-3.566814401663896961e-01
-1.914102532301464876e-02
-4.531147583339933949e-01
-2.159576867245527332e-02
-7.884335491896770076e-01
2.555960944043258465e-01
-2.361899501672688473e-01
-8.331768675818596037e-02
4.775474641332204673e-01
-9.344088590591606014e-01
3.106908432077761795e-01
-9.772920934957802785e-01
9.728823615391744006e-01
9.382249836271255861e-04
6.517558993125773803e-01
-7.553177716144172660e-01
9.961605480416677594e-01
-2.590205804283052249e-01
-3.180462896154887531e-01
3.920649273856842143e-01
-3.887363702451462899e-01
-1.614580784168777594e-01
-3.809323533067525691e-01
-1.146359425683198818e-01
-8.251361612889098751e-01
-8.008687586924601032e-01
2.959732191584005800e-01
7.390008996806884944e-01
7.566233976301306452e-01
9.835843385281035633e-01
-4.889571641348744446e-02
7.114793346125605211e-01
-8.167958452971371131e-01
-1.150225733997436439e-01
-1.734598111801023967e-01
5.504424277108465047e-01
3.869127034179702385e-01
7.824687393334666119e-01
1.821320929483967177e-01
2.326839095612627251e-01
8.214217921979656278e-01
9.313703842894915930e-01
1.702493361526093985e-01
7.181534329743930467e-01
7.182050395827310751e-03
8.898067904256108385e-01
6.190713472563096342e-01
2.601484188677989362e-01
-9.161078742772972294e-01
-9.053563790502257014e-01
8.316240558501442059e-02
-6.867553555648258090e-01
9.209070468068196735e-01
-7.743733011400548705e-01
-7.658375028935688889e-01
5.243119209514326418e-01
5.293133311509085059e-01
-7.343710878644507112e-01
1.834778278026816256e-01
-4.629650651235335257e-01
2.654622978393756938e-01
-1.000000000000000000e+00
-6.301278547369488781e-01
-9.359626349194152262e-01
8.112143551165118538e-02
-5.506257351805350364e-01
-8.112426382194380947e-01
8.316669462520248635e-01
1.000000000000000000e+00
4.891781145486440163e-01
6.941475638193788100e-01
6.548978505762608204e-01
6.004740591989115028e-01
-9.613140489945830591e-01
6.580566632711524200e-01
9.329061412805410569e-01
8.306969563062740480e-01
5.664291417546027940e-01
6.836104984222208802e-01
1.974002248462740639e-01
7.591488756728395071e-01
2.840881623849300652e-02
-6.939100023892308400e-01
-8.851481710871007547e-01
-5.464395702662872001e-01
7.414483031623295695e-01
3.047168329794531783e-01
-2.365863929699443258e-01
9.342304501359094404e-01
-9.757822994171196918e-01
7.038614401253315833e-01
-1.784030924952162422e-02
1.086536995731091082e-02
9.043051937731731993e-01
-7.616022261304855601e-01
-8.587147657914289134e-01
-8.985568380857846815e-01
3.436280594966696356e-01
9.492215857693975245e-01
4.360988423776523959e-03
-6.969096159163035153e-01
8.090976458097306478e-01
9.312845151443887026e-01
-4.179206865356666079e-02
9.568857215231345581e-01
-3.794940857547222102e-01
8.995823860518207260e-01
9.533037931931580555e-01
-6.554035564058069419e-02
-9.046331674116245836e-01
1.462117872449648637e-01
1.000000000000000000e+00
5.665832700255570842e-01
2.850200626473746723e-01
-3.292473801588824411e-01
-9.563744271773697569e-01
9.217184247124698970e-01
-4.021739351253335037e-01
4.072816854983130064e-02
1.292313837416155797e-01
8.977709293046942651e-01
-5.560368032283414808e-01
-2.537326339558965138e-02
3.245406658621667884e-01
6.451366915945315750e-01
-2.649163543195898196e-01
-3.185767749566130735e-01
5.421257486928261482e-01
9.547950220171037561e-01
8.688146104084444321e-01
-3.236922408943098128e-01
2.774760225453183904e-01
-4.973972100029682153e-01
-9.021723839088973129e-01
-1.175817479721443792e-01
6.398357049448768485e-01
5.929880347113427597e-01
-3.571969554915310763e-01
4.664688154698199973e-01
5.990030790163123342e-01
9.688444200860946154e-02
-6.364607325680742278e-01
3.710531840115057767e-01
2.444288526733462419e-02
-8.544012554639048851e-01
7.011439692545542446e-01
-9.351532071803660973e-01
-9.079348154826656359e-01
9.576597374951467678e-01
4.165586610446021520e-01
-4.171435798372520320e-01
-9.152095562927742289e-01
9.417961589792853694e-01
4.415015391818744028e-01
-7.909366389139600440e-01
-1.340774008987675181e-01
-2.297241984284228433e-01
3.402284134644169011e-01
3.637750088999225362e-01
8.056235236409470257e-01
-8.232801801001570219e-01
7.500697400459475084e-01
3.728845014109676281e-01
-2.437877297613502137e-01
-5.145575032128293369e-01
6.579505541399268687e-01
1.477105347495322185e-01
-1.000000000000000000e+00
5.606676570069659693e-01
-2.313333309443872388e-01
-8.059281807607943104e-01
3.546133875179151573e-01
-7.351343596702450967e-01
-9.788451698213023189e-01
2.093084982011499395e-01
5.879038447462270334e-02
7.515258241170088560e-01
-1.788779188157374467e-01
-2.079371614982613026e-01
-7.505505023251441976e-01
-1.734334833768818029e-01
3.393948405801032742e-01
-3.243816407333597329e-01
8.114047475199501758e-01
-1.250023381819691526e-01
9.756337266205077352e-01
-4.784614616581552848e-01
3.378281437190997494e-01
-9.436843488994230977e-01
1.878191807514340006e-01
5.083715797199039876e-01
8.862270648175327725e-01
5.365787856684266499e-01
-2.953111502193748183e-01
-9.483245817748833240e-01
-9.021524633612008071e-01
8.956719554644123615e-01
-6.557089309881386496e-01
6.937324789913410505e-01
-2.157391078608017487e-02
5.156263039645867519e-01
8.552152246287316739e-01
-2.527122943645583319e-01
-1.282999007745644349e-05
5.593397294516495588e-01
9.748162818193661927e-01
2.260597563353323736e-01
7.934491625258861536e-01
3.752916313646936786e-01
-9.880933484466425387e-01
2.142191016251751012e-01
1.765195696972845507e-01
7.248773080979964423e-01
9.968867258099740614e-01
3.190930159683507128e-01
1.246947367514430471e-01
1.986894400699479313e-02
5.609000430411081872e-02
4.525234630153451842e-01
1.119880031496436334e-01
-7.161699976400948131e-02
4.634230388048434790e-01
9.524095905045684152e-01
-6.630204766474925293e-01
5.943223810327658008e-01
2.654508603496673613e-01
5.459734717211044419e-01
-8.000861325487260700e-01
