-5.098263394048159203e-01
5.570844551180458293e-01
9.890729767326857935e-01
1.749613813789971939e-01
-9.025479674580483280e-01
-4.621515566296836575e-01
-9.866203953288914530e-01
4.885582755062278792e-02
-8.953446690490016735e-01
6.424786818357338669e-01
9.821664248632810956e-01
-8.500207265877723906e-01
-4.591769799947498232e-01
-6.998133661356842339e-01
-2.067101111726454832e-01
-3.789106013154031616e-01
1.857825337961649392e-01
5.200031858349103420e-01
6.217680803510340359e-01
8.102497641763208858e-01
-1.637284672645338279e-01
-6.270825500433496735e-01
8.400715110677645647e-01
1.084543356199419994e-01
3.580757474339235635e-01
3.795545941126803324e-01
-3.544751578217322230e-01
-3.695150534464690661e-01
-6.715433310017993040e-01
8.207313872442814073e-01
3.622373980891424594e-02
-5.187333719478757210e-01
9.600192157989491104e-01
1.378611176529160876e-01
1.683828493088679323e-01
5.595527754347773275e-02
5.998558582108362014e-01
2.639040848241422932e-01
8.180295241748805068e-01
7.035480129457716281e-02
1.215375077042188945e-01
4.960913299868792148e-01
-7.237339191409686290e-01
-3.089861835112681088e-02
-4.574381038842272873e-01
-7.726627755032837719e-01
3.021274479602256147e-01
9.613989960780306987e-01
3.986623483648310540e-03
4.978567062867766957e-02
4.603284104172633562e-01
-3.399614738394540758e-02
2.391773474520970666e-01
9.730541964905512486e-01
-4.374334775589416857e-01
9.050011006398639424e-02
4.924190730572064467e-02
3.673137638836911911e-01
-1.491062252941852684e-01
-2.617817876515744491e-01
5.990019964013026943e-02
-5.245828753254986321e-01
1.990402852831021363e-01
-2.278371140026014263e-01
-3.247720771251327854e-01
6.526702989321619963e-01
-3.078577685677652553e-01
4.221227671891947253e-02
2.028631149727966321e-01
-8.691110651009714694e-01
3.644618530040728555e-01
3.695031956524981176e-01
-1.330752042132536950e-01
-2.923038464967664396e-03
7.814043263596346378e-01
7.932498849557687581e-01
-2.016316054738465091e-01
7.440748490398483295e-01
4.781286186850326470e-01
-4.772043786977719915e-01
-5.089291691925001970e-01
-9.014152805707964511e-01
-7.628801106248388475e-01
1.637537506741566506e-01
-8.793502266378452337e-01
2.912511759906641906e-01
-8.822073711587017364e-01
9.535634686695317885e-01
7.509413033939105198e-01
2.453698202594174482e-01
2.600436911598333900e-01
7.817015074124022966e-01
-3.702434279738371359e-01
-3.124459088541324259e-01
6.768036747651406948e-02
-2.730152225062936200e-01
-2.050235762452186083e-01
-3.926266602925807536e-01
1.600905932379859120e-01
-6.925999185926661195e-01
4.641385436709870027e-01
2.555903473693375005e-01
2.867121224353437192e-01
7.264534764260262012e-01
6.653616319722561734e-01
-1.109472183066941842e-01
8.700071681486343245e-01
-2.667498918032813471e-01
-4.539435439438950226e-01
2.597861177164660362e-01
5.434555265315690331e-01
-8.634890500481380293e-01
8.163936328037557644e-02
1.000000000000000000e+00
7.198370434827934261e-01
-4.645146580806391867e-03
9.763088502570067551e-01
-3.624766939323009751e-01
8.541932320337122242e-01
6.786498487053640449e-01
4.517414459102229163e-01
8.052927591137490904e-01
5.151001742972984854e-01
6.314977518476663221e-01
-3.868671405822844966e-01
3.580217460701491383e-01
-2.640755720103353799e-01
6.946177301389955261e-01
6.957828686041032107e-01
-4.809578414756470188e-01
-5.125902121658001409e-01
-7.634533377725882808e-01
8.512010809919567933e-02
-5.219734901461652310e-01
7.878239162753069014e-01
-5.212916846680060168e-02
-3.268316396618416997e-01
-9.053370836815373135e-01
7.835555621544141314e-01
-3.879637482937561277e-01
1.608496368803280507e-01
2.249405765887175779e-01
5.755952818764422663e-01
-7.204782554754185497e-01
7.778974245032022061e-01
6.344384966664995407e-01
-2.846561271961547401e-01
4.043624992781456040e-01
-4.575554613398564729e-01
5.841799447997366723e-01
-5.746480712648707190e-01
1.137093189620408396e-01
3.507916859159125877e-01
2.970212395232910696e-01
-5.286366543401410656e-01
-1.825198906541625199e-02
-1.480984330712044328e-01
-3.094455001260643101e-02
-2.903455318049579237e-01
-9.001193476698046148e-01
-5.482266535031536936e-01
5.631311062694446257e-01
9.916788540977237165e-01
5.921928658884560992e-01
-2.253521755838350238e-02
3.466730544423306526e-01
-6.046669130315907026e-02
-5.798245327027922169e-01
-1.344454566420094643e-01
-1.862315999468178163e-02
-4.095062482409095317e-01
4.913184449325691538e-01
-4.117770574390441918e-02
2.208203708017638656e-01
5.321468383351084519e-01
6.684849457883259571e-01
8.408854841627326770e-01
4.866049167203296832e-01
-3.355123108901552076e-01
4.104085601134875860e-01
3.646218375218219787e-01
1.947195645572454836e-01
-5.672902465524825022e-01
3.401245920606320028e-01
-5.887799665520307979e-01
-5.505095704586269179e-01
2.160627099384528904e-01
-9.968945466152763224e-01
1.861070381428056031e-01
6.653351789586385845e-01
7.770631435000163734e-02
6.193318094661366402e-01
-4.447784099706770800e-01
-2.292695548249066295e-01
-6.347368356962619362e-01
1.230964393753917197e-01
4.053082248434067836e-01
8.196081568322727273e-02
-8.555968692847419899e-01
5.976728520597583694e-02
-9.704477376690436863e-01
2.792960780915125785e-01
6.832054922897516924e-01
1.175044013531703069e-01
-9.068606634705040914e-01
8.326945532085128221e-02
-6.537653418525755100e-01
7.811158713011903121e-01
-3.802333543677094418e-01
-2.110890518310090391e-01
-5.972271162275939460e-01
-5.214455984375945263e-01
1.620773200760856625e-01
3.549445388027012704e-01
-9.225713412906693112e-01
3.237584903111836443e-01
-9.223775812412882136e-01
8.923401631102934051e-01
8.813128353662103009e-03
-9.164297194839607918e-01
4.980449447705006527e-01
-8.597118987570777637e-01
-8.718074240598256974e-01
-3.033072533261156334e-01
9.717419583199935484e-01
-7.895599613566861574e-01
1.755578879894705846e-01
8.794353824784413298e-01
8.689017134457877045e-01
9.879073422335773458e-01
1.517339475282741823e-02
-3.394179797615826111e-01
8.951837489440219731e-01
4.687901008279853343e-01
-1.797193447378302444e-01
-9.641798059508981389e-01
-6.321659120167740648e-03
-8.439485269458297800e-01
8.471158782027412570e-01
7.831747278992782224e-01
-5.368842621085696543e-01
9.154206362068491032e-01
-1.121950162916174332e-01
-1.182099286342306321e-01
8.701690234071388641e-01
8.283024912597196643e-01
2.521653889202494225e-01
2.627744727354763832e-01
5.648602851934618752e-01
1.532808884429346374e-01
-9.214457624564917904e-01
-7.568729798060380709e-02
-3.394143504375852771e-01
2.604160246080504670e-01
3.778674059335740409e-02
-4.218662448628224260e-01
1.241587506435286592e-01
-4.878951268296813915e-01
-4.869985944866395133e-01
-8.764113780506634921e-01
4.903296459273158714e-01
9.135494942076567426e-01
8.484854732526052601e-01
7.331398148833934147e-01
-8.580608807512635217e-02
