1.000000000000000000e+00
-6.651798345906521082e-01
-1.000000000000000000e+00
-4.083092225002862841e-02
2.006416529589911679e-01
8.778861410705696144e-02
1.000000000000000000e+00
-7.028174142073908559e-01
-8.594599589717459853e-01
-1.000000000000000000e+00
-1.941360665387215079e-01
3.868768609279904513e-02
3.600023230354821857e-01
1.460589361457506064e-01
8.866619405382569763e-02
4.868383106679161632e-01
-1.000000000000000000e+00
-4.300412093991046181e-01
-5.876373085548737274e-01
-8.208535399521343923e-02
-8.005309441766872425e-01
-3.108239283632108774e-01
7.394531823159481432e-01
5.059876847798918664e-01
4.084753693569239674e-01
-9.669716624741735156e-02
-8.036587832635818662e-01
-1.000000000000000000e+00
-1.449416317514022889e-01
-4.941903992951020008e-01
1.000000000000000000e+00
-3.077897554449091633e-01
-3.952775855011315953e-02
2.774509061493103390e-01
7.364480615009481035e-01
6.189561787123467607e-01
1.000000000000000000e+00
-8.635913353862867403e-02
8.062156952279870836e-01
-1.325510616729823066e-01
-2.717684481412729336e-01
1.762597857310634064e-01
-3.239782084299872578e-01
-3.321376805168657631e-01
1.000000000000000000e+00
3.657186761181564494e-01
-3.726354324005882179e-01
5.983775346458310995e-01
1.843373935247666351e-01
5.801268790813135512e-03
-3.485398942789260102e-01
7.907205320833143869e-01
-6.843678079911750256e-01
-4.277951929394022690e-01
-4.168645950102740638e-01
-3.372921007686963679e-01
-1.000000000000000000e+00
-4.397081114215678488e-01
-1.000000000000000000e+00
6.502483040235904621e-01
7.071310050418642135e-01
-1.000000000000000000e+00
6.812441010481233850e-01
1.000000000000000000e+00
-1.000000000000000000e+00
-4.147562308884286120e-01
3.412339951416322181e-01
2.683766455050714539e-01
-9.668777348440114050e-01
1.000000000000000000e+00
-2.831802646875473117e-01
-4.496664879844448626e-01
4.634671962815582469e-01
6.160029646382987334e-01
1.118571252838925500e-01
-1.000000000000000000e+00
-6.300963785940907336e-01
-6.712528011184470955e-02
5.629167001961803418e-01
-2.370901658527956313e-01
4.437816510454634655e-01
6.896521019884060966e-01
1.000000000000000000e+00
8.805722248957766896e-01
6.842746091365085048e-01
-6.975758318082619924e-01
2.772686885961018199e-01
-6.908896794036246680e-01
-8.448958168196921692e-01
-6.663618398189896652e-02
-3.875429294443544226e-01
-5.153802597270484842e-01
-4.973423913802350604e-01
-2.905399564033951942e-01
-1.049195735922893447e-01
-3.292535760348243024e-01
-6.621591649095802667e-01
1.000000000000000000e+00
-8.911591409215304793e-01
-9.514701849670894607e-01
2.461401789687009123e-01
3.212647851748425820e-01
3.172617362221601400e-01
-4.533914643495926544e-01
1.000000000000000000e+00
1.417934209480560259e-01
-1.445666764504441870e-01
-1.414067031721981671e-01
1.000000000000000000e+00
9.358943770417589292e-01
7.810036982618024926e-01
9.822079876190674685e-01
-1.000000000000000000e+00
-2.903344805199113421e-01
-4.185045976854134819e-01
-5.050347809814081934e-01
-2.239793171263964322e-01
-2.515842752801935034e-01
1.898994232837081242e-02
4.030784393055379944e-01
-1.000000000000000000e+00
2.959595873047482506e-02
4.064566265342838269e-01
3.643776987753650221e-01
-9.989031225904645428e-01
-7.699660713452738392e-04
-1.303915236118851906e-01
-8.371535786832112747e-01
3.878992032048024230e-01
-1.000000000000000000e+00
1.571558033644474550e-01
-4.127398260969226684e-01
-2.834704409556532134e-01
-1.932283078883084704e-01
8.560201105061754356e-02
7.244650151837976892e-01
-2.111712725413789071e-01
2.457371198529774980e-01
6.960030935143735054e-02
5.813022326587774513e-01
1.000000000000000000e+00
3.104433670075428253e-01
-3.221731930298958879e-01
1.434652675284814882e-01
1.000000000000000000e+00
6.355975788375561875e-02
-3.514803986546495285e-01
4.213783809273491943e-01
-3.761975881418994083e-01
6.370944065206942675e-01
-9.371546093124143439e-01
-5.565437432373214754e-01
-2.351417304763896432e-01
-1.000000000000000000e+00
5.551679179721499824e-02
-5.029553312450040226e-01
-4.723065290110355363e-01
4.332034525245799239e-01
6.710493077992214506e-01
1.000000000000000000e+00
2.874771890776735006e-01
-1.000000000000000000e+00
-5.875079663623501425e-01
7.044198881195371520e-01
1.000000000000000000e+00
4.714606789052110392e-01
-1.000000000000000000e+00
7.015686111612428055e-01
-2.387755040758909875e-01
-3.141748733880118660e-01
1.000000000000000000e+00
-5.641409573861321247e-01
-4.018910135383862992e-01
5.869713210122053937e-01
-4.790637062047657380e-01
-6.534950458698441933e-01
-1.000000000000000000e+00
2.024109338153720072e-01
1.000000000000000000e+00
8.632472504354957721e-01
-2.694854889103018847e-01
4.083631847513589097e-01
1.000000000000000000e+00
-3.786725248957576451e-01
-3.209952086047688224e-01
6.361447579565833177e-01
9.018781146082786027e-01
-1.419031613164206396e-01
-1.000000000000000000e+00
5.764801046630014802e-01
2.389786747902156172e-01
5.260953804382201282e-01
4.933412688914664557e-01
1.000000000000000000e+00
8.852201008392233117e-01
3.966979324681708663e-01
9.021758143068292490e-01
-1.000000000000000000e+00
1.000000000000000000e+00
-4.018996985123587384e-01
-1.000000000000000000e+00
-1.000000000000000000e+00
-5.924251136787261895e-02
-8.479386222527334205e-01
-5.506759516302225377e-01
1.000000000000000000e+00
-6.245488743220786731e-02
-5.737854262611646883e-02
-4.140526401395994149e-02
-7.161538698989554641e-01
2.910817517141147670e-01
4.378396419300873976e-01
4.752920110448922153e-01
-1.031732338042236075e-01
-4.188876889020226590e-02
-3.610838074181260127e-01
2.504312643050988219e-01
3.171989734176679510e-01
-1.000000000000000000e+00
-8.780124147920399524e-01
2.795300892314813712e-01
-1.000000000000000000e+00
-6.126347514860652765e-01
1.000000000000000000e+00
1.000000000000000000e+00
-4.408624015794040396e-01
-4.082920655014498634e-01
-7.356198040636032776e-01
-3.546781103760571208e-01
6.168313953740109934e-01
-6.978862201807523036e-02
-4.532728282763710537e-01
3.834763209141855977e-01
4.467035409857177397e-01
1.000000000000000000e+00
-9.015903033259161647e-01
-7.069800540901589603e-01
1.000000000000000000e+00
6.806797131274811008e-02
3.227871265093179565e-01
4.694715059632031950e-01
-1.384367532873406748e-01
-7.705722621757018498e-01
3.800742446391691121e-01
3.267683444694786110e-01
-4.884089867188633471e-01
-4.693639355891522924e-01
6.224024894701037924e-01
-8.189007761234150529e-01
8.665986487304925268e-01
2.866352253946528039e-01
-1.781878073481243940e-01
5.427632254689069846e-01
7.188081049864571970e-01
-1.000000000000000000e+00
-9.917957719497583202e-01
8.519610252900088332e-01
-9.139298202735001153e-01
8.719649718447686215e-01
-5.225108698762933601e-01
-1.710374114659476419e-01
4.487084135274017616e-01
-3.909903826761924606e-01
8.756732053167635144e-01
-8.183890969747946720e-01
