-1.741257271823041797e-01
6.667837961442579786e-02
-4.076415304133871320e-01
-9.722234897941390841e-01
3.829915697159698151e-01
-3.720652919527875357e-01
-4.520492987326076850e-01
2.231327254957081729e-01
-1.945816634922118427e-01
3.778880282245685729e-01
1.000000000000000000e+00
3.018721941550839283e-02
1.000000000000000000e+00
-7.535340487230617335e-01
-3.203430216687307430e-01
-8.217836676969294540e-01
-1.000000000000000000e+00
2.828253392114449261e-01
-1.018976222978145718e-01
-5.850482800146173945e-01
-2.539816903905210421e-01
5.727668784630028931e-01
-1.000000000000000000e+00
1.000000000000000000e+00
-4.800070487709477973e-01
2.549777967111037658e-01
1.000000000000000000e+00
9.989551487475684111e-02
1.721967431771036505e-01
-8.813427958093855707e-02
-1.997474391458290977e-01
9.294464725597463284e-01
6.420066838564730816e-02
7.709545146071949961e-01
-1.000000000000000000e+00
8.077964271720111666e-02
8.910125749118211758e-01
-3.165690020485305567e-01
-8.065971146322964413e-01
7.392693146056292797e-01
-8.255364716558394322e-01
-9.874134241002204826e-01
1.000000000000000000e+00
3.990726978568681638e-02
4.581626375213952440e-01
-5.516251745864357847e-01
1.000000000000000000e+00
-9.158862051347652633e-01
5.801177369770951220e-01
3.667489229019312846e-01
-9.464322862463557806e-01
-6.566327565970137004e-01
-9.783323594719007810e-01
-1.000000000000000000e+00
-3.449856939751957952e-01
-4.855079039697854926e-01
6.929421643512320705e-02
-1.441297704591815165e-02
6.103598987744606186e-01
-2.444751486726198797e-01
3.125820599520113263e-01
-7.191505811829346229e-02
4.630779976170006362e-01
3.424259725665023679e-01
-6.414856380712929962e-01
1.000000000000000000e+00
-1.000000000000000000e+00
-3.771412279483891128e-01
1.000000000000000000e+00
1.702354669682748511e-01
4.156038486537669829e-01
-3.485956323286865111e-01
-4.671778533509380882e-01
7.966868216282307902e-01
8.059554826863817301e-01
-6.600464038821438617e-01
1.000000000000000000e+00
3.625765630403725570e-01
-8.996100187488180744e-01
1.000000000000000000e+00
-6.111244501059540646e-01
1.624164015433269270e-01
3.594581336199837995e-01
-3.935170214683177958e-01
-6.701006800256950058e-01
-6.912563725705733741e-02
3.541682626531116318e-01
-3.735849334988685100e-01
-9.331281091398633265e-01
1.000000000000000000e+00
-8.718650571589938725e-01
-1.424432471664308086e-01
5.691834247482954190e-01
-6.671412775530498607e-01
1.000000000000000000e+00
-3.294545197193876618e-01
-1.723340703000264540e-02
-9.335480132873795744e-01
-3.404232265836152349e-01
-2.803590692083714475e-01
-1.460716421352370453e-03
1.000000000000000000e+00
-6.738267609013198767e-02
-1.000000000000000000e+00
-3.981951155528851150e-02
-1.225899919305481200e-01
-7.803482112022160910e-01
8.733651746299408991e-01
-1.000000000000000000e+00
-1.542661422545973937e-01
5.119605951540190381e-01
-1.000000000000000000e+00
-5.822913464361525460e-01
1.651133075212957158e-01
2.273203795211834466e-01
-2.454515475957081694e-01
-6.204701989617064095e-01
-8.232259692951308105e-01
-9.427056626862106992e-01
7.088120492643301684e-01
-1.000000000000000000e+00
1.969182627575372102e-02
1.000000000000000000e+00
8.052355913019934031e-01
8.483934990142827370e-02
-3.279723922561264549e-02
-2.086297826886935880e-01
-1.000000000000000000e+00
-2.224577569428579926e-01
-1.000000000000000000e+00
4.560337231102031819e-01
-3.996253807947147685e-01
-6.542496366754382287e-01
-4.388083430293854836e-01
7.716631057937681781e-01
5.737741000769990274e-01
-5.140794094704415063e-01
-1.000000000000000000e+00
8.926650188097279282e-01
-1.945278828841634777e-01
-1.134372550542813163e-01
1.000000000000000000e+00
7.344874754274782758e-01
5.597718386223791143e-01
1.000000000000000000e+00
-8.671748737452998901e-01
1.000000000000000000e+00
-4.455051113187219469e-02
-9.544282568740003470e-01
-1.000000000000000000e+00
5.377992463759529995e-01
3.816486363135508375e-01
7.125450998504140321e-01
-2.141438956896293822e-01
-3.880846613473262208e-01
-1.000000000000000000e+00
9.674424501182532499e-01
-9.166092810168602334e-02
1.000000000000000000e+00
-4.647127570523190143e-01
-6.130168834716849258e-01
1.000000000000000000e+00
1.000000000000000000e+00
-5.061782585661335210e-01
2.150762521779017722e-01
7.027392688697996492e-01
-9.560798796971605729e-01
8.305259935768398716e-01
-4.001985431865902054e-01
-3.836142331278137863e-01
3.561998033559735655e-01
1.000000000000000000e+00
2.578318010308076613e-01
6.946406089194606670e-01
8.487053792233494320e-01
2.875555167115128041e-01
3.337101715022116055e-01
-2.835442721044044712e-01
-1.708447564478306757e-01
-1.000000000000000000e+00
5.400115479326423884e-01
-1.000000000000000000e+00
6.578047121255552465e-01
-1.000000000000000000e+00
-6.770631877947365096e-01
1.000000000000000000e+00
1.000000000000000000e+00
8.409645598713864079e-01
-5.946202892599947720e-01
1.000000000000000000e+00
1.000000000000000000e+00
-1.069517101363853251e-01
-2.595390899405198848e-01
-1.000000000000000000e+00
5.489862208893445672e-01
9.498773878881585642e-01
3.191587984756286689e-01
-3.818025937434324502e-01
5.153493392310648513e-01
1.000000000000000000e+00
-7.307134074095308351e-01
-5.011978609113829641e-01
1.000000000000000000e+00
7.727376941182297898e-01
-2.180890748553050429e-01
-1.000000000000000000e+00
1.000000000000000000e+00
8.331439212401958727e-01
-1.910558570489075403e-01
-1.029765884117972430e-02
9.312837290522191225e-02
-9.060103258429216266e-01
1.219465805343544762e-02
1.000000000000000000e+00
1.000000000000000000e+00
9.130269478237772462e-01
-9.632683276567835517e-02
-9.425662658404494465e-01
-7.964720988566050819e-01
4.748658666236773573e-01
-3.547116518719315437e-01
1.000000000000000000e+00
-1.000000000000000000e+00
-1.062535236845761899e-01
-8.476238793401065230e-01
-6.408638817697638324e-01
2.474567275447726034e-01
1.000000000000000000e+00
-6.627976908030954947e-03
7.345177552649888586e-01
1.000000000000000000e+00
5.482724859337424483e-01
2.809406352396510709e-01
5.719373241894973869e-01
-6.495257401836692646e-01
4.081191951122684625e-01
-5.097653908081427598e-01
-1.425699027595828117e-01
4.314055658393048942e-01
9.367612092898800480e-01
-8.637213638794900561e-01
-2.002090507861137847e-01
4.935099705264809344e-01
-5.186402990230252197e-01
-1.000000000000000000e+00
-4.286708388595940611e-01
-5.657958209861257970e-02
9.756371778531991446e-02
4.381958199178068725e-01
-9.506112454134846290e-01
6.513459957177322179e-01
-8.101285547892366212e-01
4.064908264256755777e-01
4.476984319481235042e-02
2.591295566326646815e-01
1.000000000000000000e+00
6.701734138312421818e-01
-1.000000000000000000e+00
3.601551656961935466e-01
6.299354303168095415e-01
-1.000000000000000000e+00
7.185768275535070471e-01
3.125899018364711179e-01
-1.494027219039405774e-01
9.196666426486517221e-01
