2.694633917771943610e-01
-6.765558035792755831e-01
7.378912154211956231e-01
4.043606556560086496e-01
-6.819625539934450753e-01
4.992133489939794000e-01
5.551294112384648205e-01
1.823950774694165222e-01
4.695937481206469144e-02
-3.110735367451211708e-01
-4.732848002428466927e-01
-3.713188068174648748e-01
-9.196439148163997324e-01
-5.076229915589207664e-01
9.892016778458074810e-01
-3.349604415616276309e-01
7.926626278415569438e-01
-1.826279591799802038e-01
9.769645232049277705e-01
-1.855592703767294793e-01
9.061912002787146925e-01
-1.813792825250837293e-01
-3.176582686504954289e-02
5.341723001240084034e-01
7.683335982896262184e-01
-2.418437818762577685e-01
-8.605700474387001364e-01
9.972464569069484641e-01
6.014730527792313541e-01
-2.143796075836761350e-01
-2.637173979791421763e-01
-4.592298097951120206e-01
-3.798915614263589369e-01
-5.120824247234327942e-01
-3.677178387348019051e-01
1.158826691092624817e-01
3.515593421229062376e-01
-1.205927241995168320e-01
2.252235541248891471e-01
-1.786342879639080117e-01
1.762903717118864400e-01
-8.169161932050363895e-01
3.054027407712374131e-01
3.196409249323171053e-01
-8.502223602198217822e-01
-6.202083157463369467e-01
-5.964844408929133035e-01
-2.744095554934717907e-01
9.760300246631370413e-02
1.956098034171982469e-01
-3.886599910531540747e-01
5.617468477525975334e-01
-7.043802771491605164e-01
-7.193775293580233487e-01
7.073220806566504759e-01
-2.618993743164168553e-01
5.302009763906909146e-02
-3.418270801822274052e-01
6.056080450558323225e-01
3.865363767052913957e-01
2.550711829834612088e-01
2.597228448811137458e-01
-8.111509831683237914e-01
3.229676565432049173e-02
3.344656432488701814e-01
1.342483861531040823e-01
-9.631037014163108534e-01
-1.255131184321029991e-01
-2.900548801722844239e-01
-7.447773741996721597e-02
-8.706414914757336643e-01
5.848735939773893611e-01
3.477171103145551001e-01
-8.730934436323332104e-01
-1.256267293997348489e-02
-9.879652951298012464e-01
2.555431199488085170e-01
3.236201489240240203e-01
-6.787529588744416476e-01
-3.914141961183222329e-01
6.687903198340561239e-01
5.062176663675774790e-01
-8.871603941897085455e-02
-6.567394568653308617e-01
-2.454394907201176146e-01
-5.214960702374558110e-01
-1.684785703945516633e-01
-5.933555645198105299e-01
2.230722730332044268e-01
6.508147341818997234e-01
9.711669311087547385e-01
-1.000000000000000000e+00
-5.246508807389937967e-01
4.293966906257340455e-01
2.498784125897612896e-01
-3.647583805620449038e-01
2.948451392271860261e-01
-6.461306437572984507e-01
1.956805329794513160e-01
-4.523427465790426094e-01
-8.137774743958208212e-01
-7.887181226459840655e-01
-3.127818686048033925e-01
6.649423241612704150e-01
-4.322190919380064500e-02
3.970880381968791006e-01
-3.953956254575596851e-02
-7.148252776412037379e-01
3.271058589070085509e-01
-7.929705299210232372e-01
2.098988642186183640e-02
-2.617433512644462557e-02
7.830656619705291810e-01
-9.243445895519317723e-01
-6.657008993829078847e-01
3.195119154458535005e-01
-7.079644902565638276e-01
1.000000000000000000e+00
4.628783802235538758e-01
7.464309571829130796e-01
1.296092817606830927e-01
-7.903880515482113456e-01
2.830735203006904399e-01
-9.951470596494362830e-01
-7.195735697610090575e-01
6.069809035497399918e-01
1.394960590723395288e-01
6.507627277242002961e-01
5.636797187072706272e-01
-3.210162315911731512e-01
-2.149973447095867574e-01
9.347230876191525706e-02
9.614910645201235617e-01
-1.131323711289128342e-01
8.068990705552305798e-01
-7.726886257309282247e-01
-7.905248100951586254e-01
-6.238231071878170830e-01
-2.797923740129086845e-01
9.956050548308581494e-01
5.585325099623275058e-01
-5.106146690001545085e-01
-7.132622138338127193e-01
-1.000000000000000000e+00
5.876969381100252132e-01
9.523997578081153659e-01
8.499190385720145624e-01
3.363876941062966530e-01
7.238799867055789594e-01
4.236230324792857882e-01
-9.239668400340232957e-01
-1.125223983154182150e-01
-9.706606363964545015e-01
-3.290512266495968507e-01
1.102317148904445876e-01
-6.276472045318444160e-01
-3.928341542136903897e-01
2.786272403100520378e-01
5.162072814789972486e-02
-5.821564142366140171e-01
1.726431923937221669e-02
-7.969311596646035945e-01
6.392781487707195343e-01
-4.373111288641622352e-01
3.409508560930705201e-01
-3.466573025669432706e-01
1.258033508398128664e-01
9.451051753103356656e-01
-6.513976587050029909e-01
-6.304531006572842156e-01
-1.044105312390635198e-01
3.853473094712187574e-01
1.543528837883365590e-01
3.545469386553947722e-01
8.558886927296043279e-01
4.221657390757567740e-01
5.910177660121604948e-01
2.054735163832792644e-01
7.121235386712589932e-01
-8.640753504331932788e-02
-7.429085800628354441e-01
-9.864630087194781183e-01
-4.190119610874487588e-02
-8.269680637539589263e-01
2.752826586637577844e-01
-5.398777944690238417e-01
-4.373487118645171812e-01
2.734494685149704285e-01
-8.165010369942398150e-01
7.639042928695281010e-01
3.139794194743536493e-01
3.667494496007392968e-01
2.055913136743824088e-01
-2.092384820178556093e-01
-9.535453427319653397e-01
1.573048402573296034e-01
-5.240793882129116676e-01
3.984634270374307619e-01
-7.109320493918840356e-01
-2.322691067645576979e-01
5.931416750891083112e-01
3.578041047875002434e-02
-6.014768923056312833e-01
-1.000000000000000000e+00
-1.950006126207110557e-01
-3.867334725944546747e-01
-5.940670159569052533e-01
2.039886514317972299e-01
2.929746835458852949e-01
-4.892555870653962913e-01
3.819749628809092634e-01
-6.064609501201789765e-01
-6.081456367050410705e-01
8.334206179906047396e-01
9.841449266170483323e-01
4.784959187518205148e-01
4.651195618423790146e-01
-6.413210379713901732e-01
-4.060640565523583323e-01
-1.769343519273016696e-01
9.045828339397832263e-01
-6.022401868219893206e-01
4.225577329776876168e-01
4.695059347676100447e-01
-1.437633759823064850e-01
5.750666141015711164e-01
-6.032354902372771832e-02
-7.593822611078160367e-03
-2.418196257032789731e-01
5.744973559813608688e-01
-1.520565613505711067e-01
-5.571853529211274747e-01
-6.305925444658064816e-01
4.011675368486329329e-01
-8.673235599701594190e-01
-7.618917786993331109e-01
5.955704227063063350e-01
-3.001794652101753558e-01
3.665656553195366651e-01
-6.567015903387820597e-01
1.223017571504299017e-01
2.146910911936237287e-01
-8.169238156918274818e-01
-4.180163769145515129e-01
9.375100637920150692e-01
-4.595039735014199156e-01
-4.579148206864209758e-01
-3.599208521205350397e-01
-1.081198676076207121e-01
-4.393849834611684990e-02
-2.744045133805490533e-01
-4.346515409050102363e-01
4.341804872614041244e-02
-3.054274305724459793e-01
5.265779419427363273e-02
-3.719999649755925120e-01
5.454068112785510625e-01
-5.992056784115520340e-01
-1.217528950144537436e-01
1.195227861245912182e-02
-4.964073983212333729e-01
3.603118282783864812e-01
5.788929958877664372e-01
1.000000000000000000e+00
-1.039648535707957677e-01
