8.043224923395915216e-01
-2.734141345374225818e-01
-1.136044143034642406e-02
3.597656713813099927e-01
2.291985991011515900e-01
-4.870936945714552380e-01
8.704481523959997080e-01
4.022311542438008480e-01
-4.602324731997997631e-02
2.182015860537214746e-01
7.211828089628875560e-01
-8.184755218781194497e-01
6.858386497744628496e-01
8.406764393108556721e-01
2.129510253263600106e-01
-6.180037543645662268e-01
-2.216108356351074171e-01
5.353900579520954883e-01
-1.215474844221851036e-01
-1.265565098750444095e-01
6.943954047619760317e-01
-1.588125448813593188e-02
-9.448517809930079281e-01
7.851259775727077450e-01
-4.186596812686012026e-01
-6.140380802860287979e-01
-8.582436612348192106e-01
3.319658311498050463e-01
-9.358875908017518785e-01
2.474320108134897556e-01
7.471334852080870892e-01
-5.697302108908319784e-01
7.005344724855722127e-01
-8.004849600236669804e-01
-5.108771190174630217e-01
-8.711373661140724423e-01
-8.174210938078358968e-01
8.925591832803789760e-01
-3.504185818703651201e-01
-1.321312272706740565e-01
-4.764024191284070842e-01
9.928742218947255171e-01
7.983005644781593357e-01
3.616311498809166025e-01
3.219112778600232705e-01
8.505033825279393334e-01
3.991229688965627354e-01
-4.199887414757770276e-01
-5.260021012711906252e-01
-2.483162190839727224e-01
-2.056379559889984776e-01
6.574110052754353894e-01
-8.322178625384422102e-01
9.444170394589117556e-01
8.295252170331257613e-01
3.996334034735429253e-01
-1.137422277342621801e-01
5.805661478596710889e-01
8.047571938448754292e-01
2.368381995247348382e-01
-6.592134909265718878e-01
-6.415570204003337995e-01
9.393800700362271439e-01
6.707894389236135346e-02
6.844813687595208140e-01
2.075117217947060055e-01
3.871622794862010775e-01
-6.038957406257736693e-01
7.172985913458151952e-01
-5.593676628346069268e-01
-2.684772432013879939e-01
-2.701691389539058186e-01
5.377991317327919241e-01
2.137165944211303348e-01
-3.128611062230710615e-01
-9.492779686327490474e-01
2.809330551725035541e-01
-3.379288887750591108e-01
-1.746872829630670143e-01
2.392007954906083533e-02
8.214371499972403790e-01
7.556771968438387166e-01
-9.603772034953503844e-01
8.358462962373998106e-01
-5.915946753571137418e-01
-4.913784610368420180e-01
2.691006592608611858e-01
3.356910843653241328e-01
-9.750013282295366679e-02
-2.205240774719015029e-01
-6.379844494325381810e-01
-6.726809305280241347e-01
2.701870471541467644e-02
7.912611687480219924e-01
-1.751463213605375380e-01
-8.381626308771714662e-01
2.733330273505822916e-01
-4.761464979971383182e-01
-5.305994613576758834e-01
-5.862876674357424545e-01
-2.115246877096295108e-01
7.130007702811517190e-01
7.825835854470390984e-01
7.319422499626622169e-01
1.967238286001233849e-01
-9.130670602623953691e-01
-2.043826934749801705e-01
6.161330755310794327e-01
1.234750676262028612e-01
3.848261023252323998e-01
5.745801617514620929e-01
7.578554047121661696e-01
-1.948282493169202212e-01
2.321517496143126191e-01
-8.587480437757295526e-01
3.214162387970525003e-01
-6.042566837623202236e-01
3.033957370278791421e-01
-7.230821410142078687e-01
2.825584868357666757e-01
-6.009311220799953279e-01
1.609249348772878729e-01
-9.065150252930600505e-01
7.443652420478530374e-02
-2.230282379707393681e-01
6.599127354330098782e-01
4.506872737449654220e-01
4.866438702742164057e-01
8.923381627325610577e-01
7.431869513311555320e-01
-9.634068746445807463e-01
-6.767586337288962195e-01
9.040993258409422140e-01
-1.557081783196658242e-01
3.674000441272218254e-02
-1.445624098641209443e-01
-9.061033782168583794e-01
8.721656371320329892e-01
5.301057237635735664e-01
2.794727203824654005e-02
7.739309349391763071e-01
-3.097188833069706160e-01
-8.076988606106423330e-01
2.702082991956986646e-01
-9.676002005579942278e-03
-8.194573020660307350e-01
4.714978549480195458e-01
3.579996447342514987e-01
-2.088560654476350198e-01
-6.260995294039273240e-02
-3.183675375288453901e-01
-5.501730511166602611e-01
5.234888946965963186e-01
-2.488233276806719463e-01
8.249192450399318588e-01
1.345907824330458968e-01
3.066806059105839921e-01
9.252637703023407489e-01
-5.854761920024516009e-01
8.490108306350079292e-01
1.116723054036680429e-01
-6.619904913600591079e-02
8.802594352198425121e-01
-1.971869045377272478e-01
-5.726439607323838832e-01
-6.331239404786059843e-01
1.265662398679248124e-01
-2.988752370381171364e-01
7.305820802249629597e-01
5.360522799727478194e-02
2.243024926547683151e-01
-1.678181095568009873e-02
5.872695489214729836e-01
9.952379687996404378e-02
-1.132671108563212403e-01
3.244500609292069182e-01
-9.734697024195659854e-01
5.589030335327527244e-01
-5.823873340042438063e-01
9.492256921706136996e-01
4.065274344975429166e-01
-1.972496978535964729e-02
-5.102500135743877063e-01
2.295944860580956259e-01
6.696537706244605204e-01
2.953970500201952287e-01
9.737430724297853057e-01
-7.063940158227566268e-01
-8.717359803809137109e-01
7.450767191615734752e-01
7.059579009010752415e-01
-1.414915344146222276e-01
-3.141692051389083362e-01
-2.541329954481211795e-01
2.702072338966576837e-02
5.693828085899346192e-01
-6.297577633408185660e-01
5.880527709361680344e-01
4.918541514391288061e-01
6.250730202793699508e-01
-2.123239716929021803e-01
4.074693314688517809e-01
-3.053377482950463961e-01
4.315697247510519308e-01
-7.629029629571881799e-01
-5.046843088008894362e-01
-8.998523694011293372e-01
-4.643386696829152616e-01
-1.182569388756586903e-01
7.534882850730428849e-02
-1.075211452591064987e-01
7.396622355449333774e-02
-1.788497011109692336e-02
-6.503247528909228414e-02
-3.230473557150004282e-01
8.111650977644166982e-01
6.202594874836131478e-01
-5.832396637745518309e-01
4.389839165830351497e-01
9.260896182380238262e-01
-9.861459493736801640e-01
5.471431903672967501e-01
6.863421473123354488e-02
-7.066405793269749935e-01
4.321046179240053409e-01
7.843375155362841689e-01
-2.055908413802574053e-01
9.151921825372317798e-01
6.403144448978468350e-01
7.979285987009472336e-01
-8.848968010789430849e-01
7.764069689691104337e-01
4.925554062563566315e-01
-9.995540527828750132e-01
4.971598221835789033e-01
-9.425328880464629577e-01
-8.926680875449541919e-01
6.710514185686924371e-01
9.774695761942245320e-02
-3.827897235796995368e-01
3.461145778614671542e-01
4.849903432791760061e-01
4.477584774955170044e-01
7.620144105418008573e-01
-9.811267210775780345e-01
-8.155609899687819020e-01
-8.928884036349316045e-01
-1.877821398253218810e-01
-6.634940788121053146e-01
6.791078052041779056e-01
-7.694744162241915486e-01
1.115907272691734065e-01
1.248349774653463307e-01
4.669039955090972249e-01
-8.078751409794642235e-01
-1.282211090183078550e-01
-8.539412224381223160e-01
5.714836225694226446e-01
3.134330330765953132e-01
1.432878109453974425e-01
7.004956759075997574e-02
-9.600636815440086735e-01
-1.018748139499394689e-01
6.333012251020386785e-01
-6.766562476516790881e-01
