3.051448524197333256e-01
-2.934973638021549647e-01
-1.877052785055426387e-01
2.822539094165621432e-01
-8.924840764963244411e-01
1.671738855623492448e-01
-4.788579190994610713e-01
2.187492172275740110e-02
-3.008608962886634153e-01
5.968670765656591826e-01
-4.901659214707599910e-01
5.518419026779757264e-01
-8.650502231150433152e-01
4.843121927967897200e-02
8.500942754106410870e-01
5.027658987701011384e-01
-7.996238477799293420e-01
-4.091433381439006922e-01
2.991028775164528142e-02
-4.003598428727080938e-01
3.063281960131915005e-01
2.919802828241373494e-01
-4.998959790997314911e-02
8.280870872107306546e-01
-8.166238299674533074e-02
6.459595647530276263e-01
-9.043207587965278460e-01
-2.343823295510916171e-01
8.297853298658798282e-01
4.580929467480925332e-01
-3.038711173789461206e-01
9.447779861624233666e-01
-8.976916049565538680e-01
-6.458942218444435612e-02
-6.945559348843799441e-02
-6.148089273021948298e-01
-9.268640223630426611e-01
-6.725910917317063920e-01
3.058800508493935144e-01
-3.419699858153153471e-01
5.954058030512943134e-01
-5.047126639080061761e-01
6.651646457042112992e-01
7.274174780761977210e-01
-1.000000000000000000e+00
3.215992682185240259e-01
-6.485901764834789418e-01
-3.810380441903724602e-01
-3.148575873890169241e-02
-9.781188978019852431e-01
9.282282831512911336e-01
5.041737474978079669e-01
8.213780709244529188e-01
9.069805489565507806e-02
6.383379301223814917e-01
1.021430374972307487e-01
5.791711280143319041e-01
4.713227296262220145e-01
-2.398682232582527440e-01
6.871162156772079310e-01
7.338424999182147079e-01
8.347811408839937997e-01
7.092860726770444657e-02
6.413302327340855147e-01
-7.777226310071965187e-01
-4.477329163161396508e-01
-8.656610117526719606e-03
8.258084028393628540e-01
-1.522960376263804427e-01
-1.483651645543764275e-01
-5.073815371981638123e-02
-6.002402149599210812e-01
-6.633021173173407892e-01
8.920603247424703230e-01
4.008401489110743343e-01
4.086806156342742691e-01
9.141079500302977667e-01
7.081365799093575220e-03
2.836398303219822559e-01
-2.675428313545478165e-01
-6.232380538758768296e-01
1.574585869309719222e-01
6.163018296168722987e-01
-5.161837817683569973e-01
2.681464595608512580e-01
1.899476216684263807e-01
2.896324940206260745e-01
7.463826113457185940e-01
-6.045774832168597790e-01
-7.147478993906286604e-01
-8.664094073197261547e-01
6.938242460446795157e-01
4.712626925581953063e-01
-3.006475236058896439e-01
-2.775268615581434339e-01
-4.475207906776241806e-01
6.104727267857412709e-01
3.707400560549178881e-01
-4.250838733821451498e-01
6.871313587351675078e-01
1.000000000000000000e+00
-9.690760192709946264e-01
6.504226307001583773e-01
-7.309705246812892021e-01
-8.144523622861428169e-01
-8.413799129890591200e-01
3.619107082438111078e-01
6.715812773230076527e-01
6.411574698426760754e-01
-7.433251273121523894e-01
-2.598266659791886868e-02
-4.687339274049568960e-01
7.798514325833232341e-01
-2.563195143900072193e-01
-7.016800308652679785e-01
9.487687325212270650e-01
2.231220539466582942e-01
-2.697150019335448068e-01
-3.918166505773368335e-02
-7.528128053275515708e-01
-4.321992793580817782e-01
-3.055809890221812264e-01
5.465966501287446988e-01
-3.610038299254889615e-01
-3.467129905182608773e-02
-2.669157448671959365e-01
-5.099547399155630600e-01
7.656159080702675812e-01
-6.629179027128735413e-01
-8.371316092703092737e-01
4.196409836155139406e-01
7.569198486104643520e-01
6.554288904637779467e-01
-3.060542354793205355e-02
3.626648088239226020e-01
-3.834374833058558085e-01
3.223400655016677163e-01
9.136512495153727986e-01
6.734382235519937865e-01
3.414915796280431071e-01
3.234111299905271242e-01
-9.942452110641479823e-01
4.356557758288814863e-01
6.906133616699039468e-01
-9.623894941054396135e-01
-4.461139124529274191e-01
1.799930362923380933e-01
5.563898869217354104e-01
-9.239557568364791251e-01
-4.700367521093351542e-01
-1.531981853744347477e-01
7.068612091594010938e-01
7.780285076979205350e-01
7.623247403452202420e-01
-6.543814895246533592e-01
1.588187535241549764e-01
-4.023772281451567512e-01
3.501448124812625018e-01
-1.634931709782452280e-01
6.951310517402420341e-01
-5.505798081609214467e-01
6.180870581995550062e-01
-5.819450070575866718e-01
-5.830623464929725053e-01
4.213130716870192582e-01
1.166766214743539809e-01
-5.387723333470304521e-01
9.970916978353736582e-01
-3.965743723549806088e-01
9.862418852724512686e-01
-3.233860518235294190e-01
-8.834054325859952428e-01
8.513461351332924920e-01
4.855985501215249744e-01
5.233156134058711828e-01
5.210749436397763557e-01
-7.909091123419331737e-02
-5.368562514227799287e-01
9.322834920692926186e-01
7.021593880898826523e-01
4.813260417438398608e-01
8.502131167106750098e-01
7.240785294690905705e-01
-6.763670357813322820e-01
4.536296674804600748e-01
-4.644393715636159770e-01
-4.809933487051563095e-01
1.248179257462276315e-01
1.657429162033250414e-01
-7.760965217117898884e-01
9.629543701446279247e-01
-7.160601418679937158e-01
-1.000000000000000000e+00
4.256113856680210361e-02
1.598629604665613435e-02
-8.879570193127095390e-01
-2.367518000824679891e-01
-5.045131883282731877e-01
-2.485217741485097331e-01
4.397117853588632386e-01
4.711612745183433315e-01
5.444259929620498539e-03
-3.967474119569103230e-01
3.249210481162889685e-01
-8.840806931605915686e-02
3.136886150354414315e-01
-4.924358879552565016e-01
-9.340625921018022026e-01
-9.419372731833905998e-01
-9.108324846691124854e-01
-4.413530321730871897e-01
-3.437046642086423187e-01
-2.201592808908049148e-01
3.518726657552391224e-01
6.399145018098861826e-02
6.284251975492922693e-01
-2.956263624978672233e-02
3.569628255702257391e-01
-7.107363905405148508e-01
-6.194838945164933275e-01
-1.143472105097336211e-01
-1.700212765530484393e-01
-4.989610346302386645e-02
-2.761021626905169057e-01
3.275999485487819385e-01
-7.857068535380860030e-01
-6.352518927782035973e-01
8.008107946071127969e-01
2.754457625580368774e-01
7.203118230387361987e-01
-1.105095230198387402e-01
4.923957201020263685e-01
7.401205724718173951e-01
6.103884962233518952e-01
1.782816929637971448e-01
-3.762256202128806404e-01
5.932371750857023951e-01
-5.845348398028280545e-01
3.951231645334938314e-01
9.070890962157189819e-01
-9.646947854350405027e-01
8.608244021864941420e-01
8.813434527194456969e-01
4.524307059759085092e-01
-1.538769122087748631e-01
-8.412268840277663529e-01
1.518771062698265339e-03
7.477529305406296345e-01
7.892590417038942707e-01
-1.648411471072059875e-01
5.690662082401991562e-01
-8.226767748353704945e-01
-2.246624736118236765e-01
2.200648309117601009e-01
-5.402273606379865978e-01
-8.112228515366255444e-01
7.337431300844858839e-01
-9.488448044813937443e-01
-6.579231193638219732e-01
1.294735381081841830e-01
3.406118821565033983e-01
-5.455658683393505015e-02
4.783899701057903187e-01
-4.496062911015350494e-01
-2.017590474040829029e-01
