-2.317151196773155064e-01
9.794044774198737979e-01
-6.502308250959013547e-01
-3.311174588401344376e-01
-1.000000000000000000e+00
9.958438654484216279e-01
-2.795823138128634699e-01
3.451677901913041691e-01
1.185536540555481994e-01
4.486575211963332865e-01
-4.398159377518353619e-01
-9.688816994402529303e-01
-5.658411010468180624e-01
-4.914384565257081672e-01
-4.006897920360897869e-01
-2.305964811576232676e-01
3.844637929680196908e-01
4.212423736424187881e-01
4.046844961272231256e-01
-4.572549275412742809e-01
5.613869429232640762e-01
3.928431652733534452e-01
-5.186449271227293600e-01
1.000000000000000000e+00
3.114637541547761179e-01
4.878046237412511643e-02
2.122228939260928093e-01
7.339390929408629027e-01
1.510657779563302494e-01
-1.191102576680454633e-01
7.444006318395992583e-01
-5.360106837409202019e-01
-5.334248710086159084e-01
1.389399870657774261e-01
6.606222780449473309e-01
2.693765251615561351e-01
-1.371349654727669343e-01
-3.759875639885313370e-01
-7.808062552244559029e-01
-6.352254381205962863e-01
-9.562406680443327200e-01
-2.317271255730108878e-02
-3.703418858645790568e-01
-2.494481914735556805e-01
-8.824944322346459646e-01
-1.456370636259711748e-01
2.530452003787620960e-02
-6.245326375724238321e-01
5.196403953035746981e-02
5.950540288403294298e-02
-8.287638122595152312e-01
-2.025208675100924616e-01
1.096947612015236051e-01
-5.502853114137489232e-01
-7.703057284962919748e-01
-3.451242500737317642e-01
6.804608902928410696e-02
-3.022069458410663323e-01
-3.405325754568345187e-01
-2.392986406232675833e-01
-5.465747089339424436e-01
8.416969841167314392e-01
6.743929077353260082e-01
-9.803619681585097334e-01
7.901169584858103168e-01
-2.231189296621426399e-01
8.609802523355325476e-02
-3.023955681719782129e-01
7.499370424834610471e-01
2.441453497556556052e-01
4.933870482591085072e-02
5.543125293701701706e-01
5.351124098063653189e-01
-1.129458009703058763e-01
6.939014683371849124e-01
-3.280155702970581344e-01
4.129916994905812322e-01
-3.192557978832488152e-01
1.716254498136393636e-01
-4.852008037216023473e-01
-7.303744492847759062e-01
-8.444010781734272442e-01
3.879853824788906391e-02
4.931949015338511488e-01
-8.361003594455762578e-01
-3.012466495681888068e-01
-5.935771997748764406e-01
-3.100072180919429821e-01
-6.558313471076501755e-02
-2.060886122857755187e-01
4.512899471065947021e-01
4.198372494369175811e-01
-3.040964041224586412e-03
3.501823222170501460e-01
4.931671612445645003e-01
4.722000249453232185e-02
7.917862218227744719e-01
6.725904930005872639e-01
-9.829870732737955308e-01
4.223471882166115465e-01
-3.412520004455331102e-01
7.567507876564120162e-01
-6.545720655760479678e-01
7.031627662070718543e-01
3.707895520884596507e-01
-5.654699713570323638e-01
-6.121584597604693423e-01
5.312462530906985059e-01
-1.412483277227131184e-01
-4.648090571456833242e-01
8.936526413494391141e-01
-4.719151060589849012e-01
-6.157185619935512388e-02
3.025370828092722730e-01
-1.986531835134196233e-01
-9.454605659120627337e-01
5.362893258909433580e-01
-4.000488570306988123e-01
3.575185542703386288e-01
3.422936216473933535e-01
1.703960055406579244e-01
4.335254263003650577e-01
-2.576224885054033686e-01
-4.906856204842291458e-01
3.816826743170186331e-01
4.519274799493677164e-01
6.115731251642232691e-02
8.998217045622515231e-01
-1.732588318032303731e-01
7.179462713644062521e-01
-1.842748329480852487e-01
7.039797310449213974e-01
-4.519473386509989532e-01
-8.084100015049562604e-02
1.005520107142584552e-01
5.808669335583105386e-01
3.967191547552504360e-01
5.415811600060832509e-01
1.683803523132418600e-01
-3.009232421206792241e-01
9.744308482141043060e-01
3.255463136523606416e-02
-5.931515471282512442e-01
-9.782685270753466167e-02
7.704017958461801818e-01
-4.160385358652472498e-01
5.095268440067265425e-01
5.850836849471345857e-01
3.054562202934807402e-01
3.704452825250857950e-01
-2.379134658699001148e-01
-4.596177178374747374e-01
4.515512027492592506e-01
-1.222586847853422976e-01
1.923425853139852926e-01
-8.869068048867205789e-01
2.638206143519913893e-01
-1.000000000000000000e+00
-2.027735734677119372e-01
-1.926447563448985267e-02
8.443723795091048201e-01
-7.801708547188623832e-01
-6.029053313665588831e-01
5.098693997412928613e-01
4.765496667828579280e-01
-1.091339160284336696e-01
-2.620334956538016291e-01
8.673056350505501388e-01
-8.022714359648177584e-01
-5.249146325960446502e-02
-8.964205546519761203e-01
5.700102578291530442e-01
6.385772798993768484e-01
9.809475657712842800e-01
-4.512628601143522933e-01
-3.242737946865810184e-01
8.011711299597032987e-01
-1.592419256720037923e-01
1.073730402643056220e-02
-7.619471821307843840e-01
5.316861910309423900e-01
4.447497547290127917e-01
8.137056466620500306e-01
-5.611192891996352738e-01
-8.111506889976758394e-01
-6.852932355020066035e-01
6.031244964008672937e-01
-2.613235302674478677e-01
-9.580605574916877254e-01
-9.599237061055370113e-01
-8.345105748174330706e-01
2.761482393066653773e-01
-6.149959578993584586e-01
-6.015805620983731838e-01
3.037949004227111782e-01
5.140424672948007423e-01
-3.482999160383887793e-01
7.844060922384561430e-01
-7.870292688073627918e-01
3.699963663523309076e-01
-3.152488397913233431e-01
5.374034775534020092e-02
1.296839966202790184e-01
-9.090732750348902158e-01
2.199404041180864633e-01
7.504202513365642035e-01
-6.478874131572298634e-01
5.270034795048550436e-01
-1.939135270044886616e-01
8.215414609690901981e-01
-4.832614424109010209e-01
-3.217202343102019135e-01
8.342153617375442920e-01
8.322090047762571441e-01
-3.637819463199392089e-01
-3.818687763969440541e-01
4.546223532536605716e-01
-7.022530830985103112e-01
2.679084235963957727e-01
2.769715889822970539e-02
-3.922669018143727371e-01
-7.911573317888805912e-01
-7.127541528940002369e-01
1.980082208510483555e-01
9.126572958721580475e-01
-7.892575457612455159e-02
2.859674055632143164e-01
3.499802846774352494e-02
-4.137111759548681156e-01
-6.845771468601824505e-02
8.279869248260174341e-02
6.500268085634308690e-01
5.260173199074202888e-01
-4.602364412469914789e-01
-1.422750778386145942e-01
1.118827963953325233e-01
4.295254673789124511e-01
-6.250540000551350062e-01
9.752177087994807758e-01
8.820843369205041418e-01
-5.818137197287761575e-01
-7.080655056503654121e-01
1.519093816045832546e-01
2.005925540097793225e-01
1.000000000000000000e+00
4.272929968829761727e-01
3.684254264611179774e-01
-8.639420238051886969e-02
-7.262302826559565716e-01
-3.711646320564177537e-01
5.755242662082463712e-01
1.807747508052348628e-01
8.353970653523294931e-01
-2.157739286743485252e-01
2.737756218864293919e-02
-6.339914299290317912e-01
-5.400003596270408490e-01
4.611303667465131984e-01
-3.569788224154455958e-01
2.983524414555616122e-01
-1.756288029771837511e-01
1.046061192007068374e-01
-3.081909106538849308e-01
8.530896044088631669e-03
-2.143883452688815916e-01
