4.615980456434583545e-01
-8.441818028569308963e-01
-8.057180140022375259e-01
-9.336635009922458206e-01
-1.000000000000000000e+00
-6.365966676653143919e-02
-2.786268835776010144e-01
-3.089926614369674085e-01
1.826524795516553112e-01
-5.320729855439966238e-01
1.000000000000000000e+00
3.643447585954107670e-01
-4.560669385345302307e-01
1.000000000000000000e+00
2.649098314769837703e-01
-1.746810494033922412e-01
-4.497061482618780470e-01
-8.077484117273088238e-01
5.154056318056298158e-01
-2.672090503137188877e-01
4.044514227525596861e-01
4.271764117217857759e-02
-9.960804089634062164e-02
2.439945788716645358e-01
-3.021175145928365335e-01
7.993493539532600112e-01
-1.000000000000000000e+00
-8.806600461815112801e-01
6.085933836878143488e-01
-5.728795563249731160e-01
-2.728410859522059639e-01
1.679148613247035959e-01
4.772377029245423730e-01
5.367235992233378994e-01
-2.665534630652823811e-01
-7.379217466415481930e-01
2.192092134766421285e-02
-7.713370706453657188e-01
-9.536967151262236708e-01
7.504869590816372338e-02
-9.000286062210742788e-01
-7.575043250434094766e-01
6.331625503605739502e-02
-8.167842794219525304e-01
6.376068622680175491e-01
3.903949663374375878e-01
-2.893191587715872592e-01
-2.716157670997588203e-01
1.000000000000000000e+00
-3.707865197296031923e-01
9.027895520166515086e-02
-5.094234443811297419e-01
5.704708136860984213e-01
-4.923514340377808662e-01
-6.660594240853978665e-01
-2.093011400933736943e-01
9.418189489279109594e-01
-5.964188765807485471e-01
-8.040858531898953387e-01
9.562907084458739382e-01
-8.315066198612062198e-01
3.976378887063880541e-02
-9.073090680200969205e-01
-3.118461759482003548e-01
8.430473958119821809e-01
-2.463560089171309420e-01
-5.761363259711156370e-01
-3.783557883785082510e-02
-1.956483522692132881e-01
-1.431045193813172967e-01
-2.653903904137266956e-01
-5.887019575658875015e-01
-4.846841368987661602e-01
1.590207423901397188e-01
-2.400678704452046952e-01
-2.184505667472443902e-01
-1.956277275775725188e-01
-2.327567968754418182e-02
-8.986795235816388283e-01
2.077655452177145090e-01
3.364994649458762921e-01
2.598965045082402003e-02
-5.646805183540082318e-02
1.000000000000000000e+00
2.100689112017743720e-01
8.925971873355054154e-01
-1.000000000000000000e+00
-3.690502673463642580e-01
-2.550137400208196681e-01
4.182139360555388596e-01
4.207267036271182814e-01
5.331915844849255404e-01
8.508600592252818506e-01
-1.815328018865495496e-01
5.410505347828746814e-01
-1.832664416320526624e-01
1.000000000000000000e+00
-1.280313393980024028e-01
1.501297059010251733e-01
6.904903247880809225e-01
-4.751686720242731532e-03
-2.751998477210678140e-01
3.989847192513455432e-01
-6.587988558385455828e-01
4.085125652173386412e-01
-4.607172333277113063e-01
-3.052516068846473085e-01
-1.657188727805243011e-01
-4.187630635134833024e-01
6.332745730251301275e-01
8.201334471438581630e-02
7.777760548922959538e-01
-1.000000000000000000e+00
-6.329069455646700870e-01
-1.739918777350586976e-01
-2.918871204946090758e-01
4.388916067533367160e-01
-9.215658329140445915e-01
-2.964837801732697065e-01
4.740763716472148337e-01
1.980504832399600582e-02
5.943366583677026638e-01
-6.825163054514559180e-01
-9.654562890166236144e-01
6.919518154715688096e-01
7.915222886277544223e-01
-1.282959311687596471e-01
-5.232367098196561983e-01
9.519716258519577146e-01
-8.985806031710383834e-01
-1.178791611705503756e-01
-2.506304488540471095e-02
-9.881470907047658070e-01
2.903157154596660572e-01
-3.251076692277738989e-01
-4.562226569805892806e-01
3.142334934788358902e-01
-6.267030535473659958e-01
-5.211080753747020511e-01
7.216898396890724099e-01
-5.013156907253888406e-01
2.071246012512486523e-01
-6.858052807849517318e-01
7.360879589447639759e-01
4.621940010265024323e-01
1.767165931369872045e-01
3.530846514874197428e-02
3.522239711068091417e-01
-6.482610596596879993e-02
-1.354472514039191111e-01
-1.209441477964980430e-02
9.481444439242883160e-01
-1.241007395638954458e-01
-4.119398556797914113e-01
-1.069772294138835594e-01
-3.115308684466377986e-01
-5.809980884427327075e-01
9.810397281127976321e-02
-8.743183663826300522e-01
-8.855469676472356166e-01
-2.782073843638712130e-01
-7.665586865544760098e-01
5.530117608553526687e-02
-4.480777844487912609e-01
-5.241585648155305810e-01
-2.366728894462727106e-01
6.759109049143827708e-01
1.438456221517953049e-01
-4.860477910230237564e-01
1.118399699975916040e-01
-2.768754205022058712e-01
-3.118043982789446833e-01
-1.000000000000000000e+00
-6.772818952563934847e-01
9.169234865138166102e-01
4.676234264566584975e-01
5.053800650859193722e-01
-7.198028896344181859e-01
-5.013586008957786611e-01
8.307646339191487872e-01
-5.613494873607053348e-01
6.647506111486644054e-01
5.769682909898623535e-01
6.917835036629550460e-01
9.004759750905163562e-01
-8.283003966606258817e-02
-5.027885328290409017e-01
-3.018859419357785012e-01
4.495474753069622076e-01
-3.775628113949809905e-01
-8.819384657457052246e-02
7.630291468411660727e-01
-5.479631811684210208e-01
9.341733051895687034e-03
-2.881817063068474183e-01
2.246994850225098872e-01
7.019302312797695009e-01
-6.916767478398446745e-01
-1.000000000000000000e+00
7.432350168254666656e-01
-8.284349776376368490e-01
-3.489070046025605221e-01
1.000000000000000000e+00
-7.924844417232467242e-01
-2.473977809130867567e-01
2.475671712815495362e-01
4.480717759702946834e-01
-1.038063758900313049e-01
5.408079987049626558e-01
7.740756407013311691e-01
4.927733560761148046e-02
1.678065743964193834e-01
-6.351092820804907779e-01
-1.037393634554603650e-01
6.080899824660944697e-01
2.098275762243117237e-01
3.144816744792467977e-01
7.988097808403998856e-01
2.543555828063639446e-01
-1.533202556879326717e-01
-1.000000000000000000e+00
-2.453675107565171098e-01
7.804006499424151477e-02
9.342168202689696832e-01
3.624270385141378226e-01
-7.479084471494541475e-01
-2.954318767679091073e-01
7.021155077365365260e-04
-4.016871135647857027e-01
5.679461993249437235e-01
1.000000000000000000e+00
-7.021478144537595112e-01
8.820962965162789660e-01
9.134312444735275260e-01
5.207283673630643817e-01
-4.791001670007862812e-01
5.625266383959317551e-01
-4.935255639283508411e-01
2.533393587149751491e-02
1.601287310952568266e-01
1.930557867537052719e-02
-2.665698138851518295e-01
1.346012604184920747e-01
-1.315599779228709965e-01
2.038362578540731107e-02
5.070454976770470967e-01
-1.784401798925545624e-01
2.912126190631511014e-01
9.903052816663545643e-01
-5.216121425838016190e-01
-1.000000000000000000e+00
-1.000000000000000000e+00
9.800933158030933345e-01
8.431290372973334613e-01
7.524415482153232748e-01
1.000000000000000000e+00
-8.962242851404683686e-01
-7.420664250771115134e-01
3.706490990704612853e-01
5.834656613667706937e-01
-1.489026363060203528e-01
7.960636806104683938e-01
9.955225712156341722e-02
5.554447756632805433e-01
-2.473581819908996227e-01
