-3.521850222206136527e-01
-7.513527270429527505e-01
1.000000000000000000e+00
2.723360592718914730e-01
-1.948966530826814481e-01
-1.347103921939490911e-01
-8.446576097969948904e-02
1.491524010859458793e-01
7.495673730218956887e-01
1.951594389549107800e-01
-5.125931935576089060e-03
7.846850094188814184e-01
2.458204376687249670e-01
-3.260179570316947828e-01
-4.009201404708900851e-01
-4.309205689046217147e-01
6.467058107883028040e-01
-8.200920067372512445e-01
-2.307923777425457956e-01
-8.805651076896297003e-01
9.174733099810751524e-02
1.986175525294835431e-01
7.558101029224937317e-01
-6.001338307256961491e-01
-1.000000000000000000e+00
-1.337330337162386806e-01
-6.912256613077540912e-01
-9.440200642272402742e-01
-5.213452097310626865e-01
-3.120762948817334959e-02
2.394908544744005496e-01
4.081881967114071585e-01
1.582211497495482622e-01
-3.585176244225231068e-01
-1.565139863371250994e-01
4.720331406034750099e-01
1.218193843804562526e-01
-7.160768030172010024e-01
5.100327087874313714e-02
-7.670374384196498863e-01
2.454643485736389685e-01
8.334630880964850608e-01
-5.782298250310375920e-01
-9.696036120116265922e-01
8.251101830891347522e-01
-1.861592961867302165e-01
-5.633299947771164273e-02
1.000000000000000000e+00
3.497016846260589951e-01
-5.203616897569446342e-01
-5.702792246733661141e-01
-5.364284342655389892e-02
6.696159007317259437e-01
1.000000000000000000e+00
-1.878229954053328710e-01
3.208123568898598732e-01
-9.673169159414334306e-01
9.631841518608192931e-01
-5.767075654211636371e-01
5.154919227523686587e-01
7.652113509600683150e-02
-3.020488099140143934e-01
-4.625958662130208454e-02
9.515043940038044878e-01
4.153192925655715406e-01
-1.000000000000000000e+00
7.287042705038326851e-02
-9.410763124067968999e-01
6.218046422311996890e-01
-9.600696336479936921e-01
-3.617256364453949047e-01
-2.720448438373557210e-02
7.157567575389568448e-01
-8.003099889343834317e-01
-3.259774544308106647e-01
-3.003637415416844925e-01
-1.000000000000000000e+00
-1.145682925069618219e-01
-7.016120087522016435e-01
-1.229746502068581049e-01
-5.360648705473902709e-02
6.219621322797680429e-02
5.937922502986410223e-01
-9.963248054499256323e-01
6.049998917353887062e-01
6.771533187784878338e-02
-4.754675243175555677e-01
-1.000000000000000000e+00
-6.808068752651388333e-01
-6.280056555079411851e-01
9.150632261750222263e-01
4.599213253997733175e-01
8.106646512858188824e-01
1.000000000000000000e+00
-1.300790448557805346e-01
8.585890391844710479e-01
2.659556384836595511e-01
5.327831522831882882e-01
-7.436202414784591763e-01
9.689858245467306563e-01
-6.512958129358348280e-02
4.644011285584048743e-01
2.127029043140558073e-01
-1.000000000000000000e+00
3.174009978689600331e-01
-9.855031832904105338e-01
-5.950847852193386078e-01
1.733884532357342634e-01
1.000000000000000000e+00
-6.911627960026756057e-04
3.898680373091916174e-01
5.671862807415402052e-01
-4.520127177841049004e-01
1.000000000000000000e+00
1.000000000000000000e+00
-2.796249722892456546e-01
6.714455272350283721e-01
-5.602940626212324915e-01
-3.239726467286296319e-01
6.289672712744913685e-01
7.509827461035922802e-01
-1.000000000000000000e+00
-1.602787888418029105e-01
1.000000000000000000e+00
-7.521019656001604048e-01
-6.162259594286612074e-01
1.647070146620497333e-01
7.959101656743001740e-01
1.164285531724306710e-01
6.156504390795586312e-02
5.233116848353316919e-02
9.891115473439047179e-01
-6.825159199256314313e-02
8.449664102124079257e-01
-8.109703001786987553e-01
6.225287512346469043e-01
1.000000000000000000e+00
5.464301000047851187e-02
-4.898584757017434566e-01
3.908786926816842922e-03
6.293772279938105729e-01
-2.299797562797208927e-01
-4.032292378784195774e-01
-1.000000000000000000e+00
-4.887649317561240103e-01
9.939653343876617697e-01
1.000000000000000000e+00
1.000000000000000000e+00
-4.645350526453406736e-02
1.000000000000000000e+00
-3.385414899053350579e-01
-1.000000000000000000e+00
4.793706138487434099e-01
2.270397938135852722e-01
1.000000000000000000e+00
8.446485540640562562e-01
7.978515852900861516e-01
6.282254968989576804e-01
-3.720960092244463002e-01
1.710895092946649321e-01
7.412392382886072717e-01
4.087907206339802535e-01
-6.676985311419656455e-01
-5.629615588447051122e-01
8.283346701292797487e-01
4.091060282663879777e-01
2.200288508452801217e-01
-1.496716109517428617e-01
-1.000000000000000000e+00
6.995812058024990510e-01
-3.262383745009059810e-01
-6.924232504448248893e-01
-5.567470474212936615e-01
-8.244372993606015054e-01
2.708434582865834050e-01
2.610284466119885405e-01
8.159376421643227406e-01
5.739218498523431800e-01
-3.985490813182621106e-01
1.769581949260431164e-01
1.873227068436212339e-01
-9.050264131716554417e-01
-5.449381073362968841e-01
-4.167774835196739192e-01
-1.000000000000000000e+00
5.828116365248539044e-01
3.487300660615486603e-01
6.737433826743972620e-01
-7.705354663276501315e-01
-2.976774996760120917e-01
-7.973683605141743680e-01
4.379025464513041088e-01
-3.059100300712695453e-01
2.042007267318701746e-01
-4.774611815251339486e-02
-4.233846079240833893e-01
-3.750224771000252866e-01
6.208512808082922163e-02
1.318479665688284119e-01
1.000000000000000000e+00
2.424858312736131172e-01
-1.389103594111284479e-01
-2.307179959977665451e-01
4.403014830887563846e-03
1.240642065004469163e-01
9.786389962284275379e-01
2.264708210530040067e-01
1.246185037242057425e-01
1.000000000000000000e+00
6.634702889585089025e-01
-1.000000000000000000e+00
-1.000000000000000000e+00
7.049184736546987295e-02
8.023147025270064292e-01
6.133521827668182436e-01
-1.000000000000000000e+00
1.433862216812307744e-01
5.184879045118024887e-01
-5.702949384700931601e-01
1.000000000000000000e+00
1.000000000000000000e+00
3.092230164442717477e-01
-2.284770251395729090e-03
3.490583856328036694e-01
-8.673393124464274795e-01
1.716577834721520479e-01
-9.276652445213970921e-01
1.000000000000000000e+00
9.363843404517819824e-01
-1.000000000000000000e+00
3.180353330705562032e-01
-1.000000000000000000e+00
1.405037353098343988e-01
-1.000000000000000000e+00
8.505971061404049571e-01
1.000000000000000000e+00
9.321174289076468167e-01
-3.410862335540264523e-01
3.551098633432775986e-01
5.564420447945577219e-01
-4.931960755090294413e-01
1.000000000000000000e+00
7.552135495631200346e-01
7.805504496972028861e-01
1.000000000000000000e+00
-1.000000000000000000e+00
1.000000000000000000e+00
5.741427778218025635e-01
1.740375002871246135e-01
1.714944013931160582e-02
8.894166521845994211e-01
1.151617269354776596e-01
1.000000000000000000e+00
4.165204565009283932e-01
-6.301733082050479107e-01
1.681951037584810127e-01
-7.042123520245512358e-01
3.698428726558892210e-01
-6.808919893319129724e-01
4.341440604116653112e-02
-7.278264583269009602e-01
-8.233487558958587638e-01
3.280714245332871926e-01
5.267270004594188926e-01
6.751348575094917592e-02
