8.109882300811068756e-01
-5.590002849431723320e-01
5.655507591583965876e-01
2.285835328610931472e-02
4.672227430267095194e-01
-5.662862145064728736e-01
-9.843209361144058533e-01
-8.088026024739547459e-01
-2.966798735306825918e-01
5.720902112264087958e-01
9.089205492445922019e-01
9.071488745870179837e-01
-5.542943826575543742e-01
-1.593463635740786088e-01
-3.696533227044472847e-01
-5.736319666855793642e-02
-7.605080550926224259e-01
-2.545068260779534963e-01
-9.750155216611957609e-01
-4.345977155353315524e-01
3.268015301923041793e-01
6.372312313419634666e-01
4.020125520993480528e-01
2.055256195449142731e-01
-2.118810278763438859e-01
6.601691103070942424e-01
-6.556167393146947742e-01
-3.294730800189480391e-01
-3.054522826030661165e-01
-4.834891280236378042e-01
1.778102021256018905e-01
1.082106469616341687e-01
-1.788445681418042443e-01
-9.794607613803185675e-01
1.228171599383191398e-01
9.308956340163305754e-01
-6.230355883102096648e-01
1.682550194641449504e-01
9.382040887459930367e-02
3.149852729614871505e-01
-1.422719013396578080e-01
-4.205408413323477035e-01
1.859065152102132856e-01
7.523056657825879512e-01
-4.170991743237917326e-02
-6.640035842857379134e-01
2.036117832454161780e-01
-8.321160242850509370e-01
-1.055029776940148434e-01
-9.415514595632870076e-01
-3.570727264225947994e-01
-1.960813723239253903e-01
-1.761655082266089245e-02
7.685809222736050828e-01
-8.620692142743413555e-02
-3.116094273548914995e-01
7.378202469595789292e-01
6.912420901206937085e-01
-5.665398834794174165e-01
3.542458473340377445e-01
6.753051610296889606e-01
-7.860737550677406871e-01
2.008635978364212704e-01
3.494019568044353097e-01
6.187929518940034068e-01
-4.660270780349364261e-01
2.227382416116565622e-01
3.434965475709422789e-01
-5.989198004185696256e-01
9.733552196104899856e-01
5.293702126510411166e-01
9.535869637594087678e-01
1.489589689446426668e-01
-4.360188877589151746e-01
-2.960764359736973717e-01
-4.659574222705476498e-01
-8.976846085514321449e-02
1.041292070492809696e-01
-1.805878062332368916e-01
6.518788094968943625e-01
-8.966446975983333179e-01
-4.368283827070484904e-01
3.092321463504288381e-01
-9.352139610547808291e-01
4.410889495214951883e-01
-6.748788465802799674e-01
6.439976688881849931e-01
7.933852410687951551e-01
1.734432749483745262e-01
9.237373690950816396e-01
-4.362643827764185467e-01
4.717909574599413736e-01
-9.430487100834750169e-01
-3.616297559403877093e-01
2.680341572699194153e-01
6.421615085715569604e-01
-4.607194222057184874e-01
-8.122135264331804549e-01
-4.815754906275342417e-01
-8.804072745975528580e-01
-4.835713761346011053e-01
7.588038708664424092e-01
8.615492071792074658e-01
2.232061962157105284e-01
-7.019522360587681087e-01
-1.017217460019890218e-01
-5.804771885736751402e-01
4.989894221021648479e-01
5.895583920528377764e-01
1.495782729682941237e-01
-8.231666285808780792e-01
-6.017153707559763642e-01
4.938255505211625596e-01
3.424110061392029447e-01
3.430723794540528893e-01
8.153024095095282586e-01
2.114900716516648072e-01
-7.656645455761859065e-01
3.007636211595228204e-01
5.071904217276934634e-02
-4.532928639693482031e-01
-3.026940818981702641e-01
-2.974566218332749812e-01
-7.315137518937973038e-01
6.178988258643289821e-01
2.589476182208518829e-01
1.505808402642507815e-01
3.827218949556689953e-01
-5.158912479208959123e-01
3.502523287671668872e-01
9.168393267861052465e-01
1.100315550232693340e-01
-2.458074014829020326e-01
4.205790857560057772e-01
-4.191820380887041342e-01
6.098121778913332403e-01
8.343601914959672960e-01
-3.259396919653977376e-01
2.335795697103186797e-01
-6.134786744983706797e-01
9.017673531194263514e-01
9.467757437202337645e-01
-9.058729917625381045e-01
-8.596925056170439117e-01
1.851640448263898175e-01
1.775429060057645003e-01
-6.518094448314339928e-01
-7.518045591780790904e-01
1.157127255267309529e-01
-9.678446605756092502e-01
7.319676094622229456e-02
-7.536606717486139528e-01
3.949604381894746830e-01
5.830036516921410783e-01
4.718489779252035277e-01
9.260210652566946976e-02
-1.582628207816940691e-01
-6.820094466691846158e-01
-4.097959299291371593e-01
-8.085599172970203696e-02
6.457512426993150534e-02
-9.043627278047637885e-01
-1.532546992563338373e-02
6.656910870364572963e-01
-9.718785198575903284e-01
1.907883088658681725e-01
-7.838225596675350015e-01
4.019088499120520019e-01
-1.433621426164373713e-01
-8.109588833507488381e-01
-7.172330000767412894e-01
-8.698082851154149697e-01
-7.260147065479054529e-01
6.035421024899741971e-01
3.625691754238846709e-01
7.610021840108603941e-01
-6.081389289206753368e-01
6.051019628524521021e-01
-2.577625355974524357e-01
-8.258538099734011872e-01
3.521351774480622199e-01
-5.803991410639020021e-01
-6.325163310411332507e-01
2.533929223561217636e-01
-2.667771923458041594e-01
-6.528988166717040187e-01
1.980916962924628155e-01
3.978722523884448137e-02
-1.678646638158334259e-01
1.773875065164163822e-01
-6.753899607473030642e-01
7.604995048494873622e-01
-9.384497210457241057e-01
-8.271451985911493221e-02
3.606731889458840157e-01
-7.297132643439006028e-01
5.207439479967999052e-01
-2.479958287332462152e-02
-7.895694387518514823e-02
4.595729568167201129e-01
-9.150504380269601779e-01
-1.452058937307988962e-01
-3.850371325220867114e-01
4.583179938632483408e-01
-5.608529460933473487e-01
2.560692311626735496e-01
-3.363208968624933903e-01
-9.987446904999044417e-01
-1.646218933799290518e-01
-8.827843074954566660e-01
-1.708569020855249532e-01
-3.905465193232928733e-01
2.549685492754822924e-01
-5.609430997660097562e-02
3.374203648449665138e-01
-1.526308719253925972e-01
-2.115846214380036616e-01
-8.526964730026096451e-01
4.069643704156984398e-01
8.607740617429973096e-01
5.854896838678054216e-01
-6.046242600536551048e-01
-5.009883307463378621e-01
1.594606559357860665e-01
6.920345048911080710e-01
9.501926000903575531e-01
5.785864789182478818e-01
4.152003211457797605e-01
3.093982791604323879e-01
6.571365032968355946e-01
-1.185226716002543146e-01
2.345441764658219297e-01
5.667268072306785864e-01
1.562563429074821375e-01
8.621545974700670634e-01
-1.000000000000000000e+00
3.391844455269160674e-01
6.330286659231049162e-01
1.314384893937486920e-01
-5.942415337733508718e-01
2.614529126094662370e-01
6.128337086545976309e-01
-3.232148872045077503e-01
5.141568638659905766e-01
8.738589870644837276e-01
9.007778282880405385e-01
7.757671006902224775e-01
4.491248311059068410e-01
-2.831072994642069851e-02
5.568879068146530553e-01
-5.303886258435364098e-03
-4.864617332833256480e-01
-4.244765675515718706e-01
-1.078627744729967475e-01
4.654325479729148896e-01
8.816380726683670233e-03
-4.779115602127118612e-01
-4.011183829693145131e-01
-9.012238396119057748e-01
-8.600761479746390492e-01
6.065098479909245555e-01
-9.134765744902526574e-01
-5.983664379412312329e-02
5.651547098269313896e-01
4.095747098765922800e-02
