3.684803386192947450e-02
-6.508360833584532212e-01
-4.609031155417442349e-03
-3.620560634272642075e-01
6.213354009127387556e-01
-5.033052632577044161e-01
-3.913156293931435714e-01
-3.486466012648532509e-01
-8.285413939539612027e-01
-9.411068565936535624e-01
-3.052459576599821922e-01
5.977246968286928919e-01
-1.314929271656861687e-01
-3.099162409556142084e-01
8.735620417002161187e-01
5.272631401058229805e-01
-5.958908852070462503e-01
-6.587975309396594259e-01
-6.291213316367409991e-01
1.610990648862173358e-01
-6.738706175469886261e-01
2.306746917167126210e-01
-3.126447054077028387e-01
-9.034493541120560689e-01
-8.176823016895602425e-01
5.718647584793259409e-01
-1.206068076998736416e-01
6.433528787032383178e-02
6.407404356089444475e-01
-8.024232081516655679e-01
-9.872062893559736541e-01
7.754428887704540863e-01
9.554567964990214879e-01
7.225098324027781072e-01
4.972226784944112632e-01
9.290000681267183147e-01
1.214855891630892137e-01
-2.346534463230094680e-01
5.802769467539814485e-02
-6.008926696111497323e-01
7.636272560638324158e-01
-9.619102131685694501e-05
6.367088023693243670e-01
-4.575916249610979814e-02
-5.313506517460275802e-01
-6.902432985563354828e-01
-6.208175987089248338e-02
-4.856828790928700013e-01
-6.739821211440762960e-01
8.987211368578305049e-01
-3.237603808669660133e-01
3.364281204119374258e-01
7.499171179570661427e-02
-7.071203771269554128e-01
-5.533052587597837579e-01
-4.461827983454502711e-01
-3.020599569808946061e-01
-3.707584258164082769e-01
-1.020082947131664142e-01
-2.450189102803330687e-01
2.824526913535068129e-01
-3.471448635007924888e-01
-4.076391228780498199e-01
-2.902692379308924320e-01
-5.674217295039387654e-01
6.099698358789824582e-01
-2.098014625504824870e-01
-9.305996154564623035e-01
6.258337630267543084e-01
-5.586944188550664325e-01
6.097031881347279025e-01
-2.988838469452873570e-01
-5.610748498217628111e-01
-4.457057648695932350e-01
-6.933936819185801959e-01
-6.295868767418042466e-01
-2.577840035657961160e-01
6.063214144618102042e-01
-6.614119864024052831e-01
-1.910935396195813096e-01
-4.463922467451436615e-01
9.171735328277303978e-01
-9.822966977955533974e-01
-9.886244604002768499e-01
9.765825805194328080e-01
2.728457014398915081e-01
-5.040295292453409459e-01
-2.501555445198410110e-01
-1.643596059028925027e-01
9.327656413018839965e-01
4.668371980815162470e-01
-4.058213994538941161e-01
-4.874980407360218759e-02
8.222676686566168236e-01
6.824292907975705313e-01
-2.302189837677526552e-01
-1.595603166630819025e-01
-4.116726177840400736e-01
-1.206230679014863583e-01
9.512873827237378066e-02
9.977014314514809357e-03
5.007612935321276160e-01
5.765700058807387007e-01
1.940222825147506214e-01
9.023967435873874177e-01
1.184885367327868089e-01
-7.837189708222342954e-01
8.702177744937540371e-01
4.576890995682929564e-01
8.355828234531319509e-01
1.485908376228581851e-01
-8.155462096692827068e-01
2.603180299099048245e-01
-6.889794712146155575e-01
-7.621260689043738226e-03
3.860342165501228218e-01
3.064051119577292370e-01
-2.575603515727056259e-01
-9.586588438411935975e-01
3.956259495402238979e-01
1.545602529286163040e-01
-9.849821366982176585e-01
9.126755383260087839e-02
8.720924819813548334e-02
7.070133649391834307e-01
-6.792880513715793267e-01
-6.819175489930134892e-01
-5.134906165026978941e-01
4.486080446349217654e-01
-3.614798558326828837e-01
-3.960261249017185126e-01
8.194316612136054445e-02
-5.955376243068681852e-01
1.881308187788881536e-01
5.068586431789490199e-01
-6.773393171517463340e-01
-4.756971440299923026e-01
-5.399406350565620905e-01
-1.270064737825438161e-01
-3.950875469003101714e-01
4.412176825377638334e-01
-7.536182763830320264e-01
-2.593547195038426456e-01
-5.949648119627786169e-01
-8.468048991722910701e-01
1.585794687695674388e-01
3.161164877132973117e-01
-2.905990118673092981e-01
-3.225868320378524334e-01
-5.380193787850299225e-01
6.613958465976579326e-01
1.066136761329732896e-01
-5.108243575630689870e-01
-3.668568897987967148e-02
4.592492666643339660e-01
-8.077710288135824257e-01
-8.588178387583254025e-01
-6.794742468851565631e-01
-8.456807763457971916e-01
-6.958174981308955509e-01
-3.979737132384619791e-01
5.072850555798811278e-01
4.684864217712740864e-01
5.246573598095922719e-01
2.584534858628953491e-01
-7.130294975253442802e-01
-3.985763745600984786e-01
9.178176056902394020e-01
5.419126287789155505e-02
-2.230975682093550572e-01
-3.422909052633729132e-01
-4.358573544104948905e-02
-4.661866856228071843e-01
-8.946397874523797089e-01
-8.739403884966288061e-01
8.572603477877704936e-01
-2.347780985131811549e-01
5.803448375937280135e-01
-3.547086851212093439e-01
-2.329391414569452756e-01
4.060340748060640159e-01
7.489760760769198500e-01
-8.876442707224179163e-01
-2.027258135803682304e-01
9.054738981324104985e-03
-8.853815019473258996e-01
-8.077640559091499028e-01
-4.074288088945979269e-01
-3.101394068591845632e-01
4.137136693174692237e-01
-8.471970417739529968e-02
-1.404298563085982776e-01
-3.048268968563492276e-01
-3.725661560074654266e-02
8.893148444788127049e-01
-9.798387044743075425e-01
7.088944558513969874e-01
-6.209802472973859899e-01
-9.775263366504607365e-01
-9.410275159068701711e-01
-8.276163759945798226e-01
8.898005289851489141e-02
8.262153670204464007e-01
1.947928399751353012e-02
-9.908264907873869376e-01
5.431975536112483294e-01
-3.311116557272246741e-01
1.250798181702925116e-01
-6.191099637770328679e-01
6.917256839013561365e-01
-7.661321175104469638e-01
-3.809387229692520194e-01
4.334989651938787603e-01
-1.931962622691199005e-01
8.910812399356233815e-01
7.399677299181443013e-01
-9.084772311103698206e-01
8.749807683122559077e-01
5.451701763382675869e-01
-1.742838827344350694e-01
-4.724193484756837313e-01
-1.634146485375859159e-01
-7.709886765083195925e-02
9.877434709400108037e-01
5.878468982780595820e-01
1.543221415054387424e-01
6.385090910908635120e-01
-2.738279705042552248e-01
4.498968477025187540e-01
4.203238701152096080e-01
2.754150835152240351e-01
-3.548379084794830440e-01
6.085121462952088889e-01
-8.295234162270066491e-01
-9.364920030590032640e-01
-4.370787526635530607e-01
5.993404473556970258e-01
-3.910722176717110199e-01
1.702643946279815690e-01
-6.217306334072352225e-01
5.986085678166053192e-02
1.617256762092278977e-01
-4.596162232021427929e-01
7.426436756638327141e-01
2.628840882831706693e-01
4.389260688653128795e-01
-9.087318063391396361e-01
-3.982388549329027860e-01
3.744417740716818876e-01
-3.955329466986814424e-01
7.405791086987776328e-01
5.139083894860998480e-01
9.460251332687339421e-01
-9.540473554922879185e-02
8.716108392054917609e-01
4.419176907524316467e-01
6.555472704436819953e-01
-9.963156403255644111e-01
4.710961656488330540e-01
-6.029690975994550506e-01
-2.146507914980662068e-01
5.243661784351503208e-01
-4.489038302751846565e-02
3.051687698822819206e-02
9.812182396365654036e-01
