5.083179773065917839e-01
2.417928485635971736e-01
-8.002499215115543851e-01
5.510318102033702203e-01
-8.706604770483125089e-01
5.001869790000752491e-01
9.951243518798598142e-01
-1.345879466515165213e-01
-5.706253558273652882e-01
6.531859070973962123e-01
3.802689465102018218e-01
4.202225867973585771e-01
-3.548423999569053633e-01
-7.403032778955700444e-01
2.268673128408644768e-01
-3.468671308097863171e-01
3.727515649717780821e-01
4.337396398967885980e-01
-7.558576786009509885e-01
1.721942539559868646e-01
-6.299732464355225492e-01
5.716522907306683665e-01
-2.703534545765020058e-01
4.549615084243590069e-01
4.087019474700969712e-01
1.595443117192195392e-01
5.195935350792205698e-01
-9.230842581816103287e-01
5.086546010687544861e-01
3.022323968966812990e-01
7.090719034143582178e-01
6.370335111236674619e-01
-3.902903544659752644e-02
-3.729757448661997210e-01
2.244639171749708006e-01
-2.436610250227755348e-01
1.924899968689615104e-01
7.645236410010285422e-01
-2.833847739466736071e-01
-4.790421465273977941e-01
-7.712084890257355774e-01
1.065794230940496773e-01
8.155372923813208885e-02
-9.663699843834698822e-01
1.754486636410307054e-01
-7.113999144899219029e-01
3.375424048314966119e-01
2.152003684080447399e-01
2.509452755797072498e-01
-8.856020219960818451e-01
6.762630826249806937e-01
8.136114402498844100e-01
-5.032073925075289944e-01
-6.648450634536762216e-02
-3.601865330956598443e-01
-1.801482378047782884e-01
9.230061032134413423e-01
4.692300552555522808e-01
-6.595919365495019893e-01
3.977112430027403001e-01
6.337638202475456284e-01
-5.416056740110075651e-02
-7.199249676950044696e-01
-7.545238335501589511e-01
4.275123389098942073e-01
1.037916069803365010e-02
-6.590400197094467005e-01
-1.607899297828122853e-01
6.158209383634172251e-01
3.251729667535400159e-01
9.595631289592025936e-01
4.121559221382117277e-01
-2.257272646601193866e-02
4.688393186154090619e-01
-7.206327640764348397e-01
-3.169887544325353801e-01
-6.410955889759084592e-01
-7.271307106119997421e-01
-2.700418429282608335e-01
2.787080398017934835e-01
-3.521843618510426266e-01
8.252766788410810239e-01
-2.849050790145359890e-01
-4.558511272322893770e-01
2.171652928175938357e-01
1.402383107655465026e-02
-9.989283533641508672e-01
9.800457289455625220e-01
6.937183252396819655e-02
-8.066764278464628735e-01
-2.673672120544648978e-01
-8.063885471625238666e-03
-1.716540845163304629e-01
-9.569907147255681812e-01
1.864821326013826885e-01
5.857087226909093447e-01
-1.263279151509544285e-02
2.021174179621225142e-01
-2.115690825836700206e-01
-4.478761343381889581e-01
-5.662605170339314320e-01
-5.367979151011066374e-01
-1.342789545487876879e-02
-1.207694707795983202e-01
2.138232515786060162e-01
7.285239308417325310e-02
-1.149454537242284614e-02
2.909440826512921796e-01
-4.590422073477353759e-01
4.303462814374396928e-01
8.726844809913214540e-02
6.174661265997488657e-01
2.846447533838785127e-01
7.842342087423310737e-01
1.576847855333284865e-01
-1.529896555395993119e-02
-7.477271157844835869e-01
2.445266110492380074e-01
3.427590041940573040e-02
-5.975808709512546724e-01
-9.294529635764022801e-01
-1.734344293398391301e-01
3.463457002571428411e-01
3.364463753061254780e-01
-2.745406919540867574e-01
-3.053523542871244834e-01
1.720101775589877313e-01
-2.478325333853173829e-01
4.788056635008378636e-01
-7.428475725333714141e-01
5.599566621128164445e-02
-1.739020633874828192e-01
2.654448560488185116e-01
2.495130547271895427e-02
-9.352493803530980143e-01
-3.545251288354572261e-01
9.587447586655810650e-01
-3.358464242230067009e-01
4.416335742832000477e-02
1.680786832108251694e-01
-2.925487312154444464e-01
5.622424169279326422e-01
-5.609662194165431215e-01
9.218231860049934667e-01
-1.599457578663199542e-01
-2.380442265996046969e-01
-7.174005770788254299e-01
-7.387285548361359755e-01
5.238319294337037135e-01
1.655837200526988351e-02
-7.788814089472702040e-01
-1.416381498636468395e-01
7.996420584870069792e-01
3.836318821275200297e-02
-2.026798825894281925e-02
7.566979569668237371e-01
1.231881836085240156e-01
-4.044433407144933934e-01
-9.294075324959085727e-01
-3.225648940562363953e-01
-5.218699257686171961e-02
2.610647982458971228e-01
6.253952405431848494e-01
9.927993889131132565e-01
1.503009950313946574e-01
1.108898897799341920e-01
5.152713155637161924e-01
7.640828241843311552e-01
-5.290882140491688368e-01
-7.297123164423184871e-01
8.606630994670372292e-01
-4.010531489315694031e-01
2.001351116457574242e-01
6.217288150624536991e-01
-6.883276334395110885e-02
-1.526966423265505579e-01
-4.348753490744687866e-01
-8.531821087095311507e-01
-3.986311770929029663e-02
-9.206308718054984075e-01
1.029037737615521725e-01
-9.155606731408226506e-02
-7.212564163995235367e-01
3.879118484299564629e-01
-3.096038718690873326e-01
9.725783238632632610e-01
-1.198120752435933856e-01
-1.987566723336806063e-01
2.292905923473502749e-01
-5.421534660822948659e-01
-5.231183750889429884e-01
6.993179456787947113e-02
6.806599176989287514e-01
1.911636276622785680e-01
9.772794403454585499e-01
3.522150728961013222e-01
-2.107615794836746048e-01
-2.849924056445806153e-01
3.000063712421159323e-01
-6.855650119313501101e-01
2.116529196973800375e-01
-2.532474982836238619e-01
-2.737096586902630913e-01
8.138865825956627109e-01
-9.317645063724229182e-01
1.800602915839270846e-01
9.100033882281804987e-01
-7.648236741431964081e-01
-1.041812683114683863e-01
2.334360497352909736e-01
-3.094608109668890439e-01
-4.242016989212747391e-01
5.800604447109389827e-01
-3.135351817296712085e-01
-6.425458640381305209e-01
-2.681887184037162197e-01
-8.842450428055754763e-01
1.769044179696623587e-01
8.698289785964763432e-03
5.268518051147021986e-01
-6.595537644124024323e-01
3.819947396914142451e-02
-1.707542474622565920e-01
5.172962139161283446e-01
6.750861950916706711e-01
3.256234798525565327e-02
6.169174006238595798e-01
-8.493364905962293987e-01
-1.395295194042262543e-01
6.982900295120921808e-01
-6.257500300109443137e-01
6.730097506303304167e-01
3.314260094684216007e-01
8.990086274084057028e-01
-3.897507722484526704e-01
5.616327187085161654e-01
2.590008689966751820e-01
-6.442404929625458743e-02
-2.726653960299706414e-01
1.000000000000000000e+00
-2.012507562565337693e-01
1.410105840516719944e-01
5.761419501427988282e-02
3.476222728249063199e-01
1.951091154879643630e-01
-2.440331352874541282e-01
-1.165911796719389937e-01
1.318669096344888825e-01
2.413245642831998022e-02
-5.599843695510964281e-01
-7.260823560923470588e-01
-1.612341085495699877e-01
-9.807454850199766039e-01
-2.976318377551481764e-02
5.270422088513049275e-01
3.997555473245541918e-02
-2.938310936210442037e-02
7.343902999912592655e-01
-2.025090785103416113e-01
3.876552916818214456e-01
-1.795690401730900554e-01
-5.849604693642476150e-01
-4.443991061148904187e-01
2.582582747922357314e-01
5.684018654241733692e-01
