2.393097223954399055e-02
6.565227530949084844e-01
-6.220801709764374188e-01
3.468604217961344105e-01
-1.467988477138940095e-01
6.742181334182075769e-01
-1.755653272675592458e-01
9.631319888294711529e-01
1.926361565845335910e-01
-6.141964015978802482e-01
-4.315558994774684187e-01
7.284455771221536313e-01
9.316023412143865645e-01
9.866938965287023189e-01
7.017819886866835111e-01
8.031780169794722202e-01
-1.392072253622964051e-01
-9.946757683889546620e-01
5.203919738954734253e-01
-9.270497457971134114e-01
2.896551082171524572e-01
-1.076407955253142479e-01
7.909740389404436023e-01
7.143623182981672093e-01
-1.000000000000000000e+00
3.738889287317810339e-01
2.986084752083417726e-02
-9.013451882050913522e-01
5.041721523407538541e-03
7.174665738979826290e-01
-8.733294177272437064e-01
6.205891811826489413e-01
9.355633732764705446e-01
-8.704702058569266931e-01
-4.450490782580019955e-01
2.551008885802809045e-01
3.265148320014662486e-01
1.115201265224388116e-01
-3.027162114422554673e-03
-1.947404012696491993e-01
-4.365458392607158844e-01
-5.728686381378869097e-01
-2.204187873484773352e-01
3.258463969976630459e-01
-5.545801545654289733e-01
-6.149751924221393828e-01
4.017607817158808103e-02
-6.451632542459282416e-01
-6.803166777375381225e-01
-7.798375444350846841e-01
6.003183842709518547e-01
2.295841216692917630e-01
-5.078942472275889131e-01
-9.584109641448126382e-01
4.148787280084875739e-01
-4.765688862561932027e-01
8.468093978829749346e-02
4.196846386790006322e-01
7.297815032261254498e-01
3.641485100519274987e-01
3.306204845737629738e-01
-4.384415047429647272e-01
9.323634146866062178e-01
3.347606991018785560e-01
5.341588060930040349e-01
4.860180769995763872e-01
-1.000000000000000000e+00
2.309976333160508599e-01
6.005531044771232896e-01
3.230413870371691143e-01
-1.096876542522933207e-01
6.864602664987899949e-01
-8.899284177814903440e-02
9.386245034756586225e-01
-7.440608542892938049e-01
7.201642778196393202e-02
-2.588011003134851329e-01
8.876355992886815205e-01
-5.476205706681205321e-01
3.120157951718236511e-01
-1.215124434858030344e-01
1.156456972347745804e-01
1.056756164987877611e-01
1.142436901166852259e-01
-7.935381614571448416e-01
7.101590112531803722e-01
5.908169500054426537e-01
-7.677957175082033014e-01
4.038339320484141126e-03
6.693665065099758671e-01
-4.255795038333920477e-01
-5.729307025910935769e-01
9.351878196359562079e-01
1.586090782796294452e-01
-6.363392717804727816e-02
-5.783114795338465397e-01
-1.605975526334910142e-01
-7.665442014761487677e-01
4.990751435927456847e-02
-2.534573171051239804e-01
8.656779761973442122e-01
-1.095031469214463593e-01
2.533409048660195673e-02
-2.558680750804092074e-01
6.623989470620472719e-01
-1.337887731066507158e-01
7.015658684710281978e-01
3.280987935169270564e-01
-6.072045572366212562e-01
6.113176283554715429e-01
-9.008416902756942457e-02
-8.725611563320434527e-01
5.591735403928272952e-01
-2.720137968972233811e-01
1.830601403113491510e-01
6.832691985231136300e-01
5.987769361047712291e-01
-5.584978282418120998e-02
-3.407428364176772195e-01
8.320244086541117579e-01
-8.114667121601579769e-01
-5.923249589420063188e-01
8.406432551070430748e-02
6.057163980011923687e-01
-4.350668871640092084e-01
-5.382584016535250093e-01
1.865303673856100186e-01
-9.706390845817371993e-01
8.875899597632610494e-01
3.560872491444877497e-01
5.521277572962637326e-01
-7.556192878353740205e-01
7.586317131936031188e-01
5.119256364026048001e-01
5.956900890437832885e-01
-9.867507927614607155e-01
-2.557567061323686719e-01
7.295658277803931391e-01
4.374359189000558423e-01
5.991010131666474336e-02
5.771831322213996085e-01
-4.649975689187887395e-01
3.753507516034204627e-01
6.710605690220157182e-01
-3.161835570663429351e-02
2.109975215826356276e-01
1.604939806897754673e-01
-7.306549525755099417e-01
-1.016085125971272207e-01
6.935702711017220634e-02
-6.609599436519855153e-01
-9.252194124728265745e-01
-3.794276757040166981e-01
-5.907160208025641346e-02
2.512095695064782142e-01
8.888791986136790335e-01
4.778788918791299078e-01
3.067994363159620708e-01
-2.848282274915299173e-01
-4.297722961509671258e-01
-1.000000000000000000e+00
8.349520250882183081e-01
-9.313026264881303362e-01
7.950902622618289950e-01
1.811368793144183809e-01
4.064907039398768518e-02
1.100910806122148422e-01
1.511511746011588997e-01
4.114594812103239407e-01
-8.437242756890634965e-01
3.021452816827243093e-01
-9.049596213866137884e-01
-6.497995642171796593e-01
3.286620986091952634e-01
2.340845810955161088e-01
-1.056926659432697591e-01
7.918768009736703029e-01
3.883345568669125392e-01
1.115675333250646939e-01
-9.470421631427854425e-01
-2.622093152338007549e-01
4.446727084137349628e-01
-1.486206644909515706e-01
5.618815005098205528e-01
3.171059987394496127e-01
8.145644532678097960e-01
9.561943953168744459e-01
8.284762877939192416e-01
8.515051045754464809e-01
2.484102646660224512e-01
6.937381988525678223e-01
-5.086824214314704662e-01
-2.082578363980452929e-01
-1.470780993958699656e-01
-2.022318345885283364e-01
-4.895560761206327882e-01
-2.047410298947238694e-02
8.478845672194621486e-01
6.101488112550115250e-01
-4.362116159381422831e-01
1.876432420301514803e-01
-9.693976864987205455e-02
-4.432201413084051467e-01
-5.962246421371788507e-01
2.660782390669700903e-01
-4.554140002212205829e-01
-5.235625036477387084e-01
-7.025620838916153410e-01
7.699392386495440554e-02
4.973262547772212550e-01
-4.859754622147869352e-01
-5.621392862988939809e-01
8.770420931160778366e-01
1.897957260628893028e-01
2.248156220315806753e-01
-3.874329177337049734e-01
2.708022503933756875e-01
7.616706276341820292e-01
-2.002919904805742224e-01
2.865689903277893746e-01
7.994622804666517979e-01
7.971785140136280479e-01
8.036447696293609333e-01
-2.336791174827401729e-02
4.215817740465790386e-01
-6.987173314119208278e-01
9.496595256252614581e-01
3.756651214212354262e-01
5.629044529397545515e-01
8.937926980994554960e-01
5.616653723083409044e-01
-4.469595239349349880e-01
-6.352598309897576900e-01
5.761854929190397545e-01
9.590065755319107099e-01
-2.874167486081042888e-01
-7.787541427983226683e-01
9.908270574414193010e-01
7.833210660680796078e-01
7.664300964051533605e-01
-9.745202894119190384e-01
2.905265976938523620e-01
3.944238335315615185e-01
-2.621509456667108218e-01
-6.512657965745274335e-01
7.356726988298900594e-01
3.136575065338194079e-01
-2.089169154298782249e-01
1.908212980667365888e-01
-4.049057818346368798e-01
8.331103036872724577e-01
-9.724295417452666346e-01
4.596096689083284392e-02
2.482718127194016855e-01
7.115226577612512315e-01
-9.422923675526058140e-01
4.826048007962469022e-02
2.839779541367698501e-01
3.910375905941851915e-01
9.020366635950738399e-02
-9.908099824267518896e-01
4.770317413365301462e-01
-7.248093217675832811e-01
8.792017108717107288e-01
-6.482801175711381259e-01
