-7.366518416047362905e-02
-1.238959158081280876e-01
2.227305687771445886e-01
4.034617119521430872e-01
7.079929078321891556e-01
2.153861602969688871e-01
-8.691745036005344982e-01
-1.840305838164473240e-01
-4.240308932603635839e-01
-7.159845167590472848e-01
2.168054016210207990e-02
-4.935433575293755037e-01
2.284248577130212343e-01
9.586935944285450706e-01
-1.627593510240294972e-01
3.275338755959593673e-01
-6.214232128955345935e-01
-4.434092270942615599e-01
-1.408996332716132560e-01
-8.463045282049785900e-01
-5.483921300922147690e-01
-9.709762086214424048e-01
8.350141675128599505e-01
5.305285178037562055e-01
-5.087018816384061282e-01
2.824365635987082790e-01
-2.229315610449351670e-01
8.995509730791071412e-01
-4.148567188510781101e-01
6.018344371129170645e-01
-5.188895231038115341e-02
6.653049059382838415e-01
5.596594882681646954e-01
7.740424941412946680e-01
-4.234590940416345095e-01
9.129006023959251870e-01
3.054764033410151680e-01
-4.876971686789490779e-01
-4.173338270594526556e-01
-4.133488842719477141e-01
-8.078153418782574313e-01
3.843732844347385047e-01
-5.710788756913056652e-01
1.051645623458172668e-01
8.672148183691912315e-01
4.469218992624515163e-01
-7.801275285412809790e-01
6.274294658153565241e-01
8.583301656680619729e-01
-2.461789426362912536e-01
-5.281737183017392034e-01
-1.697896563636234202e-01
9.581296189388084361e-01
-2.598771243606412540e-01
-6.325356995533919502e-01
1.299511710382073026e-02
-7.192935167266139018e-01
3.217898125398288567e-01
9.069316274503493869e-01
-8.744273230461299118e-01
6.242383901215499131e-01
-7.317646963055373099e-01
1.265852493526633538e-01
3.752324587019413293e-01
1.306498491126732997e-01
2.345897098156888294e-01
-5.521585725476954032e-01
-4.968225401820478004e-01
2.238054743418693704e-02
3.128047687893587003e-01
6.818871600190203885e-01
-2.333286612389420256e-01
8.208455125559206422e-01
-9.679308327755697938e-02
-9.964978511292656993e-01
-4.320721393880526673e-01
7.798757015208535037e-01
2.473007782324991854e-01
-9.997064780838635922e-01
7.019266998863065155e-01
-8.736578313907619187e-01
9.412082964834576071e-01
-9.930562536256370976e-01
-4.508090198814502791e-01
7.214298709578417235e-01
-1.555698513738512645e-02
-5.503546580639313568e-01
8.590445644375346301e-01
5.369101424341060635e-01
-1.464311444703874088e-01
-6.451664965112977601e-01
-3.145823905194053971e-01
8.475639084695132386e-01
-4.468145242105747705e-01
8.462607286853502941e-01
7.175087364302845661e-01
7.068016513564481240e-01
-4.718944929419024437e-01
1.829123880644412115e-01
-8.228866767533884463e-01
1.439390444673105396e-01
-8.628906342703190901e-01
-4.325822707870921047e-01
9.405655244855426478e-01
1.723906083284554303e-01
-5.412071193412153480e-01
-8.148778400342213679e-01
-5.613563890430131043e-01
-5.261054295310985118e-02
-7.609100719001971047e-01
-2.382508648956951358e-01
-2.345278927496292631e-01
1.561615883483247202e-03
9.513057138030509563e-01
-4.618978439313670137e-01
-5.887980003134123397e-01
5.496783107938402191e-01
4.953429538032141366e-01
9.197299614903513554e-01
6.017774713008132714e-01
-5.151828542988028392e-01
-3.073051700671061148e-01
2.849755931722719460e-01
6.846509036742518539e-01
-2.502049897432034875e-02
-6.325945480761085982e-01
-5.709483722724175703e-01
5.504666117512402312e-01
3.082953798377834342e-01
2.069493999422726827e-01
-6.239694069884982319e-01
-2.412299661574872633e-01
-9.628765229391540448e-01
-7.440662975360212705e-01
4.302045887377348166e-01
-9.523949977986625459e-01
-9.635567492532568501e-01
5.872006160393472562e-01
-5.425565965827972015e-02
5.364231202793392494e-01
-4.561337641594012116e-01
-9.759088118567078585e-01
-5.333620823824458679e-01
9.239461642546336062e-01
-2.336835326219195430e-01
-5.396794424546851321e-01
-1.887217874022639741e-02
-3.405965101673096296e-01
1.467674936491834004e-01
9.150714036242211247e-01
-4.375163511893134238e-01
2.743214655857428852e-01
-3.372836593890151669e-01
-1.078937808522242303e-01
-8.302468875075506016e-01
6.239297169909019392e-01
-8.864177724399167069e-01
5.874159684745772214e-01
7.820708299556475840e-01
-1.651294886444936161e-01
2.286134075260088938e-01
5.721951894888244183e-01
2.218397809299268442e-01
5.398894977738775136e-01
9.973369819390998092e-01
1.907102483365934464e-01
8.723157208783181016e-01
1.423611180797004216e-01
-1.295992498371703050e-01
-8.403423855291035638e-01
3.837210377455035903e-02
-9.980213337415511088e-01
4.994576132446197914e-01
3.707917381089533837e-01
-9.508501112968992253e-01
5.063864213616313670e-01
6.017335390390643468e-01
-8.421629059038822085e-01
-1.836640450485242937e-01
-2.806644190743105005e-01
-2.474113194526509352e-01
-8.550792500791237760e-01
-3.536035760232330016e-01
8.615088602108729177e-01
4.844181797758728703e-01
-2.634943749867724172e-02
6.798071550864276391e-02
-2.044909719167748996e-01
4.948108955943244514e-01
7.321646791713212199e-01
1.484342509753653339e-01
6.630795733866738928e-01
2.707919044971569544e-01
-2.543225452507695827e-01
3.958275692489839903e-01
9.254137287177288673e-01
6.653661588174049069e-01
-1.937996323129553833e-01
2.020493334867021762e-01
4.898390260640221316e-01
-5.459227231107708356e-01
-9.219185468106876336e-01
-1.483420889876447823e-01
-2.555410771349435617e-01
6.761615820980704239e-01
2.233122983209840928e-01
9.639868524186112619e-01
9.378870923645341584e-01
-2.487161301017637438e-01
-9.042490404561871475e-01
4.113546441065494275e-01
5.316060023931281631e-01
-2.165458527864752014e-01
6.183210353844748042e-01
4.379004040164602429e-02
3.020199441314133093e-01
-2.723899455571838768e-01
-9.168670150034290423e-01
8.651602206776400905e-01
-8.790710139638462373e-01
8.933622765193520721e-01
9.205162140184786068e-02
6.378565272988514501e-01
-9.574336193665615724e-01
8.628599917174271106e-01
-7.934374465796107945e-01
-8.569829792623624432e-01
7.441167865994675612e-01
-5.961945458151896027e-02
6.240384991928984437e-01
-6.269941671379726245e-01
-7.942597317120836387e-02
8.884267693891401141e-01
-3.862507543229307672e-01
6.720953255173818253e-01
7.249926583920904832e-01
2.532301758378783241e-01
-6.774154197569903779e-02
-2.086914528534711266e-02
-3.672380477563037537e-01
-1.606417038171130685e-01
2.725162145871387054e-01
1.784694273459546121e-01
7.886832878979852524e-01
5.823646143965628408e-01
-7.774779042046735533e-01
4.181184347408319901e-01
1.604036181114965043e-01
6.207645731740645267e-01
-4.221432827518387665e-01
-8.269564707072676324e-01
3.766476551603978873e-01
1.062715090529036122e-01
7.463284754395058673e-01
6.933019400799000920e-02
6.430149924918535653e-01
-6.927743930109357962e-01
4.029682916936585535e-01
-4.277944245619558217e-03
-2.802022716172152261e-01
-4.092692225245944115e-01
-8.500137892560073460e-01
9.821739741244215338e-01
-2.556982374578105066e-01
1.990961287202637209e-01
