1.611961932078867232e-01
-5.211544586422034442e-02
6.812197511195625665e-01
3.157919165766393532e-01
-5.326965420680844776e-01
-9.451815054160005447e-01
-7.454943177686568223e-01
1.402781466201133975e-01
-1.651598100462059182e-01
1.790807187311301840e-01
-6.209590623622442962e-01
-4.134604570257039979e-01
-2.479238488339996493e-02
-6.471925616767162381e-01
3.109001578350643058e-01
6.075484280113764290e-01
5.793472285745934203e-01
7.724735933409077049e-02
-7.193174219352259646e-01
4.203395233567097655e-01
3.788768151345929258e-01
-2.450625886940991371e-01
8.544895947943540460e-01
-4.665434238521521948e-01
-1.356959755289634251e-01
4.866539186601703815e-01
-9.204542520642715608e-01
7.522592513269608094e-01
6.047012501589132949e-02
-7.565486512468782010e-01
1.873233358824683559e-01
-5.494653640974003217e-01
8.830748355497439750e-01
-9.481269430502006212e-01
-3.865680522168601918e-01
-3.510431520934315097e-02
-5.193355529367300605e-01
8.931472790736396661e-01
-1.230244018119744098e-01
2.928472144276921263e-01
9.677598495299721826e-01
-6.601995445489949876e-03
-5.249440754559058231e-01
2.659975988899617172e-01
-6.634556632556187772e-01
4.377327986154603279e-01
-8.254062276515709007e-01
-6.488197021345919469e-01
5.722060612264865398e-01
1.295517349328669798e-01
-9.230893655602860903e-01
8.784914959868956874e-01
1.229098190057255069e-01
8.061307599945222169e-01
7.460860620237266261e-01
-7.644354978514484866e-01
-1.537345046097136070e-01
4.754641237329101933e-01
2.037670215094007364e-01
-6.413846851959645878e-01
3.616547281667678027e-01
-3.820576642580214566e-01
-2.035853497421840075e-01
-1.829551062798233652e-01
-4.839306036846980352e-01
-8.371213182680317111e-01
4.468277799805993045e-01
8.791625353010912303e-01
7.642766223642378787e-01
5.816283631979918267e-02
-1.621640894593985305e-01
-7.702702457042394091e-01
4.679444486709116724e-02
1.754877171654598694e-03
-3.497544052899378419e-01
4.778069283292529779e-01
1.429345717016363149e-01
8.210422449833356673e-01
6.372502379797186922e-01
-1.241653613127515488e-01
-3.232847350583584189e-01
9.161215200732042430e-01
-5.763219745084575685e-01
-8.407400658132557769e-01
-4.072428297276808884e-01
2.637646190972522398e-01
-1.091519211118588822e-01
1.889941969198749572e-01
-1.280871633631585071e-01
-2.316794618988964882e-01
-4.703644032953393506e-01
2.365095575707247821e-01
5.007242757037697611e-01
-4.850287463676644650e-02
-3.446216988818964766e-02
-2.329787435934189688e-01
-3.251627430614851821e-01
7.494248251968282926e-01
4.251188067475041299e-01
2.151163420427602002e-01
-5.487998454050810881e-01
-4.847602216958720733e-01
7.345043380679654454e-01
2.499578977816036274e-01
-6.746633355985766078e-01
8.159666452628002720e-01
2.569621076431709561e-01
9.689428996779385628e-01
-1.100302926982110741e-01
2.669648389143929323e-01
9.344067995263372062e-02
-9.606868437810844874e-01
8.566723950770198659e-01
1.000000000000000000e+00
-3.066354765258363368e-01
-4.473338037005198942e-01
7.327531825539919386e-03
1.285629332672526548e-01
-2.883774419807155764e-01
-3.710387752415320040e-01
5.306736913923304488e-01
-6.290836847515538510e-01
4.395248594820517773e-01
-2.879534582989597968e-01
5.734053525611502167e-01
6.138144167132115747e-01
3.813959480351467590e-01
-1.733327733114891495e-03
6.021713977045802801e-01
-2.497425264872582540e-02
-3.127812255735414326e-01
5.566243510572752573e-01
-5.832434620215056764e-01
4.490788543215588069e-01
4.466684150816639942e-01
8.406108319594624012e-01
-9.228255546417754029e-01
1.180643489918373201e-02
-4.621982246671176853e-01
-9.626866843964023701e-01
2.256535068748899420e-01
3.810408882919995577e-01
2.418990637584144676e-01
-2.607739830954931559e-01
-7.796511294053223295e-01
-3.247887873664725422e-01
-5.785269391061738098e-01
-7.514199526089078152e-01
3.874761312830043991e-01
8.952779942822153281e-02
-1.466562546851304383e-01
6.574475327260076440e-01
1.384320346161762583e-01
-5.765069972139199445e-02
9.354421891675235301e-02
-7.063990492035512325e-01
6.636902386133709530e-01
2.958712798574649749e-01
-8.238765100217910753e-01
-6.614900564024072116e-01
3.904225055039532988e-01
6.635425040348243986e-01
-7.736141261133349101e-01
6.410824724890309412e-01
1.100147215792965927e-01
-5.069574286004865371e-01
-6.590132081347240822e-01
-7.791027094199485248e-01
8.078443272302759937e-02
-4.718650816343978871e-01
-1.112729592769606812e-01
6.362885856960125430e-01
-6.763635620476151633e-01
-8.636684270623253834e-01
-7.532886211377569641e-01
-2.556420071801590588e-01
-2.796194984401218636e-02
4.113652475844113976e-01
8.046831014657909176e-01
4.820525976773692989e-01
5.658660228136342951e-01
-9.660042921705935814e-01
8.470244368607127150e-02
-8.821181931156737432e-01
-5.027031266993400305e-01
-3.527862489901352760e-01
-5.434201195694454700e-01
-2.817991703689886052e-01
-5.746085235400721913e-01
-6.375925606917383082e-01
9.735785636637550589e-01
3.796754669307821350e-01
-4.746808315454631444e-01
-3.134236967286756492e-01
-4.849016656644055678e-01
3.441651794358586702e-01
-2.463435942700348269e-01
-5.822531205020102796e-01
-1.427067021256027690e-01
-7.348619936389968466e-01
-2.880293804950919689e-01
6.414242707614969952e-01
5.692523173863306418e-02
-4.648216131336444512e-01
6.998968676999959282e-01
-6.715314085415613476e-01
-1.291878698996583030e-01
-7.099376064445449552e-01
4.884817696345934435e-01
3.011802426353680229e-01
5.874463183028151292e-01
-6.666007221321268439e-03
7.814555323714349466e-01
-5.444207084637248117e-01
6.332098084913861946e-01
-4.868179429719184381e-01
6.868009531829899483e-01
4.608214612879637517e-01
8.853270778529441776e-01
7.887331117373473921e-01
4.249889527911305809e-01
7.482479539520114908e-01
-5.771675662158108899e-01
7.319884221986699968e-01
-8.669168284613878450e-01
-2.431839220791005562e-01
-3.043895329052841436e-01
1.432651015696271846e-01
8.143678669967877592e-01
-5.927983510517849108e-01
-8.159492606693596883e-02
2.689395608818787586e-01
-7.554370227090456691e-01
-5.088251821975014327e-03
-8.556387487915594336e-01
6.748840622474225892e-01
-2.413852553001785695e-01
8.612146631141388564e-01
2.100565316424083118e-01
3.136383655643870672e-02
-5.980237884944470395e-01
-5.188495038823078831e-01
4.075216745808622476e-01
7.305616470080106284e-01
7.753424584500474559e-01
9.094697811130878495e-01
-8.746682369654094069e-01
3.983355802783061783e-01
1.566614794058849292e-01
6.226958328543232835e-01
-4.380929810196111385e-01
1.938898162170913930e-01
4.369487425357978516e-01
6.386176176201212584e-01
5.154919681208758320e-01
3.997830996180851137e-02
-2.765719224098619478e-01
9.719431598857197763e-01
2.746311404585719540e-01
2.270099915819079051e-01
1.590720497647224452e-01
1.273325292192828417e-02
-6.775761485027651521e-01
2.169386968867934584e-01
-4.237053155805392546e-01
