5.830440730991331977e-01
-4.307477915329405160e-01
3.393152708947562157e-01
-5.355670372456147743e-02
7.827667031343381598e-01
-8.449470076546388153e-01
-5.275130601685401599e-01
-3.503672068017120167e-01
5.959667967919584086e-01
6.510209443709855659e-01
1.940264469970247596e-01
1.000000000000000000e+00
-1.340158352913176643e-01
-3.242107714137542618e-01
-1.216137023749492840e-01
-7.760176666342324392e-01
4.368424146965657062e-01
6.462763079997480009e-01
-8.871961170877504799e-01
1.204135049831488447e-01
7.862211018003926188e-01
-2.074214829157137174e-01
5.721500894114487368e-01
-4.494690840123392039e-01
-8.067074686262631911e-01
-4.876817144541641946e-01
9.676265848784166845e-01
-1.000000000000000000e+00
-4.363294681293581334e-01
2.861853343564200181e-01
9.425457510970642883e-01
9.400077683615974955e-01
-5.455958657913408949e-01
5.236989954082460486e-02
-7.277086413498543571e-01
1.407295802545336372e-01
4.563907530915469746e-01
-4.887982760343043687e-01
4.706895532064840904e-01
1.352971281317908447e-01
-6.402581674933529587e-01
1.180633920475351317e-01
3.743243576805830308e-01
1.215465583989348008e-01
-8.979566108846326333e-01
1.632033885698609410e-01
9.416573794828555499e-01
-2.599135412599501427e-01
5.301290356489951616e-01
-5.919694418936027880e-02
4.977615459929063402e-01
-2.755143495454268621e-01
-4.373570083662137176e-01
-7.349172001639556751e-01
2.001867932096249025e-02
6.010731936770417061e-01
-7.989269837880286218e-01
5.588447886638263640e-01
-6.663811037885003508e-01
-7.794549373576020734e-02
1.330111256884261017e-01
3.703776624369845560e-01
-7.037984525887699405e-01
-6.028916716362658912e-01
7.580484003157561546e-02
4.552229149355124793e-01
3.005286435597305239e-01
7.127957764091699122e-01
-3.359503824722942511e-01
5.155769206612476063e-01
-1.621213156133938238e-01
3.509383606196507799e-01
9.793323545772125716e-01
-3.016955541253441009e-01
9.531458371749444991e-01
-9.272715108107376647e-01
-7.092344216835371196e-01
7.489182641839988719e-01
3.816579761361427181e-02
-5.106050609184271671e-01
5.097437484533395846e-01
1.510262519274148119e-01
1.084958635873698451e-01
9.827249543964544642e-02
-3.156572680363016747e-01
-1.503732342855790272e-01
1.824788277569797668e-01
8.891235706890820989e-01
9.629361404551859405e-01
-3.507754331572957573e-01
-1.000000000000000000e+00
-1.001653869102121508e-01
5.690678853327539866e-01
2.662959342288371278e-01
5.324979184618232608e-01
-3.399853742407794588e-01
-9.473298016331728189e-01
3.691151311293181525e-01
9.620468173637890252e-02
8.045360754122299340e-02
2.676806485367760335e-01
5.996594128902756893e-01
4.984810533348600359e-01
-4.933879816332270574e-02
-4.963195513331826736e-01
-5.771409937628874109e-01
1.705088357250829079e-01
6.375355104951646590e-01
8.453182529975742376e-01
2.840590997658307693e-01
-4.731530680486901730e-01
-7.781954980304279790e-01
2.220859599420054453e-01
-7.718498330964462806e-01
6.390197259522034656e-02
4.715148726866953410e-01
-1.936210613342037590e-02
-3.955813189904942018e-01
-1.340261719219435488e-01
-9.766382627397676153e-01
-7.692812788022638237e-01
7.983822525938858439e-01
-2.711101738629659863e-01
-3.547809366576093471e-01
8.104512735564985970e-01
2.288858232434358708e-01
8.465033364972318619e-01
-1.860886259515376895e-01
1.000000000000000000e+00
1.424457744114759894e-02
9.963003290929555167e-01
5.576605345870175867e-01
-8.319215970143356564e-01
8.648411379376597097e-02
6.147069291607816233e-01
-3.381195164052791524e-01
-2.845223113921920843e-01
-1.029744375680218260e-01
-5.786004642181896696e-01
-2.406742008942810429e-01
7.445478894552064464e-01
1.541350988704115466e-03
9.722754216650923986e-01
-8.487243499200085584e-01
8.121889009837792717e-01
-6.234471317334568941e-01
-7.628691933494605726e-01
5.967112694491137903e-01
1.000000000000000000e+00
4.032815806948324422e-01
-1.668280099230884383e-01
-4.868509526219888528e-02
-6.275011860965356014e-01
6.438206350154001001e-01
-1.812605650577366057e-01
3.008973043682817150e-01
-2.136037060242991781e-01
7.287138480560602094e-01
-6.762607474279664910e-01
9.117481223919260414e-02
5.182142464049297459e-01
-6.141169586643853151e-01
5.447366949599833363e-01
2.173343795705036108e-01
6.152399281346030424e-01
-5.885357782761939660e-01
6.204458070287446336e-01
8.312557617341642668e-01
-6.627242456276127847e-01
8.292146400803230843e-01
-5.181540473285398685e-01
4.624623622926611333e-01
1.000000000000000000e+00
-6.326832544307187112e-01
-3.124064564475605987e-01
8.656591272677108817e-01
-2.998126400734870134e-01
-6.817110558262993170e-01
-8.631479362457277205e-01
5.573587527008532216e-01
-2.699042839128555360e-01
-2.213692824489291722e-01
-1.425342145399384197e-01
-6.689067105713657480e-01
9.138213959533545427e-01
-6.466220224383634196e-02
-5.038499554873197006e-01
-5.161567269004678771e-01
-2.699453499552955105e-01
1.300683247222572669e-02
-6.486440944349423088e-01
-9.947491434891594375e-01
4.812633058148982901e-01
1.206907073103233863e-01
1.518912523497735201e-01
5.440145337834363382e-01
8.490935794451368590e-01
-2.286577756362311309e-01
7.759347800954876639e-01
7.235742936257347768e-01
-8.893007078927839260e-01
-8.422657516975295966e-01
-9.424459634493123072e-01
3.071751924999990280e-01
-9.321699946167327777e-02
1.166393096067599444e-01
2.501764254874278004e-01
5.434155532853053305e-01
-2.381105655805757504e-01
5.806592574991291666e-01
-7.025907900028062203e-01
-7.736980377144764276e-01
2.039380395262690993e-02
4.631816250157574366e-01
-3.030192868028456221e-01
-3.544792551686067328e-01
-6.423134310795621804e-01
-3.289191785154086389e-01
5.490041865542791277e-03
-7.864104465764243379e-02
8.491898736247229795e-01
3.534980738939377809e-01
-7.637076951659358404e-01
1.865239941504030774e-01
-3.411559554126386562e-01
5.679270193143772794e-01
-3.572896359111968900e-01
-3.456717087881635564e-01
-2.421392865643977599e-01
-1.822740513878036150e-01
7.214511395660800908e-01
-5.980312105217799878e-01
2.820090138466928575e-01
-6.334046392832000105e-01
7.324764404772359239e-01
-2.103530997627134913e-01
-1.909706299312048383e-01
-9.138323561000956108e-01
5.526559189140543005e-01
9.535204814444453447e-02
-8.191287586484055083e-01
-6.330069311994306336e-01
2.200246065086685077e-01
1.161668956190848867e-01
-9.997050329538261781e-01
-2.995996468220422093e-01
5.625129250433753558e-01
-7.962668018105047985e-01
-8.480615868424434822e-01
-1.358851365329598604e-01
-6.739119615200632740e-01
8.118743632904887875e-01
2.141607881914098233e-01
-3.274798096850184415e-01
1.845298862213909930e-01
-1.946163945535150930e-01
6.512936520360679271e-01
4.581090899997053434e-01
4.705505580600669036e-01
-3.842935211993470102e-01
-8.553105477940734502e-01
3.081062774031170237e-01
-6.913009615934715413e-01
9.901161141399432708e-01
9.519169271734725379e-01
