1.047341210624651575e-01
7.015431142356671756e-01
-4.142577204857441631e-01
-5.456697281745832573e-01
9.916556593225067662e-02
-8.011037871331228022e-01
2.475799035965984274e-01
-9.337599230913543602e-01
6.781875127755885302e-01
-2.166887876661374723e-02
-3.596614436112545166e-01
7.662743958358428920e-01
8.897752129725727821e-01
7.990190470088143204e-01
4.291374185205052427e-01
7.061464824813974417e-01
6.323585566006252323e-01
3.493456955767685335e-01
-4.548441941325815918e-01
-4.848584322704312388e-01
-6.982350609610185055e-01
-7.731544808036145966e-01
6.096498287891138901e-02
6.550098989685995132e-01
6.685319122783529577e-01
-5.357301809466161746e-01
5.610619883911169836e-01
-4.743806740232788810e-01
3.324790121055543057e-01
4.826596546601470972e-01
3.675997481664547983e-01
3.041891259451517393e-01
-1.036682989512918152e-01
4.859657474333816674e-01
2.904975660354489619e-01
-6.353528042926573915e-01
-7.989599475003765772e-01
-3.684744128187844581e-01
7.937077282607871709e-01
-6.130753432037461259e-01
-1.763834058513924496e-02
2.278078817722816729e-01
4.089261696716518513e-01
-3.428306710231743271e-01
-8.997098893845821843e-01
8.428490440187155208e-01
-2.102594529526520262e-01
2.761576220782446800e-01
5.327106194939932315e-01
-4.941341255918906272e-01
-2.738351569799992724e-01
-8.087464090323621679e-01
-2.421040074087189575e-01
1.732543125592484190e-01
8.155011341319510221e-01
-4.043613667212841989e-03
-9.616974440954280112e-01
2.398858767605320796e-01
-6.798177689860143147e-01
-5.482849996202723286e-01
-5.451547015040913990e-01
-5.797066863781594748e-01
-4.238058858269140305e-01
2.955443484004138810e-01
7.321759720471798794e-01
1.503265590089608583e-02
-2.845360823264940775e-01
-9.448396675594943339e-01
-2.256380401705915251e-01
3.712105196748083369e-01
1.507683087165341274e-01
-7.449183265039481805e-01
-4.904619174016213168e-01
7.833429166814998013e-01
-3.570006680980959968e-01
-5.658075276852101432e-01
-5.646956942965337678e-01
-5.153220107483325041e-01
-7.438622867631312641e-01
9.428597818672104225e-01
-1.742123847277055049e-02
3.489911318298588583e-02
-6.592764744480258399e-01
-7.517500973014369370e-01
-4.815359112677901621e-01
-6.705253937961832555e-01
-7.500397763413695351e-01
-2.537573173196539522e-01
-1.095524250674198008e-01
-1.202035681221107488e-01
9.328758738457456623e-01
3.715773069493659708e-01
7.983802928538836774e-01
-4.313869428259487493e-01
9.927921731823255436e-02
4.703318455754542660e-01
-6.853295278218880515e-01
-5.073799811977945939e-01
5.981003184053530486e-01
1.598720123713330832e-01
4.032581979230949187e-01
-4.576215980920060877e-01
1.250673781302947818e-01
3.866682208787541875e-01
-9.462920221780364294e-01
-1.920912976521329529e-01
6.533209286245045266e-01
-2.058997486522574638e-01
2.454136018312079448e-01
1.488303305650408026e-01
2.344764559434880935e-02
-3.477451538171596468e-01
9.153919090142181858e-02
-6.128693178263051600e-01
-2.096795770606583176e-01
-2.035122893294951107e-01
-7.854465779156324379e-01
4.272937109806409506e-01
-8.808801489191410150e-01
3.540611184574882220e-01
2.293028101034821908e-01
9.148595450198918066e-02
6.888067543241820356e-01
-6.661846917681735203e-01
5.219879786307189962e-01
-6.670840927764503103e-01
-3.452916569175411565e-01
9.757947301979865706e-01
-2.858576083488624242e-01
-2.194958982376746803e-01
3.557325605039154404e-01
7.944459321800774187e-01
-9.744360168066872330e-01
3.242239954910743904e-01
-5.570453034472122589e-01
-7.968265800266272070e-01
-6.719047852337522997e-01
6.587496546780848838e-01
-6.233325506551394835e-01
-2.048447368839173555e-01
-4.286843820476208822e-01
1.944980509979741257e-01
2.892511698957039856e-01
-5.109352282672068313e-01
3.874812463516731920e-01
-4.436504212142799997e-02
3.314627224042096532e-01
-5.010589599072590161e-01
-5.849321395432435233e-01
5.765571581000701329e-01
7.819103022511175727e-02
3.990828353218245361e-01
-1.032288980128357458e-01
-5.292875516932513680e-01
-4.457725537577905683e-02
-3.049502069011043037e-01
4.785719288511028346e-02
-4.631029790888268050e-01
-4.119914748629294188e-01
2.010660290367132230e-01
1.734409844622753494e-01
1.411309223711805227e-01
1.107524053590092095e-01
5.714050738904736804e-01
5.915832665191901318e-01
4.217121426083142999e-01
-1.720342360475274890e-01
-1.705230985724075499e-01
-1.260419928870046835e-01
3.565055445430385106e-01
-3.301377618762884047e-01
-6.134070466820469303e-01
-6.530303145320348612e-02
-1.297147337264856759e-01
5.116056286913672757e-01
-2.815079907191058162e-01
-9.842408795407093791e-01
-8.988306777637711242e-02
1.461080126304050708e-01
7.035286631307227090e-01
4.379673635074297078e-01
-3.515980260999369555e-01
-2.565200545299184398e-02
-9.594878822796932827e-01
8.364370855751075418e-01
-4.845524047324484829e-01
1.000000000000000000e+00
4.999916245915714264e-01
-2.088404823132955501e-01
-5.183283292056934943e-01
-5.563264494281583428e-01
1.396055764581891623e-01
-3.644641167682909355e-01
1.000000000000000000e+00
-1.859591557614459489e-02
5.652565404328649401e-02
-9.349441828763354057e-01
6.914528331732026079e-01
-6.137766086829978818e-01
2.333940140435030730e-01
7.505143471437017988e-01
1.551562385401078492e-03
-8.822360398174139418e-01
-5.994759657799231256e-02
2.614968924225968272e-01
4.926819453566282370e-01
2.670250396263324499e-01
-8.501907863471873661e-01
6.323211553607577251e-02
-1.133420075508312364e-02
7.347404997304116669e-01
3.691987618856350517e-01
6.961625541911335979e-01
4.521366776496906770e-01
9.745928956868952220e-01
-4.528741776619151782e-01
8.809424041970719266e-01
2.092833711961823440e-01
3.309552796487857246e-02
-3.009937012288332880e-01
7.952620557537550816e-01
2.864051546495893774e-01
8.793549129263368291e-01
-6.526403865657381953e-01
5.652637391502816078e-01
4.930984995768918910e-01
-5.898673186223104548e-01
8.795283566377076756e-01
1.690769836323324782e-01
-4.905351666134294408e-01
2.805976738145155025e-02
-4.862065280121212751e-01
-2.807037501464897389e-01
4.163127016289044358e-01
8.404609977850781011e-01
-9.624809043360613714e-01
5.098259793047257293e-01
-4.164429629265711807e-01
1.043561235893616379e-01
7.051786346329129707e-01
8.909930468448186147e-01
8.411799205200655161e-01
1.554573448743045150e-01
3.557643392404641336e-01
7.544224688219045571e-01
3.377088062432058724e-01
-6.340140037010183471e-02
4.246586906925693405e-01
5.424123268883117577e-01
5.674158259298722751e-01
-3.627239989759161176e-01
-3.528221602655162159e-01
-4.603580345552534814e-01
2.155976001622916804e-01
-4.165168516895634276e-01
2.525325197521903764e-01
-7.017610888301824001e-01
9.015838603386507888e-01
9.215793200387201178e-01
8.955990305542371743e-01
-6.960061332637808018e-01
2.186418131405178933e-01
-3.005898161073405905e-01
2.382588031031835640e-01
-6.923680189945284891e-01
