-2.897272120870277856e-01
2.058566085708708471e-01
5.763369719671005420e-01
6.561044859935576401e-01
8.945343884593268680e-01
-8.922140730602179381e-02
7.684685176551298014e-02
7.158599133879717247e-01
-4.017524285390836614e-01
9.647524298595786529e-01
-8.255981451816025718e-01
-7.302495845823995246e-01
-6.021442383117239228e-01
-2.311778864502911368e-02
1.473017836637261491e-01
8.660160627343671536e-02
9.878563942328051350e-01
-5.808520686431073443e-01
3.126655251142540504e-01
2.533014229710934817e-01
-2.632606318026380343e-01
4.291591761689215190e-01
-3.155775435299943421e-01
-4.649860980204498784e-01
2.568277167576333841e-01
8.458051673980475638e-01
-9.254004000927180673e-01
-6.989844577344397347e-01
1.403069463325649358e-01
-1.000000000000000000e+00
3.447167095411242110e-01
-1.115638255900579523e-01
-2.208742537298102881e-01
9.151848280312684381e-01
-3.225555673221544573e-02
-9.913977792356982732e-01
2.116681221161575976e-01
5.264678864587168938e-01
-5.631530139464087092e-01
3.248426968429514172e-01
-4.222266872051509967e-01
6.044704386532635532e-01
-6.973097897109215015e-01
-8.661950685777399794e-01
-4.917682756657905108e-01
-2.911343542118052241e-01
2.397660538270775937e-02
-2.754263628533437647e-01
5.445024965545013362e-01
7.738978803557090558e-01
-3.309707125855688159e-01
-1.602527898715455645e-01
-4.704832453727831876e-01
-3.424451390925040695e-01
4.736578262686452767e-02
-5.195652766612430806e-01
8.066502262390558009e-01
-9.568737223983363460e-01
3.554624272020801001e-02
-9.782164238953874325e-01
9.486820829877491423e-01
7.620521868186787007e-01
5.505899585879938662e-01
1.000000000000000000e+00
1.276399880226697370e-02
-1.843919110351093238e-01
-1.255782642685744285e-02
-7.137890056105151704e-01
-9.390874128053454672e-01
-5.717142879420604729e-01
8.119068914074745180e-02
-2.188392218776740172e-01
-6.229438772935604884e-01
-3.373286700868762811e-01
8.175212766673289888e-01
7.155518026496274775e-01
2.415837044836089964e-01
2.451732856963049212e-01
-3.083844124669243847e-02
2.116906890784253648e-03
7.906059865248111773e-01
4.697101059390380584e-01
4.559327513006631860e-01
8.441315415982759696e-01
-2.242965289690748154e-01
1.000000000000000000e+00
5.602857329679833409e-01
-5.757826530789555974e-01
5.172033603980024097e-01
-4.077166502192535735e-01
-2.646872122477015310e-01
-7.221959301362508299e-01
1.000000000000000000e+00
1.893503068512096821e-01
3.670575976746237590e-02
8.169274430096036266e-01
5.305272326095371582e-01
3.233152524091309488e-01
-4.982058508207463099e-01
6.680452170486144148e-01
1.848550795289491955e-01
1.247304889682971790e-01
-5.800562591256676059e-01
1.060615536512019563e-01
-4.141301509725888730e-01
-2.290066810640576378e-01
4.234363727627643570e-01
8.882984480726054954e-01
-8.099991280068947752e-01
-1.998394613661610975e-01
-3.968069720919387144e-01
-4.752720802270151701e-01
-7.050811662437737048e-01
-7.605106970554316170e-01
4.981134608897750393e-01
5.852489517051140400e-01
4.293105722391958867e-01
-7.668620122811682371e-01
6.710758838922654679e-01
3.981165192316973300e-01
7.163253745601099176e-01
2.173994246537869213e-01
7.754652258354675087e-01
9.723409276449370697e-01
9.867962704735504520e-01
-2.260553598854475599e-01
-3.198502083502628990e-01
8.618203124729628684e-01
7.563502882091506230e-01
3.291405819986794601e-01
-3.092513265100342856e-01
-5.256952643603989284e-01
-1.689078146954917647e-01
2.418959433875370046e-01
5.962121970029988782e-01
-5.679235597872863694e-01
1.392901437096435990e-01
1.716674032085778734e-01
4.871845569853378022e-01
9.977943222720290217e-01
-5.960696258651299040e-02
-9.440319389186102583e-01
-2.606887464621452377e-01
-1.290735994448038992e-01
-6.602690511233211268e-01
2.576123965044150310e-01
-2.241297170211178358e-01
-8.774849516764702262e-01
7.640415143362796480e-01
1.779231829228644646e-01
2.437928889504632490e-01
1.866528208421105450e-01
-9.258525158742234584e-01
6.270651537998921388e-01
-2.522763175562621196e-01
4.391961241324902065e-01
8.573499945098392860e-01
-4.241001847858965057e-01
-8.548151429410721924e-01
6.590100693333765802e-01
5.761867916098506459e-01
-9.426667716920420492e-01
-9.862291343841369518e-01
1.047192813332857853e-01
4.890264120719798324e-01
-8.604215147006677444e-02
5.367963948159886201e-01
-2.540882992783377592e-01
4.892301902901958766e-01
-9.748176697965895698e-01
8.900244017221330406e-01
9.511705311776605942e-01
-4.588420491735178963e-01
-6.530003994358885011e-01
5.790325691716918799e-02
8.899129494625919179e-01
6.602711802016947296e-01
-9.868566372956171229e-01
-4.172221299909472103e-01
-3.399106508085704137e-01
8.107346076346602093e-01
7.712448607644917242e-01
-2.207767581953149483e-01
-4.280510659406034923e-01
-9.802128265801806073e-01
-3.365430928192876259e-01
2.686044024699030253e-02
6.744798007876353640e-01
8.804781373105585729e-02
5.168021452255837644e-01
-3.213337844363548523e-01
9.093740372551883944e-02
1.528324958746678508e-01
8.457654124576918786e-01
-3.384511567020587197e-01
3.086155653445830094e-01
-9.921871502608201610e-01
-8.131688547021613811e-01
-7.809820996629772694e-01
-5.430832143432624548e-01
-2.844720527224300355e-01
1.509528327167694028e-01
4.806657071428690475e-01
-7.056790487582835780e-01
2.511619549123547124e-01
3.672933743668478357e-01
-2.086961734689409820e-01
-8.740884230503556118e-01
-6.463549498533402993e-01
6.397418761771200835e-02
7.345329875024084743e-01
5.685754901140487316e-01
-4.088106317761814879e-01
-2.268984537845870619e-01
5.616684886893319462e-03
-8.234517573894573061e-02
-1.822170149922721638e-01
-1.345138384794033470e-01
-9.308223599111569158e-01
5.069005803423931589e-01
3.146484277499454474e-01
4.376070352119992846e-02
5.623657593100063190e-01
3.340549601264031221e-01
-5.558695258653075788e-01
-4.276851656360209919e-01
1.000000000000000000e+00
-5.235546911901105549e-01
9.180767283690456360e-01
3.494720086180425067e-01
-6.708655799932601305e-01
-1.000000000000000000e+00
2.030795998040795247e-01
4.169072281279313508e-01
7.000239148775199149e-01
-7.663956295330254243e-02
1.000000000000000000e+00
5.604993059362773922e-01
8.644432322706439020e-01
-6.709048158234935944e-01
-9.007234048453554021e-01
-3.387059192171767430e-01
6.636670246922757865e-01
4.785199328728673152e-01
8.658462015077935670e-01
-2.886483087411138015e-01
3.219933563010162203e-01
-3.172169141072522791e-02
9.791486447415629346e-01
4.494097916721944141e-01
4.847962164373127436e-01
1.908651932755669189e-01
6.050401433025118791e-01
1.928027603294224512e-02
-3.299557924500189920e-01
5.281387090988043376e-01
1.000000000000000000e+00
1.573400949955063854e-01
-9.735706027591797818e-02
-4.398494638920991129e-01
3.309061942618043428e-01
-5.634082682779137929e-01
-5.358866553237664476e-01
6.592001286843425234e-01
5.221978389639310159e-01
