4.548701311840608330e-01
2.948915280474936895e-01
-2.537138858540288755e-03
-9.167008074947350371e-01
1.000000000000000000e+00
9.087353908634729915e-01
-2.843956622120336064e-02
4.378227802066871899e-01
9.291131263089940084e-01
-5.471733489108057125e-01
1.214243113207615909e-01
-4.599333008200947592e-01
3.937407823228638026e-01
-9.705921744533241302e-01
-9.055300452921604126e-01
5.103111806235969272e-01
-6.902185683479089562e-01
2.349423324383492773e-01
9.983968918157093420e-02
3.806212069698220457e-01
-8.842562140582144181e-02
3.757201720824854263e-02
-2.183648017227080018e-02
-2.644921754128297664e-01
3.103223386627491642e-01
-5.913541557176271724e-01
7.078903590039908877e-02
-9.758098465678008981e-01
-2.630006359257781590e-01
1.434389136498730455e-01
-6.407503777253513721e-01
3.079335807419374405e-01
8.078639246150109976e-01
2.596861164961186130e-01
8.760857352972062362e-01
-5.192049801634410766e-01
6.168452577762262301e-01
5.402913823812187655e-01
9.944247403833521570e-01
3.308412679753209851e-01
-3.811292799599324543e-01
6.121806293580973612e-01
4.963354375459652079e-01
-2.315314678522983893e-01
-1.875167961195842725e-01
-5.627981865691049634e-01
-6.700854470519812534e-01
7.039743936930376034e-01
-9.449938480477420022e-01
6.240622935221262768e-01
3.623382836696391607e-01
8.337734713639106954e-02
-7.225014209837377077e-01
4.257945470676420818e-01
-1.101684068423292029e-01
-2.166742483709291900e-01
-5.071173682068386146e-01
4.401416602191776661e-01
7.330595401339350392e-01
4.582495555657084552e-02
8.103155102747192640e-01
-2.751956392322830736e-01
-7.935653892732333903e-01
-8.579937872705565294e-01
4.545483651504353961e-01
-1.857335781666917818e-01
3.632460873220555442e-02
6.783573080018312496e-02
5.188079096896616171e-01
6.501215115859142468e-01
5.258422500440711467e-01
2.859361307154331122e-01
6.715807602801520115e-01
-7.525020422422730171e-01
-1.753246238356782616e-01
-6.020387022350532913e-01
9.917067706141540206e-01
7.696789266946331143e-01
-5.192335848325275727e-01
7.858916443287200515e-02
1.660964222805693946e-01
-4.067978999454181510e-01
-6.729235918412324047e-01
-8.732606177758275301e-01
5.287492242925619923e-01
-9.863528285351714775e-01
2.545365036825597560e-01
-4.214003855816663702e-01
-3.913927797621363780e-02
2.564189050668381764e-01
5.871756758803248211e-01
5.643458092541575599e-01
2.273574635489308271e-01
4.176944364380039687e-01
-7.761146524056923290e-01
-6.462959160593482189e-01
-8.853783441551782429e-02
8.912095706534435280e-01
-2.882921668975191309e-01
-1.715056574512976439e-01
6.545010669133413117e-01
7.336136096241256954e-01
-6.252411630203411619e-01
1.601505138477377077e-01
-1.664807254958684535e-01
-2.814239195593923881e-01
1.327380946690130958e-01
-4.076443018008306662e-01
1.112807328286507524e-01
1.285904933091641666e-01
-7.576917799910136697e-01
7.094115932613300757e-01
-9.681395986972503032e-01
9.442130902796574965e-02
-9.805247206698077811e-01
4.881646823798435619e-02
-7.152122537894132215e-01
2.548062654575613539e-01
-3.470043008818135544e-01
-1.724838046658960788e-01
8.539026316168487618e-01
-8.103546088634920874e-01
-3.801784663711124668e-01
4.233385469386570232e-01
-9.141356445748058945e-01
7.242606167754208624e-01
-1.552826867218684015e-01
9.350210169365045232e-01
7.689208366611621770e-01
-8.311033318663181291e-01
1.344265371007433707e-01
2.640238858775361130e-01
-6.303976955523764580e-01
-7.066218464328202220e-01
3.444689505186262490e-01
-3.232354516708978998e-01
5.044592610987397308e-01
-2.745290635807804414e-01
-5.910789207656597100e-01
-7.741861044316147300e-01
-6.154936771801722273e-02
-9.497902934671345054e-01
7.120464422518162362e-01
6.895380786788904981e-01
4.844485407769241192e-01
-4.864022702091208572e-01
9.672097491738211872e-01
9.343359903603771777e-01
-9.733801847347895997e-01
1.135467689228373267e-01
5.181800457497531820e-01
-7.512237679070783436e-01
-2.379069846554040524e-01
-1.892935658291414747e-01
5.799986565363792757e-01
9.027512905920631603e-01
-2.617063019749172881e-01
6.191804757314609553e-01
-4.332113371295793769e-01
-7.787379037491040101e-01
-9.151084119621311075e-02
-6.782309449526653378e-01
-2.583256278570117415e-01
-1.378509715723286178e-02
2.280254384995996642e-01
5.151154453498525410e-01
-2.518725306292647625e-02
-3.540976167644815931e-02
-6.576552384712659460e-01
7.865986789332390927e-02
-7.929798337741957859e-01
5.146128386521042763e-02
-8.234082547568624122e-01
-1.501699643816829521e-01
5.592995993922207365e-01
-5.843163682616501209e-01
1.058446354478712603e-01
1.155707125444191963e-01
-8.153088676379673938e-01
-3.775064625991284561e-01
-4.164912669783225052e-01
-2.469608804838601124e-01
-1.500390866515863841e-01
-9.760988224725510864e-01
-5.090386441622054559e-01
-9.849532375363018177e-02
4.755354197699455110e-01
-4.717572628122745915e-01
4.439628936791175651e-01
2.643471340104024403e-01
-6.203494917868992431e-01
-9.524104218321727267e-02
-8.772105535227148199e-01
-4.195967005528432603e-01
-7.181958256686418185e-01
4.195811443676555896e-02
-2.999752104226757754e-01
9.690917721216665282e-01
-4.976620562628946143e-01
-2.662090288617351419e-01
-5.786074306040744908e-01
-3.600189033133813776e-01
8.071664524614843295e-01
-6.129863964288053690e-01
6.535963151214652100e-02
-1.587007991984479283e-02
9.642897199107973716e-01
9.138859765110696198e-01
-1.514134006318821335e-01
-1.160233618064654415e-02
-9.205527809139573137e-01
-4.697965706808762132e-01
-3.468578375975236994e-01
6.120843472387356432e-02
9.394729632522826890e-01
-3.525782875578653552e-02
6.524714613454245526e-01
6.730501885147421870e-01
-5.259195072283326944e-01
7.517379857105828123e-01
-4.863793541344789695e-01
-8.166278937172568586e-01
4.035027012118974632e-02
7.066322431834106688e-01
-7.978538423578646066e-01
-5.131648985380954375e-01
-5.915437496913944493e-01
-8.575408022329777946e-02
-5.193959669244703203e-01
7.642169275576715659e-01
-5.790129735828468682e-01
-6.995083269063462339e-01
-2.301575266562696509e-01
-3.063630256171021582e-01
2.227557324957600837e-01
1.571969998778026678e-01
-6.296694790030454847e-01
2.521764687628758050e-01
6.772521267134075096e-01
7.129302864647018012e-01
7.100032864675744904e-01
-3.167297349925295435e-01
3.716921972065396762e-01
8.798336455815662926e-01
-4.250249086016768540e-01
-5.618106253272612260e-01
6.464697023033179057e-01
8.761198019277125493e-01
-3.759999424705071647e-01
4.783735846313648121e-01
9.653671106343579833e-01
2.873239271512284532e-01
-8.488160759825058577e-01
4.412943896144824185e-01
4.376222307149673085e-01
5.577849082655266244e-01
4.670586976009476476e-01
2.689082942416856081e-01
-3.789350704203082731e-01
3.727970083491738418e-01
-4.836605041890156276e-01
-2.786319995005417383e-01
-2.455277740760566374e-01
-6.315826696386483974e-01
-8.208274073966355111e-01
