-1.960100989717786790e-01
5.029915897020014182e-01
-3.706897918868123920e-01
6.876907968390957304e-01
1.659361102854798320e-01
-8.699901728771677334e-01
-3.746460998412355914e-01
-9.494680539735578240e-01
-5.723595100400422631e-01
-5.996856657964834136e-01
9.522507051314330617e-01
1.090325507039997532e-01
9.431484226706052798e-01
-8.605837044435837857e-02
6.899080822719760864e-02
-9.063922708508883597e-01
-2.698557241892759473e-01
4.495924224567394156e-01
-5.980291805977107078e-01
2.858304898073083314e-02
-3.552998863619760694e-02
-2.756357145361962857e-01
-2.895315727545111351e-02
7.306951344196193077e-01
2.286794840482727631e-01
-6.442198246134418493e-01
2.988076641266050881e-01
-8.217634025302884559e-01
-1.728130262156697405e-01
-7.375983942403343541e-01
9.359062661464798705e-01
6.540738501145602068e-01
-4.233989824667868662e-01
-1.845781580219096885e-01
5.504567690999420115e-01
4.162436950503626831e-01
-9.170992068598552427e-01
6.388618526858813595e-01
-6.013390094269368547e-01
-5.398026815626038033e-01
7.733338957905040445e-01
-9.336610020439242152e-01
-4.012657883228292199e-01
-2.007458957779242326e-01
-5.243252422040169947e-01
5.979554228648065184e-01
-4.605389716088449381e-01
2.794455422403332445e-01
5.092748086691369913e-01
-7.710393767796923647e-01
-8.626845482885840688e-02
8.856565468725846602e-01
1.762841895624582822e-01
-2.438632160589084275e-01
1.000000000000000000e+00
-7.715935445763144607e-02
-1.727555018998727376e-01
-5.027801744059116063e-01
-4.268738042340567973e-01
8.360534577316129923e-01
-2.533595035053712863e-01
-4.258005390691838032e-02
2.031229723560137868e-01
6.346189432774218542e-01
-8.070897119582591817e-01
3.937478287720096448e-01
2.117174860636140687e-01
4.903153413280811890e-01
-7.246329579594253945e-01
-7.282630114114181374e-01
2.644702147940239945e-01
-4.704326919297753540e-02
-8.776105001065412914e-01
-7.824261810472856737e-01
9.502158146047903209e-01
3.771394003056681710e-01
-7.167769837535986621e-01
-3.885767910628574739e-01
5.433393888731785637e-01
3.224497291968901891e-01
6.360060711996566862e-01
2.300381024907910965e-01
-2.759084658029292703e-03
7.361637758935735132e-02
-4.983463635637196409e-01
-7.089545342028225061e-01
5.304649551425817400e-01
2.161582240748995964e-01
-3.337957759618460085e-01
1.895590544235867814e-01
-4.047243121538770527e-01
-2.250089167266986490e-01
-5.891930977097861177e-01
-7.735067682360780017e-02
8.718996639042263519e-01
4.187851701168302521e-01
-5.550670116390813424e-01
2.833290364740118639e-01
-1.064182740173609254e-01
-1.359662856855388124e-01
-1.000000000000000000e+00
8.034030797140729874e-01
-6.643944574592812735e-01
9.034218102612426859e-01
-3.405657309303353197e-01
-3.570082072237015236e-01
-2.512477313009966462e-01
6.850451920975899611e-01
4.271299555767633649e-01
-4.853470398953959597e-01
-2.447536354041396078e-01
5.725080660510288855e-01
-7.514490693394179077e-01
1.531641254403441899e-01
1.095194678148517231e-03
-4.278831257146697986e-01
2.422330240539194435e-01
5.201937996397791864e-01
7.481637269071765850e-01
5.384219513265603441e-01
1.000000000000000000e+00
-1.000000000000000000e+00
4.297102328748177991e-01
4.318853364507577730e-01
1.000000000000000000e+00
-4.043700044170361885e-01
2.136980421079839876e-01
6.188772056682507738e-01
-3.711617005674028857e-01
7.845430006634332987e-01
-9.214354096316372811e-01
-6.682260043081655887e-02
7.613493982213503930e-02
-1.602219387069987455e-01
7.597051755304302656e-01
6.249996009852043510e-01
1.795420082694014485e-01
9.399477385660937045e-01
-6.721077106970423376e-01
-1.830858638894547752e-01
-7.502647067000154379e-01
6.089877264117723454e-01
2.932242437611373709e-01
2.757004996132491614e-01
2.980185283303966592e-01
1.179177843288742450e-01
-9.792641534842065898e-01
5.269930505264519560e-02
9.401384841241122725e-01
7.640260915014290832e-01
-3.252077161662276783e-01
5.932261050041655048e-01
-2.547460648996980326e-01
9.151056360676408374e-01
5.324247276213648350e-01
3.231014592636504701e-01
6.726745926641368722e-01
-3.897547142712998181e-02
-2.153699157182482615e-01
4.777232242883922009e-02
-1.582225072659390053e-01
-2.993910613081053329e-01
2.846176249706392491e-01
-9.773242697817249303e-01
-2.688633739251019561e-01
9.538611751284689078e-01
3.505886299731728606e-01
-4.481944803222566165e-01
-6.074260618689100166e-01
9.807143853845672332e-01
8.465833911586802263e-02
-5.386068198176030553e-02
-2.818961784877954124e-01
8.348800850200164270e-01
-4.204531172866488031e-01
8.953202844354153367e-01
1.266444851897934321e-01
2.192276907293733146e-01
-3.837253945967615820e-01
-9.565804364122775238e-01
9.431334966316273771e-01
9.389988092635448425e-02
-7.450381751585760659e-01
-3.762667690183345570e-01
-7.887315138363437672e-02
7.379165169614081421e-01
-6.141577885276705562e-02
-4.616839028440866133e-01
-3.486378701824572879e-01
6.799902118626326430e-01
-6.365241636571448147e-01
-7.123445795725298346e-01
-3.983930604746658277e-01
5.592402631942550162e-01
3.762073306087323488e-01
-9.921634892187741750e-02
-8.146031976569518829e-01
4.511907396783855217e-01
8.062534679951604000e-01
-4.164366005254660497e-02
-2.881746584083819673e-01
-6.653804644204404095e-01
-1.276606030457008156e-01
6.364171530961117984e-01
-2.507716623700304570e-01
4.582877269118967867e-01
-5.480936097080982838e-01
7.351121734080230397e-01
6.737643801454429315e-01
-2.567649384782422217e-02
-7.021107935525128241e-01
-4.888382389479710710e-01
4.302318128189269730e-01
4.362285915148337301e-01
7.465176293485322745e-01
-8.375201170828934227e-01
9.914891919958517263e-01
2.919292508723432267e-01
6.084757264853690728e-03
-3.539414484866347799e-01
8.104134284023857271e-01
-3.532096779632568073e-01
9.660685174465089009e-01
-1.110994395338256724e-01
-6.713104669983148698e-01
1.810930760804640993e-02
5.474724657656762083e-01
-9.045919520961663851e-01
4.385237021219967612e-02
-6.551913364963693476e-02
-5.949135937378747796e-01
3.894878839236692869e-01
4.248800078227357169e-01
6.869338264727478105e-01
6.624174098844344272e-01
-6.891112716014475836e-01
-9.475261184243253254e-01
2.921324218831533592e-01
6.290287971070462891e-01
4.345328812519244632e-02
1.469041129992991745e-01
8.491027881324275661e-02
-1.755706220476240809e-01
7.011150498924745289e-01
5.835259822223679560e-01
-6.757724005081047203e-01
2.033042468871913977e-01
6.414787698788915193e-01
6.055121627163353448e-01
1.229400446654807522e-01
-3.372500565707198250e-01
6.306232115830250340e-01
-7.735663262535189544e-01
5.855253042273186326e-01
2.648515290373085751e-01
-4.777121132314826601e-01
-4.451361756459686347e-01
1.397472218257089782e-02
-3.917007856775778230e-01
-7.772983630477942052e-01
6.567147074292358777e-01
-3.967793355459314775e-02
4.344457093382312896e-01
3.793260795670583829e-01
7.535026159868341011e-02
