-9.603135932587758550e-01
6.057115578598508687e-01
1.000000000000000000e+00
6.967628505202161371e-02
6.544281234323503504e-01
-4.903350180814809445e-01
5.980307088111624925e-02
1.000000000000000000e+00
6.263111018429458055e-01
3.178776759329475787e-01
-2.709005290305610547e-01
9.933976614356846424e-01
-2.732869258772239185e-01
-2.453983555934141081e-01
-8.695093558812343471e-01
-2.056108330308910603e-01
3.231656728958367530e-01
1.000000000000000000e+00
1.127979522340961660e-01
-7.865543999065351954e-01
3.755517254116852444e-01
-1.000000000000000000e+00
-1.538335925386649095e-01
-5.563603998129353911e-01
-5.067553780755594817e-01
3.756170346796322557e-01
-2.064205447607911637e-01
5.703827978190219028e-01
-1.000000000000000000e+00
1.000000000000000000e+00
-4.164776423504104041e-01
6.233006543555381918e-02
-8.576935486911414497e-01
-1.000000000000000000e+00
1.424726588248487191e-01
1.702802331517023759e-01
8.260560526315504637e-01
2.631690002888835700e-01
2.859543172703249425e-02
-6.153576764378386743e-01
3.466023481383503912e-02
8.042244243021594574e-01
8.635571293105857027e-01
1.034954986019980261e-01
-1.423209612518848699e-01
-6.217268777244721045e-01
-4.724802810967664857e-01
3.339623221769743022e-01
-2.304924777834860272e-01
1.000000000000000000e+00
2.745102605694363929e-01
-7.224904916430041624e-02
-2.903543225601324940e-01
-3.215416125504961808e-01
6.090951204414127851e-01
-1.951230199897488471e-01
1.000000000000000000e+00
7.391567075260778719e-01
-7.551155387749254322e-01
4.651769144385439203e-01
5.927833838392275734e-01
-7.591415434468181712e-03
8.721268538271200743e-01
1.196817282152728978e-02
-8.192542352077553103e-01
5.944711784981440150e-01
7.959594389554351945e-01
-9.105241082480799442e-01
2.505780077023471164e-01
6.285451185535220198e-01
-7.478116387801865272e-01
-6.781905138027723989e-01
-3.995302813447403345e-01
1.629230230502508592e-01
1.000000000000000000e+00
3.315908121940772113e-01
-9.992026333715859909e-01
-2.422522860295192593e-02
1.000000000000000000e+00
-2.116049280196656834e-01
-3.762695739063260381e-01
8.421247328543757238e-02
-1.589496105485905808e-01
8.509442577690722320e-01
2.242576759867559444e-02
-1.082144029180530931e-01
-4.820236174209706626e-01
1.094699156840323595e-01
9.445532539944244688e-01
1.285413283725269085e-01
5.021365428034993972e-01
2.408663527085472267e-01
5.456045125785332628e-01
-2.834771855529034101e-01
-7.764834230926775938e-01
-8.550752121779907622e-01
9.360164170935150185e-01
3.521537994356177537e-01
1.631392719399306079e-01
6.056232322164122328e-01
-4.233746035732992574e-01
-1.000000000000000000e+00
2.849908337486705134e-01
-6.677045231029286043e-01
1.000000000000000000e+00
-3.298206905637166564e-01
8.230880292364116668e-01
-3.189499892823492999e-01
-8.431136597650373821e-01
-7.320661899743005629e-02
-3.695118293322131597e-01
1.000000000000000000e+00
4.771042528139693428e-01
6.366632326776067163e-01
1.747758324853953271e-01
-7.164642353112956608e-01
-2.408205376525136276e-01
6.193950491631375899e-01
3.335480975440358042e-01
-1.000000000000000000e+00
5.109476035254170156e-01
-1.000000000000000000e+00
-4.169131037685338548e-01
2.176900735409293963e-01
-1.000000000000000000e+00
8.817467696457929882e-02
3.368665838460283002e-01
9.136992155460645915e-01
2.031199251515503068e-02
5.030846027548642185e-01
-1.000000000000000000e+00
-4.967219204131299026e-01
-2.372809815202154837e-01
-3.547354767736838888e-01
-3.098172801335452586e-01
2.071162568235802581e-01
2.113812105783811623e-01
-4.190134363616158097e-01
6.820038198377683658e-01
9.010640949118580156e-01
-5.808228548197168495e-01
2.799840695622348719e-01
-1.651121748137300838e-01
-1.000000000000000000e+00
4.053022720218768526e-01
3.733236045253811586e-01
6.577331352237292261e-01
-7.370740200678501663e-01
-3.121058239910141641e-01
1.902954572396313437e-01
1.000000000000000000e+00
2.629083632636172729e-01
-6.124140677924952980e-01
8.887932840865191420e-01
-1.205369104697794069e-01
1.000000000000000000e+00
1.223227736004750404e-01
-3.479134057006156855e-01
5.969411625187035497e-01
-1.000000000000000000e+00
-7.434274910820584115e-01
5.953246391978359586e-01
9.613793527243735815e-01
-5.222318046257979907e-01
9.032352713343150263e-02
4.026748285600137978e-01
5.905813045280217111e-01
-7.204765921150623198e-01
-5.686935680444298313e-01
1.000000000000000000e+00
-2.309519835177700209e-01
1.000000000000000000e+00
7.502195682782817343e-01
1.000000000000000000e+00
-7.109582252202983899e-01
8.558563070191486100e-01
-1.000000000000000000e+00
4.410116775446679127e-01
-3.483454519599852306e-01
1.000000000000000000e+00
-3.531163824563066655e-01
-4.678557191178221997e-01
7.577415468057379089e-01
6.065905486826069781e-01
-9.243077203445464185e-02
-6.488679726475017340e-01
-1.000000000000000000e+00
-5.771145433861313290e-03
3.141082194434280384e-01
-3.976319829462723332e-01
2.046532080202052017e-01
-7.721529711501958770e-01
8.033276451700689380e-01
-5.856549868386897728e-01
-4.991738447569102899e-01
9.952521695954882341e-01
7.678530067848916563e-01
-9.736990326916427074e-01
6.263691382146181486e-01
-1.886834821790622230e-01
-1.832023241407680914e-01
-5.065186176396465623e-01
2.888576438922405565e-01
-8.608556846355620573e-01
-7.562599187618139762e-01
-8.187386993518752654e-01
7.045995207557304019e-01
2.076724618664625432e-01
-1.000000000000000000e+00
-5.721423429593940346e-01
5.136415484764773609e-01
-1.320865007402755587e-01
-6.612798285130080389e-01
7.625730253533693492e-01
-8.404559003080247503e-02
1.000000000000000000e+00
-3.850813200174961759e-01
5.353325061793838824e-01
-2.274607145843501876e-01
-2.165600516950443033e-01
-6.181533002084892425e-01
-5.041870651516211499e-01
8.577951234321068430e-02
-4.125137308735714048e-01
1.000000000000000000e+00
-4.367325693860392710e-01
8.656050594377373564e-01
8.443031380008014786e-01
1.241643367159013245e-01
3.588373209640901562e-01
-2.616086712139030213e-01
-8.746735311950493141e-01
9.892595341068053383e-01
-9.439851403731802648e-01
9.495935301226752223e-01
-2.266223191083417410e-01
3.963675852602757677e-02
-6.042882535157817481e-02
6.196943996969754842e-01
-3.884658635587759923e-01
-6.757488457692728545e-01
-4.720847995124423657e-01
5.917518418739280417e-01
2.481131758184054736e-01
-1.000000000000000000e+00
-7.167932121848524796e-01
1.000000000000000000e+00
1.000000000000000000e+00
7.462875453111003088e-01
-8.631440470790008312e-03
-5.260533276698512450e-01
5.069207606184077397e-01
7.850932699536850023e-04
9.779180088430033946e-01
5.416428010118702341e-01
3.901763641886069750e-02
-7.879439241555472595e-01
9.218626173413887459e-01
-6.135329303416046098e-01
-6.549834523203560410e-01
-8.722443391266707646e-01
-1.000000000000000000e+00
-6.823768638475249393e-01
-9.862251098401647598e-01
8.471753240290074149e-01
