2.792585317820018287e-01
5.311150748673237887e-01
-2.355365680904842052e-01
-3.470405145718117312e-01
-1.755459777251817677e-01
-1.804161946647342418e-02
5.105583315125145072e-01
5.619288685554084672e-01
-7.282140079180372538e-01
-5.295195825498324460e-01
2.539585530074959241e-01
-2.504810178663811199e-02
-1.666215963754972273e-01
-1.959853041904797144e-01
-1.051094089906753348e-01
1.052946647679161157e-01
2.376704041146737723e-02
-9.152514590676759099e-01
1.000000000000000000e+00
-4.718126955913555243e-01
8.267599514660199655e-02
4.214651534197445815e-02
-9.724114897381574973e-01
5.168438360216096594e-01
-2.704231730025651870e-01
1.319312663359084592e-01
-3.185637321263735111e-01
8.502181323776829558e-01
5.062162282565013660e-01
6.860795109229895772e-01
-1.013839977610297288e-02
2.608170622312315778e-01
-6.671829784325218338e-01
3.552802220012032386e-01
-1.477514969100621189e-01
-7.111576815189214751e-02
3.918156828067839714e-01
3.385676661020433631e-01
-7.092281489911478332e-02
-6.873105242670914938e-01
5.755106510394978336e-01
-5.185968783278990246e-01
-4.946305274470774727e-01
3.616268792379978558e-01
2.114389592352172720e-01
-4.969009522442318083e-01
2.730550379515060411e-01
-6.643478298090486067e-01
-2.037917761493593660e-01
-8.429817477696130434e-02
2.301512609433304934e-01
-1.120551188747768157e-01
7.105474889925627036e-01
7.995313291908282549e-01
1.403921275045565131e-01
-1.168590150198889344e-01
8.194885847653327060e-02
-2.033776300848636198e-01
-8.789441823966315237e-01
-8.367485433255961169e-01
3.148845343957190068e-01
-7.397866578779981328e-01
4.088099166408384333e-01
6.044653701824862502e-01
-3.696475170502644403e-04
-4.385110399789431956e-01
7.627059134990725742e-01
-7.026916701219392269e-01
-4.745672547564820376e-01
-1.000000000000000000e+00
5.307504065759601763e-01
-2.934182221866167839e-01
1.597754074713850225e-01
-8.135907858689226391e-01
-8.895720510447412410e-01
-2.907034924953081356e-01
5.818523320587133396e-01
2.090451213284065524e-02
-1.517582753045128019e-01
8.886982796693998488e-01
-9.165462475088970162e-01
-6.321544782716508326e-01
4.068862920688611773e-01
-1.033248349941002786e-01
-7.537149491443464466e-01
-7.007309168915605291e-01
4.493896949781336914e-01
-6.738853744030565140e-01
4.193972957494207510e-01
5.115016431227531468e-01
-4.992091187181464385e-01
2.964010065965386742e-01
-5.009574812825260404e-01
9.936299756828622654e-01
-2.151779274107790962e-01
4.389076023133455795e-01
-3.666295759461293269e-01
2.660143047255615345e-01
5.469048718602974590e-01
-8.337294913111658046e-01
-2.406202691665950202e-02
2.194980532575539212e-01
-4.233360996163144652e-01
7.156269829047205988e-01
3.272189720787431200e-01
4.538979058022272195e-01
8.204392957619460747e-01
-8.552511976358193602e-01
-1.492891521993355841e-01
4.890292150144059380e-01
5.607709374890446075e-01
2.889077787884840598e-01
-5.898730419029942773e-01
-1.636040327704466613e-01
4.158523606282230056e-02
-1.685443374335520716e-01
8.591005271691651846e-01
5.549107846456765580e-01
6.822471539303091026e-01
-1.419948032502516833e-01
1.626876175137363933e-01
4.585110648990258220e-01
4.013772465600546901e-01
2.296988545219549316e-01
-1.553452515762046016e-01
-4.890287446168555263e-01
-4.197534252891980955e-02
-2.710879178231515030e-01
6.219448503592481803e-01
4.989665456636507290e-01
5.783439668982977011e-01
-2.383257513668384231e-01
4.324757819333369113e-01
2.055889025369992407e-01
7.799935942153183310e-01
5.876056735502174777e-02
-2.136591476788313182e-02
-1.019028482310431888e-01
9.996899940672848706e-01
-6.324302654280919977e-01
-4.804855744966726738e-02
-3.507609375667802842e-01
2.989879974643664395e-01
7.136506228734463830e-01
-6.907225938187875336e-01
5.027698667712261482e-01
5.069085281524995379e-01
-3.635126630513970669e-01
-1.046083390096298471e-01
2.810567278166542504e-01
3.905428233683789219e-01
-3.203991627248509166e-01
4.932718297881066860e-02
-9.702567106901911487e-01
-4.434477571203627733e-01
4.923468446931883458e-01
-2.720099989044139632e-01
6.079797820305200551e-01
5.923219552758323125e-01
9.256199747716784554e-01
-2.599654963936082197e-01
-2.083098759247297149e-01
-5.131023266119940640e-01
7.214532326352567360e-01
-6.116037073145444980e-01
6.908455352520384007e-01
-1.000000000000000000e+00
5.627097769336376620e-01
-1.452949484724445073e-01
4.526283983369751018e-01
8.980591851441632745e-01
1.701620328014615269e-01
6.004341843486269426e-01
7.223578066279350285e-01
-9.393462128156466751e-01
-6.503602275727470294e-01
3.163816197864655066e-01
1.646435002983468454e-01
-1.519194272593214767e-02
-3.328301331016736420e-01
9.359711239638646152e-01
-4.375223504215475234e-01
8.101241008594051163e-03
-7.549423128426921981e-01
9.637544641938078360e-01
4.205211964216237774e-02
-5.863935191917154510e-01
1.680804516137779370e-03
-2.018797439638188029e-01
-1.967222714892414848e-01
4.089372411955780051e-01
-1.000000000000000000e+00
7.834984283208787925e-01
3.352235385507263965e-01
2.868806396152635552e-01
2.464796815269588159e-01
-4.402325555320609762e-01
2.905553039143178307e-01
-8.096740479532181789e-01
-3.152001086102336203e-01
4.358975078280500348e-01
3.648288140022930559e-01
1.094218845260462036e-01
-1.511561140060724839e-01
1.110462971762138373e-01
-6.230397779277322412e-01
-5.540830903552125264e-01
-1.072375782741728373e-01
-5.689601333456886234e-01
-8.474797209676875331e-01
-3.041161164924467003e-02
2.989425264567093787e-01
8.485832102710486602e-01
6.824512882599744756e-01
-3.624085723598487185e-02
-6.868710143679781499e-01
-7.849839634220567852e-02
3.227192502602008184e-01
7.982384029241301748e-02
6.835148083717494938e-01
2.258096327020786553e-01
4.984234751482294890e-01
-2.114707930275042669e-01
-5.284776589765746158e-01
-5.625228569755165164e-01
-2.890748577514505868e-01
-4.175997253566104961e-01
-7.621378689462041667e-01
5.245658685237508667e-01
-4.049454585301095477e-01
-3.709122474745855103e-01
2.560475669945994071e-04
1.193054824669314007e-01
-8.193385003097755082e-01
4.999707787573881013e-01
6.582784230625087218e-01
-4.763507902701881735e-01
-4.326463036347412139e-01
-7.498321917201478115e-02
-3.357385516798516711e-01
5.805984159147499213e-01
-6.093687916516026259e-01
-5.622640324890235825e-02
3.365930733939690445e-01
3.718209806218701896e-01
-2.710861949750650868e-01
6.545369228040782694e-01
3.194476330017117505e-01
-4.379050237677659801e-02
-2.394172885210136825e-01
-5.191065493246549423e-01
-8.816852957446896788e-01
6.896805133446736180e-01
7.988273073883400688e-01
-7.908708238618364361e-02
1.853617018893580770e-01
-1.668661449028776556e-01
5.049937623443279122e-01
1.129167671347076629e-01
8.978209694937160368e-01
2.445571515915689886e-02
3.394753315800215776e-01
-2.274382746283753476e-01
-1.846643579159686910e-01
-3.035992817287123113e-01
