5.483416572290037427e-01
8.285223384015130144e-01
8.960560469864880737e-03
-2.605365984319776285e-01
5.849192450260918275e-01
1.000000000000000000e+00
3.463017859241634966e-02
1.328791975024237182e-01
6.809734432067535703e-01
-1.304919331853926501e-02
-3.293998050879645145e-01
-1.992888123431728609e-01
4.289583765382429248e-01
-9.332220418285830377e-02
-3.820185275317536377e-01
8.170274659809855233e-01
8.477390941848013117e-01
8.787468833390204015e-01
-3.096870260098218974e-01
-4.658354623906845182e-01
4.326993980547519936e-01
-4.734269414861984604e-01
-5.776048902978810906e-01
-8.516533181909935468e-01
-6.558782366898998628e-01
5.741081582103904069e-01
-1.000000000000000000e+00
1.468164523778583419e-01
-1.633001859426799207e-01
-4.529081264940859608e-01
-6.397330763220230310e-01
7.460830748222018194e-01
7.504870420251830154e-03
2.147559125499207688e-01
-5.797171718611426883e-02
7.097575454340956380e-01
1.240312807813895857e-01
-1.348286570357977165e-01
8.621205491629857498e-01
-1.428387287402335115e-01
7.951167349023153808e-01
-1.755230908997961192e-01
6.093589326409432072e-01
-4.757616754260793890e-01
-1.033934102888632300e-01
7.967958382891631164e-01
-3.223916990951856132e-01
-2.906043751819670784e-01
9.928852953085296473e-01
1.651550741716694137e-01
1.000000000000000000e+00
-3.071889621817182683e-02
-6.335996422620802093e-01
-7.346768109826056214e-01
1.000000000000000000e+00
-4.257167932473266969e-01
2.441744024199660190e-01
-1.484963398650338551e-01
-9.706395517790818994e-01
6.209918122094103266e-02
-1.702359570348339624e-01
5.148808543524920900e-01
5.359249790109934519e-01
-3.543717429645469874e-01
-1.392304678565814691e-01
4.098784154956569559e-01
2.346915972987817234e-01
1.395684004015373958e-01
-7.527728767623409478e-01
7.210039921913173888e-01
3.965834131624913772e-03
7.643402932864360455e-01
3.415516488776360049e-03
-6.592166586865636502e-01
2.294562977572494056e-01
3.725878524407363335e-01
4.397924566270570157e-01
6.554648596034280406e-01
-1.511388863750050271e-01
-9.915460809914535822e-01
4.584245187388899523e-01
2.455256818488478210e-01
-7.594268505002237379e-01
-1.206598649518614286e-01
-8.522084421029103574e-01
4.534482493454339291e-01
4.118022579261821914e-01
5.642357471936785274e-01
-5.414050128140521778e-01
-5.470517048501507551e-01
-2.329077054954367121e-01
-6.669081672408387895e-01
8.559977943118868282e-02
-2.148635195025733191e-01
-5.659276406020573580e-01
-4.095547407265359707e-01
-5.478690234638434742e-01
-6.526002201592069341e-01
9.986580298511246734e-02
2.766974555882952824e-01
7.639958152596635355e-01
-8.052129411596204989e-01
5.913472985694048223e-01
-2.635084889545187825e-01
-7.127184646013018376e-01
5.024652127921195310e-01
-7.916586502351563581e-02
-4.089971262852074019e-02
1.000000000000000000e+00
5.193962586299133433e-01
4.375058240289362854e-01
-6.663853841873756956e-02
5.295920972254992698e-01
-1.947496207632273268e-01
1.837771576821312369e-01
-9.301810312323932628e-01
9.690436088480136601e-01
1.067767513541078572e-01
-9.948104060973899099e-01
4.996754064085604519e-01
1.000000000000000000e+00
1.000000000000000000e+00
7.004449147332709735e-01
7.306876991637698548e-01
-1.000000000000000000e+00
3.577570271011880632e-01
1.000000000000000000e+00
1.844783498084601181e-01
-1.189476048369822458e-01
5.620417572548839225e-01
-1.414899876319883898e-01
-9.398519046428546186e-01
1.000000000000000000e+00
-5.614709133579287581e-02
5.048356897389898457e-01
6.301402862970577612e-01
5.626282933571275652e-04
-9.774969132513120496e-01
4.950758497765210819e-01
6.515001354487011120e-01
7.577390438311182308e-02
1.370845384946559053e-01
6.501350252134506791e-01
-9.894164072211935057e-01
6.702360873279850084e-01
-2.929266853183256636e-01
6.309665760792946276e-01
7.037529692634647560e-02
-2.166716827614133811e-01
1.000000000000000000e+00
-4.352065654829904151e-01
-1.000000000000000000e+00
-1.143577172995113855e-02
3.561383061339731260e-01
-8.046062226068964041e-01
-8.801963650924831128e-01
-9.316825559340095042e-01
3.361889591761909601e-01
6.396821403027928010e-01
-5.569362696942585789e-01
5.608236076916822688e-02
3.220110028971103211e-01
-4.566410211749908910e-01
6.376325130931648211e-01
-8.268210436667300378e-02
3.363050644049081495e-01
1.510055189737191661e-01
-7.645975067460342167e-01
9.946678478616388652e-02
3.274119772993975275e-01
6.159421686276795871e-01
-6.458928501002008105e-01
2.939606431742525228e-01
3.152879078415142811e-01
-5.624385136840523991e-01
3.641128489975180571e-01
6.136187069756846579e-01
-6.638882021247221044e-01
-1.323048746684384602e-01
-2.534818314152083585e-01
-7.065493626896652835e-01
-1.000000000000000000e+00
1.399910369490288131e-01
-7.219743892557399789e-01
4.785637263448014878e-01
2.624098805220514974e-01
-4.773145651575296800e-01
3.671681238930772917e-01
-9.120923257049113886e-01
1.027492428374732203e-02
-3.010244513512252418e-01
-5.945106005316131981e-01
8.364917226657975213e-01
-3.150759671181128652e-01
-1.848767007011977159e-01
-2.042372051285987755e-01
-2.553785438960765042e-02
-4.736059796069569394e-02
9.317348503415769922e-01
1.133862919987365658e-01
7.131529329217649593e-01
2.031028298712311830e-01
4.162455788697254633e-01
9.193700657966037415e-01
-5.653573174169185256e-01
7.200824649493315910e-01
-5.799001867404397492e-01
1.295234188435263611e-01
-3.371858701609586895e-01
8.960114455671503997e-01
-3.509905792252960843e-01
-1.695867923601126342e-03
-7.097583244237568589e-01
-2.430366019805660360e-02
-7.573173212350237105e-01
-6.465706296086739524e-01
1.134175310001956927e-01
1.000000000000000000e+00
7.337144045297465667e-01
1.579024923201068908e-01
-3.819465385772362609e-01
-6.339391391958189015e-01
4.143417862563263387e-01
6.768897630963779388e-01
-4.173413176210116760e-01
-2.168044335295391534e-01
3.311654140409736602e-02
-1.830850612339869343e-01
5.393277157830989044e-02
-1.804605685524058312e-01
-5.846231989441810217e-01
-3.530890302415476967e-01
6.637168302460207947e-01
5.704690566105411476e-01
-3.341885976609431097e-01
6.119656946431157873e-01
-3.048193478416012514e-01
4.378047616050779745e-01
5.931168151905474861e-01
-5.816327467430152387e-01
1.279629866706386010e-01
-4.893502706928680723e-01
3.977857921700324040e-01
-6.240996441590308530e-01
5.944881211241830332e-01
-3.293338351402521624e-01
-1.876886378842297365e-01
-1.801581190858874137e-01
-2.063463480763879643e-01
7.760558353027789957e-01
-6.983829700106691796e-02
7.392579620831736253e-01
-8.865763034113300911e-01
8.055719355583945696e-01
3.664377684898689758e-02
4.896588557039460721e-01
3.716247167398307738e-01
4.418169119959536317e-01
4.641891527201336132e-01
9.828561728383011786e-01
7.925405134417695674e-01
2.060287065136392481e-01
9.696899639091076661e-01
-3.285811487698769850e-01
7.381735995701714792e-01
