-5.328477413041738942e-01
3.762099301286641051e-01
3.024523884618708358e-01
2.101646764581106552e-01
9.055067425623777311e-01
8.749833143515748368e-01
-4.043927851228859005e-01
-6.164157135881447314e-01
4.603702916233045617e-01
-2.325333918559742141e-01
-2.770927933928628573e-01
3.021268697785591817e-01
2.421674981277124328e-01
-4.520240122650474035e-01
4.615958531424810829e-01
4.511204694386812264e-01
-2.418245581181213133e-01
-3.092557225537093113e-01
8.051646105766983030e-01
-4.293836414658030454e-01
1.000000000000000000e+00
4.868032797864614292e-01
5.752624722783719058e-01
6.283990453657701813e-01
5.629795116500391217e-02
2.560627739818901460e-01
-7.405802374173691138e-01
-5.605855274671273092e-01
-1.924782975098788818e-01
-3.011392492231945717e-01
5.911808562303548786e-01
-8.276859852977991316e-02
3.880376487212827685e-01
-7.262158894710415424e-01
6.902377593379159793e-01
-3.426263133944582595e-01
7.821161897962825016e-02
-2.494139215449127089e-01
-5.511816501436985760e-01
-9.416364498445348730e-01
9.310945928322248433e-01
3.875361714739899988e-02
9.327047266043706486e-01
-7.799547265036402277e-02
6.388712237801674743e-01
-8.966291245244024655e-01
-4.898433614291719529e-02
-2.733124860606478412e-01
-1.875116498697182443e-02
6.650584315232740962e-02
8.635690008242218330e-01
-1.690969929512224912e-01
6.570979642328316217e-01
7.143112556988913120e-01
-2.320056620498816002e-01
4.690386687380561082e-01
-9.610815448231244673e-01
2.896433714019783778e-01
3.805915408182549697e-01
2.083074286543218079e-01
9.375782062043880316e-02
8.335349902189270743e-02
-2.011722023790671887e-01
5.108354621851843858e-01
9.896227946678166632e-01
-3.550531813260686675e-01
-7.280068956665042279e-02
-9.564591627679941421e-02
6.740249404886664575e-01
3.199764106371166816e-01
-4.306634643611473301e-02
6.766021380622619930e-01
-3.261968118231877156e-01
-4.134475665390177079e-01
1.509684129853450935e-02
-3.511530920225228725e-01
-8.711458822285779169e-01
-5.545744643790118111e-02
-2.507015675779142652e-02
-3.754671586079472156e-01
9.716724216043393092e-01
7.432087800796245425e-01
-2.252732293987812495e-01
-8.798470843673489306e-02
-9.534428085176704926e-02
9.958042949181917791e-01
-9.149585189105238214e-01
6.861102242719838706e-01
1.986538394886541159e-01
-3.518601805127168358e-01
-8.628342394168565799e-02
7.485259499374901093e-01
5.519767871847958141e-02
-7.695073109800516509e-01
-7.198696665320212240e-01
-4.592051819097690557e-01
-2.123638185466596717e-01
3.039580641761814306e-01
-1.133432335794120893e-01
7.289542039118639405e-01
6.263588401057322841e-01
-8.307680782190729474e-02
4.828278294266259429e-01
-1.618176246966420567e-02
-1.063876717833456276e-01
6.510052148589724474e-01
-1.545113245448705153e-01
-2.174405518863524733e-01
8.531141329932842576e-02
-5.472072313571514357e-01
8.007368509688468361e-01
-4.297386341718387737e-01
1.530430495452561601e-01
-6.763332738458652793e-01
-3.351340326872733755e-01
-8.087403791743685844e-01
-1.385002943506974393e-01
6.597544387644918018e-01
2.812888014781935730e-01
8.440827281841586371e-01
8.712889559202385836e-01
5.529539241038174957e-01
-1.138091621501160500e-01
-7.654053382775420911e-01
-3.812203593173790761e-01
-1.538617924483001165e-01
-4.433123264571479094e-01
-6.032273137752598435e-01
-8.361445872221322517e-01
7.469474463078429327e-01
-6.493079676007926793e-01
2.687996065832358727e-01
-6.116421276294534692e-01
7.231172025638401557e-01
5.924326712492364866e-01
-2.900724217161190777e-01
2.539124207229215280e-02
-5.738061072670972429e-01
-8.564781449773715138e-01
9.487030926475958914e-01
8.237190276483146167e-01
-4.528356630341300315e-01
-2.540836974716503271e-01
4.685482856819578878e-01
-5.929002536378930044e-01
-1.644679813482003983e-01
1.351590724695139745e-01
9.012676711868194968e-01
4.991618334443794769e-01
-3.289821955155503019e-02
5.836370378150326221e-01
7.240016488198366407e-01
-4.830419110352450751e-01
-4.951466579649801414e-01
-8.516346701599348812e-01
8.493383262913484222e-01
6.536139477539235632e-01
-4.747088505899728084e-01
-8.267812691931903935e-01
-5.196617722829997010e-01
-2.554435390463767330e-01
-1.420726454811518658e-01
-7.803871565274798083e-01
-3.564739210269067815e-01
-2.222586051653808736e-01
-2.952809453076039592e-01
2.825041189099888328e-01
5.385303764133488880e-01
1.001167027046068053e-01
6.350963886251761448e-01
-9.441226477895191538e-01
6.683056518798644041e-02
6.019503193264985619e-01
2.460280763296348594e-01
1.150433694604811041e-01
-4.011918471352715621e-02
7.284326017115512197e-01
3.006351608122168617e-01
-6.690073433070848896e-01
1.000000000000000000e+00
2.644888165882941511e-01
-3.076495270519028491e-01
2.268864668021257636e-01
-5.421716398466804865e-01
8.451530791617045679e-02
1.863640493804810672e-01
-5.031801567524372132e-01
-2.988808804369044378e-04
-7.235937366511111524e-01
8.996816079173488578e-01
6.825035903634879553e-01
1.538086767839537961e-01
-2.069119379252943869e-01
-3.987974061099728296e-01
-6.375906917108098426e-03
-2.420040061537975795e-01
-5.021198274021099195e-01
-9.737803186800049193e-01
-4.564648756643429062e-01
-1.809469328904527163e-01
8.881702532236726011e-01
-3.052590498875359243e-02
-2.868978415933553516e-01
-7.775202407170400676e-01
-6.364067954055774301e-01
-3.203792814513728437e-02
-8.880747240499555772e-01
-1.607946227059391386e-01
9.295760571410478512e-01
-6.158352538065454684e-01
3.367463418256020358e-01
8.664687490434324069e-01
2.861003386321114839e-01
1.315892450846622985e-01
-2.175183526368247300e-01
-7.555242594637927578e-01
4.353441980978097758e-01
-7.311583267437224976e-01
-1.400510642019084373e-02
7.870348327959899581e-01
-7.512077666159495681e-01
8.758563515823183376e-01
4.363386732546180036e-01
9.536460730263665031e-01
5.700558136009041821e-01
6.488236865784182683e-01
-1.723502886885579510e-01
-6.670263496573807238e-01
-8.418255792576270213e-01
8.337243582579438872e-01
6.086424304428397214e-01
-7.550438843606510630e-02
3.796370442283603097e-01
6.597366766949743777e-01
-1.662699899071056961e-02
-2.146265174849903978e-02
-3.657552612216775217e-02
5.094102996377602999e-02
4.739498190424361601e-01
-3.702516751511413240e-01
9.894999237154680216e-01
4.280462236301294521e-01
7.860574125698644998e-01
-6.518211296358900064e-02
-1.994348222613722132e-01
6.798110943394382044e-01
7.092443433022751487e-01
6.478792425991843906e-01
1.715314970646075743e-02
-1.547962852876338113e-01
5.311889428334992669e-01
-5.654213410697188635e-01
7.564690384840233595e-01
7.102396297177451245e-01
-4.677011200351284814e-01
-3.991785205107136747e-01
-7.847501734074480151e-01
2.497764065882943640e-01
2.865391049365835219e-01
-1.158048785675571679e-01
-2.620369574238310406e-01
5.562157212983429577e-01
-1.589656598398085374e-01
5.220066473901818771e-01
3.749511012855154535e-01
