9.798029491564829163e-01
-5.717506708850992325e-01
-5.773103427271772947e-01
4.046237410594932804e-02
-4.656750874197452816e-01
3.098103749874618895e-01
-1.976175934372825793e-02
9.302012859052943838e-01
8.903480190032020403e-01
3.303905752460169036e-03
-4.989934023115047412e-01
1.000000000000000000e+00
5.133997655601112431e-01
-4.690407126379642078e-01
1.000000000000000000e+00
-4.657997668811871828e-01
6.539058741394987440e-01
-9.690986963190484360e-03
-3.011139154419788522e-01
-5.721603081259970525e-01
3.838748304506064413e-01
1.957854865603014249e-01
-5.874774003201297390e-01
-7.652913932128960761e-01
3.749073461705703103e-01
-6.299716669605542885e-01
9.698770729101302557e-03
9.699669589784856161e-01
4.015173472481414763e-02
-2.596295841073993915e-01
3.340055881796430981e-01
7.826054014294991923e-02
5.622805516661280034e-01
4.606049634247735280e-01
-5.394287373771722294e-02
-1.085459671398363996e-01
7.788940450629360246e-01
7.138342786948458363e-01
9.661564219413839583e-01
6.246933022711953498e-02
5.149038675111146102e-01
-2.569154993407712917e-01
-1.130549747764906798e-01
-5.939695657597184875e-01
2.414690523798443400e-01
9.682726688025788953e-01
9.598436488918453691e-01
-1.160719408816677234e-01
-9.872519500532150882e-01
-3.295274701921375726e-01
-5.098430896747088159e-01
-6.728588690074696066e-01
-1.025320067759645237e-01
1.883244215763468787e-01
-4.706674241765390621e-01
1.000000000000000000e+00
4.415107801114060426e-01
-1.000000000000000000e+00
9.661188015681438923e-01
-1.538705124208093189e-01
1.148128081996733219e-01
-4.552480010282684564e-01
1.145054967914473920e-01
-3.769833314897773624e-01
8.697216581267765978e-01
8.737402263002120861e-01
7.007357171010912822e-01
7.873986236379459935e-01
-8.624827339161950102e-01
8.090219846478396981e-02
-8.454185203783866065e-01
-7.463273797047726976e-01
8.161567493976005228e-01
2.733729682940586603e-01
8.005288636953222792e-02
6.913039371145189849e-01
-5.072083261318915959e-01
-5.878618807164386340e-01
2.520010617236135841e-01
3.513718579473867898e-02
3.039365268296490008e-01
-2.895118045104474458e-01
7.813948687528374792e-01
8.371898055571969088e-02
9.835506468089412202e-01
-5.792787686083770149e-01
-7.491876180777634620e-01
-9.405666606860921819e-01
-2.342123281616959041e-01
-7.014409577397509032e-01
-1.000000000000000000e+00
-8.961573054142895067e-01
-1.734672937602924903e-01
-7.941582766584396325e-01
8.655552333636080675e-01
-1.142392234175751697e-01
4.651774235357890031e-01
-3.053245423342059589e-02
5.008375588551894353e-02
1.859821343300906982e-01
-9.566254390447992417e-01
6.680255608282879010e-01
4.531481563381380973e-01
-2.787913187318887820e-01
3.741535008905128024e-01
-5.571112657389704070e-01
9.201889052510178191e-01
-7.026171010243558168e-01
-5.554279556931520645e-01
-8.594818678524633881e-01
9.993109233316557205e-01
2.611125341740272443e-01
1.198729339798099147e-02
-1.224136091170178187e-01
-6.910548413459062234e-01
-4.176895258189203819e-01
-8.045054764753015730e-01
-2.714111912356329537e-01
-6.624763944864301424e-01
3.079048620285798621e-01
1.825880373859967154e-02
-1.494448752925152668e-01
-2.908421560060745481e-01
-9.320640706673237741e-01
1.571907371635592465e-01
1.531213211195588952e-01
6.460023585690375381e-01
-9.213179619528781839e-01
-3.421761211934236657e-01
8.101061544290413252e-01
-1.659064838022924482e-01
-2.586667602946146616e-01
8.439872149792947420e-01
-9.348045154952577818e-01
9.612326656242973222e-01
8.298418096927139276e-01
1.933438988546347659e-01
9.243318610059341189e-01
-6.294331898933882563e-01
1.297933244895230209e-01
-1.000000000000000000e+00
3.303727901340238748e-01
4.111995138404994088e-01
1.000000000000000000e+00
-1.000000000000000000e+00
-2.555155821518074744e-01
5.159137639024020672e-01
-2.984848132639800200e-01
5.891904840762536288e-01
-2.292414937049319090e-01
-1.000000000000000000e+00
6.410808946982304857e-01
-2.440728478827702830e-03
8.395550155266429115e-02
1.443091223118497801e-02
6.363547214330999013e-01
3.677364846642883212e-02
6.330291674330935647e-01
9.568386680619829221e-01
-2.405483883057406569e-01
4.359404391174381832e-01
-5.784958055152547018e-01
1.772039686010655757e-01
1.977806601337435133e-01
-4.257071813279909023e-01
-1.996310947095883970e-01
-4.858925417650666878e-02
8.517733427103379995e-03
8.532682048187991697e-01
5.381541803917899713e-02
-7.657900739503333831e-01
4.484181675137839385e-01
-4.280826238852590837e-01
5.836140960173656911e-01
5.809981054884719720e-01
8.910153070556847688e-02
1.000000000000000000e+00
-9.010983144093452912e-01
-1.841920718137109447e-01
-9.691846705226638825e-01
1.334582602290445563e-01
7.154562816401166536e-02
-1.448839247913169537e-02
5.709415423851171845e-02
-7.077782883109304812e-01
3.584197390085180901e-01
-2.886981382751306890e-01
4.526470035994487606e-01
7.391248114950861314e-01
-7.255233496521618086e-02
-1.967676500378498228e-01
2.850360350035510137e-01
-2.398972326399428923e-01
1.000000000000000000e+00
9.242680809735610570e-01
-1.062541557237583478e-01
5.858290939363408611e-03
-7.862591016834556967e-01
3.370532566326267521e-02
8.858331541271030618e-01
4.095510005907485596e-01
-1.004693370075032122e-01
6.612713855005059038e-03
7.605310768163254798e-01
9.457219629167870067e-01
-3.438170076247356599e-01
7.481598949282013411e-01
-1.586404675328192404e-01
1.543004831806535915e-01
5.701448045742084358e-02
4.129387549416074776e-02
-9.478188808790608544e-01
2.427615147939219398e-01
4.777264947577214427e-02
9.370244044125811689e-01
-3.668133197405951673e-01
2.223264633943940471e-01
-9.062985528306592986e-01
-3.206872810404524099e-01
-6.602331966404599850e-01
-5.173599648349347380e-03
3.231352191875334068e-01
4.523866361239043954e-01
1.000000000000000000e+00
8.189207801644136087e-01
-3.390088251868181857e-01
-2.521044000425601284e-02
-9.416787783175595283e-01
-2.892969970903547239e-01
1.911654086237739580e-01
5.026804729518461468e-01
-8.176664382727296676e-01
-2.371743838110730862e-01
-9.123089333823459768e-01
-3.078048374484025906e-01
-2.963394296296928410e-01
9.279669119149001055e-01
3.900656369912050003e-01
6.547602891410122528e-01
2.644394537933059119e-02
-2.701539827445900155e-01
-6.287478608496606114e-01
1.650101340803095673e-01
1.000000000000000000e+00
-5.953717216777942856e-02
-1.395213523086498153e-01
-1.221348617089381694e-01
7.788781167146753281e-01
7.123041613445012521e-01
7.374942492277098971e-01
-2.508353637364735267e-01
9.651000443120218986e-01
-1.604779254322958870e-01
1.000000000000000000e+00
-5.971698747460483236e-01
-7.476667567718091600e-01
4.088137954288175724e-01
6.943345312873345776e-01
-2.806913741969525589e-01
1.007081700093246657e-01
-9.269744645585140663e-01
-6.025364207389823923e-01
4.722286168867786404e-01
3.019180512292762852e-01
3.079964258994321025e-01
