9.401369543632014381e-01
-8.634586797449508300e-01
5.870777228629491251e-01
5.894519485596818598e-01
-4.806471242500909846e-01
-3.616171833668001545e-01
9.244034749363061465e-01
-2.696305396409763855e-01
7.246449857223369317e-01
7.263348654214902833e-01
8.939655074204968521e-01
-3.622245649737232398e-01
-3.642264914250392671e-01
-3.707240637508119052e-01
2.129762001032585728e-01
7.895376318976649044e-01
-6.368521605442127864e-01
-5.223652694826266263e-01
1.931825039765696361e-01
-1.123795252729837824e-01
1.603229436346657044e-01
7.625907909744376045e-01
-1.099586256885469460e-01
-2.969847901711648586e-01
-6.220145611739154035e-01
-4.449106613470017457e-01
-9.374059196680242234e-01
5.262231694533636706e-02
4.738312322640233498e-01
3.285797409074226461e-01
2.243429989225880217e-01
-6.443779208692248517e-01
2.974660379423335610e-01
-7.583852945513235022e-02
4.462647226076369433e-01
4.476271865464902522e-01
5.316971590926712343e-01
1.000000000000000000e+00
-5.248136399740062075e-01
-8.408276977405158836e-02
1.821075614842759816e-01
9.481581675634018769e-01
-7.680978293653490940e-01
-4.560967485382845243e-01
-9.090803568328161832e-01
8.423633177237725977e-01
1.226202425335281010e-01
7.991364844105297571e-02
-5.315234509953598030e-01
3.950817885066733037e-01
1.194696087560194186e-01
2.350307175787900160e-01
2.687334297335794986e-01
-9.923305005913483079e-01
8.523420603506148829e-02
-9.182763222303778061e-01
-5.197757311049464590e-01
3.879542209975524458e-01
-5.473800238670956109e-01
-7.671727655374995791e-01
-8.417328796860652496e-01
1.219434571147244295e-01
5.751910361451754161e-01
6.043009055465557999e-01
6.958768730822383342e-01
-7.512324851485754351e-01
5.834357659762445802e-01
-2.107170667269132325e-01
3.014695007162044860e-01
-9.122963656920259901e-01
-7.918271293186420756e-01
-4.342973296912822079e-01
-8.869900555419933941e-01
-4.765735301852010442e-01
-1.546512733992619903e-01
-4.925016180697076584e-01
-8.466657862887934094e-01
-3.239849101441535373e-01
-1.000000000000000000e+00
7.794239212397904293e-01
2.825206914891248422e-02
7.537042729656806550e-01
-9.554854659998850419e-01
-4.094446086594012435e-01
4.384689114152597045e-02
1.970837886301448627e-01
-1.129883715431680979e-01
9.008278861077345656e-01
-6.052903826734357118e-01
-9.796507245209859494e-02
5.177524891162310627e-02
8.676317042922908618e-01
-5.659145897584070273e-01
4.773491434011400969e-01
-2.629469638315776736e-01
-5.701760082948362784e-01
2.882753724006803520e-01
-7.148484762556932548e-01
5.760366162787542432e-01
-3.303793341843410669e-01
-2.561977510542179370e-02
3.313674499323382427e-02
1.000000000000000000e+00
-7.631872128553738310e-01
-8.141319722596793707e-01
7.134639648643543719e-01
-5.718967787905979705e-01
3.837274066820053342e-01
3.682612729868229851e-01
7.573855687054125152e-01
-7.056790218741344489e-01
1.482419648378636712e-01
-4.864375194374350175e-01
1.745214742326492985e-01
1.852618536936265214e-01
-1.863330047638037112e-01
-9.305625468390843480e-01
-4.274089893164001452e-02
-7.001998308878948363e-01
8.575365894260591482e-01
-6.743024901770287016e-01
-3.842438540191641660e-01
-3.133134474233379985e-01
7.818155387324352557e-01
5.893427943610081154e-01
2.615402384181820250e-01
-2.891253804312676756e-02
9.437589198578770766e-01
-8.866531340934606931e-01
-5.643963145505261902e-01
-2.356100214475334576e-01
-2.122068402621464234e-01
5.640391865954139661e-01
-6.516024522296696153e-01
5.003065198113316736e-01
5.089488179827967862e-01
-3.143956885249130639e-01
-8.769675062487211070e-01
1.728674158214631440e-01
8.367279991793230565e-01
5.143412265642484105e-01
4.863185318541390911e-01
-6.030732182886482384e-01
-2.545361529984295768e-01
-6.098879999425123044e-01
2.572923556116745725e-01
5.831291007254862935e-01
-6.563217362544268019e-01
-2.660731459601277660e-01
2.526053770875367199e-01
3.652051836853671407e-01
9.584051959891741745e-01
-4.081541657166884995e-01
7.603271565264912990e-01
-4.043775726741174470e-01
6.272343408040332857e-01
6.102156319077601809e-01
-7.703922901139035329e-01
-7.623440766596428775e-01
-9.514613758324239612e-01
-9.007205534462910945e-01
9.628409724963864491e-01
3.996930515123274796e-01
-9.817361998427642789e-02
-8.667842277680779528e-01
7.817387438477374495e-02
-5.997939411405961430e-01
-8.214972641632444228e-01
-1.326462347279209197e-01
6.439941482010829166e-01
-2.969556423960524327e-01
-3.092205074222306171e-01
-4.272599785635702307e-01
-1.345670951144113947e-01
3.440432297248785520e-01
-2.788938906415576735e-01
-6.377953540677481215e-01
6.118359889170996713e-01
5.569936917445961200e-01
-1.090690391853632590e-01
2.007176160877879312e-01
6.097011632209278220e-01
-9.708817310816457713e-01
-6.641360109104912368e-01
5.430079828312228685e-03
-6.446330849959205356e-01
-2.104245876194676956e-01
2.681369285724227725e-01
-8.854598659081394096e-01
-9.773438728665428954e-01
-3.314773354169304742e-01
2.994213653338125836e-01
-9.137528201278450890e-01
-4.559354762757485968e-01
-7.774561897486282902e-01
7.407492547307208408e-01
-1.561137068083762180e-02
-1.000000000000000000e+00
-3.399841318417875513e-01
8.570294026457749847e-01
2.298689292973634668e-01
1.377812783846048550e-01
8.033807928198948289e-01
2.036603337263808711e-01
-2.313093609214913471e-01
4.240988186730763054e-01
-1.000000000000000000e+00
-8.362871022688689315e-01
2.052854093936111735e-01
8.806623717741826063e-01
-8.474298861254431214e-01
-6.968823504096630650e-01
-4.634962789672425476e-01
7.233215346702233095e-01
3.034530836234421991e-01
-8.146723414113957729e-01
-2.779831554744418565e-01
-1.476716667852932818e-02
1.000000000000000000e+00
7.751928698380270433e-01
-8.406756291841621653e-01
-9.378313347296773905e-02
6.005495379522538535e-01
-5.704724274737154044e-01
1.777729631882215555e-01
2.078328009812254740e-01
5.901754296214125617e-01
-9.688779318342461977e-01
-6.304194228085093776e-01
-2.496022932107551384e-01
-7.324537980358447609e-01
1.828953585142067961e-01
5.154466386290097457e-01
6.000872878825649348e-01
-6.707580186419146440e-01
-8.213842261517474430e-01
-1.296599691864539217e-01
4.341801803974328910e-01
4.735845963873814846e-01
-7.171790787131149258e-03
-6.272008808229698751e-01
8.053760548736756952e-01
9.466358595502072371e-01
1.556128479034375456e-01
-1.297834630206367024e-01
-8.502582607599485920e-01
-5.208114965995200851e-01
1.102162865086472043e-01
4.632107220150266658e-01
-1.065887793302106035e-01
4.090231474376926357e-02
-2.043055102190376726e-01
-8.362743861636916520e-01
-8.531336196269587724e-01
2.224674134198248998e-01
-5.141373362450687434e-01
-2.445784197605083143e-01
-4.509134562126599910e-01
1.977152995311697303e-01
8.261072081534275302e-01
-5.725681371344869264e-02
3.057938282554468756e-01
6.813260568270560480e-01
-7.863687117730489007e-02
-2.288241703844826613e-01
