2.887433974464272968e-01
5.378061570090679755e-01
-8.277471684721264822e-01
3.553420659556232319e-01
-1.843974846997526729e-01
-5.529364947251764750e-01
2.132510621992556032e-02
9.760706463289801071e-01
1.936252028250243229e-01
6.026243337856402871e-01
-7.039145412619369768e-01
-4.669660117263492172e-01
-4.510867075674165894e-01
4.584057277050417323e-01
3.479009751390547134e-01
-9.230031256992929367e-02
-1.000000000000000000e+00
4.183449675841830473e-01
-3.816218838918000178e-01
5.734123474820771449e-01
7.091178920212140024e-01
5.307662727807112013e-01
-2.283947361626565975e-01
-4.111323657667735887e-01
-1.711763357288511866e-01
1.862727344270505569e-01
-7.145049177028925946e-01
-2.043892592972506028e-01
-1.613306072936437907e-01
3.088164256975906019e-01
2.840875037510584011e-01
1.909829852848990428e-01
-6.564937371832705315e-01
-3.770081467652712792e-01
2.043103259735372657e-01
-8.621501569905454243e-01
4.199838030179079418e-01
-9.919718993766144521e-01
7.367026366851154862e-01
6.417542236100534092e-01
4.049741001043305477e-01
-2.642023708416939565e-01
-5.869512022565750442e-01
-7.618083432287260370e-01
7.581818922073500777e-02
-8.348297042829089243e-02
2.654934168536060568e-01
-3.950568316063229890e-01
9.140208623869798821e-01
8.800909586807648122e-01
-3.996371066365680402e-01
-6.281430356451660479e-01
3.882043222399154114e-01
8.641885762788968917e-01
-5.878061436534272044e-01
2.755788460410952823e-01
4.270083642432085380e-01
4.797170884606123398e-01
-8.035707581140796307e-01
-8.750346857122799360e-01
5.650630734977397651e-01
5.996805957245544549e-01
7.083963933430439397e-01
1.710712268736332489e-02
9.846283232740755675e-01
-6.822693654142126807e-01
2.202864566833511173e-01
6.806744822147281493e-01
4.781501682188653568e-01
2.454773722746916853e-02
6.071829833336297444e-01
-2.211225703147545740e-02
-6.819159427825506603e-02
6.029305880001485374e-01
-5.436525483479472953e-01
1.532684113038147444e-01
-8.411049799464898058e-01
2.324325748787483548e-01
-3.363822864204930596e-01
-1.207354764871639841e-01
4.668491705250188417e-03
9.268793786909634846e-01
5.075210868826272037e-01
-7.941119428678476977e-01
-9.370116160529554650e-01
2.210912518829471485e-01
-8.279417472510337550e-01
-3.474310622956674477e-01
2.637197626973128983e-01
-6.455669859387422882e-01
-5.888675329213062248e-01
-2.261514284951804399e-02
9.173888734389223920e-01
-6.456894663675301071e-01
2.895969072534433364e-01
-1.208846397283691587e-04
-4.633142570897092472e-01
4.666630689290671707e-01
3.953130102719757399e-01
1.938931275812967869e-01
-5.149070762296881210e-01
-7.430099356023693868e-01
3.703984308751133714e-01
1.855463685193889933e-01
-7.641150628085637830e-01
-5.511988061488983792e-01
3.086135366821012305e-01
2.855108833799691048e-01
7.154073862722249988e-01
-3.876488549437606679e-01
6.670226093015909630e-01
8.223615420403664888e-01
-1.451087104932951011e-01
1.564476466048594361e-01
4.465392382838877516e-01
-3.805466616187731521e-01
4.351384060382308405e-01
-7.545597614838313039e-01
-3.467005567808709721e-01
-4.632109188078253892e-02
-8.106657714787988134e-01
-7.892986252531838387e-01
1.503168805386179141e-01
-2.901412407708123808e-01
-3.348950680963922455e-01
1.291213983319919323e-01
4.980111762006772524e-01
4.312645828038864648e-01
7.103740552440909184e-01
-1.490053827829950217e-01
4.044839236329517140e-02
-1.650892875888618772e-01
-5.618892678269054031e-01
8.135896131103150797e-01
6.840487548583551458e-02
-6.151926438396699837e-01
1.005894724473144208e-01
5.569936276172149370e-01
9.990794694284204081e-01
-1.000000000000000000e+00
-4.785121500062363697e-01
4.105646124042667822e-01
6.043075208487773686e-01
-8.372803399707606786e-02
6.339527678137539812e-01
-2.501482099818670424e-01
3.445366166419105980e-01
2.317413273958157660e-02
-1.000000000000000000e+00
6.111783937043606674e-01
7.957949834049815596e-01
7.208158802989692582e-01
1.571717867083799458e-01
8.523599456040118483e-01
-6.923545242933213384e-01
3.066069445343617694e-01
-9.719935292194947785e-02
5.663854147892612989e-01
-4.727389017219736367e-01
-4.526260536221162756e-01
5.309108901399210989e-01
-3.573109823920315176e-01
4.027855977088745654e-02
-7.712691638394854055e-01
1.462389859236110645e-01
3.214778480419386852e-01
-5.422270630968637484e-01
4.595675031880341876e-02
-7.448193096755977294e-01
-5.591976271727894243e-01
8.780338941143932541e-01
-5.565390785248776062e-01
-8.341783756016424300e-01
-9.999176698974210353e-02
6.607119887692930460e-01
-2.098298999297612544e-01
8.782829365281445977e-01
-8.706125425147432928e-01
7.052000735136576548e-01
6.049267839499776755e-01
-6.680687527893089950e-01
2.705059659644348802e-01
-3.414172907469127383e-01
-5.156351035687452011e-01
-5.796587755008640874e-01
-1.045528188505571721e-01
7.295140978179870395e-01
9.297945139850567475e-01
9.693432665965930894e-01
9.500418467376365861e-01
2.812011241666859673e-01
-9.923562738563727059e-01
-2.474268916412989405e-01
7.594132916614151352e-01
3.265507618673186840e-01
1.485820537006754816e-01
-1.315280250195223211e-01
-1.949679852736972419e-01
1.000000000000000000e+00
-3.520519957178220305e-01
-4.503647378542441904e-01
-1.341119949069344841e-01
1.688760966353816673e-01
-8.649887908149604954e-01
-7.642463799436114424e-01
-3.048914088909768783e-01
-1.822618458939001540e-01
-3.388810236986277147e-01
-1.236357568371145299e-01
2.577100665024145698e-01
2.808950879273331980e-01
-4.600380413289232306e-01
3.297711871174324738e-01
-6.285507340024933942e-01
-2.360402363259983538e-02
-2.485233333057964566e-01
-2.355956708463463611e-02
-2.540033478703703218e-01
9.564431710468788150e-01
5.885021741168714460e-01
7.377859948848031202e-02
2.465091841601205758e-01
8.433579621199527310e-02
-5.887978569424875963e-02
-1.572108623031971131e-01
-8.300838477162757467e-01
-4.746786733735945951e-01
8.299115058717414506e-01
-3.360014902891333977e-01
-2.078346857679280735e-01
-7.017717529868057191e-01
-9.303215432281828345e-01
6.138186396998204231e-01
3.725203904755696183e-01
-2.126926143451939311e-01
-7.759594392643702765e-01
-7.745294389597583429e-01
1.000000000000000000e+00
3.432502123522240822e-01
1.317262651817583397e-01
-7.111427791193964953e-01
-1.510246842938745004e-01
8.698071118765773324e-01
-2.908626826714308944e-01
1.047499831625708921e-02
-1.135208288731177628e-01
-5.887169280041412711e-02
8.250370437728247186e-01
2.938857215015462376e-01
7.533444251683150128e-01
7.276366390431840969e-01
1.052276740199753480e-01
7.584973369089920148e-01
7.334373957830697677e-02
-5.301440152257330674e-01
-3.702515297261250726e-01
8.561880258159613177e-01
1.842290776917423489e-01
7.847846523789085982e-01
7.294637650193803724e-01
-7.540142412256800597e-01
5.334234744903874892e-03
1.036395267013046073e-02
-7.472052996838551842e-02
-3.280884209648240457e-01
