-0.607018
0.218513
0.576108
-0.714175
-1.000000
0.321406
-0.058538
0.128320
0.808320
0.270910
-0.586271
-0.265489
0.670350
-0.668234
-1.000000
-0.662759
-1.000000
-1.000000
-0.261411
0.816753
-0.057157
0.330541
-0.323767
-0.246338
0.286977
0.038240
0.814768
0.115330
-0.675488
-0.555491
-0.911275
-0.455491
-0.062815
0.042460
1.000000
-1.000000
-1.000000
-0.411746
-1.000000
-0.253052
0.350186
-0.152078
0.409208
-0.795440
0.363169
0.695580
-0.453836
-0.348156
-0.594881
-0.622670
-1.000000
0.314769
-0.278463
-0.817562
-0.926615
0.372124
0.693831
0.805930
0.602408
0.684002
-0.495325
-0.914064
-0.426279
-0.910486
-0.675214
0.784066
0.393963
-0.643447
-0.524335
-0.648926
0.374383
-0.776195
0.295871
-1.000000
0.530262
-1.000000
0.255756
0.427073
-0.477720
0.589863
1.000000
1.000000
0.309179
0.775220
0.330036
0.266279
0.606446
-0.820878
0.520089
-0.085893
-1.000000
0.299619
-1.000000
0.167460
-0.340777
0.824169
0.428395
1.000000
0.532219
0.365717
-0.246721
1.000000
-0.134567
0.316830
-0.750308
-0.638280
0.859309
0.523638
-0.838965
0.600619
0.241312
-0.745370
-0.054025
-0.439394
0.735702
-1.000000
-0.058485
0.610471
1.000000
-0.065879
0.807951
-0.382320
0.965550
0.941649
-1.000000
-0.675631
0.161704
1.000000
-0.590419
1.000000
0.149199
-1.000000
0.539799
-0.051910
-1.000000
0.816232
-0.908180
0.108534
0.660762
0.004835
-1.000000
0.893269
-0.195445
0.678620
0.267957
0.267875
-0.944231
0.068770
0.051930
0.124946
-0.317092
0.755463
0.085439
-0.374406
-0.407399
-0.497173
0.678295
-0.405502
-0.659344
-0.328248
-0.892554
0.379734
-0.909197
0.530045
0.510699
0.650730
0.086463
0.781088
-0.612490
0.205278
0.637221
-0.111150
1.000000
-0.879254
0.644433
0.360355
-1.000000
-0.383624
0.659633
-0.525752
-1.000000
0.418585
-0.485900
0.245923
-0.537078
0.584837
0.353629
0.860562
-0.556279
0.067674
-0.271862
-0.427420
0.490096
1.000000
-1.000000
1.000000
-0.236708
-1.000000
0.638139
-0.470675
0.662721
1.000000
-0.989823
-0.261066
-1.000000
-1.000000
0.708989
-0.756273
-0.523327
0.070110
-0.862588
0.067454
0.387071
-0.102170
0.723928
-0.671848
-1.000000
-0.578231
-0.666089
-1.000000
-0.987832
-0.131296
-0.794389
-0.498682
-0.989381
-0.627642
-0.023663
-0.780503
1.000000
-0.662109
-0.242834
-0.547399
-1.000000
1.000000
-0.788320
0.621873
0.115348
0.062214
-0.134978
0.179527
-0.931771
0.301882
0.956075
-0.285761
0.978845
-0.047604
0.497666
-0.041436
-0.267538
0.160039
-0.164961
-1.000000
0.750855
0.206223
0.947191
-0.396005
-0.684545
0.674562
1.000000
-0.003892
0.360300
0.795411
0.348042
1.000000
-0.032438
