5.666682290299489555e-01
1.276156665207106577e-02
2.353632048380420727e-01
-4.710620157327457536e-01
-6.420783233091480469e-01
-5.624849569355190315e-01
9.250700913541294312e-01
3.615701656577652301e-03
4.399773402786462673e-01
-6.009190012354548305e-01
-5.909801650411965479e-01
-4.871762990486228073e-01
6.972428473031577756e-01
2.436605958446731446e-01
7.183692319193134557e-01
-1.983871698818463480e-01
6.184448031654649763e-02
9.623571363133234247e-01
-6.464014127199964044e-01
7.741761033158349736e-01
-2.465858757178562843e-02
-5.823931986358366064e-01
-7.673858616877040628e-01
6.544962431715133366e-01
-6.260887641915826585e-01
-5.363486051142711819e-01
1.044087311975463450e-01
3.661594533081393710e-01
6.804042618469787751e-01
7.989598954921364737e-02
-6.880191726063047408e-01
7.029067503959602892e-01
-2.493767496132313632e-01
9.219800499334587229e-01
-2.315493302364113326e-02
3.031871986278076303e-01
-6.892330113445001016e-01
5.601350034030480596e-02
-3.233583134248156910e-01
9.389500937682258019e-01
-7.257241126908831053e-01
1.231255529084127609e-01
-3.007394748667024942e-02
3.333904728665832984e-01
-2.998786106794490980e-01
-9.400695240648180295e-01
4.226195245237975850e-01
-4.585304473108620105e-01
-2.093344750703237667e-01
-4.510839913425794268e-01
8.638885993124092444e-01
8.434496070341708229e-01
-2.117272199407056466e-01
2.265257984234898547e-01
-4.178034190696482408e-01
2.093250859461721625e-01
-3.576915675532731376e-01
3.592749064310236662e-01
5.617944520306840106e-01
7.423707527206673262e-01
-8.204073865227362594e-02
5.888022979644362831e-01
-9.643771846297186645e-01
-2.492095944058776436e-01
-2.221037975295656330e-01
-2.652947550436290935e-01
-9.706888709267247339e-01
-6.043464681269996586e-01
-9.179078753574557714e-01
-5.998674523949724113e-01
-4.452730262247552862e-01
-8.414220474786714421e-01
6.507163147734620345e-01
9.955734264379201282e-01
-6.818360060236181575e-01
9.046362926406439353e-01
7.438690584307592335e-01
6.885742580967304516e-01
9.117104104039924772e-01
2.848277420289087036e-01
-6.603736981681618268e-01
-5.392397919493818748e-01
-4.857034550030183695e-01
6.909173105693890982e-01
3.007577276406325772e-02
-1.948024593361714629e-01
-1.072431374723284425e-02
-4.062221846039941742e-01
9.814835945864044398e-01
9.344482471611097463e-01
3.414340383859945649e-01
9.603422605366798148e-01
-1.640021006861791530e-01
-5.041878049032888498e-01
-5.301636612300564266e-01
-4.756349221615210343e-01
1.155324940759739072e-01
6.855298364777813180e-01
3.202023837788635641e-01
-6.676523801818774473e-01
6.563179781625838594e-02
4.779452656629034624e-01
5.551084113798644415e-01
-7.374477340344389731e-01
-9.620373537609592240e-01
2.243599277481992393e-01
6.684374565404469504e-01
-6.764238141251061043e-01
-7.095521488614877637e-01
4.257083952232276758e-02
-5.698039364828075826e-01
-8.179676980343249248e-02
-2.252137253215855950e-01
3.549098091755018558e-01
-4.397492770413922170e-01
-3.159202789680288781e-01
-7.779415672925196201e-01
6.010850228616759772e-01
-7.854553225818268203e-01
-5.717785719495586116e-01
-3.442291801135833329e-01
9.596567683341108435e-01
5.542377111806366941e-01
2.712430945860168086e-01
-5.251329666072843683e-01
4.104580585176398344e-02
-8.209465910993566373e-01
2.434786551165468715e-01
-5.115421764725764930e-01
-7.395103197777415094e-01
1.003102151463941549e-02
6.042945859347645943e-01
1.817574617328225894e-01
9.153490869285960674e-01
5.015570225087677414e-02
-7.141921430561257722e-01
-9.510627295211909749e-02
-2.670013881217114804e-01
-2.788531460133164552e-01
3.992429713502820832e-01
-8.442256593127026587e-01
-8.147130852474581131e-01
-2.085976631863641906e-01
5.924699292862883881e-01
4.814461703115460178e-01
-7.625732869290164917e-01
9.526716412371647458e-01
5.271202819181750598e-01
-3.580325759631768912e-01
9.923236867956575225e-01
-5.902830940148164895e-01
2.756809224306233652e-01
-2.746763582092244249e-01
-6.644007082187197710e-01
5.813238017979005523e-01
1.498716961931271241e-01
-3.741478008976981684e-01
-8.328937894386743146e-01
-5.145063379309053886e-01
2.001027752399865411e-01
8.915841897847205377e-01
1.000000000000000000e+00
-7.323173799993161204e-01
-5.561140373411764815e-01
7.270889830972937506e-01
6.056052286173543298e-01
2.124365693043515080e-01
-6.728550955497195618e-01
-3.446391327299653806e-01
5.803802571140872502e-01
-2.465384607649896420e-01
-3.776070917707909924e-01
9.477666107055153777e-01
-7.635492895686013526e-01
-3.473260187727699733e-01
-5.020475372583965701e-01
9.457721011632269636e-02
4.097508219686599729e-01
5.904028953736402130e-01
-5.054570466214989288e-01
4.356634932220680434e-01
2.833925809770807547e-01
-8.192704750083268372e-01
8.869386895768855972e-01
-1.386924248943623983e-01
-2.420775910923442520e-01
4.136643429021065188e-01
-6.835032065879096397e-01
1.773491542386254061e-01
7.187382973883289505e-01
-5.312703049888953810e-01
-9.767046112185229223e-01
-5.736113537865032974e-01
-1.479355250473157746e-01
2.806159348790269181e-01
-1.000000000000000000e+00
3.977687914718575080e-02
-2.336340881790635038e-01
-1.450865967296030012e-01
-2.641296209495995750e-01
-2.313934098717029819e-02
-8.974254591411086057e-01
5.402517977691834172e-01
6.389648124112824734e-02
-5.714061309906779407e-01
4.247616727150755889e-01
9.974454644899627409e-01
5.649351391506975961e-01
3.737238215390904505e-01
5.517037557791132363e-01
-2.106150222566216534e-01
-7.465366907662968066e-01
3.285538767967313145e-01
-5.164794967282715366e-01
1.753595517428574446e-01
1.000000000000000000e+00
-6.343034585839466555e-01
9.837935318750046232e-02
8.875983402523779375e-01
-5.488952406099992798e-01
-6.463434507990447608e-01
2.956201213177407361e-01
2.319635117851772677e-01
-3.052350024135734863e-01
4.934393896920483691e-01
-2.568432231547269629e-01
-7.257700863856952900e-02
7.324243124364082647e-02
1.461391679296626389e-01
6.316093468078971540e-01
-9.790574643737544047e-01
7.617018801920123483e-01
4.332142191208075976e-01
7.045257452957991440e-01
5.031665034981824824e-02
3.451535824685632026e-01
-2.790364675079857193e-01
-2.147392684437600674e-01
1.252669232946675426e-01
-6.923208532735845022e-01
9.703096234429742228e-01
9.495680378252400189e-01
-2.538007019789547680e-01
2.536194868461254526e-01
4.402509717599130123e-01
5.594862181347770580e-01
-8.216497321580960023e-01
1.050423380049587685e-01
5.247026518564171793e-01
-6.580958612061542645e-01
-7.512590360950242019e-01
4.538806846206178136e-01
-1.834579749608595822e-01
-5.067841453942190100e-02
1.478524709589724151e-01
-1.219406028243790185e-01
-3.615881493245349798e-01
-2.908377115545375813e-01
4.939059483988058608e-01
9.475004867702974121e-01
-4.215815125120858653e-02
5.138314392086207327e-01
-6.378681889002386640e-01
4.450985680160549629e-01
4.673819126140503766e-01
