1.000000000000000000e+00
2.896408683908300308e-01
-1.000000000000000000e+00
-7.610329061343278356e-01
3.638686196184234278e-01
-4.254015701440836406e-01
-1.070186583179943973e-02
1.460800643482960126e-01
-1.622835811684933960e-01
9.227251668139415663e-01
-7.158723031731754061e-01
-8.089050466449141386e-01
3.228547301343595022e-01
-1.000000000000000000e+00
2.905449930925604329e-01
2.486563867042060894e-01
-5.765823131065955787e-01
-5.978905684104793838e-01
-3.970705640923254953e-01
-1.807403501554066816e-02
-3.142932350698151578e-01
8.525647996057277023e-02
-1.480903956794696330e-01
-2.879443371662656626e-01
-1.000000000000000000e+00
-5.399580139742607976e-01
-8.550976439812928431e-01
-9.295011138952086194e-01
1.228918940533432619e-01
-2.511896789851535972e-01
-9.227096589182625097e-01
5.286489505588897186e-01
-1.000000000000000000e+00
-1.000000000000000000e+00
-1.000000000000000000e+00
-1.095564639971150500e-01
2.981504223822796229e-01
8.759312305882220873e-01
2.768080424470070744e-01
3.555177371775859463e-01
-1.000000000000000000e+00
2.590829529994760350e-01
2.034915463286712800e-03
9.742048447340252437e-01
-4.736888074503155521e-01
2.004076541334154360e-01
-5.664424934262975997e-01
3.304446057015584803e-01
5.116736224038267444e-01
-8.650581948618900618e-01
1.000000000000000000e+00
-7.158354663530019923e-02
2.250238028166144932e-01
-5.345645069249027603e-01
-1.000000000000000000e+00
6.111444522623765696e-02
1.288844222777036919e-01
-1.000000000000000000e+00
1.336541425964389296e-01
-6.968780281505712049e-01
9.153997901625915423e-01
-2.710301508770776024e-01
1.000000000000000000e+00
-2.646055750930497164e-01
-5.396354029823664522e-01
5.244535919384779588e-02
-8.924262279150310118e-01
-1.704182798929161358e-01
-1.000000000000000000e+00
-9.372680203303345170e-01
-6.453901457318370616e-01
3.703107921023995885e-02
2.790872985442444110e-01
7.061252308181269477e-01
-5.035891579007527596e-01
-3.564037827376196343e-01
1.000000000000000000e+00
-5.774605803943385629e-01
-6.400195449938824721e-01
-3.864965442767076542e-01
7.933325889467515157e-01
8.108590060281075651e-01
-1.000000000000000000e+00
-6.082541816175068838e-01
4.861151198191652201e-01
-8.194770055053085533e-02
6.371216149497956893e-01
6.969578991083333896e-01
2.753349090316360437e-01
5.390870595537373688e-01
-8.579613446877941696e-01
-4.278815222179790934e-01
-5.318925352666620254e-01
2.473494097360874333e-01
-2.395416897919935839e-01
-6.116955619971609082e-03
3.267486437305847646e-01
1.000000000000000000e+00
7.866688250379645364e-01
-8.102974840489722830e-01
-5.256343685946518463e-01
1.000000000000000000e+00
-3.143031039317871200e-01
-3.667232213439721722e-01
-9.927371903677433274e-01
4.107009945871313294e-01
-1.328849812894513649e-01
-2.656983387921932338e-01
-1.000000000000000000e+00
5.379897939565435605e-01
6.994950321256230286e-01
-1.000000000000000000e+00
-4.655467167702820319e-03
4.699024321111352487e-01
-1.000000000000000000e+00
-5.579754221863274521e-01
6.847154942328841365e-01
3.284212519581179435e-01
-5.632613152264565048e-02
6.280302503613578446e-01
-6.360198356082623627e-01
-2.333808001033569335e-01
5.695211619993910679e-01
1.000000000000000000e+00
-2.686221766731414773e-01
1.000000000000000000e+00
1.000000000000000000e+00
-1.440874829276624358e-01
2.002015752388784098e-01
2.399419297856369981e-01
-6.032060601712176118e-02
1.653289469608776874e-01
1.000000000000000000e+00
-3.168453430544346805e-01
6.046573585565043762e-01
-3.170584856735750301e-02
2.876211032526594935e-01
-3.611499300652160072e-02
6.723868269400152808e-01
6.441296933704925287e-01
1.000000000000000000e+00
7.623117639308403248e-01
-5.697138196197035764e-01
-1.754042709251693033e-01
-6.110324613449920061e-01
9.186479905025483061e-01
-1.000000000000000000e+00
2.938553078284945608e-01
-4.956406914130103702e-01
1.000000000000000000e+00
-9.180328082742348350e-01
2.426366256668045507e-01
4.250690612372220456e-01
-2.949628032689490809e-01
-1.000000000000000000e+00
-7.559229073997049131e-01
-6.076911627022792972e-01
-5.083496157997438036e-01
-2.199416370295601553e-01
-1.000000000000000000e+00
-1.000000000000000000e+00
1.000000000000000000e+00
-2.151193434400431870e-01
-1.032109933609587915e-01
-5.780928633626980506e-01
3.014358828558008629e-01
1.421418516104362428e-01
-6.680149467769995741e-01
1.565116350132343404e-01
-1.000000000000000000e+00
4.746525977024550480e-01
8.184724514539125639e-01
-1.000000000000000000e+00
-3.722514340595153293e-01
-1.000000000000000000e+00
-1.000000000000000000e+00
7.872443288185795307e-01
6.277039634836147908e-01
-1.000000000000000000e+00
4.330609293526166970e-01
-6.746227774348574624e-02
-7.231597117495436322e-01
-4.066028530405312869e-01
3.266328907889682331e-01
-5.403737626249788262e-01
1.000000000000000000e+00
-3.164493252367340248e-01
1.000000000000000000e+00
4.435985869343012089e-01
7.865318505635839896e-01
-6.540214509516238950e-01
6.023066451207476080e-02
3.996789680193414962e-01
1.056308397719202263e-01
-1.000000000000000000e+00
-2.194264416166964993e-01
-1.000000000000000000e+00
1.478457891534740165e-01
8.442908137240512367e-02
-1.000000000000000000e+00
-2.247006450467513294e-01
-8.086255375194238981e-01
-7.510110943930721206e-01
-7.605523958085302905e-02
7.654856509127798692e-01
3.475209941420252524e-01
-9.701876579306534243e-01
1.000000000000000000e+00
1.000000000000000000e+00
6.371521114652700657e-01
-4.150434387242772916e-01
1.000000000000000000e+00
-2.649256098511414415e-01
-7.487268466157067648e-01
6.702883921634990028e-01
8.024831835050658668e-01
-1.000000000000000000e+00
4.924073481721150669e-01
-1.000000000000000000e+00
1.000000000000000000e+00
-8.599924251193034053e-01
-1.000000000000000000e+00
6.111751370268554417e-01
4.667865085901647948e-01
5.244627968555983788e-01
-2.550955297465635763e-01
-1.000000000000000000e+00
1.387259589709091134e-01
1.000000000000000000e+00
1.000000000000000000e+00
-9.724009685850785178e-01
4.673052074699006186e-01
1.000000000000000000e+00
-1.452575869603944803e-01
6.348922528250211528e-02
1.000000000000000000e+00
7.316746697614131545e-01
7.335422779756366474e-01
-1.000000000000000000e+00
-1.292505092083786056e-01
1.000000000000000000e+00
1.000000000000000000e+00
1.787364947858772757e-01
-5.977690501166432746e-02
1.000000000000000000e+00
9.870182216452931812e-01
-1.000000000000000000e+00
-3.986387708340152214e-01
5.870775769307665648e-01
4.563511602542237311e-01
-7.695996212947322501e-01
-8.482804401509882464e-01
1.000000000000000000e+00
1.000000000000000000e+00
1.000000000000000000e+00
-7.175898776632341214e-01
4.516403985732294624e-01
-4.834059992072072820e-01
-3.611609478391095696e-01
6.332716506287972003e-01
-4.531110106199350840e-01
-7.556815760283969174e-02
2.655405553561513976e-01
7.764466678486579010e-01
1.000000000000000000e+00
