3.747474105780401743e-01
8.158796990163676988e-01
2.875779526523247753e-01
-4.027007349488327392e-01
-9.268287189412127702e-02
8.743988700866318631e-01
-2.241290384398529900e-01
4.228290656935946856e-01
9.129401600638100689e-01
3.673699463211238525e-02
5.015141787594652456e-01
-6.250107410953433806e-01
-2.817724088921327308e-01
4.271510449810579924e-01
3.893574900729690480e-01
-2.278274894186957944e-01
2.717547315524580509e-01
5.048109822105306677e-01
6.353338810545693383e-01
-2.708064093688538621e-01
2.598178162924792423e-01
2.039044578810345065e-01
-9.369044258461296515e-01
-1.629236242284466396e-01
-8.941628098076970232e-01
-9.999606955597617475e-01
-1.370399209135396701e-01
4.415276876361916569e-01
1.000000000000000000e+00
6.255674267424774504e-01
8.719952793728924512e-01
-2.531856043260241051e-01
-5.148982329474640629e-01
-6.915331826192760989e-01
9.310360975002358597e-01
-9.840805303837136808e-01
9.119261846678803352e-01
-5.673789850476271823e-01
2.310211954694916248e-01
6.598470169744855007e-02
-5.268733299833097128e-01
6.731637202775497819e-02
-2.753897616090876799e-01
-9.561216044919553791e-01
-7.451284092717640473e-01
-2.324991845553283643e-01
-5.129288942844891785e-01
1.865714161828104789e-01
6.651776007804466317e-01
3.256102655252592903e-01
3.702871312972164652e-01
6.148787926761014599e-01
5.248405186078612950e-01
-1.982119974552198904e-01
-8.789757884562627854e-01
5.044442231207983962e-01
-1.789757748302143736e-01
1.327637910151162615e-01
7.201897446770249012e-01
7.326104653186160665e-01
8.632866932306996199e-01
-2.042527200032289159e-01
-4.121401848470170048e-02
-4.286264091566748813e-01
-8.408844293889303767e-01
5.831934983824176300e-01
-9.862482732903634641e-01
7.344096606144474570e-01
-3.804096669095020644e-01
-7.867700586500874227e-01
-1.111640010445025251e-01
-4.923252773655399928e-01
-3.970201184307591280e-01
2.120707820986478254e-02
-1.884572191479527703e-05
-8.123473821489215485e-01
9.004913460616823517e-01
8.473328103279684775e-01
-1.212538087854151403e-01
-1.032876151349934046e-01
3.442876676051740414e-01
6.764303507233588864e-01
2.501687098450520175e-01
-1.806744433729967625e-02
-6.701286362435838750e-01
4.722978532742072577e-01
6.480286385188497311e-01
9.336455022936120951e-01
7.827102633054603409e-01
2.822497009744060481e-01
7.228822793428548721e-01
7.429950034324039887e-01
-3.139248249011377667e-01
-2.063691052401068760e-01
4.281839659561308409e-01
-4.001531972842156115e-01
-1.004975171077326923e-01
-5.924478976656899487e-02
-4.951690563698882830e-01
8.838551237593832433e-01
-4.000790281071945897e-01
4.448333456597798885e-01
-9.096685553690373460e-01
4.748132321303607517e-01
3.478788341183867150e-01
7.951792733608962216e-01
-6.973255054052213131e-01
-2.894398482072684242e-01
-8.650342117288025712e-01
2.535641304754183700e-01
-1.407514832340337474e-01
4.858467605902108688e-01
-3.526919274900648382e-01
6.047395302205356427e-02
6.842110277310946564e-01
-6.209301096455607238e-01
-7.718286701049186238e-01
-3.877523882936229072e-01
9.520609548958088864e-01
3.672242480180250013e-01
-6.686606007528423934e-01
7.316984096026641904e-01
-8.374822900505520806e-01
8.722305374901446751e-01
8.157148023036742135e-01
5.896601635087419524e-01
5.812750897260227090e-01
-8.210886104076843273e-01
5.418839448303895967e-01
-4.862576928636852536e-01
3.571922777040712482e-01
5.415835706221130419e-01
-4.028158749792278837e-01
6.873205963289614751e-01
9.654636853982372369e-01
4.142565186491875551e-02
-2.221243629454798807e-01
1.351409220339965522e-01
6.181003922402762418e-01
4.673951263467460704e-01
-5.356136064473964176e-01
2.667155777598839705e-01
-1.043477875158616008e-02
6.966708270379793344e-01
5.689824219206893741e-01
-5.717973186909954819e-01
-3.011459346041578389e-03
-1.830579282069051406e-01
7.555575088722426003e-01
-5.406469459409835032e-02
4.891094080824962553e-01
-3.936963779245168382e-01
9.480518463074134594e-01
-8.058299586684449789e-01
6.504383721086501868e-01
-8.674154004989744760e-01
7.556383553994094893e-01
6.018574566506726953e-01
7.931078366169989069e-01
6.398793691754969259e-01
-6.787033134627806774e-01
-2.773594502235181558e-01
-5.743304955720951455e-04
3.585563860155842608e-01
-4.045360559830208924e-01
9.972976988894510786e-01
1.664186587617710877e-02
-3.682451719917549937e-01
-6.604349551528925222e-01
8.338704477417269167e-02
-1.999954009988164083e-01
-8.149415734795282251e-01
7.334494258118797738e-01
-9.483564554483195908e-01
5.799751595311173347e-01
-3.068058002590542399e-01
3.103705353434339509e-01
1.306929120281630219e-04
-7.239316055307694064e-01
-6.188508183645579086e-01
6.253019684796359279e-01
-9.439692369106594816e-01
-2.386771231183009989e-01
7.820199625171764257e-01
-6.127060934649273261e-01
-3.377270334590267709e-01
5.540114745551147912e-01
-5.718029427410038501e-01
8.384832652293643385e-01
1.464138224211681827e-01
4.378210518911538340e-01
1.345794127902086856e-01
-8.780989346926160177e-01
4.671521123602957459e-01
3.163968246813293472e-01
5.976488465963146757e-01
6.012323336785816430e-01
-4.376890910930822387e-01
3.458689310261384153e-01
-2.929344231509591889e-01
8.065125380988540371e-01
2.245921915249584622e-01
-6.058413735130223632e-01
-6.083313161344869879e-01
-7.225178968329526441e-02
-7.697673777039040210e-01
3.818696546239144785e-01
5.438849166235151245e-01
-1.428953375644727575e-01
1.597591352854637048e-01
2.332110085431562396e-01
2.188925860521684363e-01
7.172646232601154193e-01
-2.284333728374279282e-01
1.000000000000000000e+00
-4.878574106865470328e-01
3.069077571576599439e-01
5.649639769588155058e-01
9.833100066252897786e-01
2.817513810514027384e-01
-8.175449187388117434e-02
-6.642716118145171045e-01
-9.476483934514077223e-01
8.089591184531303991e-01
4.672248906111297617e-01
1.931646399092257216e-01
-8.533806698828309834e-02
-6.023258449975668061e-01
-3.915650364337708300e-01
-3.023128381116935715e-01
-8.328377206019066392e-02
9.923168582026560269e-01
-5.236774490033120344e-01
5.030918753344973959e-01
4.131914574364743409e-01
-7.200001458997318249e-01
-5.042843508045858486e-02
-9.352750060680825595e-01
6.348988676284059718e-01
-8.161705424358187133e-02
2.433901338842832107e-01
9.944091136399255682e-01
-5.721388030782033063e-01
4.537009271085661322e-01
-1.791204442517778661e-01
-6.866929216689562354e-01
7.301481949079440259e-01
9.623379994603913357e-01
-1.910537521825956819e-01
2.584155101252052500e-01
-2.930993500224239878e-01
-9.229671126674288129e-01
5.817323719357084255e-02
-4.777768073540744620e-01
-2.778120088166853296e-01
-7.322441982485066170e-01
-6.755025660567313128e-01
1.833926856810970119e-01
-2.219303603818938431e-01
-6.867507123507217148e-01
7.443591371294733250e-01
-1.990312999934490679e-01
8.289175539850082153e-01
-1.064871024910699349e-01
-9.433806849485304458e-01
