-5.348686063424659132e-01
4.311426443963831678e-01
-5.514392148973867869e-01
-2.587058313933239262e-01
-2.064817623244417089e-01
-3.880512019731103823e-01
2.710172133565498243e-01
-1.101808155957992863e-01
2.476461333906148088e-01
-7.492227046771771093e-02
-1.971155020055122553e-01
-2.135025300968600437e-01
9.856424781515883415e-01
8.765545546757285145e-01
-3.891033596443268516e-01
-4.064935196650876215e-01
-9.045750687530531575e-01
-2.411526647945791690e-01
-9.531973557352382276e-01
3.496479599016390494e-01
-2.631458464966841548e-01
-9.683049123736382491e-01
7.094215915069899125e-01
1.171790411955714872e-01
-9.608615785367790041e-01
6.838703882126774269e-01
-2.341102382991270547e-01
-7.782155745870715791e-01
-9.596901182320196622e-01
-7.658877421048067013e-01
-2.322510087802593937e-01
3.843114639082667594e-01
-3.266261712037384357e-01
5.883738527283874920e-01
-7.681997485413964988e-01
-6.926691956565533825e-02
-2.237498596928677586e-03
-7.284350000683954551e-01
7.709229227986768018e-01
-7.935121187837208545e-01
4.209748812618627767e-01
-2.385275115497710874e-01
-7.537759912627903791e-01
-9.734575141526311537e-01
-2.771354180851639537e-01
-3.862292811856908314e-01
2.204415544304623442e-01
-5.872470831220708565e-01
9.179935762111046671e-02
-9.862676699339234521e-01
-5.920163643404191545e-02
1.223823781414190570e-01
2.826581916234691683e-01
9.541081462700127247e-01
5.935484631393296295e-01
-8.911569348868235707e-01
6.983735386965777003e-01
-4.279642885596717239e-01
-6.724811652826073738e-01
-5.489764846830198497e-01
-3.136781973276945301e-01
-4.272312122585351091e-01
-9.383693142831328604e-01
2.094010016905167859e-01
6.570276356371018700e-01
-9.898171808290058271e-01
6.832954213852316938e-01
9.957544768190195184e-01
-7.367212625904628887e-01
2.419398189986344816e-01
2.854628239514945820e-01
-2.484504101258983022e-01
3.253246203295446781e-01
-4.113557157412106591e-01
3.219370973435963235e-01
-2.403621051817148024e-01
-1.810018929072623184e-01
2.078235294280513790e-01
3.296145433694349647e-01
9.738592349529209269e-01
-9.324388838683234093e-01
9.684565162090765789e-01
9.992211221745804783e-01
2.426596140435538507e-02
-2.826080323728284993e-01
-9.973689607616904873e-02
-1.598055574811785284e-02
2.852411138090990006e-01
-7.600273348027886122e-01
-4.268540420664172497e-01
-3.765365036459493719e-01
-4.075375574823217883e-01
-3.021051701825789304e-01
-5.183907176744345646e-01
-4.409654748835634130e-01
-7.981109736999827398e-01
1.635962079387336121e-01
-5.144170735986739462e-01
6.231772348279651652e-04
-8.221185370636137080e-01
-1.000000000000000000e+00
-2.315894978550774863e-01
2.966137393775913900e-02
9.146308693096134590e-01
-5.862222533052240392e-01
9.181278385821567412e-02
-1.710113409361596962e-02
3.707651165787001490e-02
-6.493710394387811058e-02
6.840355857132280892e-01
1.929874785909321266e-01
2.752141571194404723e-01
5.702518283701479840e-01
-1.367706438580396089e-01
-4.498301023165360846e-01
3.771288936850107354e-01
-8.911232202207874931e-01
-6.305945900122127412e-01
1.599725006790446713e-01
4.112556190678761658e-01
6.386733299715507961e-03
5.690901178446085007e-01
-8.328070905032247673e-02
-5.556342037297995473e-02
1.301328914166892670e-01
5.189534924406133953e-01
2.814749775091884842e-01
-5.068613062072396813e-02
-8.118056906647332926e-01
-1.000000000000000000e+00
2.948505014795425594e-01
3.843207797966670114e-01
-6.735507058744666375e-01
3.330297534712666208e-01
3.749911725932910667e-01
2.795720361265979781e-01
-3.759875742564746659e-01
8.939784429190142934e-01
1.784468461637976344e-01
-6.425684641997129187e-01
-2.714325522133097524e-01
3.466386798011998338e-01
9.557680886964897704e-01
-6.811652513581240020e-01
8.755097564473129923e-01
-1.925060444174908070e-01
1.534634488133086450e-01
-3.059056816107367793e-01
6.604547510620446538e-01
-8.826553965252010858e-01
8.122931659980296981e-01
5.218269180451112765e-01
-3.003873304955836931e-01
1.419627940212769279e-01
7.257767013229687869e-01
-1.678920942421385787e-01
-4.275985238322811410e-01
7.055102259718722957e-01
8.899792079995194616e-01
-3.818477292194382144e-01
-7.280491287825645585e-01
-7.237928612689812358e-01
7.330635372775764491e-01
7.981726740860517477e-01
-1.874375529568416132e-01
-7.294578747828867060e-01
-3.096565543594979042e-01
-9.304446262999661599e-01
-4.103090192784863977e-01
1.427664382807216636e-01
-4.587928476278945733e-01
-3.971664089716608892e-01
-3.165578638679379386e-01
-5.413890633451594603e-01
2.640535863392783344e-01
4.314907683326181242e-01
-2.759249034095161424e-01
6.080168569270174572e-01
1.264184019378360446e-01
3.952349638050988712e-01
3.156300331416812821e-02
-3.978073032341175042e-01
9.035764632885512349e-02
-5.589782108116352344e-01
-7.583016496639418680e-01
-2.790616525779519019e-01
-3.345060575336586406e-02
-3.155222125121479038e-01
-3.743719308102242405e-01
1.203195948514984570e-01
3.364343384454748787e-01
-3.773715388425487594e-01
-8.427398716576330884e-01
7.089707164816982932e-01
7.099197855757145570e-01
6.362468928287829950e-01
-5.710942304517452328e-01
5.606161458483572835e-01
5.451911474433782656e-01
2.608251660336027289e-01
-9.492500257705669409e-01
-1.247282402215295904e-01
4.689243618829586069e-01
8.459158850678651920e-01
-8.440077183896739221e-01
-7.286076007746687955e-01
2.551127799726146117e-01
5.300138001891611106e-01
-5.547710946936224019e-01
-5.794353647210260805e-01
-1.896522820940008125e-01
3.731173763971710189e-01
4.152942360683010703e-01
8.210755532982889626e-01
-7.351707497839235494e-02
3.394708486795239288e-01
-9.764510699847925856e-01
3.789929304281097755e-01
7.861508504591876445e-01
5.498439770264744730e-01
-1.756308831566100181e-02
-5.181185014099876085e-01
2.921426130730798709e-01
5.877171998103856154e-01
4.380875856067454888e-01
5.078447976848020629e-01
4.484915028125548986e-01
-3.031378031741849277e-01
2.886677274299908613e-01
-7.312937302748456769e-01
-7.309476659787503827e-01
-3.872299539795764911e-01
-3.894019608352052852e-01
-3.488174233238499067e-01
8.898033832004140775e-01
-5.312393848612876335e-01
-1.156707334208881832e-01
5.693202376597527037e-01
8.831979647424801350e-01
-8.941370884410957398e-01
-8.468277434842430562e-01
-2.568186107680771046e-01
3.647971386168790131e-01
5.387187856167356959e-01
-4.900939445593360810e-01
-2.504642040178346463e-01
1.411088009959149403e-01
3.438965149972904589e-01
8.848849146144881495e-01
7.980939908579558484e-01
6.930943203870546521e-01
-4.368529549963096059e-02
4.560134233207067678e-01
6.170646285610048576e-01
2.563933804475510003e-01
4.702226807992755386e-01
-4.785582552337136475e-01
1.341596389539769785e-01
-2.245690844668034591e-01
-1.333011604611974432e-01
3.323345876074523808e-02
2.962628531589401870e-01
-3.247710169553383319e-01
2.261536904493082756e-01
-9.543295761677633715e-02
