6.631006879774210550e-01
8.907914775525906936e-01
-2.925866625792483688e-01
-4.801812972615731034e-01
-8.460542885644508626e-01
-1.761917669384760465e-02
-8.880590912567098982e-01
-3.821222964867501126e-01
-2.870693914739086416e-01
4.163009819755485452e-01
1.365008549326006126e-01
-6.774000447433472516e-01
-2.807325454168176915e-01
-1.073149054143662517e-01
7.490808489218083732e-01
8.424411842908599013e-01
-3.746031544462129492e-01
7.537917522261929071e-02
3.694604050231209413e-01
5.091811074545689042e-01
-4.229861307685667260e-01
-7.410822523656102057e-02
5.532478740420563312e-01
1.176868088757989095e-01
8.618947850129496935e-01
-3.837755955551191978e-01
4.655653940798855361e-02
-4.166370104125936003e-01
-1.708355907641454507e-01
-5.619640269979766511e-01
6.564558961743114374e-01
-9.452476173508834734e-01
3.087300312609910780e-01
1.115611044351945136e-01
3.868128732693111860e-01
3.892049024608884578e-01
-3.355002737558797077e-01
3.165197491946276642e-01
6.120897101403502960e-01
4.906120824065371977e-01
-2.052318344969130681e-01
3.928294074606569763e-02
8.630831177991966641e-01
-3.243111460425807113e-01
-6.325644396508616207e-01
-6.499986150438532562e-01
1.768166583287937854e-01
-4.220635287796452584e-01
1.769735203788589950e-01
8.555688245860360031e-01
4.216761728884210747e-01
5.560013130274827908e-01
-8.116283728182194235e-02
-6.448288290326233962e-01
6.852720556922904382e-01
-6.852870665382184701e-01
8.982194913193486396e-01
1.000000000000000000e+00
-6.136354013271645425e-01
7.332347278290800574e-01
3.396737831786439399e-01
9.539484300451204213e-01
-9.481187360331306824e-01
-6.024858373266717138e-02
-5.981151768493815357e-01
-5.875847830925495785e-02
-9.983007013524447526e-01
-8.012662400256770345e-01
8.188884545485830557e-04
2.062944366552650344e-01
4.097721979556367966e-01
4.587469103623929012e-01
-4.567864680374644770e-02
-2.078232184471354160e-01
-5.414919980435617397e-01
-4.666100443805849540e-01
-4.316459852080845039e-01
4.353029910878929432e-01
-2.767183726611863737e-01
3.881139259663559660e-01
5.770230152837856341e-01
3.742166385811298568e-01
6.634625546969539212e-01
-9.304640895938145473e-01
2.427056264224256577e-01
-4.431516407716147299e-01
-9.700424539185377171e-01
-2.546085837654852302e-01
-2.522970497723130423e-01
-7.406391413723056871e-02
-2.580651075784797244e-01
-3.182867115293850357e-01
9.594363115974053891e-01
7.200221308270515763e-01
5.105518582883628032e-01
4.731242573827847964e-01
9.619592952876456771e-01
1.508367722708041647e-01
8.184291422685794348e-01
-2.851038839058530616e-01
2.189975611335392980e-01
-8.599618411094003267e-01
5.111091935719527246e-01
3.686593300593419276e-01
-1.461397745760621980e-01
1.944181873887618206e-01
-7.080327127575312129e-01
-6.121513361152264299e-01
4.379376805948982931e-01
9.929936441126854252e-01
9.032883930809043616e-01
-7.201281739966884921e-01
4.844973778394193187e-01
1.633843875071301355e-01
-2.190559922116120384e-01
1.921259299941682208e-01
3.969104210008800315e-01
7.733094839191675951e-02
-8.382052151122080241e-01
-5.439443995746140459e-02
-1.687949109855113594e-02
-7.869965882161400472e-02
-4.521819599104968113e-01
-6.892751449906966421e-01
-2.100508748502731837e-01
5.083703598934861123e-01
-2.582294671973907052e-01
6.646993116796777734e-01
-7.306194671336898594e-01
3.373748051259708447e-01
2.838645579388463513e-01
-5.947463495992948435e-01
6.559390131910325383e-01
9.906430620046557944e-01
-7.353631224079701934e-01
-4.995737660947567882e-01
-2.757555962944046035e-01
-1.562842867200429087e-01
1.504739691475160956e-01
1.000000000000000000e+00
3.378823009059376825e-01
9.450707828601954130e-01
7.291081199383795397e-01
-2.689412223325029494e-01
7.122539411887884864e-01
-3.896637362669047588e-01
1.805286651399733433e-01
9.951994095570577681e-01
-2.329011109419098502e-01
-8.264079571868230278e-01
-8.960590037388800333e-01
3.260266899397139539e-01
7.674573930638044494e-01
6.106098366542194178e-01
5.822096954269574409e-01
5.155464001627865223e-01
2.817856107028553492e-01
4.723326832131855557e-01
-2.884953677830266461e-01
2.571202647188135515e-01
-7.670837630396478701e-01
3.028443468602394217e-01
-8.333262594813926061e-01
4.143443161215252246e-01
-2.740840940809474713e-01
8.697901709101674150e-01
-9.607867834955363673e-01
3.316506443337868815e-02
-4.522116600802401631e-01
4.655116822350482408e-01
9.445970606284332938e-01
-8.128941880206637105e-01
-1.675931167090058960e-01
-9.399692920421528486e-01
2.382859960080365713e-01
8.944710720862947273e-01
-9.390955353773577929e-02
3.990353686190561966e-02
4.477532990972858951e-01
4.208030786155290137e-01
-6.969080872070638755e-01
3.988571272501734155e-01
3.398436581156538683e-02
-9.052494804510888837e-01
1.822659054595109629e-01
7.356100838501775652e-01
2.776828651257392533e-01
-4.356038714284422575e-01
1.817452672281137938e-01
-6.574056154725922418e-01
6.591423371974456380e-01
7.101222219543328329e-01
-6.314341841888557738e-01
8.211034669427650368e-01
3.102754425263087867e-01
-4.305548644047845208e-01
-6.977504296260139682e-02
-6.189981073968384706e-01
6.498730935071539427e-01
-4.143285831768195315e-02
6.982828520018147245e-01
7.337317118967852103e-01
4.663524139739529950e-01
2.928468250990646782e-01
5.102249947718422440e-01
9.860019618872478686e-01
8.882947920200903180e-01
5.885624864964547065e-01
-5.473703329114816274e-01
4.306410153091050352e-01
-7.863816296723393773e-01
4.330239706700770297e-01
1.670776915883629421e-01
8.639510083347325953e-01
6.562607597302740903e-01
-4.494671953272255660e-01
-9.098489018960468355e-01
1.597048282973868583e-01
-1.285737493194383241e-02
3.630702523737965315e-01
-5.528594242644133683e-01
9.987722674640320264e-03
-9.745668018666282517e-01
3.089433740837423947e-01
5.967615993048240863e-01
2.958072757070226988e-01
7.889310923307955026e-01
-4.770921335392697138e-02
6.226855047253843090e-01
-3.729970209909418966e-01
3.087371904327642635e-01
-1.000000000000000000e+00
3.586839103883343594e-01
4.586032624506956590e-01
1.812357496756200614e-01
1.952451380222239852e-01
-3.520053277587309459e-02
9.722306884461104914e-01
-9.415187179933948158e-02
-6.379392024230945424e-02
-9.387734669772780371e-01
4.282727110975574902e-01
8.386416657742039593e-01
3.247319199426503267e-01
5.843034633279751144e-01
-2.544915436131693909e-01
-7.962805817663716201e-01
8.016224444640873692e-02
-7.239242110098015326e-01
5.389281646305446039e-01
-4.372687639347316857e-01
-6.853455866763624726e-01
3.531536685566183387e-02
-8.947698049523356012e-01
2.596975288910110050e-02
-2.295595647211204626e-01
9.116432198457191660e-01
7.681174031688777770e-01
-1.255039917561040497e-02
-4.415717086089223642e-01
9.007208328706328704e-03
-1.987497320540013157e-01
7.919001114804224972e-01
3.711088426153341668e-01
2.644537138268673315e-01
