-3.213319119109547817e-01
8.153958474255027511e-01
-1.000000000000000000e+00
2.171743045269556860e-01
-2.477757748461982823e-01
-8.687571814079952937e-01
4.294530714619837486e-02
4.711051555138798808e-01
-1.000000000000000000e+00
-1.000000000000000000e+00
2.199854611305233354e-01
8.615610769452738404e-01
-9.661518445007943878e-02
-2.034489188398740100e-01
-3.657149176419923764e-01
-6.985251893525858957e-01
-2.238580105159280742e-01
-9.512779319234465625e-01
6.458103898684397493e-04
-1.000000000000000000e+00
-5.287854432352987466e-01
-5.048497017756169436e-01
1.434086086885973110e-01
1.030393799752385847e-01
-7.841805534863650617e-01
9.320997179300105628e-01
8.792264118312486110e-01
7.966088797170347569e-01
1.710505723311988580e-01
-1.000000000000000000e+00
-1.000000000000000000e+00
1.000000000000000000e+00
4.830254542354049940e-01
-8.958974081524412325e-01
-4.408361446561843699e-01
-1.224725497200647162e-01
-1.000000000000000000e+00
6.504912295614145856e-01
9.827358125211830275e-01
2.127557497044127999e-01
5.187207759324751200e-01
4.892036829206446447e-01
1.000000000000000000e+00
-5.680811028185919209e-01
3.219309665939082965e-01
2.964795000466005082e-01
2.236660066663279656e-01
1.049474884139439679e-01
-5.176147215943520674e-01
-1.000000000000000000e+00
-8.365695393054748408e-01
9.835771965480519796e-01
-5.045715537080860402e-01
-9.068777159566675516e-01
1.000000000000000000e+00
-3.412984789183973744e-01
1.000000000000000000e+00
-3.519314385374314735e-01
-1.000000000000000000e+00
-1.088924156115665537e-01
-1.000000000000000000e+00
-7.252396545627579627e-01
-3.012309143892204499e-01
-1.022390197717938376e-01
2.378390213163615874e-01
-6.425383236151488431e-01
9.924243596783446364e-01
9.544096127814651886e-01
3.318292526700072353e-01
4.608003506440947472e-01
1.000000000000000000e+00
-2.652038409992970580e-01
1.130594418708671250e-01
2.339229225873622475e-01
-8.335293221528304874e-01
3.391590511251151852e-01
3.010336384685994293e-01
1.000000000000000000e+00
9.953159650523241142e-01
3.884221492936971165e-01
-1.587782077002111158e-01
-7.020015569453541548e-01
8.710090720707800438e-01
-2.304797287090716851e-01
-7.306754559784520708e-01
1.280521166556312096e-01
1.000000000000000000e+00
1.292757210502205600e-01
8.117128143783896022e-01
-9.768158952075400858e-02
9.668513500838229469e-01
-7.370006213869214617e-01
2.443562261710829908e-03
4.915839828578545956e-01
6.426769923562380971e-01
-4.920494066501135966e-01
-8.264359134864296408e-02
-2.311796572034363617e-02
6.781276024841633721e-01
-1.886960857144697190e-01
-7.529365006478949685e-01
7.681375787949471512e-01
4.725679348397026081e-01
6.214855371082207425e-01
3.328553910505226421e-01
-9.252824473852321319e-01
5.985116378856814023e-02
1.881190457690961881e-01
1.000000000000000000e+00
3.594681291838937587e-01
-1.000000000000000000e+00
1.000000000000000000e+00
8.700868190361296106e-01
1.000000000000000000e+00
-8.626079111631597129e-01
1.400169495717847323e-01
6.397153327304900827e-01
9.716494511626495578e-01
4.020314027464064743e-01
-3.871344117800799012e-01
-1.000000000000000000e+00
1.777943275129691691e-01
-7.436482108584114847e-01
6.308080491559997505e-02
-1.000000000000000000e+00
-1.000000000000000000e+00
2.699161976420964559e-01
-1.151883082160534144e-01
-7.310443856298710630e-01
-7.246179741943710173e-01
2.621551122461330263e-01
1.869133078560057115e-01
3.128550152626684011e-01
5.516035877486133998e-01
1.000000000000000000e+00
7.382642782236117363e-01
-9.013529341306342202e-02
1.479932143072996698e-01
-4.818402419804342918e-01
-1.000000000000000000e+00
6.897621000352437415e-01
7.579227886390277336e-01
-2.643211778302919090e-01
1.000000000000000000e+00
2.213192703937700012e-01
8.173367633442593649e-02
-8.934484443192201863e-02
-1.815735416886656850e-01
1.000000000000000000e+00
4.864026995605006398e-01
-2.024304516567547729e-01
2.626415101042904321e-01
-6.771239285096667393e-01
-9.969427122577894096e-01
4.028599332884172379e-01
8.133055228715816432e-01
6.668207082776105299e-01
-5.969465163209508596e-01
-2.717644814753824578e-01
-2.030266356485125878e-01
-3.970856861499033608e-02
-8.938957997510724729e-01
1.000000000000000000e+00
-5.739201747066993708e-02
-5.304274501017918197e-01
6.915361764892419272e-01
4.387327651200498280e-02
-3.665252089282700076e-02
-1.000000000000000000e+00
4.397308955945894438e-01
-5.997518012103965068e-01
4.211141361755787460e-01
1.530496622152754949e-02
7.516802387692691489e-01
1.000000000000000000e+00
-1.060423867066219578e-01
7.964624026018332081e-01
-3.819128451956441683e-01
3.586201367356454672e-01
9.077025151183584217e-01
-5.869587898810881832e-01
2.235382449040910491e-01
-3.044365657318459650e-01
-8.967559885833528144e-01
-1.000000000000000000e+00
6.650889264172030746e-01
8.304865793838555055e-01
-6.809712064449852109e-01
9.318879657635890101e-01
1.669936614038426415e-01
-1.560992786646422936e-01
-4.310905208743500139e-01
-4.046144697573221816e-01
-3.883195778983911106e-01
2.792870479856088828e-01
7.609449289968872598e-03
-1.835611660734955963e-01
-3.942315868795531197e-01
-4.940782414907760045e-01
-2.032587443609444877e-01
7.666997721628774354e-01
3.867952525246040607e-02
9.393875697479436848e-02
-1.586968217573567208e-02
-8.585749957619375206e-01
1.000000000000000000e+00
6.088032453419488232e-02
8.404626575097067231e-01
8.845237339099649709e-01
5.858726426221254613e-01
1.000000000000000000e+00
-6.004540397669326790e-01
-9.730483753790337698e-01
2.978286706091524683e-01
5.054398146204469588e-01
-1.000000000000000000e+00
-5.039266831338384822e-01
-1.000000000000000000e+00
-7.871377849066295562e-01
4.394866150684279549e-01
-4.534702169766194335e-01
1.927534883414678268e-01
-4.000403357471116750e-01
8.100882507016243794e-01
-4.341168789436292696e-01
-1.000000000000000000e+00
2.582443910231365103e-01
-4.139638702684236282e-01
-1.000000000000000000e+00
4.930303096748714364e-01
7.488522299916147151e-01
5.932212773105929315e-01
1.000000000000000000e+00
1.000000000000000000e+00
2.113945525401794145e-01
-2.849006795112440926e-01
-1.000000000000000000e+00
-2.052364305127009347e-02
1.856881899930274971e-01
-9.940455195817414769e-01
-2.592204866153062226e-01
-6.585082319571267107e-01
5.225460801659589372e-01
-2.429404257618701657e-01
-1.000000000000000000e+00
-9.856576840839387232e-01
1.826085700015516733e-01
9.658347935363497117e-01
4.490353325996505607e-01
8.280624072759940058e-01
2.582602386014850593e-01
3.090772901442955800e-01
8.381095862265497409e-01
-1.000000000000000000e+00
1.675843750407640664e-02
3.118761112187480311e-01
7.954688496163903055e-02
9.361344171784474755e-01
1.000000000000000000e+00
3.640816472048860053e-01
-1.000000000000000000e+00
2.229043852352005917e-01
-9.360629350460530906e-01
-7.798934932707648482e-01
9.984952806299774997e-01
