-6.714137071447315863e-01
-4.704856597176987898e-01
-4.532581531864567914e-01
8.768830818050658005e-01
-2.129140413459634784e-02
8.320816527010084229e-01
-5.799318290222332806e-02
1.114183893039262518e-02
1.374845427338847736e-01
-3.736798768933032866e-01
4.561108991075917829e-01
4.946264774738369230e-01
-1.130186704679696369e-01
5.020273031734682201e-01
-6.477942068171438361e-01
8.482840514816445410e-01
-5.154401130734412861e-01
1.581255149040294850e-01
-1.026232740751676920e-01
1.942847817553733369e-01
1.874607013588552862e-02
6.301914922446389955e-01
-3.320264115717640463e-01
-4.630651342625360378e-01
2.667714804386686622e-02
-4.106421070515201555e-01
4.792267489488712395e-01
6.944127848401171477e-02
-2.760545008229455810e-01
-3.067652524724182039e-02
9.646698254184795651e-01
-1.554099898088452392e-01
-5.136823784781219260e-01
-6.283884420962331241e-01
1.761319151985338838e-01
3.497884795034165162e-01
-7.291654666582281230e-02
-5.208874086799066827e-01
-3.804965877364523408e-01
-2.801241270861927757e-01
4.291325119876754357e-01
3.296047092135437895e-01
7.480627713557678193e-01
-2.575585043521964046e-01
8.103145309224730752e-01
-2.718724277944509771e-01
-4.487481615171428073e-01
8.550503884053279879e-01
4.240736066390340397e-01
2.536348264920420537e-01
-5.284184019842383950e-01
-5.049740465940393275e-01
-6.817241136929379497e-01
-9.851602916981969660e-01
3.970854648774119200e-01
-9.160896707301389164e-01
-8.736070188159125172e-01
-3.190837053531522804e-02
3.402998975422097949e-01
-3.576628989620132537e-01
-6.420482427113578527e-01
5.715072554305664632e-01
8.198347263855905176e-01
-7.029215145192401204e-01
-5.962240864277496000e-01
5.586282125016683864e-01
-5.720822843550320558e-01
9.504755716565103096e-01
-6.285504577029248363e-01
2.201989464839517741e-01
-1.000000000000000000e+00
5.362150968882117841e-01
-7.543187795182745292e-01
5.414136422988103936e-01
-2.636081560585781247e-01
3.950078720476147276e-01
-7.128499839467381527e-01
-3.544311740144183709e-01
-9.923813055849128872e-02
-5.329095123245615184e-01
4.393718374114830016e-02
1.301801038101690899e-02
4.620935058819483077e-01
8.118714890803281348e-01
1.859789310398842765e-01
-3.109797455526616128e-01
-8.320684423008986030e-01
-8.375357377762593369e-01
-4.141572759021894257e-01
-6.346662735126389343e-01
3.909256985865092737e-01
3.654211162395685775e-01
-8.259083482422430178e-02
8.490593789593386953e-01
5.118563313861719255e-01
8.696825728398944744e-01
3.019818151233734649e-01
-5.145452930955651816e-01
9.603395909383360962e-03
-6.196584369906479317e-01
-8.370775685016356160e-01
3.215547128169379265e-01
1.872817027067956719e-01
-8.163141178857225011e-01
-2.060525038640129702e-01
5.642523995629257216e-01
3.905941733008252426e-01
-1.011183638184842692e-02
9.845472677198052747e-01
5.355309505798544478e-01
2.058451344654076420e-01
-5.183696180636517825e-01
-5.407360383036317053e-01
3.690378853849558549e-01
-1.152027153395207559e-01
-8.121282481913738582e-02
3.707340410703077183e-01
-1.322459770548393143e-01
3.324673338695729452e-01
-4.688637828981694344e-01
-2.711280098982149500e-01
-2.269483189331478190e-02
-3.073806932729841179e-01
5.340611268651467292e-01
-4.143515666645274376e-01
7.691715867378494664e-01
-5.530696880629905055e-01
4.720495992205725466e-03
4.638433076847141012e-01
8.154811358988078851e-02
9.597233037630064079e-01
-1.444821513229904708e-01
5.434868961154415423e-01
3.857515536682099011e-02
-1.404090540648338381e-01
8.517692820613402827e-01
6.815272207613218836e-01
-2.048090032937524008e-01
4.860229552062378389e-01
9.718996475435945914e-01
-5.827318373709184929e-01
-4.474593176474555012e-01
5.328389984961640069e-02
1.602767246970254744e-01
2.217121102953725775e-01
-6.542425024085796181e-02
-3.020533145802790642e-01
5.098100449255300592e-01
-3.646517544028207158e-01
-4.564875254259275206e-01
-3.263486756522465670e-01
-7.632118282741640058e-02
3.440156763588675393e-01
-9.826394164146647903e-01
-2.915366449568239648e-01
-6.959363416538034697e-01
-4.831957350605037838e-01
-1.000000000000000000e+00
-5.666311607789511484e-01
-2.288185486012871694e-01
-2.488985319802367036e-01
2.168391920341081747e-01
-1.595516098955303830e-01
1.399434955525813429e-01
6.960832869490909403e-01
1.631624335871284526e-02
-3.294939877504796111e-01
-8.976280188189052212e-02
-7.563094923184584539e-01
2.638738076411096811e-01
6.672216430199144899e-01
-3.264898639200647379e-01
-8.691476602345652447e-01
9.510782990642104862e-01
-1.000000000000000000e+00
9.203934070627517450e-02
-6.399664202240666899e-01
-9.875542281719099647e-01
-7.293379943902216223e-01
-1.000000000000000000e+00
-6.595322666788634436e-01
4.047988601414979210e-02
4.729822228918635907e-01
3.447422274547822241e-01
-3.334799536351359395e-01
7.507644338168291132e-01
-2.507449188456685185e-01
-9.953374919309303515e-01
7.856475417743759015e-01
-4.080111566676545842e-01
3.978489819007415829e-01
-1.888451290290089624e-01
8.301337304330076439e-01
7.147444286320694395e-01
-9.076513386197202493e-01
-7.475468241670606417e-01
3.002996666567550044e-01
-4.085513905354189457e-01
6.962006260012798542e-02
2.802322176390212860e-01
-3.426503844297529300e-01
-5.151126110014183634e-01
-6.803164650694251137e-01
-2.259920899531835392e-01
-3.619311558356670400e-01
-4.983114884170314896e-01
-3.006242276143390457e-01
-5.604391510645081453e-01
-4.645216186637829425e-01
-7.134507038341248997e-01
-7.953000204769330450e-01
7.002733202528549361e-01
-2.567297246801621413e-01
7.687260696954349992e-01
4.579124772236816132e-01
8.797656372903278621e-01
-1.765176730302409069e-01
5.778663071281719965e-02
-2.011450571853929947e-01
-9.154362926145537260e-02
-1.765432281222023558e-01
4.120531816520736634e-01
1.344061149223154672e-01
3.276816760927179772e-01
8.039164569562914364e-01
-2.127235737463703535e-02
-2.426332696024113833e-02
-1.523823677938105359e-01
-2.641512968383563642e-02
5.688928054271193968e-01
-2.286870986958964291e-01
-3.275806607955220606e-01
6.429327016292332164e-01
3.983938464134065827e-01
7.223350766505274301e-01
6.057759039053555172e-01
5.907506156639374950e-04
6.436095435299860057e-01
-7.440562509853212436e-01
1.542444738873193222e-01
-8.518732152686279147e-01
-2.545648794659564063e-01
3.513587757393663580e-01
-1.437326211459444281e-01
-1.334341307153754652e-01
4.178076107530599437e-01
3.554604059723580622e-01
3.693593223704263462e-01
9.363156155831788841e-01
-5.186490874732874179e-01
-6.586656236265067133e-01
-7.217907775785770141e-01
8.102632766402259046e-01
5.789150134123666191e-02
3.933888358986745715e-01
-4.366538660709664565e-01
-9.236530824459747713e-01
-1.617811431561195779e-01
6.867546429722846124e-01
-5.325765974168402694e-01
1.451729963625281172e-02
-6.910255713378286035e-01
7.460960926870857657e-01
5.834015976655765323e-01
-9.632859408996199413e-01
