-7.621187029766400833e-01
-1.099525888959818065e-01
-2.779486134272731723e-01
3.153674935949950520e-01
-4.655179217854639173e-01
9.532704432271323913e-01
-4.225869991976388684e-01
-6.300007881992171210e-01
2.805383761432760359e-01
4.976070701601598145e-01
-1.137792043153935673e-01
-5.954875466677527207e-01
1.000000000000000000e+00
-8.639281041954161022e-01
7.283971398099811090e-01
-5.561722088051859192e-01
-5.226821713618137188e-01
-8.611605262089330193e-01
-6.423190158809102268e-01
1.001436291639682397e-01
-3.422771266665547429e-02
2.257356852071044639e-01
-5.669205846628739831e-01
-6.812660465375994789e-01
-8.566485379619701579e-01
6.708021797358125760e-01
2.076197156923493825e-01
9.650791727603442727e-01
-3.960464495124540463e-01
-3.690844624909904170e-01
-4.397038020614599252e-01
-4.381698522745400282e-01
4.324600501295062793e-01
-2.427576773206174821e-02
-8.595426045843057583e-02
-5.400516896307565595e-01
4.592393634963090054e-01
-4.990304864956753850e-01
3.607513866742702580e-01
-5.963589046210359124e-01
4.026652284211817978e-02
2.932303417142622659e-01
5.033264553293403942e-01
-9.176198288187445984e-01
4.103938827363594610e-01
-9.520817339949982916e-01
-7.740798777390527352e-01
-7.322848763547673556e-02
3.801461249800424103e-01
-9.187789523130991398e-01
-6.943645508480194017e-01
-1.522121268559046559e-01
3.242020123224162997e-01
1.000000000000000000e+00
1.000000000000000000e+00
-2.515946842774356984e-01
2.892307533659024266e-01
8.172552931189268621e-01
3.508743347276978009e-01
4.483929138926818769e-01
-4.381399680243942552e-01
-7.769984018635105461e-01
1.659376177158103371e-02
5.626435216016124619e-01
6.357625527738355320e-01
4.680718198643896155e-01
-3.662111401832084945e-01
-8.932485550608078029e-01
2.946178531484427987e-01
7.863642920774629452e-01
3.542667251389337579e-01
-9.123415801325325258e-01
-2.109745040092374513e-01
8.250920455060382075e-01
-1.000000000000000000e+00
-6.649552545545216464e-01
5.920082551860328390e-01
3.194914298569286881e-01
6.758124697077385612e-01
1.098413848546377219e-01
-4.235992096260843276e-02
1.190841292227085013e-02
5.099242590488743954e-01
-4.065172564769868879e-01
5.858082997982090312e-01
6.821867927701064094e-02
1.357314784982563971e-01
4.986047202671977097e-01
1.263010756535154488e-01
5.029112370729276194e-01
-9.075681146971479318e-01
1.140142562422911121e-01
-8.889291087953818393e-02
1.398428026237424904e-02
1.656468336137617570e-01
-7.456956030482533304e-01
9.098458426535338539e-01
5.084126906063173301e-01
2.033963549441932805e-01
6.484692093475152852e-02
9.751314709830563032e-01
5.275666984777815927e-01
-6.206354342110204092e-01
-6.366962620165628195e-02
-7.303678527406818333e-01
-1.221831756504808825e-01
1.968800761632005791e-01
-5.626254609907548332e-01
4.738382460016361541e-01
9.412993006994558876e-01
7.840815300323460413e-01
-4.621352449796665152e-01
-3.411798902503826447e-01
-3.790347766957347098e-02
2.363017409152861070e-01
4.136845222568656943e-01
-3.336341375650373475e-01
2.716341835673137250e-01
-3.589558753621135967e-01
6.557919960369643642e-01
6.616348788889667709e-01
-3.188362855921065275e-01
9.999767681858372503e-01
-2.891113267231022466e-01
-4.648560858441588284e-01
5.034747318535531813e-01
-2.586743725339425426e-01
-6.596597866486614281e-01
4.844542664726239622e-01
8.339073147267861419e-01
7.671098325858289879e-01
-8.882193129823996447e-01
8.215292568440462073e-01
-4.134444705768531847e-01
3.856066489440780343e-01
-3.085572176009039880e-01
-9.028378987668066458e-01
5.439402128133370429e-01
9.729049692152120787e-01
-7.651097445321148882e-01
-1.000000000000000000e+00
8.418013229250622675e-01
-7.153572521420061836e-01
2.527078977685096595e-01
-2.579934853253584848e-01
-1.363953682739396100e-01
-9.894240375747405114e-01
-7.662993062054017646e-01
-3.769287851538128953e-01
-4.510384789675228046e-01
9.191030152007944043e-01
-3.891196412004920280e-01
3.663813120826120429e-01
8.420517854299416349e-01
-5.133519685208225436e-01
-5.644595330397096378e-01
-7.456059865646671447e-01
-7.885292064985855998e-01
4.451949303151281345e-01
-3.195661820702202505e-01
2.528897435900239188e-01
-9.475623289829988583e-01
-7.179981548027483118e-01
7.015520659526104374e-01
4.781870240773300473e-01
-6.473176676919478734e-01
5.829783746124921340e-01
9.164477651786864243e-01
-6.421192348099615810e-01
1.166847935965977662e-01
-1.559779641612676071e-01
-3.625071156599413147e-01
-4.230515098625160508e-01
-4.912941588350107081e-01
-4.971541010957409856e-01
-2.443574666101144821e-02
-2.529057791149120771e-01
-2.422989768169496738e-01
5.415351845674719611e-01
3.535858950032857440e-01
1.621773883584602949e-01
8.887599610281569085e-01
-6.767784596451141832e-01
2.520559371035688834e-01
2.691295344748045881e-01
-9.054219372692802192e-01
7.970221918277617945e-01
2.064427972642861597e-01
2.357589169973840215e-01
-2.340488646533755990e-01
-1.113134100474726385e-01
-3.529058142135436671e-01
5.325522543927281305e-01
-3.782108117052300766e-01
-6.707228581539723677e-01
8.353285004687474036e-01
-3.599233890874566910e-01
-3.923356490948677333e-01
3.466717487368251582e-01
5.766484553543573810e-01
-3.889437665446826564e-02
-9.865324924654326200e-01
9.038634630893516153e-01
-2.730954441101449692e-01
-5.037904903577909987e-01
5.672775900964288631e-01
-7.331577368686219565e-01
3.004832352606636725e-01
-2.682406981727324946e-01
-6.003621848572329167e-01
-3.335717286933844172e-01
3.619516629830795695e-01
8.328602134333475959e-01
1.995747313578779825e-01
5.159835617484964665e-01
-4.191873969783693754e-02
3.444391485709041856e-01
1.268096311444100177e-02
4.216033193215062980e-01
-6.649056099300820755e-02
-9.453843959499974581e-02
5.118129520330951809e-01
-8.311328963542847781e-01
6.912047911219465490e-01
8.705769324010317334e-01
-6.591721315958012362e-01
-5.111158210027981763e-01
1.000000000000000000e+00
9.000483623356083651e-01
4.248567921298314065e-01
-8.565108379527408555e-01
-6.835493011767113103e-01
9.162022638763942517e-01
3.696061981454323853e-01
4.675689784075887645e-01
-9.525387195845824717e-01
-5.326488130916612329e-02
-1.168179094988930078e-01
5.082347782244025503e-01
8.115929264804999654e-02
-2.092045545103753401e-01
-2.940527533723227283e-01
-8.853180896690728829e-01
8.938822951640521541e-01
-4.080191405965542528e-01
4.922118698696720251e-01
-6.342688629576861414e-01
3.244637627236113264e-01
1.506778650560116617e-01
-3.125987484495429403e-01
-5.399662670107199247e-01
3.158288492682788107e-01
7.270243182862325959e-01
-2.272931111804910032e-02
8.319476291647864841e-03
-1.849765175065876122e-01
4.854574009665379997e-02
-4.862331493150218176e-01
6.365316847941773215e-01
-3.525079445942536083e-02
-7.960242263188596623e-02
1.247356585621648417e-01
3.489147364591360656e-02
-2.014496062621065064e-01
-3.059701749202828891e-01
