-7.197179051654967186e-01
2.135065903389963271e-01
-4.403790104692348883e-01
-1.541609403878261286e-01
-8.513413414749773089e-01
-6.780965868840282962e-01
8.941782699392142320e-02
-9.461160823614652715e-01
9.231582814516723356e-01
1.000000000000000000e+00
1.455461806377704725e-01
-6.239734119210751384e-01
-9.693135409458384366e-01
4.930505555913342608e-01
-3.558364098289834576e-01
6.899284863400951817e-01
-2.410997138940640383e-02
-5.170694820179628781e-01
1.784897120574102658e-01
5.221227252684863540e-01
5.399668959898575871e-01
3.616525870204130300e-01
-5.460484288167655187e-02
-1.049741858011103979e-01
9.154163247589306440e-01
3.841764572640908870e-01
7.994938369008792733e-01
-9.217282193441649341e-01
-5.342179148213124229e-01
5.940163129493458705e-01
8.740724180219758832e-01
3.825110748403082184e-03
2.874762046827106232e-02
-6.073083518892721244e-01
1.331726576695022590e-01
1.000000000000000000e+00
-8.998603509977560755e-01
9.629095670062024492e-01
3.016679174603282831e-01
2.028375858794544406e-01
-6.881143418208957030e-02
-7.891934263427824447e-01
-8.528306624053625384e-01
-3.571376155195820079e-01
-8.134320186348491521e-01
1.047719848813630783e-01
5.264643878631725116e-01
2.857887365026939297e-01
2.636309179299067829e-01
-7.523526401875278991e-01
-7.684508961256459880e-01
3.584941866651254472e-01
2.493441090569850083e-01
1.000000000000000000e+00
-5.154597963769940172e-01
1.704874294268465817e-01
1.967048903521406711e-01
4.788002300480431739e-01
9.773052818395790986e-01
5.659784505036644653e-01
-9.163772792069215800e-01
8.099025725915691698e-01
3.136729840048995133e-01
-8.165627731278097823e-01
-1.655284948093689312e-01
7.926705855805378231e-01
9.723810916804249693e-01
-7.576472094500208421e-02
-9.839017719809672879e-01
-4.231722203276717664e-01
-4.528347599909841037e-01
-5.903332070047233593e-01
-1.830024510749754807e-01
7.107743918325049037e-02
4.923743481321942728e-01
6.276305853611671703e-02
-8.053152114771828796e-01
-2.412749842709696058e-01
-1.253995465841108992e-01
3.111637402236911987e-01
-9.020160107544561434e-01
-6.636201817888605081e-01
-7.250193500445381023e-01
-3.958530320520308177e-01
7.843824222058914941e-02
7.347565063384584594e-01
6.123076361211141627e-01
2.067570859058324995e-01
-9.555222680710526717e-01
-2.864376890275754928e-01
-1.004557038806872526e-01
8.781299732231628852e-02
7.056530755103376240e-01
-6.238264316946952048e-01
8.258387855362256946e-01
7.541732877598994467e-02
-1.781265126403484000e-01
-9.812327703641090526e-01
-3.062192128274314751e-01
-4.799852234556805097e-01
-5.433046231595497488e-01
3.480313919681108370e-01
-5.726988081134446462e-01
-2.283473430743847565e-01
7.048255757481274308e-01
5.613124319162412501e-01
7.554057529375137747e-01
6.716500824565789785e-01
1.000000000000000000e+00
5.256379885996114165e-01
-7.778020410045509703e-01
8.316787287927096539e-01
7.182096940081075243e-01
3.201012382395160838e-01
-9.894749850245263545e-01
-4.512731531620199910e-01
6.447531505086614434e-01
-1.372489976948358947e-01
6.780682707406683329e-01
-8.234996911018368504e-01
8.033667268400079831e-01
-2.139705733764611928e-01
6.825579376424801836e-01
-7.563840014813365542e-01
-7.527820601127468425e-01
3.689439240078399296e-01
-2.986738609001160505e-01
6.938328988792155094e-01
6.024965288996342316e-02
-2.825599905235882670e-01
2.721945927368547569e-01
6.954869094311177946e-01
8.847849783405719037e-01
-7.572893013978547749e-01
-5.559157804640912914e-02
-2.022774938293026015e-01
5.951274427370287778e-01
-9.568471879674247949e-02
8.211202582534569139e-01
-9.587238104215591861e-01
4.771456072295865436e-01
3.568618631527769036e-01
7.285829600305171461e-01
-2.817283438888420477e-01
-1.112437785766713372e-01
-2.241485551409230226e-01
7.141114894993561002e-01
-7.266146187424493696e-02
5.536503982351677067e-01
8.608453964410545112e-02
-1.678446132232365162e-01
-2.908067713114519393e-01
-1.373735819239043643e-01
4.035438476176278488e-01
4.822748719780090010e-01
5.485136354770738798e-01
-3.399900052904332171e-01
1.231904137352888701e-01
-6.329351032765107021e-03
-3.349700214496265094e-01
5.257068164832852109e-01
-9.516341931923590902e-01
5.192107511256158769e-01
-6.723096339636014385e-01
7.515496558856398224e-01
-2.037237606348518693e-01
-9.737032358060558890e-01
-5.632424960084982946e-01
-7.454190021220432616e-01
-8.096873436047808958e-01
-6.619636123247014670e-01
-9.811890646282399597e-01
3.255434689900873479e-01
-4.614444149935634787e-01
-8.472606032416556410e-01
-5.669001982842341025e-01
4.428934549069997173e-01
6.952505048372534802e-01
-5.338553956305354120e-01
7.897724867289190875e-01
8.937064121928257610e-01
7.308303731994412189e-01
2.121987035871149008e-01
5.772743918218272707e-01
5.145484092232055495e-01
1.751508927291398621e-01
-5.177336366824443203e-01
-2.214709123977809391e-01
9.843502099489489510e-01
4.582720190163884766e-01
-8.895486747748101997e-02
4.734546320109922490e-01
4.691838845825784254e-01
5.927208539145021327e-01
6.890663905984475979e-02
-5.138244852394489026e-01
-9.353284562976833527e-01
9.287252738423621423e-01
-5.133894545839268186e-01
1.236119605202656846e-01
-7.490890321948340258e-01
9.604309148343288527e-01
-4.127634594219316000e-01
-1.192047840400167757e-03
-7.756087246190279672e-01
-2.105525092148563537e-01
4.321192878568922424e-01
1.626388582158460050e-01
7.083281440865454304e-01
-9.320859434053259118e-01
3.703844861731397931e-01
3.666317862826262708e-01
5.219948508634320028e-01
8.950935668018527025e-01
-3.865060983637327308e-01
-1.328788576126667120e-01
-9.795443329778936725e-01
-5.666395097534389080e-01
-1.534273774514089972e-01
7.366912147762001428e-01
-9.281875465436921768e-01
3.735052299319387981e-01
7.126664293763147473e-01
6.739958931575215084e-01
4.921089679872361344e-01
-7.786168959679480306e-01
-2.218502471840981816e-01
8.650872178368325116e-01
9.076283984449640130e-01
6.881962768639997563e-01
-5.942266677182275192e-01
6.844790394797810595e-01
-2.818268909711523218e-01
8.894874407740145372e-01
8.611953259017084417e-01
9.237509422987260077e-01
9.552966250669894244e-01
-4.901393393590758318e-01
6.752752488143434206e-01
-3.645163432174483020e-01
7.494332654713864450e-02
4.783846532651836458e-01
7.998647149201141282e-01
-4.207306914425770206e-01
6.850814073123574488e-01
-9.775203036976728432e-01
-6.901677393066218968e-02
6.132348090807564489e-01
-5.868468540982978432e-01
-5.018985751199196432e-01
-1.784602874845364617e-01
-8.526737708664071658e-01
-7.665081000206781514e-01
2.289566419331946490e-01
-1.000000000000000000e+00
2.639829636187738249e-01
-6.452747070164144283e-01
6.349127548881680072e-01
2.165576668754732870e-01
4.173597968616715725e-01
-3.654354550183285255e-01
-4.578841063334422312e-01
-1.326831916432030800e-01
-7.915037471869091901e-01
-1.177333897709536004e-01
