-4.580774734235948387e-02
8.599569119293446473e-01
-3.934996671919135380e-01
3.802682858466317484e-01
-1.249382702409363305e-01
-3.248691205644880231e-01
-6.012395055862840287e-01
8.186829729707476577e-01
8.161584632104699200e-01
-3.823584803125184006e-01
9.210608780194027290e-01
7.563265657086715166e-01
2.184484069284062802e-01
4.224885378340592634e-01
4.378125883567085541e-01
-5.169625783330664692e-01
6.509038930907335985e-01
-6.955846323438816814e-01
-4.664263239142705242e-01
3.132725015844384231e-02
8.836183547433036356e-01
-5.208172134592204960e-01
-5.040715291281752108e-01
8.275348890271545521e-01
1.703883473740739340e-01
-7.121699004534205457e-01
5.134218369096610335e-01
-4.745291549053405333e-01
-8.228978964327327006e-02
-5.564077302696381899e-01
-6.950451920232765257e-01
7.337365430138216293e-01
4.235381539218522895e-01
-1.970600106631902326e-01
7.689866624808072704e-01
5.416229785168342747e-01
-5.633223399662704578e-01
3.778458899760290812e-01
7.882337659163205501e-01
3.917588363771036253e-01
4.786912865279546736e-03
-4.057061235141400934e-01
9.477705596042016456e-01
-2.691819739339096351e-02
-7.221824814017296923e-01
5.647558700731178938e-01
9.489220499739640102e-01
-6.801896429698794933e-01
3.029188201951220627e-01
-6.746167324783434172e-01
-8.408699195271227556e-01
-3.429386036679535343e-02
-7.445749071383725090e-03
5.078946315351686724e-01
-9.305798288696005560e-01
-5.282829167640310519e-01
7.060125839367000777e-01
4.215784181902455519e-01
6.985620261146847643e-01
-4.417037010557183230e-01
-9.021454459370434886e-01
-5.524968100446963071e-01
6.588585369510675527e-01
6.234628457883257813e-01
5.492582134654335757e-01
-5.388774888334444402e-01
-1.137404318423476113e-01
-7.257686639878886403e-01
-7.853419379541359824e-02
4.856923818649876434e-01
-1.119106409415418502e-01
-1.615650342140309004e-01
3.979920564585304188e-01
-3.281394169260414273e-01
9.459700563072563906e-01
-2.002208538211422972e-01
3.291024147359067342e-02
-4.200492251320335768e-01
-6.022140192347402721e-01
-7.264517647436272707e-01
2.747108441779859689e-01
-5.994417607010258386e-01
3.167523902262225910e-01
-5.079948514684888838e-01
-1.827577240563917904e-01
-3.944086297225770643e-01
-5.126064883602191591e-01
-1.483601795521201083e-01
-3.799797462616494315e-02
-4.717369975135943250e-02
9.662043117292890004e-02
2.276143905096617848e-01
-1.706899873157488035e-01
-9.082625215250117456e-01
4.013059306275268412e-03
1.453331948053373512e-01
-3.089114963408067793e-01
-4.207862368945471943e-01
8.522485309099936401e-01
7.584136192995158954e-01
7.367951503616696485e-01
6.442735292647123746e-01
-8.188451130859666360e-01
-5.767576202553574838e-01
-5.934242764265240666e-02
-9.162546120224512869e-02
-3.343785101023222239e-01
-5.168876851867894029e-01
-4.255743591686879101e-01
-1.680026074243601841e-01
-8.372325567244387479e-02
8.040384042246657703e-01
-5.585507829835953952e-01
5.189615304396690831e-01
8.930555490755696102e-01
3.232643664171406250e-01
2.389525471856157601e-02
5.208216942597829746e-01
-3.660098095223559556e-01
1.735957562618652972e-01
-1.045652563486267894e-01
-3.186648418504423041e-01
-5.014950356365399653e-01
-2.801655008797566682e-01
-2.030370962184768757e-02
5.163652284707300755e-01
7.811167159736680521e-01
4.909685298621603300e-01
-7.160398540056854833e-01
-8.207423402673236223e-01
5.554877264202253695e-01
1.317848064145421549e-01
4.800808511510554766e-01
-6.995057453732373975e-01
-9.694677201578980608e-01
-5.573041728107464010e-03
3.761031166195882847e-01
-3.571799091333691667e-01
4.325387022660112102e-01
-6.629757981176858106e-01
-6.002127460673207793e-01
-3.631229220424938564e-01
1.211696071947394593e-01
-7.013655138798822186e-01
6.000321718934993331e-01
1.015647149229648161e-01
5.144298797347225394e-01
1.870180984849465489e-01
-7.007699398775677491e-01
-6.704991367167634220e-01
-1.606451387071672343e-01
-6.521057917469232912e-01
3.866985251964958348e-01
-9.533992279003022929e-01
-6.561282610826297823e-01
-4.193444555808407692e-01
-9.888124820400840953e-01
8.087705652673120582e-01
-6.112332708836416550e-01
9.134471581232987969e-01
-1.449299304008973555e-01
7.598893584614521135e-01
6.257131038477119489e-01
-1.203557397233756404e-01
1.652374294983152136e-01
-4.118620020052903286e-01
-1.000000000000000000e+00
-6.212826842082781464e-01
-2.940816459025724638e-02
2.878061130970705483e-01
3.963576796620655873e-01
-8.159039704978547913e-01
-1.318552941279418356e-01
1.756165304708485753e-01
-9.290346481546705171e-01
-2.081281358814723870e-01
9.350187553290041642e-02
3.125708541287485764e-01
6.161173428266588648e-01
3.258841091981676819e-01
-1.228132498245757542e-01
7.127278018111398161e-01
8.576323157198719738e-01
5.372117612906252004e-01
5.886143611855202407e-01
3.913669122716891824e-01
-8.912309595222522862e-01
-5.732312732916631237e-01
-3.416536645778314174e-01
4.282146755262141724e-01
2.893026267926058215e-01
1.787989105399065970e-01
4.869572859600759251e-01
4.554983780377550584e-01
8.318834695028807236e-01
-3.085038406025319979e-01
-5.447426516396109974e-01
-7.339911591856753681e-01
3.868610376460412947e-01
5.027252127438810447e-01
8.296179095411245763e-01
3.978577069819144718e-01
1.974938683182703159e-02
-4.685302981545349521e-01
6.387071137150566180e-01
-4.823954710041353788e-01
2.221074191865791136e-01
4.887358168392290647e-01
1.791944536826275414e-01
7.398669055511586379e-01
-3.606207861483303745e-01
-9.550597669720355398e-01
-4.794009780458790004e-01
7.049644420243066367e-01
-5.011033777340128115e-01
-4.318876435891867427e-01
9.520687586253697710e-01
8.259643936626268612e-01
3.963790482831499595e-01
1.856414133388049059e-01
9.430974853178473172e-01
4.851554351410645172e-01
8.140401959177855362e-01
6.843068134187739737e-01
2.080571408111368537e-01
-6.174086113250601970e-01
8.367855790259610682e-01
6.198929561245303255e-02
1.578064131873275766e-01
4.080776546499291779e-01
8.100459286336758602e-02
-3.091453612324508438e-01
-8.505943261226349694e-01
7.846043283818115999e-01
7.818918671887222782e-01
-1.519463520952271107e-01
-5.806870033135906883e-01
-3.263456517632203346e-01
7.648109299308312181e-01
-6.263816003349176320e-02
-5.317163522311350032e-01
-2.539473186062515264e-01
-6.576588826425454615e-01
-6.372277409820625849e-01
-4.888612785003199068e-01
-1.315404884292522558e-01
4.108593920956948864e-02
-6.699232330369104815e-01
2.731316953586631069e-01
-5.260081073228568549e-01
3.083885884119954568e-01
-4.045879145785986619e-01
9.052936570688365769e-01
-8.928328913323844152e-01
3.490083188889923915e-02
-9.989000383554236251e-02
-4.660203038389754138e-01
5.365583794489381386e-01
1.056697312419810908e-01
-2.562187469061154577e-01
-8.785941537373529453e-01
8.269523758413055425e-02
7.799293287865611823e-01
7.432484677215354107e-01
3.376470605841853101e-01
