4.807318375094431495e-01
-4.576520929543589911e-01
1.172332901413857820e-01
-6.934770148220457120e-01
7.366052772550943928e-01
4.016524909418522915e-02
1.642707399390248013e-01
1.967273859123930269e-01
-1.440161541256062550e-01
8.146125252042233367e-01
-1.000000000000000000e+00
-7.138526669597309304e-01
3.100390997874468146e-01
1.000000000000000000e+00
7.120032769371328341e-01
-3.579172852568342500e-01
-2.391485485837102631e-01
-7.465971300252982612e-01
-6.506552737603563674e-01
6.961850686187172066e-01
-1.000000000000000000e+00
2.738524122930172666e-01
-6.773707840923275381e-01
-3.889008083934862858e-01
6.343553384091957792e-01
-1.000000000000000000e+00
1.909525771468116584e-01
8.448529588040626370e-02
-6.764430032261121717e-01
4.507073751986497845e-01
4.055472808512908811e-01
-5.989108771705606848e-01
1.349613912179093989e-01
-1.000000000000000000e+00
-7.875192134130185595e-01
-2.985122235435871962e-01
-8.325235654378249084e-01
-2.449272843017764045e-01
7.916247691322557678e-01
1.000000000000000000e+00
-1.000000000000000000e+00
2.118167946546351266e-01
-2.297435036070764325e-01
2.868821325510953479e-01
5.694747081573667824e-01
1.041217720396148128e-01
3.440007698670329295e-01
-9.677106721315532623e-01
4.601121671495168874e-02
-2.062597981715291739e-01
-2.466435003639516621e-01
-1.461683735443610743e-01
-3.143538663245311615e-01
-5.587085978700114808e-01
-4.991576856254391625e-01
4.211044152641392757e-01
-9.422234118126200653e-02
5.528893271180074231e-01
5.798287398586263741e-01
-1.216862566339400042e-01
6.852988235012125173e-01
-6.652731093167125742e-01
-5.274120261619266170e-01
-3.296469529508638807e-01
5.611027607954780505e-01
-2.053289893059762061e-02
1.000000000000000000e+00
-7.045884681421132889e-01
-6.542594233412482030e-01
-6.354412677986223112e-01
5.612991864158609623e-01
-1.000000000000000000e+00
9.715340426049255962e-01
-1.000000000000000000e+00
2.840558918596065574e-01
3.829840106132076372e-04
-2.343592258477716905e-03
3.665366476886128266e-01
9.228894567562471174e-01
-6.485813817398202730e-01
-1.000000000000000000e+00
1.541010746380128138e-01
-5.311234400447517601e-02
5.358511618177987934e-01
-1.930888658357305387e-01
-6.692717066084334920e-01
-6.209173091830673119e-01
5.794240783783026760e-01
1.724306752698987755e-01
1.505504646160838456e-01
7.338755673697647808e-01
8.342538665175127655e-01
7.715976522211136501e-01
-6.980049737754943084e-01
-5.526230070897266700e-01
6.051689909869509831e-01
8.862750055714816444e-01
-5.627612295393458197e-01
9.212901218206753784e-01
-3.218985808197539766e-01
5.788376740681413501e-01
6.956382460120967837e-01
-1.317078069490744963e-01
6.997979465270940391e-01
1.000000000000000000e+00
9.753290345724707766e-01
1.000000000000000000e+00
-9.082377510783374852e-01
6.201273095468931018e-01
9.416653408404074277e-02
9.711232185431304398e-01
2.612468135956556581e-01
-1.000000000000000000e+00
7.250117044459589710e-01
-1.000000000000000000e+00
8.331126282675487271e-01
-3.756555758935271605e-01
-2.181725264063468783e-01
3.139916134161972461e-01
-1.848311331097618471e-01
-7.151254775081593573e-01
-4.612415402655857255e-01
7.772792143114373165e-01
-5.610646122131495162e-01
1.000000000000000000e+00
1.000000000000000000e+00
-3.745378815138377115e-01
-6.733516264463295098e-01
-1.060825468654298387e-01
-1.689927546084215582e-01
5.812134795751489058e-01
-5.299250043134666743e-01
-8.350881719851230844e-01
-3.392553463480018072e-01
2.237780499804938317e-01
1.000000000000000000e+00
8.054748732262799749e-01
-1.000000000000000000e+00
-9.089013412348001530e-02
4.236753982527481366e-01
6.659622937690748423e-02
-5.758704077648066910e-01
-3.695867254139413860e-01
1.000000000000000000e+00
9.994549689610304766e-02
5.244669550197683661e-01
-1.383869079044669492e-01
2.396478441680332527e-01
8.150068241094916566e-01
-8.207135140095971337e-01
-1.596324060426128066e-01
-3.423301727950006645e-01
-3.065113295377285829e-01
1.182685166128601972e-01
-9.465240376635007946e-01
-6.725403791371235007e-01
3.831652393766013520e-02
-3.965785011731868259e-01
4.188078627940374776e-01
2.608170536315758126e-01
-8.837955535153345643e-01
-4.622769981212087598e-01
5.299005704568922059e-01
-3.112446719591846489e-01
9.696744819682823202e-02
-1.851364298404002406e-01
6.100625396439177672e-01
-1.004848039422170936e-01
-3.385996855582051324e-01
8.495768782306945682e-03
1.625182283807290462e-01
8.116581778165754546e-02
1.705545094028376729e-02
9.315504725689955912e-01
-6.242295487299052148e-01
-1.649294670984514100e-01
-1.000000000000000000e+00
6.046539092031094631e-02
-8.192829413022584273e-01
9.980697872342194632e-01
-3.436050921684598025e-01
6.029734239218369485e-01
-1.388127915633937670e-01
6.569893651791669509e-02
2.327779137450768920e-01
-1.000000000000000000e+00
3.141722660323001959e-01
2.090196406470188617e-01
9.324314329268552637e-01
-6.591942721349068890e-01
7.397082998040137580e-01
-1.000000000000000000e+00
9.586459947831023065e-01
-4.640609099665037873e-01
-2.203953277635021246e-01
1.204120079428624840e-01
-6.468192979944216159e-01
-3.117816222163112272e-01
-9.401742009678126788e-02
-2.561675335060276115e-02
6.681891388468679249e-01
8.317272640671724560e-01
-3.194176445741799264e-01
2.342174779245702054e-01
1.900843830162656789e-01
3.079384262931673943e-02
5.106777130682367272e-01
7.229885008933523149e-02
-1.000000000000000000e+00
-1.672142905856988659e-01
-3.414359828565984856e-01
3.291345763602585017e-01
2.581165430218279599e-01
-8.957664278761030552e-01
-5.650967352771620877e-01
-4.105838719034186624e-01
-2.316032737912392669e-01
1.000000000000000000e+00
2.321703671570022887e-01
1.000000000000000000e+00
2.508312151887653885e-02
8.343706201519061061e-01
-9.664633084111243777e-01
6.684849231771960998e-01
7.773620131384524345e-01
-3.961014322062480497e-01
-1.482577780513961718e-01
5.155664368278859433e-01
-2.662779384737857247e-01
5.618442635830636078e-01
3.181951933339045024e-01
-8.843566566727455447e-01
-1.000000000000000000e+00
-4.947752743263567066e-01
-9.149712955724376151e-01
7.791024563277160198e-01
-3.471377088773419661e-01
8.264032835814957290e-01
-7.641168842999834787e-02
6.378495815765292676e-01
-5.774806812057443617e-01
1.377672461024885830e-01
9.544816147174737253e-01
-3.659435390435275548e-02
-3.506259921199105789e-01
-5.581120463801974019e-01
-3.056526555368058173e-01
-4.860545164664824558e-01
4.144412976331496301e-02
-2.992912271222185616e-01
-1.000000000000000000e+00
-5.028660732306371450e-01
6.449915998581562393e-01
1.815376400716178784e-01
-5.257396336095655487e-01
-1.000000000000000000e+00
3.519709695491379242e-01
3.836438364861768369e-01
1.000000000000000000e+00
6.371322101256112758e-01
-4.807904158493486735e-02
-3.413841795924804634e-02
-5.305175467899408970e-01
3.491391578000568874e-01
9.217135079128065955e-01
