-1.215807334450262900e-01
-1.942356357388375088e-03
6.321875439961497367e-01
-1.474333075081264433e-01
1.034626943321970138e-02
8.213721080853011447e-01
6.536604865887851723e-01
-7.517364651621322169e-01
-7.321261043151015002e-01
-3.103900937897008383e-01
-4.769036771079652737e-01
1.782848642700682051e-01
-8.663054722853558154e-02
-8.893932927828265278e-01
-4.011395973325193598e-01
-1.782192678260381413e-01
3.148893313356675439e-01
8.751123325620300264e-01
2.046950121142712131e-01
-6.531188586642315830e-01
-5.834114729174013636e-01
4.081879350261889972e-01
6.254176473859520691e-01
-2.685227288414211433e-01
-1.766291400131951850e-01
6.137919250478407474e-01
-6.630886811316170082e-01
-8.996884693200486449e-01
6.797527185950837936e-01
3.827197389005185801e-01
8.589758028159788505e-01
-7.923626773159477832e-01
-6.801337812718657450e-01
-5.855453887952599690e-01
-6.759848974457138837e-02
-9.410782280572402847e-01
-8.977415595671927040e-01
1.146751777013812479e-01
-5.548331309914060760e-01
4.019287508846078882e-01
1.443101512137827669e-01
-7.585059610920557027e-01
1.249095730119855752e-01
9.796422851351089811e-01
-8.054115802219863340e-02
4.192481140333137457e-01
-8.234178240048262154e-02
1.208436663688350343e-01
-7.342014151506783826e-01
-9.858440094731482084e-01
4.326663298522162027e-01
-7.796726681878503040e-01
-1.155526364901331426e-01
-7.747354706514899547e-01
-5.717392480896710261e-02
-8.951412874183042323e-01
-3.775411424957850759e-01
-7.769099467785851587e-01
1.196130641789514559e-01
5.928284055267458719e-01
6.531156439530350077e-02
-1.000000000000000000e+00
-1.882216544509025535e-01
-3.473403233115472943e-01
6.217138025115245270e-01
9.296502096566650053e-02
-8.027527512018468592e-01
4.769359315460830473e-02
9.493114426701581010e-01
4.192227170977185224e-01
-1.138875248812170060e-01
-7.817362423766327506e-01
-4.384458034656737446e-01
-2.946036724183103139e-01
-9.642800436208085468e-01
-4.261503667635826442e-01
-8.890220102098069788e-01
-6.659079278827733095e-01
9.522411616592418859e-01
-2.285491939906805214e-01
-6.385629391862557291e-01
3.401495825553911279e-01
-8.332531377917167248e-01
6.951731646668966036e-01
-5.066392582982079951e-01
5.062721032483159522e-01
-8.187196207167302120e-02
-6.658894776525394743e-01
7.854565601689404986e-01
6.006322835420163653e-01
7.842735219335832397e-01
3.147155988952181627e-01
-8.162958598425368306e-01
1.587335595238148489e-01
4.678573321356505055e-02
7.999683928097685026e-01
-6.169441644702469141e-01
3.770721165815358322e-01
8.994422495871725598e-01
-3.070628899364398201e-01
-1.831688844978536235e-01
-8.054122653057712578e-01
-6.405137841326014048e-01
6.066516010930362857e-01
-1.383357819316679560e-01
-5.941471944877798617e-01
7.095618615209813296e-01
3.484490155138486589e-01
2.371829985344118263e-01
3.884588079064541510e-01
3.112746493987966767e-01
2.529207717880436190e-01
-6.877197301961481823e-01
-7.771267952809712831e-02
6.378178178970830281e-01
-5.222761312826499358e-01
-5.475225561454237777e-01
2.925700029505409194e-01
1.226813521587466482e-02
-4.032430735393299770e-01
-2.968730627478644024e-02
4.538126116347129813e-01
5.703978280372350440e-01
-6.992633667377692319e-01
4.418839863946444346e-02
-3.300302353541280098e-01
8.985475586767479594e-01
1.498624152504967610e-01
-8.469784838507439240e-01
5.100998877132021381e-01
-5.472219404149303301e-02
6.516811582040082929e-01
-8.794090464911371585e-01
-5.144729126545461995e-01
5.826936729661350567e-01
3.594430128240626576e-01
-7.191965290483472995e-01
-4.873491990825218334e-01
-5.938368479898354924e-01
-3.967926966721473381e-01
-2.519656005825843259e-01
-2.228500218028306445e-01
-8.272139011975609968e-02
-6.575553601143238058e-01
-8.942886554510891539e-01
-2.293353787520332476e-01
-5.941380294651568139e-01
9.295564716339883571e-01
-1.136707823786053950e-01
1.233085909005811054e-01
1.317783447560194610e-01
9.701662772872414742e-01
-1.182867534570397616e-02
2.996632369284176201e-01
-5.987733802412356088e-01
-9.381907597070717753e-01
-3.982091278966435333e-01
1.830197492833194328e-01
1.861562374812719689e-02
9.114612700322870520e-01
-9.089373621423293415e-01
-4.256439930642463843e-02
-3.548833004009821490e-01
8.541507921481130694e-01
-4.747764124168707411e-02
-5.539875791825663587e-01
3.639887098272283072e-01
1.930141842024135634e-01
-3.363007343424087026e-01
-1.532197603017566578e-01
2.406772771908778363e-01
-9.159604222277384356e-01
-8.059073414242636790e-01
-1.854666272291309870e-01
5.708862006257822141e-01
6.019786702808656020e-01
6.271147809621593350e-01
8.861547882845293156e-01
-9.045993373905414359e-01
2.216483028848912351e-01
-3.470521159086397134e-01
-1.908664367189689681e-01
-8.191390545075338814e-01
-4.855800006790533807e-02
1.663799526278486596e-02
-8.115011818405960531e-01
-1.094088713605496643e-01
9.749957527439856442e-02
2.058558926932880784e-01
-1.399229614104162689e-01
-8.581012384930579717e-01
-2.318143588172378866e-01
3.186995543468684744e-03
4.142518078443391261e-02
3.649821982781908947e-01
7.326792713109937516e-01
-2.270546691028010322e-01
7.288375633897854478e-01
1.120015432717076376e-01
8.975411024305015584e-01
2.952972270948326372e-01
8.253593276276571800e-02
-8.766307851464063550e-01
-7.763404056630562877e-03
9.520328170172209781e-02
-5.004569868188166737e-01
-9.179911037060946022e-01
-2.637310700013908438e-01
-7.414867703080456618e-01
-1.312391338128193752e-02
-6.701790343500515501e-01
-2.868696141725950444e-01
-7.920857133047081167e-01
9.662649295790808335e-01
-5.302387603629752366e-01
-6.853598550462158823e-01
3.357530161476438568e-01
4.442727124464709298e-01
2.080920443661444796e-01
-2.102938472017030769e-01
-6.099998198386904491e-01
-7.965999033827511067e-01
-6.839585964525143336e-01
-2.882891667015492487e-01
3.084072984464449885e-01
3.388471023215429145e-01
-2.768140340585982795e-01
3.882384185771239338e-01
-9.513627530102137797e-01
8.756313143922422881e-02
3.962760681606782853e-01
-7.735009667383738741e-01
-2.099659830993148013e-01
4.634616052167714884e-01
1.802149137929400791e-01
8.572447571242067799e-01
-7.685616444833429650e-01
-4.796616542236342706e-01
7.222221035963127811e-01
1.261199912559978209e-01
-4.066701400870568195e-01
6.677882324068473707e-01
-2.901903980801467942e-01
3.003425169230733438e-02
3.509344161068386203e-01
5.985327212417874687e-01
-4.011574819643544121e-01
-3.624772599339407542e-01
8.653794586686580637e-02
-8.887943269996645412e-02
-5.011342013750328395e-01
5.665305095287744841e-01
-7.306553690385237942e-01
-1.398415662447840824e-01
9.912663896075113446e-01
-5.931872997950637938e-01
1.147916654692400229e-01
-5.182490680439346686e-01
-4.430323060533063462e-01
-7.143996402821986003e-01
7.994047442807152848e-01
4.478648283285828757e-01
-2.615407764367911891e-01
6.773076289031056962e-01
-3.077453001090215690e-01
