9.305576039771854546e-01
5.451691712665338585e-01
-5.486425021538707814e-01
4.667536551976692039e-02
2.398776885067949172e-01
-9.415937936077145576e-01
8.113034655941531170e-02
-1.000000000000000000e+00
-4.829984854044846454e-01
-6.516457221398739286e-01
-9.928540696369134722e-01
-2.209030759910612929e-01
-1.643732785899258975e-01
2.472020596319028929e-01
4.816996592080746709e-01
7.970723930234577814e-01
8.366479877609898086e-01
7.467354577705531682e-01
-9.709198355945068970e-01
9.469100003215458194e-01
-7.786362026112800816e-01
-3.571186604334726233e-01
-6.582101082823221816e-02
2.863114256640371114e-01
-2.703609016565100553e-02
-6.539418186102943231e-01
3.943829035383767945e-01
2.816720685451599149e-01
-2.291437998043017732e-01
-9.572051995012391679e-01
-7.588400445584380094e-01
2.203857072768560244e-01
-4.285416570787314861e-01
-6.637654054917168089e-01
8.791784164104243793e-01
2.786796489324329107e-01
3.531766577263102391e-01
-7.673834967524062467e-01
-1.144798979082446433e-01
9.566915837492242503e-01
-7.372821890406424661e-01
5.037238375572017368e-02
6.313171903639795968e-01
-2.302871550739042927e-01
-1.522582118465685141e-01
-4.946959696791586314e-01
1.503977075353375437e-01
-6.422271594214372659e-01
8.676176902339027830e-01
4.560727926771979135e-01
-5.065399979813596243e-01
-7.818056134876474328e-01
-9.944316374523827218e-01
9.656723587178832613e-01
-1.000000000000000000e+00
2.509890675410457739e-01
-3.108799771036849791e-01
-8.964295864955809101e-01
-4.375789045216862405e-01
-8.125510455803626186e-01
-9.078037687894888741e-01
-3.977876246414311368e-01
-4.539705940480205926e-01
1.189699524474798209e-01
3.104806301945268743e-01
4.778003754792670144e-02
4.914874225788361528e-01
-3.688462153146289668e-01
-6.430857109826981777e-01
-4.804062972332370229e-01
1.683458609306298648e-01
-8.310017439899530789e-01
7.395252473706357410e-01
3.958214033460283332e-02
9.151810451377377920e-01
-6.130370756052225811e-01
3.346116223817472424e-01
3.167900730510986307e-01
-1.602174919259609087e-01
-7.006898057257160417e-01
4.671303664991910409e-03
5.462244442295327573e-02
-7.391068594860152885e-01
-4.895609535204800133e-01
4.124262932047972896e-01
6.751238930534220195e-02
1.740929636135359893e-01
5.730726047553298397e-01
-2.982214051301932400e-01
2.309389520987947808e-01
1.146655230003990056e-01
2.427477126873642810e-01
1.989119272290182927e-01
-3.671750017790018639e-01
7.044514732209097296e-01
9.485000854098062373e-01
8.581990146635103400e-01
8.335260324793039022e-01
-7.907225950831207051e-01
7.738104918639860941e-01
7.376693874164688691e-02
7.772152607087841059e-01
-7.314610443773412740e-01
2.488204850287125680e-01
5.277216778466897740e-01
-8.657930075934927583e-01
5.622102669832265143e-01
4.616063883481404950e-01
4.927634688809645613e-01
-3.888901871027106161e-01
-6.843026653053834174e-01
5.465342129672645655e-03
-4.398327812483093791e-01
9.931717770641339538e-01
-9.412083206541808078e-01
-3.670377175058978647e-01
-2.816631115243637407e-01
-8.871198787511334061e-01
8.381569211277881681e-01
-6.763195709712068737e-01
-5.262015244370722433e-01
-5.984008851860109779e-01
8.900857675647744216e-03
4.871262023172391875e-01
-1.571842014610838056e-01
-1.158103579546997525e-01
4.879414776669459552e-01
4.822636845634338254e-01
9.681590959359487325e-01
8.513481838723195860e-01
-5.257147434854969603e-01
-4.263931352833905120e-01
9.925188937214515228e-01
-7.981661953756951089e-01
-1.792209421994036267e-01
3.591749296302226835e-01
8.754449777669193189e-01
9.836874227266168003e-01
-2.253005668554146634e-01
7.691284270617080310e-01
-9.514454722036467249e-01
3.039619964242813444e-01
-6.268884956937370578e-01
-5.002527577936054515e-01
8.576447910017788168e-01
-1.000000000000000000e+00
-9.385027621448875923e-01
8.192176274130980040e-01
-2.126196705265950282e-01
-2.473222923556457342e-01
9.205090489434755163e-01
8.777910495112228872e-02
2.546264731825923500e-01
-9.343875020305996149e-01
9.041703109168084396e-01
7.572849579752845006e-01
-7.727263597274871554e-01
-5.308579748151400768e-01
-8.990357333678478113e-02
-7.170724704192598109e-01
-1.164935930916848328e-01
8.226780920383269802e-02
-9.859472233916688477e-01
-8.757014368057346454e-01
-2.540826883826083349e-01
-7.730586534367445140e-02
-1.533981682370513244e-01
-2.434211667549688318e-01
-4.618226208652487230e-02
-2.962892860129573425e-01
-4.114791716151859902e-01
2.007149839325947926e-01
-5.497579526471052525e-01
2.402078886738074903e-01
-3.999602166362217215e-01
-2.164514720484289612e-03
6.505321183211897340e-01
3.324944090514603268e-02
1.683598856481300921e-01
4.640581668697461026e-01
8.004841784505170033e-01
7.445308261600211974e-01
-6.900117163864090131e-01
6.095989514587858427e-01
7.896704259222930844e-01
-7.781839700690476036e-01
-4.202761387203532983e-01
-5.729670603472254431e-01
2.376691138300006667e-01
-9.547589189573986168e-01
-4.533472068809469846e-01
3.087702718666696100e-01
6.433183672631075378e-01
-9.809067408486511486e-01
-2.419415538256936005e-01
5.506902492339587063e-01
6.293684590776333909e-01
4.466000597289481178e-01
-2.780316351539937614e-01
-8.214501773767085568e-01
-3.762726745900009107e-01
4.881359285488264810e-01
-5.111310772324073604e-01
-2.578157815505335293e-01
-8.594251722226995405e-01
1.118700278339888055e-01
6.225068321528683946e-01
8.893560788090255631e-01
6.959483471384078079e-01
8.894200407096219951e-01
-5.710348972171412907e-01
2.081235245771386744e-01
-6.319952967376041286e-02
-8.310988492856916654e-01
-5.306375946614132477e-01
-1.512460315988470860e-01
-9.548042021332494578e-01
1.914388719578463682e-01
-5.192480539448680599e-01
-5.640476160549567908e-01
2.105968511934860343e-01
-4.313126342493174281e-01
2.871427163745898792e-01
5.774359385980718518e-01
5.546475375128283591e-01
-4.611393177977489710e-01
-6.700262375381162983e-01
-2.768724465536858137e-01
-8.029739374496678295e-01
-9.936902399275227005e-01
2.396203293526752987e-01
8.274816579370369851e-01
7.802468087450795675e-01
7.639139348850660927e-01
8.089947234333545456e-01
3.439044691147066235e-01
-7.110481213478458962e-01
-2.775170283054427811e-01
1.908182611433935083e-01
9.037328187620197184e-01
8.163873276220996456e-01
-3.824124401925892980e-01
-5.146307747265019827e-01
5.900354669321044021e-01
-4.611308429030978040e-01
-6.979221332660252575e-01
-4.431981834428078137e-01
1.534821678536988365e-01
9.966356270669463058e-02
1.291869626662345283e-01
-3.898610115206255777e-01
6.360635593357052420e-01
4.505740444903545416e-01
-1.128273856350869853e-01
9.506981766956679181e-02
4.565080301030337573e-01
7.648554717225890531e-01
-2.125576044647570217e-01
5.425918371950466668e-01
-4.029102322611650688e-01
-4.906809707876058635e-01
9.982490383899516040e-01
-3.547883585893250036e-01
2.649294665589405628e-01
-3.931512196084137045e-01
