-7.187108426552442086e-01
-6.884775578104862515e-02
2.478682388831972006e-01
-4.054509268176316183e-01
-2.849076620538113502e-01
1.550300283339112184e-02
4.885719252892748998e-01
5.583842316498097702e-01
-6.943932402565320405e-01
3.257838483215400593e-01
9.227371071337584496e-01
-5.576304047876774472e-01
6.629516330542618574e-01
-2.016082617658165876e-01
-5.052478037552110557e-01
-7.703524613983377956e-01
-9.907646916274854831e-01
-3.689708205850206202e-01
-6.451849783853584874e-01
3.030511256548757970e-01
9.014256954419972434e-01
-2.507195772867812367e-01
4.091952245391563547e-01
6.565128203822572228e-01
4.273983350651640034e-01
-4.786601567300989291e-01
-7.932334958957503179e-01
-6.613461665540110168e-02
-8.922894813926744995e-01
-4.759424410642714154e-01
1.237265531095832483e-01
4.712374239539003362e-01
4.571922459485304735e-01
-8.817250164533285001e-03
-7.769655642431128051e-01
-2.039523869174360016e-01
-2.213331074584984348e-01
-5.760356416461354101e-01
7.599703438486982154e-01
-1.985759660201645849e-01
-1.257398908236577739e-01
6.842943204716145367e-02
7.200025997579506676e-01
2.802392643649160853e-01
1.874754370300197870e-01
-4.526943576971197425e-01
3.480685541436733810e-01
8.995217622035458493e-01
4.925923569854802064e-01
9.113134616336204807e-02
5.584216661070235954e-01
7.134533280368988706e-01
2.751865513566420507e-01
-2.952898489595300879e-01
-2.046959647302651064e-01
-1.762706940570502867e-01
4.085019364180150214e-01
2.656218370148936692e-01
1.560530247126554748e-01
-8.582139203060511479e-01
2.473458350809556450e-01
-3.194017260514533385e-01
-7.551234629965262179e-01
-5.324519690363551661e-01
1.112608036749472840e-01
5.023980181787428556e-01
3.073688547464465959e-01
-3.865606590020165267e-01
-6.390274190111806529e-01
-3.794705452878099905e-02
1.312549136061717803e-01
8.595034044469647139e-01
5.899372266478817295e-01
6.358984984534723495e-01
-6.261929407163264738e-01
7.002206326808260162e-01
9.892140211814355322e-01
5.479158943152491190e-01
4.561312829153330028e-02
7.245311708630401970e-01
2.710935284764012243e-01
-1.441065388719791063e-01
-8.104069638291164779e-01
3.716581366402480491e-01
-9.510772306804182730e-01
-6.544946258190098565e-01
1.856592791633349115e-01
-1.529919491688876976e-01
2.048358735878442749e-01
-3.616362272830607738e-01
7.058504864041363902e-01
-8.603846635333398662e-01
6.286236203786212950e-01
6.021285487773710976e-01
9.708662647147298097e-01
-8.714430278027374133e-02
1.803811192064086466e-01
1.369809633795147086e-01
-9.374425745045219527e-01
-5.610456278736360991e-01
-3.459510084591132517e-01
3.818147672075214993e-01
4.175210302284904085e-01
-1.990987061603223529e-01
6.355229573968237400e-01
5.689053728372716057e-01
-2.465838816653165289e-02
-3.810627953645155941e-01
-6.508389970898871280e-01
-6.754147574701307999e-02
-1.749551125852891464e-01
2.016248243428497844e-01
3.465463632388371407e-01
1.796619166178719251e-01
-9.070783153852430836e-01
7.304980524678539311e-03
-4.483683876184472172e-01
-2.929161795687156289e-01
-9.215409264206131379e-01
-2.271464633495279273e-01
-4.589869366090457703e-01
-1.160465615471422546e-01
4.036003587388194425e-01
4.729329101161577342e-01
9.972282247491004448e-01
9.234667152813544888e-01
1.726659063026543262e-01
4.864024083870769899e-01
1.188484229906809908e-01
-1.354850521291446341e-01
3.050712022572468207e-01
7.899217119304332568e-01
-4.103502967787882594e-01
1.487970293464089266e-01
1.568232050621458651e-01
4.182744374583965419e-01
4.515391062900639962e-01
1.034672323218270851e-01
-4.120105558991133954e-01
1.690321688594313698e-01
6.807440626941956285e-01
-3.318461542534094644e-01
4.192068462893974168e-01
1.250669827193408024e-01
2.220137691642435351e-01
-8.903276725006799008e-01
-6.684129698678566989e-01
7.863844100427263006e-01
-3.226811301195393611e-01
-7.026285442662283387e-02
-4.007272612757057928e-01
-4.154742034699099307e-02
9.355957192039450199e-01
9.529463463316709682e-01
-6.993190372722879466e-01
1.569832437813197257e-01
1.582923329968674020e-01
-2.338927668734972487e-01
-1.426786149929928360e-01
4.802936392645535957e-01
-4.579331880135903421e-01
-7.745873872537456517e-01
-3.228826988165780509e-01
8.560941202699656749e-01
2.798480857811010969e-01
1.558119235151094184e-01
1.912809695805355870e-01
-6.485978998539356777e-01
-6.608855975612968336e-01
7.886241746014639453e-01
-3.532840578009993071e-01
6.606857312899370172e-01
2.813729255877872593e-01
-8.234689634395673252e-01
8.409903805843906843e-01
3.395825284437726799e-01
2.467230966446368190e-01
-7.272648417233684714e-01
-5.536426062789816527e-01
-4.852775520579600266e-01
5.515383991764530869e-01
-7.157113094392578700e-01
-4.095881427488053395e-01
6.155944140161657696e-01
-1.545831802535779786e-01
6.259191958183896176e-01
-1.286612583256560582e-01
3.674445245738835464e-01
-4.870347673663690813e-01
-2.342936667486772429e-02
-3.489804882690808463e-01
7.442918364136307252e-01
-7.144166408687073755e-01
-8.682900463896847665e-01
-4.032572511538992099e-01
-3.938033904664751672e-01
1.717917120612793558e-01
-5.631435886800678636e-01
3.680320517504563349e-01
-5.119555561760809059e-01
6.803012666625767313e-01
1.766154649272368982e-01
8.995468132495643143e-01
2.205457974825016931e-01
-9.427258486337237731e-01
-1.646627883829187011e-01
9.310579359435047220e-01
-6.895725462586097532e-01
-5.140232866384932819e-01
-4.446939052795100267e-01
-7.596674488202884712e-01
8.299853484245292012e-01
8.205285677208558059e-01
5.150626736814486462e-01
6.281512022433819453e-01
-2.657153816146618497e-01
-3.879050400328966086e-01
-1.210531154776072205e-01
-3.285541721544249505e-01
8.535797121591350844e-01
4.346557055363530209e-01
-9.354559814271298235e-01
2.259434088034164012e-01
2.881378490354694066e-01
-1.836762752383105934e-02
1.158810978988215057e-01
-1.004767999489930563e-01
-3.383842160511385533e-01
-1.875170110288816860e-01
-5.222044297216262843e-01
-7.300842883096381186e-02
3.287254264116474811e-01
2.453379075591466396e-02
7.824087292040357022e-01
-1.192933733701662113e-02
2.600492481092813168e-01
3.450725268013054015e-01
4.676530216237591020e-01
7.007607187503499535e-01
5.608343640996472645e-01
-9.740537898898171676e-02
-3.980987597708136594e-01
-5.170691104967468643e-01
5.039154017344308345e-01
7.708935379217694006e-01
-3.820712318989902823e-01
-3.016893798381096170e-01
2.446602218377919580e-01
2.964006508274799057e-01
2.572141150301772150e-01
-6.808899241077264186e-01
-2.348904812957886001e-01
-2.518162166358890452e-01
-1.032876698742803689e-01
9.138229379051997503e-01
2.347826582367192327e-01
-2.766268422504041258e-01
9.693847899020566761e-01
3.933436249325648615e-01
3.629425984894658619e-01
-1.000000000000000000e+00
4.807536874007856120e-02
2.128379149840393669e-01
1.531440344024764463e-02
5.223692095427087123e-01
