-4.409546398934514194e-03
4.695429276745997083e-01
5.950095115287464820e-01
5.435944998480783941e-01
6.393420807278886731e-01
4.843277830435941400e-01
-4.829158412146534740e-01
-2.866201938444911529e-02
-4.381161194921845414e-02
-2.171259231306676973e-02
5.966792330140734402e-01
2.430254795137147816e-01
-2.631193845879744031e-01
-8.499728059029054705e-01
-7.791351757742102091e-01
-6.177939975784683124e-01
-1.430371993896242255e-01
-1.176689165405648829e-01
4.077599945810679305e-01
7.533985006983673349e-01
8.622535681662205631e-01
1.046234447312910376e-01
3.594386284032934920e-01
-2.391941990191794876e-01
-3.937995236130215071e-01
6.777932932325865245e-01
-3.324609053773166512e-01
8.632901602821423381e-01
-5.035136345181636663e-01
-3.096517894453123532e-01
-3.461882366532242905e-02
2.182649662466826790e-01
-1.479754291934156085e-01
4.428934526927053028e-01
-4.502938120152555346e-01
-3.529110362795151445e-01
-7.719536719574464634e-01
-3.323203234150926555e-01
-8.080879067528672355e-01
3.083735368794234821e-01
7.914049746804823204e-01
-3.035408738912164783e-01
-1.105911309664320274e-01
-3.345760044706600489e-01
7.965339814363336934e-01
6.046036530949858712e-01
-4.864817756912009905e-01
7.081332367325093857e-01
1.358719082871790995e-01
-4.373499937949150151e-01
3.148574110537942783e-01
7.589473219338127574e-01
-8.166744566111068249e-01
2.598478414184199892e-01
3.302332237339065113e-01
5.472720666894138608e-01
-2.219067939266221590e-01
-3.710555903641968301e-01
6.991887872812891924e-01
-5.044040925456052538e-01
-1.227447109852575213e-01
-1.129912436502968909e-01
5.951870897131643634e-01
7.160740708785515718e-01
-5.579518603397397580e-01
2.484830304940457701e-01
6.535188040623727268e-01
-3.623701388044049398e-01
-2.112365313477515549e-02
3.591352714966599136e-01
-4.128388248288084039e-01
-8.999775997892538459e-01
9.059112393625707860e-01
2.014251589669671105e-01
-2.550329055116882238e-01
9.404627043143234388e-01
-1.486715536643503643e-01
-6.407104731031780798e-01
4.017840181302660407e-01
-4.378700520463012502e-01
9.075542610332886229e-01
5.317177444454871393e-01
3.642391379124387818e-02
5.292938462158158774e-01
-8.879326200945536485e-02
8.507084186879566579e-01
-2.879364187725040880e-01
9.168011733771707084e-01
-3.863504394815879817e-01
-7.817913016520583458e-01
1.873797667064483752e-01
-7.030192892090878498e-01
-3.815008000984553838e-01
7.533131300412316822e-01
-9.249175190818363923e-01
-9.662694143480209108e-02
-2.149734838146484250e-01
-7.043702288069548789e-01
3.616099793628587689e-01
1.625401110080765821e-01
-9.326884302935437576e-01
7.350239184082909549e-01
2.431856292173861789e-02
-4.475487830127941602e-02
5.441949626495310444e-01
1.620171210994766353e-01
6.566711666029779737e-01
-1.865016130012603079e-01
2.457066519176587249e-01
-2.614258666071374027e-01
-8.459114391852458059e-01
1.378841146335163248e-01
-7.933405801620165843e-01
-5.727963751478475363e-01
-9.232028107741252487e-01
-2.996757069890942926e-01
8.908533723614728284e-02
-1.794001818275616777e-01
-5.153681891241657098e-03
-5.315973862659151283e-01
7.522048384275494826e-01
-6.895423604684618457e-01
-1.525138391235884572e-01
-7.931617964630397477e-01
9.873897724836677714e-01
-8.138827732872657705e-01
2.908420969795060262e-01
1.502992399611850494e-01
-3.123151439381736116e-01
-1.936709183338074236e-01
7.183244485693695003e-01
-6.949238841449729698e-01
-9.522094131039082754e-02
-9.748808716588621692e-01
-9.151868568490804101e-01
-7.031167402176585757e-02
-6.240440570460539238e-01
2.183690411892698080e-01
-3.878201811505617436e-02
5.243559463466405113e-01
-7.086231607067965399e-01
-6.285009405662544957e-02
1.030271536990094994e-01
1.000000000000000000e+00
7.575553309843394700e-01
2.001629758681890969e-01
4.719400079313373908e-02
-1.966746255438743263e-01
-6.330454456833412014e-02
7.126183628694580108e-01
7.474748658674863488e-01
-1.487163536299138666e-01
4.469981690804092356e-01
6.515284283813708166e-01
6.645815441869136198e-01
2.851979458868802997e-01
-1.444260327226280227e-01
2.883378947356950994e-01
-3.405815476063085434e-01
1.534759687712883292e-02
3.701978973605122292e-01
-6.561901566308934175e-01
1.999273081937329444e-01
8.992393509343985514e-01
8.543035054144070273e-01
8.114123107426838288e-01
3.093985875168301369e-01
-5.390642879718712255e-01
8.097409929204002488e-01
4.790879505583620634e-01
-3.158861333577227537e-01
5.405002207257381119e-01
-1.459372814236239435e-01
8.046392831216364616e-01
4.320340155580696950e-01
8.820471086804138050e-01
2.427092945396295276e-01
-8.933737788615554454e-01
-3.238604091166488175e-01
-2.612436187539545207e-01
-1.683458487312530227e-01
8.481671527631013952e-01
6.611210725193792381e-01
9.551236740959183624e-01
2.454968914942450842e-01
-2.459959144604141890e-01
-8.828867043149113414e-04
-3.546917725211582439e-01
-9.546213937062517640e-01
-2.719956457674419514e-01
-7.960392762190640070e-01
2.693741339456985351e-01
-2.610144642917204827e-01
3.064541456528440122e-01
-3.277345064876113767e-01
4.982734630162934941e-01
8.526075185657766564e-01
7.602013860312393234e-01
-1.589502674920653114e-01
7.717445966020182457e-02
-7.757706578328422697e-01
-7.302097421621778217e-01
8.683672931901724734e-01
1.302830559222405427e-01
1.045966529852904170e-01
-1.228024660396005163e-01
9.965764366636324922e-01
4.064545171264599688e-01
-9.226561546631248389e-02
-8.614023223541376062e-01
-5.444445863534697061e-01
-1.996082029727118956e-01
2.154958499148686424e-01
5.113710102869644114e-01
6.148013226268794762e-01
-7.709445429566808006e-01
8.568199027212513030e-01
3.943411728145017614e-01
2.073671462917115460e-01
2.175838231175973858e-01
-1.476512941425056069e-01
7.552121215777990448e-02
2.473414338795798528e-01
9.936317079631047378e-01
5.129287769762129745e-01
-2.364275292352245039e-01
-6.691044364180762649e-01
6.046623566707585162e-01
3.165966487088820447e-01
4.385030278378792001e-01
5.762691397289798623e-01
-9.948615524161485979e-03
1.000000000000000000e+00
-8.644308705796499570e-01
2.104587058893945262e-01
-9.300490451173403228e-01
3.089077052083839536e-01
9.115170048124388025e-02
1.979814166080526849e-01
-1.293366414817315180e-01
-2.241862344861278444e-02
-5.948615419429228446e-01
-7.775744598647675865e-01
4.894587401502740187e-01
9.129336612549416863e-01
4.226898754084660315e-01
6.856394976742952174e-01
7.670277238012241927e-01
6.690021910204013711e-01
4.988833758837016852e-01
2.150342530170681887e-02
-6.048984578347282870e-02
7.771790265430655875e-01
-4.299723163063581266e-01
-9.716478495088580747e-01
4.056111747774185372e-02
-1.373577844883560328e-01
8.450666903927779305e-01
9.876904264537311740e-01
-7.053154740652942678e-01
6.087897314404719928e-01
3.681189691271851139e-01
-7.208790555031415748e-01
-1.198607615846482566e-01
-2.180086374394487048e-01
