-7.838095081297764555e-01
-6.562769461450554953e-01
-5.994236190659383290e-01
8.322645664785377484e-01
3.110987541284292446e-01
-1.739571646330842492e-01
2.824087686749887638e-02
9.392777160903953426e-01
-6.447666769184039470e-01
6.982326563354059878e-01
-8.453190422132506043e-02
2.459632022209407021e-02
5.416287382777869031e-01
-8.677524004973220517e-01
-1.874464189954680171e-01
8.692659165342975225e-01
-3.054154942609189627e-01
-1.741909451398306052e-01
2.747375724379987894e-01
-3.780141420178195766e-02
8.884244390646493794e-02
-1.397690388766827940e-01
4.872160567717809254e-01
-9.603377533415021761e-01
-9.830168474468456985e-01
-7.276295149428796405e-01
8.059317650744404204e-01
-1.000000000000000000e+00
6.600248596912171584e-01
3.131658311085703250e-01
-2.536172489324807211e-01
-8.376748549230552676e-01
2.481182121163474363e-01
-1.000000000000000000e+00
-6.459765132492942818e-01
1.775150804058903686e-01
4.159294753200772354e-01
-8.832773510725795418e-01
-3.359356250902229002e-01
4.688675805583648604e-01
-3.274499054796884412e-01
-7.001432067276163185e-01
-3.625636717798152997e-01
-9.039781200300429642e-01
-4.759991737894586628e-01
6.202061018106848067e-01
5.032136732937209089e-02
-5.338122428789882079e-01
-3.957639758994988544e-01
3.763892791690031103e-01
4.702578063310118850e-01
2.457502934800877004e-01
4.176473487831606768e-01
-9.863702113117488457e-01
6.354880247077987487e-01
4.072050586711990494e-01
1.343509235280401781e-01
4.013264508831770883e-01
-3.708203978103408183e-01
-2.706785227418598838e-01
-2.199591478612324819e-02
7.654365040117481200e-01
-6.618169346628702820e-01
-4.733851338850580959e-01
8.161235761456757665e-01
-6.705601374424852157e-01
5.362053646228600590e-01
-3.809032496497977149e-02
6.532393906915489046e-01
6.653422007807212601e-01
5.963780742926036993e-01
-7.740617512938956502e-01
6.409232510841889052e-02
-1.067940396397019792e-01
-4.946951437803116525e-01
1.000000000000000000e+00
-5.993046941544286632e-01
3.593245054237501623e-01
-1.584475648184862084e-01
8.671329723170149162e-01
7.057272178471785118e-02
-8.325264900319717665e-01
-1.260351227216914838e-01
5.523607810026560649e-01
-7.096847264834493796e-01
5.868163915290467436e-01
8.020638411701270787e-01
-7.461308531431284363e-01
8.420870358169540992e-02
9.900919721298178100e-01
7.849053565614688699e-02
6.027917543725425098e-02
-4.012340461570789163e-01
-3.404848248242251518e-01
1.030685080733111381e-01
2.786796060329915781e-01
-1.600272067147070487e-01
7.213756155101056500e-01
-4.936146707192823335e-01
6.443992592688838617e-01
-1.577813634794398290e-01
7.500484506552856923e-01
-3.138236377758209517e-01
2.989963747911573155e-01
-1.502000928999130402e-01
4.653438168467973757e-01
-9.687608079777881853e-02
-3.344094740533165577e-01
-5.706374911887823753e-01
-8.071816228827907169e-01
-7.284136903165081556e-01
2.679443419273151994e-01
1.382639913841733070e-01
6.586861238794856910e-02
-5.616543804351837865e-01
-7.114264221786845699e-01
3.249292378984537932e-01
5.839349489652481129e-01
1.441183495966619210e-01
-8.017912496641067532e-01
2.630389346092371072e-01
4.756301858712531083e-01
-7.662961112666279995e-01
-8.932488167989753869e-01
4.091355159281251375e-02
-2.666326713771322021e-01
6.316345966676546464e-01
7.678713353943883435e-01
-4.472319626171521456e-01
2.367048108996100964e-01
8.176955349942247597e-01
3.832522827985198055e-01
5.554630887205325163e-01
8.895174625008330782e-01
-5.012053851130794380e-01
9.455854012759051797e-01
-2.040793149254612193e-01
9.287779477661710636e-01
1.849882381666353992e-02
-9.453334389384462355e-01
7.060384907857287784e-01
5.045141528064616132e-01
7.223701353677183246e-01
7.849687154389162203e-01
-3.351284734606603810e-01
4.579381447846499475e-01
2.930324764062214316e-02
4.062276486843742207e-01
-2.834363269861746026e-01
6.262442245658308426e-01
7.615138073384707385e-01
-8.190526592691868002e-01
-8.147274702352595988e-01
7.123064017103036827e-02
4.346718140360185667e-01
-1.861361173227531474e-01
-7.666408516105585047e-01
7.287090535649738410e-01
-7.419474006074973094e-01
-2.957492268061078233e-01
-3.956909558921892223e-01
1.246463343752216013e-01
-2.093870328184399554e-01
-3.953829387310219823e-01
1.000000000000000000e+00
-1.465326365388643914e-01
1.000000000000000000e+00
3.159241381688900896e-01
-2.324125507965735249e-01
-2.197828530888211174e-01
5.737479906298004195e-01
1.801202996259422817e-01
3.490556663365695922e-01
6.758096578413188560e-01
-4.335466287373432870e-01
9.432060884075557095e-01
3.175241821469861891e-01
-3.213608686587409169e-01
-9.974987762203928465e-01
-6.947831381393643202e-02
5.132829920336148266e-01
-7.533301631465585402e-01
6.823746527656179284e-01
-1.565648932565564255e-01
6.586499487952052201e-01
3.860171356224983974e-01
1.000000000000000000e+00
-2.034648763432755914e-01
-1.646513925060792971e-01
-6.001491146053481440e-01
-5.003248491852537727e-01
-8.338003039864756438e-01
7.405878526197646750e-01
5.064197267919310352e-01
6.101325946922792065e-01
1.629221654528896224e-01
7.198679236539680115e-01
-1.691587072436043782e-01
-3.613614466860959329e-01
-2.888331332001728979e-01
-5.818804996540318797e-01
4.719351085836045456e-01
1.180866615816227316e-01
3.629256058909792193e-01
2.418587628739663486e-01
7.360821824887159304e-01
-4.883669653011050160e-01
-3.064440878553422731e-01
2.497969832521205191e-01
-4.925547128857806212e-01
-8.546246429152528634e-01
-5.568727644499109619e-01
4.195686020682234951e-01
-1.928806919433128098e-01
2.512758609327416792e-01
-8.422574393047297381e-01
9.415382371906741432e-02
1.154157330857027153e-01
6.178902290068832848e-01
-1.244556490835035945e-01
3.445146133899412710e-02
8.855764232620644272e-02
1.922219264987090614e-01
-1.556813986609150158e-01
7.866554336582973761e-01
-6.915717723354599666e-01
-6.748731300786005027e-01
5.187570800545600047e-01
-8.201051091663047465e-01
3.376906128619953096e-01
1.000000000000000000e+00
-3.535961260115305649e-01
-6.838156839270870258e-02
-4.822823031085934353e-01
1.000000000000000000e+00
-4.911749334496089414e-01
-1.000000000000000000e+00
1.704354009823538796e-02
3.010843233351238601e-01
1.070939958652931123e-01
6.984836887432366304e-02
1.339820383473506737e-01
-6.258537694114020278e-01
8.402347131936195312e-01
1.278893210350324772e-01
-8.273625654458667267e-01
6.467272196728262035e-01
7.887455739250788245e-01
7.921126593057795096e-02
4.974756689884118899e-01
-6.197883693804170369e-01
2.599965781079562888e-01
1.000000000000000000e+00
7.366299817631283275e-01
6.009247767291563402e-01
1.449092881129343535e-01
3.316372547462256293e-01
-7.016194684808112481e-01
-1.422850583420691706e-01
7.991481399165966115e-01
-1.000000000000000000e+00
4.255555546111710052e-01
-3.109484818132929318e-01
-5.875094488379750679e-01
1.000000000000000000e+00
