-5.303109918711097492e-01
-4.417627198086240270e-01
-6.366597467698831281e-01
9.133975825823417161e-01
7.884783011884513027e-01
-6.944353504450986314e-01
-6.855850103706706555e-02
7.611918484363975335e-01
3.987047631624712762e-02
1.485058636944035781e-01
-8.538211286745511774e-01
2.823370789651851176e-01
4.300753782441226747e-01
2.965767136546486604e-01
6.035128684921020614e-02
-1.321039584062340122e-01
-7.041902770109118581e-01
6.877066648512528690e-01
8.203499018608204629e-01
3.887312873793529189e-01
-1.025189166605053881e-01
-5.717613605061784288e-01
2.058673197898903684e-01
8.103098052033186338e-01
7.752916995449443682e-01
2.329385937907866577e-01
1.093077060009189916e-02
4.704629044802926541e-01
-7.711041357578257704e-01
-4.130249568474303468e-01
-9.570877455374018350e-01
6.029502862664143370e-02
9.861641978620645510e-01
1.311259895251700447e-01
-3.908177239547403481e-01
-1.665160966092735784e-01
-5.878544383577000154e-01
2.362296415918523351e-01
2.728346396018179743e-01
-2.350700973582433573e-01
1.819044781506009567e-01
-2.212902131779873049e-01
1.141357592354119710e-03
4.177939560418784115e-01
-6.306658036715683258e-01
9.974588708012357419e-01
-9.723697138885531999e-01
8.816749258159620739e-01
-4.428274332593513107e-01
4.849550135187581656e-02
4.245820308509612451e-01
7.196733354355300261e-01
-8.617759691796213206e-02
-1.851760885448373029e-01
-8.403327571582925870e-01
-3.527437250711084049e-01
-8.499039488209972348e-03
-1.537285405212105438e-01
7.344419729967260890e-02
3.428140299903975619e-01
9.539697283156345353e-01
-4.579470834908978549e-01
9.607169598040847802e-01
-6.358554560782598841e-01
-6.038181809203966299e-01
6.218178419587350181e-01
-6.034451349263236786e-02
-6.246508218541662050e-01
8.246633274243679868e-01
-6.316005322051201354e-01
-2.025039781868598343e-01
9.234733076316226086e-01
-7.688785898046093248e-01
5.935048172908097275e-01
4.141159030030497901e-01
-6.406055459832360466e-01
5.809860946072746835e-01
-2.259647332294878186e-01
-5.698105044706578415e-01
-1.344313309129005762e-01
-4.457298783804000131e-01
-4.571293285676978346e-01
-5.457979265471571972e-01
-2.928568304807239731e-01
-1.202292073968950770e-01
-6.772196432035793023e-02
-1.993403260963985124e-01
9.106719309750628266e-01
5.575477408494774467e-01
-9.590254446620540829e-01
9.357672735253543816e-01
1.227020845900261836e-01
7.983547076686332566e-01
8.477093893221570031e-01
-1.687427085272079630e-01
-8.723848805904510506e-02
7.229733946278968926e-01
8.701922163072288718e-01
1.608973633543064885e-01
1.578304870703181595e-01
3.413997116202582838e-01
6.427233671427077244e-01
9.644803563898833865e-01
4.227555843505943489e-01
-2.380571162206597813e-01
-4.713971901232156814e-01
4.002026748671991818e-01
-1.430203323900536283e-02
1.883374697409844201e-01
-6.655426479989832167e-01
2.294645691690740952e-01
-1.368367152075193882e-01
-2.702251772304905542e-01
4.066773471940499096e-02
-4.472415360499915060e-02
7.342391060061211061e-02
5.381641369954818233e-01
-8.819796974543452350e-01
-7.345461167255764590e-01
4.245657008175034441e-01
2.897629335896313441e-01
2.822108763527673148e-01
-3.851243891748460935e-01
6.165103760950567668e-01
5.923669312323108782e-01
-6.453942676880641827e-02
-1.049544412143951083e-01
-2.972497551230099955e-01
-6.829303168181204420e-01
4.674591594142029072e-01
1.997973027008037583e-02
-4.330866960867110205e-01
8.566297180552260304e-01
2.709149530966081798e-01
-2.905491857752124929e-01
-6.002183431127712243e-01
-5.753984401378520186e-01
-1.984054505061232376e-01
2.631583056409880772e-01
-6.592575858010321088e-01
-5.310320221975417532e-02
-8.061684510015016958e-01
7.880251525003341140e-01
-9.122992687280669921e-01
-2.024105562394890867e-01
4.955312186245144357e-01
-4.852359807088627575e-01
-7.683263436286618120e-01
1.773684942694511157e-01
7.798469851178428947e-01
9.237175979060072706e-01
4.116218103070519163e-01
-5.977320424789980269e-01
8.992706113788915268e-01
6.016110913344703270e-01
-1.441910125559229261e-01
-8.374709809970259933e-02
-4.200902428395161259e-01
-3.931385703303869050e-01
2.854827124864571797e-01
-2.420411822774526378e-02
6.156779900458468902e-01
3.078072564460798688e-03
-5.286292582030690523e-01
8.334596701844267930e-01
-1.693134535226812343e-01
-1.460613535514583283e-01
6.120015058719299184e-01
5.673221008526890818e-02
5.235250047248449778e-01
-1.814421532177187546e-01
7.508338587412313192e-01
5.536966847517685864e-01
-3.467845667394944265e-01
6.884927962930567080e-01
-3.540291468112635176e-01
-4.735637637344252693e-01
4.242095817782636225e-01
-9.374443278088815390e-01
-1.374830284349767666e-02
-3.561461193634335443e-02
-5.705570654866366498e-01
3.639718298421295017e-01
-4.283883096002898405e-01
4.190222908199843221e-01
6.817521914444091280e-02
7.925920868033489164e-01
1.060484337105171981e-01
-7.693731166060422400e-01
-5.254520564147102668e-01
9.817807926970334442e-02
-2.641284273508208713e-01
2.631020489870085077e-01
7.645775061739903400e-01
-1.147815399219250798e-01
8.289101435447221444e-01
1.542510151560873011e-01
7.938497295561737221e-01
-2.514579269231897451e-01
9.928513583789742025e-01
-2.578123963006017094e-01
-4.844617204949879241e-01
-6.986612295103635795e-01
-3.478487979320094015e-01
-1.032973107351830011e-01
-1.499504496673720322e-02
-2.623825371288527331e-01
-9.062963326513122642e-01
4.515076978526249007e-01
3.630817595652982011e-01
-9.173704935185744702e-01
4.303178986946037954e-02
9.585376274074353109e-02
-6.815939288502601556e-01
-7.210115128616829683e-01
-2.929372263172260737e-01
-7.895507506449210844e-01
2.766561098757837622e-01
5.741047110421060307e-01
4.385827848713783617e-01
-1.262935435979879728e-02
-7.938256993643750814e-01
6.413074351342442636e-01
-8.004404690992024118e-01
8.280692805968825621e-01
-1.215472279164832581e-01
-1.568799907560765039e-01
6.795530114876984218e-01
8.128479467313047824e-01
-6.495670416916565770e-02
-6.229503133812301918e-01
4.755140713706004219e-01
-5.643437449642769721e-01
1.962649606500209698e-01
4.847574188815919616e-01
6.360369894124997536e-01
-4.824466803663242098e-01
5.303330453682979506e-01
6.973503318651437244e-01
5.889150350478886686e-01
7.695527685161734910e-01
6.389758693669282952e-01
-9.272100760444370593e-01
1.060062914448195587e-01
-3.024265364024811831e-01
-8.427378972705994453e-01
-5.057004621897951413e-01
-7.390475381726804849e-02
-6.750540509878342199e-01
2.082090683784041385e-01
-2.177196967423071783e-01
4.159070133568788519e-01
2.952689874180893792e-01
6.076098925409072482e-01
-6.381039322365444910e-03
-7.064998810259981443e-01
5.851824828470093554e-01
8.819737882113860561e-01
-4.915869957307664739e-01
8.133196983270297720e-01
5.823824783063193955e-01
1.785371138940690106e-01
-4.902526510441239105e-01
2.455570245977287680e-01
-5.719299876956374096e-01
