1.000000000000000000e+00
4.659449462595390834e-01
-3.890036467807373999e-01
1.000000000000000000e+00
-7.847832210772299755e-01
-8.646821143970165324e-02
4.963999332837686351e-01
1.171417332446395010e-02
-8.562097372929111661e-01
-8.309633941965022252e-02
4.253784876396854431e-01
-1.000000000000000000e+00
-3.286930278308736186e-01
-5.057750882496505618e-01
5.515327153021644113e-01
5.397223263608541544e-02
5.818969417365957852e-01
-1.000000000000000000e+00
-1.000000000000000000e+00
5.558379811609825971e-02
-1.727425982825561146e-01
6.058555941115875143e-01
-9.840656830541421041e-01
-5.950171147831044560e-02
-9.480248281268361943e-01
-7.548393564066908645e-01
2.865812341969852239e-01
9.792965174356437208e-01
-7.498338022588499907e-01
-1.000000000000000000e+00
9.317492167128003100e-01
-7.813510069564089111e-01
-8.824970537860079567e-01
2.908247506125221093e-01
1.000000000000000000e+00
6.546845996118146882e-01
-1.000000000000000000e+00
1.210015320158889240e-01
-2.159412550961036792e-01
-8.515890177916585202e-01
1.949894981622982137e-01
-1.000000000000000000e+00
-3.420995419597803178e-01
3.019192265846221135e-01
5.801723987281438566e-01
1.016551700782181156e-01
6.736988062528546095e-01
9.134040855192386843e-01
5.720358246427470483e-01
4.854512068838732208e-01
-1.000000000000000000e+00
3.437482543757414133e-01
-1.000000000000000000e+00
3.316980319731170912e-01
-2.927468603084409371e-01
9.657588989975198768e-01
9.112181463679446258e-01
-6.539325851683506219e-01
7.008604002835574498e-01
8.320684745715766217e-01
-9.722009023383192394e-01
-1.604885258996919806e-01
4.584494283370673662e-01
-1.410186680255746117e-01
-1.000000000000000000e+00
9.378769050134128094e-03
7.824421183825058801e-01
-2.966035195758544019e-01
9.572708083742551555e-01
1.000000000000000000e+00
-7.376632761755509415e-01
4.790495132074978901e-01
-1.000000000000000000e+00
-6.292176246354903579e-01
-1.000000000000000000e+00
-1.949587085655496432e-01
-4.147757326056122906e-02
6.232138268698201866e-01
8.375335376690717926e-01
6.535167258630067977e-01
-4.706939766435991324e-02
-7.444557475470517938e-01
-6.363738783566081914e-01
-2.620513205080473584e-01
-7.517301885603446809e-01
7.288335912739469791e-01
-6.460092943525412856e-01
-6.068682125743308786e-01
-9.100618205357986490e-01
4.649010240688022932e-02
-7.517193060759951306e-01
6.443832373581608319e-01
1.000000000000000000e+00
-9.178283015279039558e-01
5.322432963984008447e-01
-3.619326859039854738e-01
9.149119023529125316e-01
-1.000000000000000000e+00
7.483008474195254056e-01
6.718130316069761410e-01
2.481336102787483067e-01
7.125952746104456947e-01
9.490419058955765763e-01
3.930468938995035355e-02
-3.728235900081482423e-01
-7.233002853928338638e-01
-5.061819138598324663e-01
-9.075901043491269027e-01
2.952654909511716053e-01
4.179266071792774734e-02
-3.468362363181467511e-01
9.669987300994908885e-02
-2.899701555978301259e-01
9.755785213480151763e-02
4.454644738364050838e-01
1.651784608607820282e-01
-2.033069795677748814e-01
1.000000000000000000e+00
-2.837740688003951295e-01
1.000000000000000000e+00
-6.341671588057157249e-01
-7.256702777332014742e-01
4.324391871364894335e-01
9.948837843960807170e-01
-1.469222550113566950e-01
-3.544822914065112185e-01
-1.000000000000000000e+00
-6.181005570714404040e-02
-1.235006529582861612e-01
1.000000000000000000e+00
-8.619547940413382348e-01
-4.871345106840041517e-02
-6.444118022375793231e-01
5.293686555246950309e-01
-7.620697248517808164e-01
7.213407788265038256e-01
4.768910072395488586e-01
1.536504302538903577e-01
-1.663244055967308954e-01
-4.105927464517944436e-02
-1.680532396457208311e-01
-9.169220878062215307e-01
9.392955433460024040e-01
-5.369728807893439093e-01
-3.627138396578000745e-01
1.975476592401109455e-01
1.000000000000000000e+00
-1.000000000000000000e+00
-1.130094609039671294e-01
-3.830552200528249407e-01
-1.691201597682076563e-01
-2.869612104240446548e-01
1.085746463856304966e-01
7.753067347560973488e-01
-2.225306991273852120e-01
8.869321864208579154e-01
-8.232198897788527425e-01
4.198483204196072904e-01
-2.609352286999138126e-01
9.585850697045751323e-01
-5.589769525044019360e-01
-4.075106541643114255e-01
7.813566913533041003e-01
-6.445245511265622618e-01
1.000000000000000000e+00
2.911564180523229517e-01
-4.294111345697028126e-01
-7.291149296323113926e-01
3.891032351119591004e-01
8.243320099344495500e-01
-2.514647780955142631e-01
-6.103089785982684923e-02
6.090359162537122284e-01
1.000000000000000000e+00
-5.113255515404817597e-01
-7.850947483122847625e-01
4.881313028083149597e-01
-2.316264323262751113e-02
7.846137014122523956e-01
-1.000000000000000000e+00
6.053089070117474435e-01
4.907337100532394025e-02
3.339819256242121392e-02
-9.770542562512662954e-02
3.227145799907420454e-01
-9.997709649803737664e-01
5.610561427334391782e-01
-4.375975176999302718e-01
-5.478320961840876802e-01
3.662561841845148880e-01
-2.058900432632329303e-01
-5.291733535137362887e-01
-1.000000000000000000e+00
-4.363627419533893104e-01
1.000000000000000000e+00
-2.134351329045581225e-01
4.116286447557623296e-01
9.732183321860867764e-01
1.941874986247138501e-02
-5.706139485973138470e-02
-4.059452015116902235e-01
-4.967232213575458744e-01
-4.587442335984259767e-01
-6.599897631584555890e-01
1.988831630964091601e-01
-2.437425884014779998e-01
2.427176670477543818e-01
1.171637775716873886e-01
8.471615463170727445e-01
-9.343115352650830374e-01
-8.148862424338496613e-01
3.182813658289280756e-01
1.000000000000000000e+00
5.129286012957360308e-01
6.299298655129237368e-03
2.852405982951538022e-01
-1.000000000000000000e+00
2.752367233747220476e-01
1.999571072254504589e-01
2.321737718629747205e-01
-5.670733228008190130e-01
-6.451157499633209946e-01
1.175154452009342654e-01
2.763193815062296999e-01
1.379456033931369396e-01
8.152943315388049283e-01
-1.000000000000000000e+00
-2.060379297811834598e-01
-4.735788753045486743e-01
-2.276787526121847316e-01
6.448752765194352143e-01
-3.438423759871847007e-01
7.094816648343761356e-01
1.000000000000000000e+00
1.290537657397559101e-01
5.485233577020067752e-01
2.476292066623215771e-01
-2.428273318606937459e-01
4.900974285582368473e-01
6.544506216877351568e-01
-4.186996778938304464e-01
-9.703581502062736952e-01
-5.230970399888499323e-01
-2.892280169001786305e-01
4.556576487927490593e-01
-8.543063432836162097e-01
1.000000000000000000e+00
-6.898465837447121940e-01
5.491923298333505343e-01
5.866947785266417581e-01
-6.877911082543650689e-01
-4.356321217931775625e-01
8.711009107685954156e-01
1.000000000000000000e+00
-5.746668728362733791e-01
5.266705406897790320e-01
1.448790157339931994e-01
9.639569364313425037e-01
1.325773919781403354e-02
3.521183023639505860e-01
-8.284251198981074094e-01
-3.218329070939662806e-01
-6.916261069210238865e-02
1.749461181237844665e-01
-5.348070164177571861e-01
