8.301710117861040850e-01
-8.950486464718243607e-01
-4.441017975775733428e-01
-5.667122165869149519e-01
3.300297286070020819e-01
-3.165084562568809545e-03
8.741712946665964878e-01
-3.710359642488654797e-01
3.133254465445551862e-01
4.998171297700360061e-01
6.534826453568614024e-01
-3.715128391283093467e-01
-7.340233742745796430e-01
6.025140692076134119e-01
1.127523400503947087e-01
-1.331776713973426562e-01
-1.368941075391587603e-01
1.394050352171595786e-01
-6.740849749217500131e-01
2.958681825909986740e-01
9.788137302130121009e-01
7.341488212029989580e-02
-1.573937937784535279e-01
7.247808547625010922e-01
-1.356990956864531639e-01
6.301560662863049389e-01
-2.565367878533461599e-02
-8.416634030921464893e-01
1.302650448872186839e-01
-1.915672993114764244e-01
4.925081024312425448e-01
3.853356698310224648e-01
-2.183416448703601187e-01
-7.552631772284585931e-01
-3.783294466334359285e-01
4.815769958213977908e-02
3.974176769357713468e-01
9.756190267680162620e-01
9.898224326054350097e-01
2.777521015497713130e-01
-2.013438583866623555e-01
1.024590942622886081e-01
-2.488446587163354318e-01
5.241841190679330520e-01
-8.788078401584309418e-01
6.876455786662578618e-01
1.012335643832273924e-02
-2.074050026474860697e-01
6.016282126757366289e-02
2.098854319253222189e-01
2.638807226071135936e-01
7.088870935440390042e-01
6.663655203755163292e-01
-1.224571226628888843e-01
1.066808702822599209e-01
8.014531379403982969e-01
3.777099941724152421e-01
3.701874829846039106e-01
-9.935635808396485746e-01
-3.809036708279111005e-01
3.921326861498623806e-02
3.910529404836044498e-01
5.430301215472450593e-01
4.173786561142506235e-01
-2.787133501610007946e-01
4.314789442492459326e-01
-1.846575130458293357e-01
-7.641807308316281855e-01
-3.261548189885006277e-01
8.714468979378975355e-02
-5.344124311038931374e-01
1.584812587623850577e-01
4.397439600986059460e-01
-1.000000000000000000e+00
-1.057048736124615029e-01
2.127216644717637717e-01
-9.611183034202090969e-01
9.292678282138686630e-01
5.837696071941034237e-01
3.175441342915541476e-01
-5.437445275820151913e-01
5.220845702604401950e-01
-1.759468308355110477e-01
8.554743681230894126e-01
-7.332681483086274099e-01
1.821639314204932525e-01
-7.663083863148580921e-01
6.705216124180144455e-01
1.284172521675687739e-01
4.975981378061495874e-01
-7.660405894906688884e-01
-8.399663798908931778e-01
-2.145651075246660655e-01
3.669832379047234250e-01
4.335412921979384104e-01
-1.179512449026426935e-01
-2.821487575741210563e-01
9.725133057944812531e-01
-7.666447508594944615e-01
-9.681715061173698511e-02
-1.351943481051313123e-01
-4.486826987257825916e-01
-6.353677511792863442e-01
-3.275868455039830929e-01
1.000000000000000000e+00
4.040696621071693251e-02
7.044324458813134848e-01
-7.491198998702155443e-01
3.857006153822073458e-02
-2.091188237009513062e-01
3.503879609116251626e-01
4.404750407643187593e-02
-2.364951184035514742e-01
-5.170818679886075575e-01
2.367084474999150423e-01
-1.405934406076386756e-01
-3.241348420820302501e-01
2.624745099758368783e-01
3.259166565563238471e-01
-1.452187648198931536e-01
-2.204127368506203222e-01
6.305233808558602382e-02
2.180477876740261334e-01
-1.115722382208306218e-01
-5.762204811423055073e-01
1.464392269936245494e-01
2.503231073658391814e-01
-7.927479192807493913e-01
-3.095926659683166660e-02
-2.454144510856949291e-01
-5.321978693816256101e-01
5.586826679208234392e-01
5.973584322418656889e-02
-7.192814799718889596e-01
-6.435278584171950644e-01
-5.007183126427178221e-02
-6.695732860280108056e-01
-1.000000000000000000e+00
-4.232447566460958988e-01
-8.022430549762673557e-01
-9.689603241217681351e-02
3.735293178241838596e-02
2.879738455730036506e-01
-9.049598999601811133e-01
-4.545379851814926875e-01
2.339943719584947068e-01
4.793551992700826325e-01
6.156275035418046215e-02
-4.975893191357313450e-01
-2.679347103239809735e-01
2.993897076892007014e-01
6.947277768460109471e-01
-4.450614574314597505e-01
-2.004993721256059791e-01
5.121165973793818937e-02
4.071062979719318187e-01
5.641838508520887752e-01
-1.066897879013088551e-01
-1.728915580103741467e-01
-7.127723379011199345e-01
6.460623716382039028e-01
2.941206384864245571e-01
-4.834170445859747867e-01
1.111634130060417114e-01
6.389028954732884902e-01
-7.877849425487711832e-01
6.114376117667423838e-01
2.436501119064580223e-01
-4.601661179093903264e-01
7.917865642579889618e-02
-5.262641278040018911e-01
3.882437095469890576e-01
-7.341592777823163773e-01
1.771276670901369421e-01
5.754284790763164459e-01
4.111832869073079877e-01
-1.517329101095819810e-01
2.047457650142583407e-01
-3.745511317480690883e-01
-6.730370505207033949e-01
7.078294633446452488e-02
-4.287551155564479632e-01
-3.474267810316541971e-01
1.563196659150789536e-02
7.135490400695972957e-01
1.751481628659573020e-01
-3.934275504328860196e-01
-1.200073580578518984e-01
1.731968183921963611e-01
7.814399143861719965e-01
-5.757698598527931644e-01
2.663112025206222366e-01
-4.143138601705054214e-01
-5.838247851018241175e-01
8.921150115758933463e-01
-5.625745083635311783e-01
-1.000000000000000000e+00
-4.256574755496679296e-01
-4.911287831448764574e-01
3.246723123541714884e-01
3.790214177376962090e-01
-8.437247839634682833e-01
1.863373579034950100e-01
-5.969310358351114232e-01
2.847554555750830829e-01
6.073441558244963012e-01
4.406342324757095419e-01
-5.466187300986953268e-01
4.773544061204120226e-01
9.097107662562504693e-01
-1.319243305340587757e-01
-5.007525186799268724e-01
3.427669092196625744e-01
2.629433103972526053e-01
-1.225724938618018012e-01
-8.703696327852286085e-01
-5.246643690815999683e-02
4.717357060919322720e-01
-6.060142466965583452e-01
7.363364969003813876e-01
-3.267394601289534961e-01
-3.527717248296100561e-01
-4.027735165886500157e-01
-1.294614390602376597e-01
5.514939008717498758e-01
-4.038079131583081627e-01
-4.266299634837193988e-01
2.739886053994173842e-01
6.410027065329550189e-02
8.031915853089253154e-01
-4.864744127438123678e-01
-4.434896626087190818e-01
-8.305583389047764831e-01
-5.242241776528036024e-01
9.535476218485721134e-01
3.853259928432065662e-01
-1.770620259149743581e-01
1.290744292956131911e-01
7.149954808574442433e-01
-8.831572640025009413e-02
2.767127366037835934e-02
6.916149454488752513e-01
-1.280873856512514952e-01
8.726386066692901622e-01
7.682132147789593191e-01
3.759172852662355790e-01
-2.097712202805059878e-01
4.969320465014210875e-01
-6.107175814392524771e-01
-8.638715869887525489e-01
-6.344818866141144209e-01
-6.100160671516294819e-01
-6.624695420442179294e-01
3.377056057519642884e-01
5.017250939029768153e-01
-6.828445095521891162e-01
-1.798812415118313801e-01
-4.370099378457695249e-01
8.665270540720348968e-01
-7.771149168293366161e-02
-1.760356033881158022e-01
9.040163578179025716e-01
8.925767210929365092e-01
2.781363579635043881e-01
3.126660874959594910e-02
