-4.458761046714104781e-01
-8.367688969272761845e-01
7.257641887663585090e-01
-3.038176052720171771e-01
6.475247347923085428e-02
-9.511230322547732374e-01
-1.450657759847828743e-02
-9.336224850029521960e-01
8.833343972672896838e-02
9.352949444224357700e-01
2.057674398978907027e-01
-4.207436250897227392e-01
4.156980501625351376e-01
-7.328427759696302113e-01
-6.222897793774340158e-02
-1.972130990049875410e-01
-6.694287149701556583e-01
9.264555763828514756e-01
-4.317818233531351968e-01
-3.325224421717858925e-01
2.502069435203991277e-01
2.145826800032381576e-01
6.252798614171714564e-02
-2.756016540133943149e-02
-1.220298062494989677e-01
9.672593131458070426e-01
7.675739607474666437e-01
3.216140051507543896e-01
3.474361345766682763e-01
3.640734230119274661e-01
4.356427274123735316e-01
-2.780055488820557530e-01
1.576452441336233523e-01
8.616318557912779896e-01
8.392608999315103180e-01
5.846999959709568984e-01
-4.047666180214547493e-01
-6.039591221667028886e-02
-7.960857537079560342e-02
1.626754394724886366e-01
5.638645590032633770e-01
-1.080866112362001141e-01
-3.312620846482250414e-01
-6.179806945803980600e-01
5.020309560071797295e-01
1.000000000000000000e+00
4.541516970206477266e-01
-8.564492261954230745e-01
-6.739967916960760697e-01
9.015843271322688812e-01
-8.323905948961873857e-02
9.011229629297000665e-01
5.570274256466134499e-02
-8.279940424212932637e-01
-9.956420501244649390e-01
-8.324317695601274325e-01
7.922614475012843549e-01
-4.322874965596025243e-01
-1.000000000000000000e+00
1.000000000000000000e+00
-8.803841274359536229e-02
2.589519386697864967e-01
-2.672295107347086307e-01
8.356664359293088928e-01
4.681009090030168185e-01
9.587607015983019565e-01
-7.020845300391633792e-01
-5.743766485536330180e-01
2.723410472343369970e-01
4.161482880914638693e-01
-1.867837315383204522e-01
-3.878772162758521436e-01
-1.000000000000000000e+00
8.383839579459981817e-01
-6.242864423285996445e-01
2.626242636041223877e-01
1.000000000000000000e+00
-1.911975146951842008e-01
-1.522024219956564783e-01
-5.717711636031852507e-03
4.583174414704767607e-01
-4.611587028158642965e-01
-2.494835318166269689e-01
2.220935136095172902e-01
3.066275956739009101e-01
-9.049541928180353523e-01
7.463405402069629435e-01
4.005271810690943513e-01
4.001875231151055257e-01
-9.477659220474515811e-01
8.247702379072691103e-01
4.999192446233050591e-01
5.103406204286465853e-01
2.818664593556178266e-01
-1.690521898229817299e-01
-2.064311431171323152e-01
-4.279416684446344932e-01
2.749555280130655532e-01
1.635511284079534666e-01
-7.315330277964191552e-01
3.095828747417315729e-01
-9.307536337510854407e-01
-1.725569352640435317e-01
4.151443213812211486e-01
4.528959385873329579e-01
-1.000000000000000000e+00
-1.554875584315745241e-01
-3.204052730977852842e-02
2.000825074775853807e-01
-4.816012311378768396e-01
-3.019861886678899543e-01
-8.908893651557039384e-01
5.815500480973594399e-01
-6.541103859630318373e-01
2.152994591136983549e-01
-5.012846019300012390e-01
3.472848312750707045e-01
-5.109795520830764382e-01
-6.929084075129019471e-01
1.000000000000000000e+00
-1.742403195685474637e-01
5.037086767240166463e-01
6.973322425722279228e-01
-1.414275431220681778e-01
1.000000000000000000e+00
6.222485584402946968e-01
-9.858376100104920825e-01
-1.121339476633770177e-01
-4.140216610805076969e-01
-5.896994410101084050e-01
-2.367066560227495120e-01
-9.887559923741904289e-01
-8.551437324217355807e-01
-3.013931098151008126e-01
3.987029300103620000e-01
-5.725714711733093099e-01
9.932193045444096535e-01
2.298345781286181000e-01
-3.432566670525820096e-01
8.591404732969387670e-01
6.222638553154363761e-02
6.816134529670866971e-02
-9.187294069171394462e-01
7.077340903168548580e-01
-1.228398234445644555e-01
-6.421742406528634373e-01
3.925004140596823343e-01
-1.758860368910722671e-01
-4.189582212331503519e-01
6.087237245503550331e-02
-2.740754187746465842e-01
-5.991529101911537980e-01
7.451465018471695734e-01
-6.616251850291661185e-01
4.768814304675194626e-01
4.658915565031461758e-01
-4.742236785305598001e-01
-2.035693144400246568e-01
8.590557118318629115e-01
5.903714620664097801e-01
-1.229669261430735849e-01
7.978144033387907230e-01
1.773548880583999676e-01
-4.277957402759493544e-01
-2.741315206382286540e-01
3.932365514394699502e-01
5.011108025114037190e-01
-7.977001233012944725e-01
4.204206881022584663e-01
-5.974939113535888691e-01
-6.631066863588092053e-01
-8.809963268724491092e-01
-1.000000000000000000e+00
4.987861845906385594e-01
4.927974701168278404e-01
2.596042273844922921e-02
8.642563049869320668e-01
7.239376328179352171e-01
7.603436015322987407e-01
-9.428680292028943644e-01
-2.960793526322149649e-01
-6.673565808271314514e-01
3.813902614880931852e-01
5.401770357022287472e-01
1.000000000000000000e+00
6.089647915596334560e-01
2.614831565754306975e-01
-7.720832085448108284e-01
7.261697860127808157e-01
-6.586258939536875079e-02
-1.890157294451366710e-02
6.611484621781524296e-02
5.827128074304668282e-01
9.656814213424748106e-01
-8.051866775026585987e-01
1.377070749254816207e-02
-4.778936216418803173e-01
-2.174836557772573675e-01
1.541358599162570842e-01
-2.034724995564226036e-01
-1.829945072999448197e-01
-7.607834000267368335e-01
-2.682190434189669209e-02
4.692867038004120417e-01
-9.905200302808742086e-01
-3.794673610891153848e-01
-1.740236126368736036e-01
-8.582236489128579338e-02
1.505001971810954464e-01
-5.441721282990921171e-01
9.638302640315254965e-02
-9.464063180926702845e-01
3.317117096936141318e-01
3.562488926894611940e-01
-7.255416186759052755e-01
-7.750627101560114696e-02
8.788628625230456848e-01
7.924546352947337002e-01
6.336633637784810924e-01
2.979086752299067720e-01
-8.051106352745893702e-01
1.036658853537026220e-01
-1.000000000000000000e+00
-9.649416553352171411e-01
-8.758862829762681379e-03
-2.856320558124091913e-01
4.135969524390709084e-01
7.439171883051638456e-01
9.776238232761735869e-02
4.340646231729036741e-01
-9.606852274386215029e-01
-2.155064710523473259e-01
5.822993725208273075e-01
-7.016852126173558357e-01
6.539300160959828911e-01
-2.403748063043464889e-01
4.052153781290229739e-01
7.595835932171000060e-01
-1.160814208009447457e-01
5.461720363753256313e-01
3.023817541267140308e-01
-2.551120526668347877e-01
-2.849815144816415513e-01
7.537815560943353921e-01
8.994555688024672424e-01
-1.313985404581429484e-01
-5.706252320316878013e-01
5.388096984729086047e-01
9.954433480676745660e-02
-1.485981085052083261e-01
-6.640229849995756828e-01
2.259884826555865756e-01
-1.572047725458449452e-01
-2.436884800437018606e-01
-4.579145604530747704e-01
-1.000000000000000000e+00
-1.608001009133887826e-01
3.086067592349673316e-01
6.003609473122335505e-01
-1.768655215722834129e-01
-5.411468283564925263e-01
9.929719530951197637e-01
-8.192632966804491712e-01
-2.919290798170676715e-01
3.086270553345642487e-01
