1.797656749109228791e-01
2.322492651205718683e-01
-3.953175599978759891e-01
1.529397011561688391e-01
1.847399741754722768e-01
6.521339021834413607e-01
-8.206772502187673624e-01
9.256211707006594125e-01
1.790741423329980098e-01
-6.655840748496879566e-01
-3.175790979692736382e-01
-9.588634165939546872e-01
-8.207225696822395555e-02
1.000000000000000000e+00
4.658788905031872041e-01
-7.336402809242774659e-01
-8.827769908348734318e-02
-7.618890742486026380e-01
1.795683961713034904e-02
5.352796898782623547e-01
5.176907781118562646e-01
-6.999176892441603126e-01
-9.588398797487807101e-01
-3.433799255195841837e-01
4.195257866080128739e-01
1.980498514980550961e-01
-7.966455598902024704e-01
6.705324439462536645e-01
5.212954298361143213e-01
7.112933322935159897e-01
-4.129458343706033929e-01
4.157917206134968957e-01
1.199207059908007356e-01
-6.197411291998333738e-02
-2.946887112475538029e-01
-2.680231919788083061e-01
-3.634968571599528353e-02
8.701684858630123198e-01
3.503689178414831629e-01
6.527615609069121749e-01
7.937507223239685938e-01
3.407805523986935370e-01
-1.606711257829384343e-01
-1.642948009533007347e-01
5.073879611820566460e-01
5.464611673497212774e-01
-9.830024321978627633e-01
-1.979412775812436909e-01
1.713952795217932312e-01
9.418682616679748820e-01
8.128251713403780165e-01
3.040305983834732384e-01
-5.648103651404812187e-01
6.090465002927247795e-01
-7.925269700456152311e-01
3.801931598504630916e-01
-7.193834191319838922e-01
1.462043664731045300e-01
5.052683105690647380e-02
-8.437676705185761517e-01
-6.425178502990449569e-01
9.627093073308223836e-03
-7.176566730455724574e-02
-8.431405389674333506e-01
1.507585089960132851e-01
4.183644817297931251e-01
-6.568285924086230132e-01
8.061098716397545605e-01
-8.872315844943166052e-01
-8.662934302687193000e-01
-5.947843020194136798e-01
5.040748075601908518e-02
4.805465955502858932e-01
9.419764548584461661e-01
-5.385008046955985783e-02
7.070590744722411447e-01
-4.202106125920683777e-01
-1.364164619518537513e-01
9.458841869709651018e-01
-1.141935183814795085e-01
5.721768456002795933e-01
-5.983959256553013084e-01
-9.406990967849797602e-01
-5.056873085200848106e-01
-9.731965200227046253e-01
8.537297426583774218e-01
2.524468611197727697e-01
-4.669170132747340052e-01
-5.378442164319940932e-01
-5.477840497744723702e-01
8.085018387894102876e-01
1.735751256549038501e-01
5.724376295262835201e-01
-4.812246127970074561e-01
-4.222475785574446583e-01
-3.694823629415031618e-01
9.138137718709744561e-01
3.024661925787093808e-01
6.329360362703377874e-01
-1.725751865119384831e-02
-7.113165808715400384e-01
8.598264179987045175e-01
-8.688282321529252616e-01
9.875837321569393978e-01
5.009920351055716647e-01
4.618282415915735406e-01
-4.093885648013185774e-01
-1.842648591085858101e-01
7.416029087059259339e-01
8.180652029992954155e-01
-9.722294400086184396e-01
2.699467747850871069e-01
-5.161205740276868514e-01
7.457677116140525309e-01
-1.932348574947615472e-01
3.238986716799021615e-01
-9.976143491527640350e-01
5.901728212408787755e-01
-6.991552527816393692e-01
-4.499705550641581731e-01
-8.404526609038753815e-01
-4.749530873114795604e-01
4.403674902877903197e-01
-7.661798920376539090e-01
-7.610346675086381296e-01
-4.349821210860056464e-01
-4.522513360453621623e-01
-8.795921294009856339e-03
-4.080499431728772386e-01
2.046531293548268238e-01
-1.122745964037449307e-01
-1.552046570060992003e-01
7.679428807410019209e-01
3.563395728047489275e-01
-7.483702384371393457e-01
4.295127090098416200e-01
6.204021620132503800e-01
3.924096807085677430e-01
-6.232185827893281793e-01
-9.616137650090739175e-01
1.771265487375411896e-01
9.776943910926467751e-01
-5.644094125930816386e-01
-9.059863474780989190e-01
-9.523256955126333523e-01
8.709781893627455140e-01
-2.256974577803070314e-01
-5.425891628418941792e-01
-4.212153595054841659e-01
-2.398463515465421025e-01
7.635228139731653485e-02
5.764846581094860145e-01
-9.278251121952030278e-01
-9.880800391575506048e-01
-7.962922638432921030e-01
-1.366298556070441039e-01
-6.861215977941934607e-01
4.476730578428156360e-01
5.718664155962014384e-01
-1.488847594226325732e-01
-5.131545665204686468e-01
-1.712259868892577752e-01
-1.054651478511978158e-01
2.671418621501506774e-01
-6.017755013511066897e-01
1.699503886009221254e-01
3.099536205129971300e-02
-3.747553909401868388e-01
-5.062698644539020965e-01
-6.140542485048827714e-02
4.861991385319748282e-01
1.513415300934601859e-01
6.641234754518707817e-01
5.349655761442813073e-01
2.174087537782206647e-01
1.096008681340521207e-03
-1.000000000000000000e+00
4.502291251155794427e-01
-8.175167069470306025e-01
-7.851949829291959837e-01
-4.304429480962742582e-01
7.564157312000896471e-01
-6.632170193043518402e-01
8.114631707137407446e-01
-9.153026508513828485e-01
-3.729357549032996655e-01
7.539543377948707548e-01
-9.272567425880577918e-01
-6.814004666204149796e-01
-8.884469500681335674e-03
8.129325272023673055e-01
9.902432045060967081e-01
2.044742182191261470e-02
4.104942919349239272e-01
-4.498650584807828423e-01
4.739904181379963610e-01
-9.364665963249152458e-01
7.355052329700535463e-01
1.980602733860961084e-01
-7.056911772890988033e-01
6.667037072117077967e-01
1.235228180859127001e-02
4.427597419098662779e-01
-8.960002921061642756e-01
-3.962600451473856644e-01
-9.293913251732122127e-02
-8.776406269550118822e-03
-8.145128946640225465e-01
8.308224901740424162e-01
5.786413129807370659e-01
-1.834432183256380355e-01
3.181719103432729678e-01
2.808011944367856394e-01
-1.065252683058695027e-01
5.754399944735351102e-01
-6.021884564887314273e-01
-3.688726022241262115e-02
8.728636731654975112e-01
4.788647391612175230e-01
1.000000000000000000e+00
-3.049150261654398619e-01
-3.766155504886116168e-01
3.405208352448152453e-02
-7.812162779022246983e-01
-5.970957166235305591e-01
-7.078416538369962652e-01
5.233221486992032379e-01
-4.041175549790478883e-01
-4.939674472967556795e-01
4.382038851708143223e-01
-2.135915172883419422e-01
1.698009710167165398e-01
3.733034360448872491e-01
3.901540915792016673e-01
3.023541854343132496e-01
-4.882214146373320407e-01
-3.565390134721060367e-01
7.861505552396654828e-01
-7.542770760095082738e-02
-7.940952513054067019e-01
4.366858134638758049e-01
-2.359846089073240893e-01
-3.191741810550094982e-01
1.962347242812272352e-01
2.439696149162478012e-01
4.186350088487218457e-01
3.390883659190022659e-01
4.438268353597247806e-01
-3.188455188426171927e-01
-2.179126802317548073e-01
-6.302056438685045281e-01
6.944640714222205524e-02
-1.859066273785323631e-01
9.520872573710567055e-01
6.139840568810084331e-01
6.841987450461273212e-03
-5.900842568871782490e-01
6.429194394333204166e-02
9.493439283225442171e-01
4.158005051748203673e-01
8.049595537319078620e-01
9.131955905669744133e-01
-4.799967557890483238e-01
4.720851436081776042e-01
4.882183820278627184e-01
