8.728580458193097025e-01
6.426242750566703021e-01
1.000000000000000000e+00
3.123932643006560039e-01
1.894946477420280384e-01
-1.000000000000000000e+00
-1.000000000000000000e+00
1.000000000000000000e+00
-9.888328346842423233e-01
-4.015371698505810771e-01
5.618519111036387459e-01
1.019053515505992658e-01
4.666072880795510414e-01
6.300712095687325265e-01
1.000000000000000000e+00
7.163277206470480829e-02
-6.210368272935394840e-01
7.852423009456331870e-01
3.000581438062962514e-01
-7.452258629617762864e-01
1.000000000000000000e+00
-2.956775920054174889e-01
9.040174244183963870e-01
5.794613403883008829e-01
1.000000000000000000e+00
-9.427919243592930432e-01
1.000000000000000000e+00
1.000000000000000000e+00
-3.066113623740738259e-01
-7.713124971549416564e-01
6.022002153578185357e-01
-8.163128947936817426e-01
-4.315216698520740746e-01
-3.748874850277697512e-01
-5.272571288821432667e-01
-5.055583371645315793e-01
-5.968502397784313240e-01
5.469946557626159667e-01
-7.231197329895596715e-01
3.713354392999745901e-02
4.033573828549735785e-01
8.186015630632518247e-01
-5.843168561526224103e-03
-7.719709483609785705e-01
5.112457867031869885e-01
-1.539409927242878784e-01
-1.000000000000000000e+00
-3.515925747760572095e-01
-5.516962684758724977e-01
3.157886424332387865e-01
-4.429808990760598086e-01
9.200903514918260528e-01
8.203562951140661585e-01
-9.492035314868227935e-01
-1.000000000000000000e+00
-5.599019468689919732e-02
9.962888639409750446e-01
-1.000000000000000000e+00
1.000000000000000000e+00
-4.449047136223908683e-01
-4.199056628286781390e-01
2.512274123082203214e-01
6.440480144503298865e-01
6.770869557903302915e-02
1.000000000000000000e+00
4.341968515050511068e-01
-1.778971870402412669e-01
4.532684446600307449e-01
-8.520199856369448099e-02
1.000000000000000000e+00
5.496871410477210951e-01
-1.000000000000000000e+00
5.596251678015057296e-01
1.124520005765691222e-01
-3.576867596827874030e-01
-4.623338274832207162e-01
-1.000000000000000000e+00
4.571696196412042834e-01
4.289094903692969307e-01
3.442428506967175617e-01
5.080548251677650118e-01
-7.079459567947772314e-01
-5.370360695994865763e-01
9.967393885644743046e-01
6.589132432172440934e-01
-5.311393443212082399e-01
-1.052693164055025221e-01
5.477754196794968333e-01
1.000000000000000000e+00
-5.637349271630429648e-01
5.968766054796568188e-01
1.479703308712601584e-02
-1.000000000000000000e+00
7.894914062365582241e-01
-1.000000000000000000e+00
4.898984957588775613e-02
1.000000000000000000e+00
-4.711426082559969641e-01
1.000000000000000000e+00
-3.680018798307470584e-01
3.178246187192501626e-02
4.107876861255814194e-01
1.000000000000000000e+00
6.747588122283915135e-02
1.000000000000000000e+00
1.881496727561616789e-01
2.059967963971954530e-01
-1.000000000000000000e+00
-1.257839229105414680e-01
4.083256734043592129e-01
-3.064156479706098835e-01
3.354372264777438772e-01
1.000000000000000000e+00
5.897305129905160426e-01
-1.665775466679245698e-01
-1.043876153502113907e-01
9.729198257675920614e-01
-3.474672094126921018e-01
-6.653370810599358587e-02
-9.270273574569165564e-01
6.603542136233948590e-01
-2.767024197939512709e-01
-8.114433077814111606e-01
-2.438094619837790078e-01
-7.549801080085208893e-01
6.406119758359212213e-01
1.287250068600941377e-01
-3.532197211542797977e-01
2.046869265794292597e-02
-5.245839985307451103e-01
-2.024803795178695132e-02
9.462821185603396135e-01
-4.042823575114535828e-01
-2.478426157731050683e-02
-1.000000000000000000e+00
-7.585753355020226074e-01
-2.253461425469205012e-02
-1.000000000000000000e+00
5.810187877497363651e-01
-3.841024997653036399e-02
1.000000000000000000e+00
3.358399873968638816e-01
-1.335213907398340449e-01
9.682920065535154386e-01
-1.000000000000000000e+00
1.591506912093317849e-01
7.497217260191242350e-01
4.327433921406664830e-02
-1.000000000000000000e+00
3.646827287830300413e-01
1.000000000000000000e+00
-1.000000000000000000e+00
4.548702506505507004e-01
-1.574017193849047702e-02
1.578556290852579369e-01
1.869069089223374114e-01
-6.369181016787569538e-01
-7.512729465950218621e-01
1.102257236467135693e-01
-4.936487249487888640e-01
5.634844146766156969e-01
1.000000000000000000e+00
-2.993385357455963791e-01
-3.509582514608016179e-01
6.112169561467878376e-02
2.132883505053964068e-01
-1.000000000000000000e+00
1.000000000000000000e+00
2.977250002340768864e-01
-7.703343031834575250e-01
-7.514442942541964265e-02
6.829178883045483595e-01
-8.921320896650419829e-01
5.141905327462640285e-01
3.826255245341168010e-01
1.606156883008357794e-01
3.830527032881941296e-01
-1.000000000000000000e+00
1.000000000000000000e+00
-4.350372496244142018e-01
-5.511396705745570390e-01
-7.773427112436781528e-02
9.751617754037440466e-01
-3.494597831881555150e-01
4.063680817838200010e-03
-7.897633952528153589e-01
-1.000000000000000000e+00
3.977472810931008684e-01
-1.000000000000000000e+00
-9.133417434673367641e-01
7.224075926090790523e-01
6.696845358100829149e-01
-1.000000000000000000e+00
8.491529080620447978e-01
8.408926379969235976e-01
5.693899687001370280e-01
1.951671733237009265e-02
-1.162838037149238751e-01
3.485364366836953276e-01
-5.374018822871450274e-01
-3.023160786713917081e-01
-8.152115602857445964e-03
-9.921541839929015616e-01
2.613603712253134148e-01
-5.388199188710562915e-01
-7.676395027239802937e-01
-1.980782420773707919e-03
-4.425239056089026457e-01
-4.704891944578357688e-01
1.687141590302787542e-01
-9.406097871535566979e-01
-1.000000000000000000e+00
2.846837272059008495e-01
1.000000000000000000e+00
-4.337282492805862866e-01
-3.528852037818050458e-01
3.537348812720297331e-01
8.796438019904266881e-01
6.074512405594423292e-02
-1.908321636140681843e-01
-5.620179826951504642e-01
-6.947189458716984678e-02
-2.914383828695666923e-01
1.000000000000000000e+00
4.875577267948384419e-01
-5.053022068156797220e-01
-3.812671073404954036e-01
1.468879315748329861e-01
-3.072546505687915319e-01
-1.336401460658483697e-01
6.823623232890330126e-01
1.000000000000000000e+00
-3.647932599704538648e-01
5.119765847369255329e-01
1.000000000000000000e+00
-8.961101798504760296e-01
-5.381749143219014542e-01
-5.870595761294720161e-01
3.544323532597117299e-01
5.457774764819571522e-02
-1.019033026549885923e-01
6.973379792051764836e-01
-1.655012640777161204e-01
1.000000000000000000e+00
-4.568935150992093908e-01
-6.756710713229599485e-03
-1.000000000000000000e+00
6.235930191128953304e-01
2.175917590177187111e-01
1.038956670796620241e-02
9.170341773731353063e-01
-6.074247637845577863e-01
5.275014829315559650e-01
-9.982353040877733896e-01
-5.794175000546993859e-01
6.232092838246872102e-01
1.000000000000000000e+00
1.000000000000000000e+00
8.389422067535036165e-01
4.661148047544461104e-01
-4.550420013909409200e-01
-8.976632657760861278e-01
2.307496969085929828e-01
7.902401098054528950e-01
3.216432419865128400e-01
