9.013741869767768478e-01
-9.152165260996592000e-01
-7.089529922340764845e-01
-8.411916422320291353e-01
-2.300721389872089073e-01
9.523653778321920782e-02
-9.988489052743527719e-01
-8.785774836779356445e-01
3.416935315358431424e-01
1.826269422470924719e-01
-3.334639235407752533e-01
-8.143294710774660050e-01
-3.893530168153285231e-01
7.609478542028913495e-01
7.837810761716356156e-01
-4.744425529733721780e-01
-5.233944230359175442e-01
-2.592444990635803803e-01
4.800119597942416050e-01
-1.848689397900877274e-01
-8.319871759663577393e-01
1.832720237232385863e-01
1.000000000000000000e+00
1.291907569582380344e-01
-3.300473630862501562e-01
-6.805546604043728465e-01
3.367556195625911464e-01
-2.408365493279861769e-01
3.145398476108106078e-01
-6.193310455673542991e-01
1.604621209768795076e-01
-1.848247485751350894e-01
-3.382901676292753845e-01
5.018497641630096373e-01
8.699605704504671522e-01
7.521338804591054528e-02
-6.587660522751357384e-01
-2.358366816805387289e-01
-4.756064013320901451e-01
-1.481154205501469256e-01
8.865858307599507881e-01
6.731753933914164101e-02
1.886238917613239363e-01
2.889007579888916988e-01
2.263517820109821332e-01
4.580673688379904851e-01
-2.042894280259013318e-01
-8.077214084515990100e-01
-5.565263363578802913e-01
1.180387258076187607e-01
-5.080736882062140136e-01
5.704313333852668588e-01
-5.592257207592310486e-01
7.811465796663646932e-01
-8.058747912712118655e-01
2.145989147847739975e-01
1.236632008527276116e-01
-7.187288381362906264e-01
-3.261981112353616874e-01
-5.763534486636385790e-01
1.184211778551506611e-01
-6.371197664040837427e-01
-1.401621266946317945e-02
-9.521743532055448878e-01
8.189396593674659608e-03
6.980705140552712074e-02
-5.655499644175218110e-01
-4.632638336443823390e-01
6.806234747775845584e-01
4.466783565893504004e-01
-4.745216561196061722e-01
-7.656991538336812564e-01
-5.479734124706678866e-01
-2.772323207653790700e-01
6.137598724051005483e-01
-2.296886099876071230e-01
2.152949232819671987e-01
3.101141301854793975e-01
2.017476899535692869e-01
-8.229259652569265171e-03
5.344249771506069946e-01
-1.057589016430604545e-01
7.671998064026235298e-01
-8.059824363594174645e-01
5.315729052057931447e-01
-9.414722702687254585e-02
-1.314098802249776821e-01
3.261798991249892365e-01
5.204798285598610796e-01
2.467627266863183511e-01
5.698501157089324032e-01
-7.695656728223649878e-01
3.505061509555523758e-01
2.185479013684628047e-01
1.487552802379454309e-01
-1.000000000000000000e+00
1.019330833185128071e-02
-4.579571396747289524e-02
-1.000000000000000000e+00
3.827930503717030253e-01
8.978863185218841636e-01
1.507671933388060603e-02
6.816770291295128903e-01
-9.795881999319387967e-01
-8.811977368448342673e-01
-7.119281613146181131e-01
-3.345271926663313522e-01
-1.000000000000000000e+00
-7.259178987887526802e-03
-8.457650138643966198e-01
2.303928369254205633e-01
-3.628260374893692575e-01
-4.506521563140405418e-01
2.004257260971367416e-01
1.891363732620567895e-01
-3.607648489982022144e-01
-2.723966941586104529e-01
9.298525044923139360e-01
7.733576102750361336e-01
-4.937762937536375185e-01
1.606950792798541583e-01
5.448143698857513817e-01
-6.859957972920815994e-01
8.180700956564077586e-01
6.196739569118255853e-01
7.544838246882177302e-01
-4.875507209041859413e-01
4.857160503143779784e-01
-2.754415477084456443e-01
-9.764515825930859538e-01
-2.711977710838333611e-01
5.938339582761831270e-01
-3.766244678341476027e-01
6.748215131447885540e-01
2.475068836222180657e-01
4.325265851129707073e-01
4.167137065921027173e-01
-6.670406691981694003e-01
9.434825685276012619e-01
-2.488226544480853786e-01
-4.745103917841426711e-01
-1.157705318181406207e-01
1.151389778605756975e-01
1.000000000000000000e+00
8.899170831638769652e-02
4.114530382984244450e-01
4.354551721779727491e-01
-9.842625824549309232e-01
7.570633124856340768e-01
5.758657098438393351e-01
5.502550654492771587e-01
6.532360007218019904e-01
7.506493650250860572e-01
-8.861688958285107720e-02
5.143646454036713278e-01
-1.605416585087291459e-01
1.921988966815988409e-01
-9.123283003762951981e-01
-6.930529813186547816e-01
8.911281062630798111e-01
7.168554340619591736e-01
-9.184374550186991115e-02
-3.563815709837282464e-01
-9.913172578138087498e-01
2.441656126823503747e-01
-1.143292865155693117e-01
-2.766397757663803803e-01
5.782492368146509021e-01
-1.599964384689588903e-01
-3.813599917153558949e-01
9.967310635589501366e-01
-7.852123528723563561e-01
3.897039567547984085e-01
7.936227171331871055e-01
-5.516615160825839581e-01
3.491787238050629849e-01
-6.190029060610477973e-01
5.795706203580430760e-02
-4.020489142810632077e-01
-1.040946480696162135e-01
2.217580272749097858e-02
-2.640444798650687375e-01
3.909659415164278840e-01
-9.407210699767526441e-01
9.735260705631588740e-01
-7.020665009716079430e-01
-1.202485347317247544e-02
-3.981117281239510142e-02
7.526416143934138159e-01
3.071923411276510363e-01
4.722478364575550813e-01
-5.585946051180950001e-01
1.335319919739876848e-01
1.635429979229554576e-01
-5.577739168424187266e-01
1.000000000000000000e+00
8.256957464421049719e-01
-5.773002369093154229e-01
7.748937671164009000e-01
2.194386643966697026e-01
-9.901147279978030902e-01
7.191342489784730008e-01
-3.208068143768432190e-01
-6.074585317811788121e-01
1.026872949991694539e-01
-4.314174125518431824e-01
9.583981745491789717e-01
4.332367252922388889e-01
-4.371415153427505862e-01
-3.466221759388833368e-01
-7.612003511522178467e-01
-8.506244128949975725e-01
1.908414887976826457e-01
5.614851413940942226e-01
1.865994407581172410e-01
-2.846096712967351450e-01
9.671852604729388458e-01
7.023731354785657244e-01
5.350370814726054247e-01
-7.354897395271073890e-01
4.095054140781121399e-01
1.236758472921705154e-01
7.131644459035433314e-01
4.908707885403433835e-01
5.549161531147079884e-01
-8.915663955718688971e-02
-8.075439021521545191e-02
-4.815163684830672253e-01
8.433195156939962134e-01
2.722784266524198582e-01
-3.951073731027107683e-01
7.208589339877269353e-02
4.536104512773275199e-01
-1.631728005100163692e-01
2.984126220374903049e-01
1.037912639472432508e-01
5.819752257236991966e-01
-3.460782621855444940e-01
6.792370027776828412e-01
8.089005255959436091e-01
-6.336775277406030416e-01
-8.024731051565718865e-01
2.253282672556205513e-01
3.155335369532095147e-01
4.510094272561726569e-02
8.031766029114764116e-01
-8.267686962961091623e-01
-1.223269962770605623e-01
8.474509936665306498e-01
-2.238642594667102359e-01
-7.364195325157198990e-01
2.264005085992770727e-01
-9.582731720062320768e-01
-4.243469471733121168e-01
-2.164824186794579441e-01
-5.724922316022901247e-01
9.820331015775679573e-02
-1.796115006442728923e-01
6.040421264875939222e-02
1.041183620487649009e-01
2.573392181550695490e-01
-9.352198527381726523e-01
3.232144512865058328e-01
-3.369635209514452168e-01
2.047946219092166009e-01
