-203.800000
3.000000
-1.000000
70.000000
-1.000000
-1.000000
64.600000
-1.000000
31.600000
-1.000000
0.228996
-0.580191
0.785314
0.524647
-0.254274
0.900483
-0.364557
1.000000
0.163604
0.035118
1.000000
-0.212024
-1.000000
-0.215853
0.318922
-1.000000
0.193300
0.382347
0.376248
0.562116
-0.085582
0.683521
-0.059499
0.234918
-0.336213
-0.789904
0.626572
-0.572396
-0.698532
0.038585
-0.773619
-0.147883
-1.000000
0.508262
0.120535
0.314440
0.041979
0.102076
-0.068548
-0.071656
-0.740344
-0.619233
1.000000
0.009861
0.608772
-1.000000
-0.022416
-0.916936
-0.096717
-1.000000
-1.000000
-1.000000
0.013085
0.668383
0.126121
-0.088310
1.000000
0.608081
-0.385614
-0.724161
-1.000000
-0.335568
1.000000
0.562349
0.021527
1.000000
-0.361383
-0.388260
-1.000000
0.859495
0.744365
0.144351
-0.686329
0.800333
-1.000000
0.405826
-0.277109
-0.897683
0.212444
-0.521529
1.000000
0.877954
-0.515786
-0.508726
-0.285705
-0.904581
-1.000000
-0.477401
-1.000000
-1.000000
0.900617
-1.000000
-0.035219
0.548913
-0.540498
0.715415
0.919030
-0.299195
-0.038224
-1.000000
-0.073473
-1.000000
-0.131602
-0.300236
0.737057
1.000000
0.247536
-0.516558
1.000000
1.000000
0.759457
-0.040379
0.160349
0.076738
1.000000
-0.274803
-0.661666
0.337884
0.096235
1.000000
-0.856171
-0.318431
0.290989
1.000000
0.180164
-0.549769
0.000106
0.004331
0.432981
-0.242647
-0.283983
-0.241076
0.806305
0.023165
-0.376647
-0.161482
-1.000000
0.714036
-0.265948
0.223678
0.969424
-0.309841
0.351048
1.000000
-0.641636
0.891340
0.221193
-0.256985
-0.109600
-0.685102
-1.000000
1.000000
-0.674809
0.085250
0.803594
-0.042849
0.437317
-0.041133
-0.907808
-0.301443
-0.264927
-1.000000
0.738127
0.428255
0.450525
-0.066627
1.000000
0.649959
-0.435798
0.749257
0.908136
0.581109
0.890191
-0.314611
0.005917
0.615179
-0.684554
-0.870093
0.232915
-0.799848
0.155903
0.642868
0.282560
-0.608149
-0.532588
-0.601959
1.000000
-0.938099
1.000000
-0.146530
1.000000
-0.265290
0.624111
-0.637641
-0.487781
-0.245700
0.176861
0.005747
-0.481172
-0.155937
0.635622
0.136582
-1.000000
0.544217
-0.576452
0.363735
0.313714
-0.204839
-1.000000
0.342574
-0.071097
-0.159500
1.000000
0.576828
0.877745
0.606912
-0.190484
0.452740
-0.607234
0.848102
0.055690
0.058286
0.318389
-0.551320
-0.460122
-0.197905
-0.063518
-0.716563
0.731374
0.210662
-1.000000
-0.303327
0.747739
-0.699596
-0.032594
-0.155800
-0.111928
0.270853
-0.631918
0.235418
-0.640419
0.879384
-0.436839
0.022383
0.124029
1.000000
-0.915628
-0.034660
0.262113
0.253676
-0.062245
1.000000
0.946389
0.784771
1.000000
1.000000
1.000000
0.946586
-0.685182
-0.167134
0.579796
-0.308416
0.456297
0.896968
-0.045214
