-367.800000
1.000000
-1.000000
-1.000000
-1.000000
-1.000000
62.200000
-1.000000
-1.000000
-1.000000
-0.209060
0.521103
-0.529653
-0.072948
-0.635397
-0.280346
-0.486689
0.679693
0.126024
-0.463814
-0.070347
0.991483
-0.001166
1.000000
1.000000
-0.821676
1.000000
1.000000
-0.050601
-0.771646
-0.551613
0.517230
0.321193
-0.760195
0.644036
0.153764
1.000000
0.123853
0.697447
-0.623460
-0.560394
-0.933170
0.619696
0.050962
0.234599
0.847520
0.841223
-1.000000
-0.436345
-0.024434
-0.107305
-0.196410
-0.516355
0.582946
0.380880
-0.327813
0.758204
0.459031
-0.579644
1.000000
-0.360061
0.513467
0.675661
0.464747
-0.110460
0.439657
0.977067
-0.155109
1.000000
0.335409
-1.000000
1.000000
-0.048413
0.643718
0.304007
-0.027082
-1.000000
-0.196026
-0.988691
0.723137
0.799884
-0.199398
-0.053027
-0.518233
0.324917
0.556637
0.519774
-0.083607
-0.764282
-0.047440
0.578120
-1.000000
0.022122
1.000000
-0.765230
0.441918
0.615878
0.469189
-1.000000
-0.148669
0.094862
0.010638
-0.819198
-0.734979
-0.017076
-0.129745
-0.058598
-0.071707
-0.188763
0.512444
-1.000000
0.008251
0.917968
-0.456619
-0.569781
-0.036104
1.000000
1.000000
-0.071904
-0.873980
0.654273
0.626710
0.110906
1.000000
0.255704
-0.468402
-0.757431
0.399729
-0.094712
0.270903
0.750848
0.401111
-0.200926
-0.963480
0.127614
-1.000000
-0.085472
-1.000000
0.204111
-0.327122
0.895302
-0.522267
-0.561315
0.076041
0.552856
0.053701
-0.966073
-0.996872
0.501812
0.619498
0.898625
0.016691
-0.277303
-0.963680
-0.895230
0.481168
-0.213358
-0.900858
0.434269
-1.000000
0.875397
-1.000000
0.322310
0.246018
-1.000000
0.422180
-0.108000
-0.408283
-1.000000
-0.599354
-0.600459
0.351229
-0.200723
0.752516
0.655939
-0.568948
-0.245288
-0.567919
0.082831
-0.214866
-0.549004
0.232051
-0.044825
0.451745
1.000000
-0.335226
1.000000
0.120005
0.660810
-0.229275
-0.271795
0.736610
0.023228
1.000000
-0.176683
0.413733
0.300898
1.000000
-0.871265
0.651981
-0.282234
0.483494
1.000000
-1.000000
0.564476
0.449486
-0.646442
-1.000000
-0.353478
-0.084172
-1.000000
-0.068964
0.576240
0.276950
-0.385974
-0.599813
-1.000000
-0.111183
-0.361625
0.037941
-0.828108
-0.804977
0.681816
-1.000000
0.620957
0.939530
-1.000000
-1.000000
0.647515
-0.493730
-0.946534
0.357449
-0.026386
0.041140
-0.081183
-0.299289
-0.958573
1.000000
-0.639113
-0.401790
0.021246
0.158001
0.168258
0.053482
0.686624
-0.009560
-1.000000
0.765706
-0.001504
-0.137761
-0.394266
-0.479805
-0.754868
0.963050
-0.706949
-0.419624
-0.912902
0.925090
0.870330
0.442494
-0.153454
0.447562
1.000000
-0.830286
0.072136
0.658705
0.114993
0.323978
-0.324929
-0.768999
0.206911
-0.524590
0.226800
1.000000
0.834547
