-268.000000
1.000000
-1.000000
-1.000000
-1.000000
-1.000000
82.000000
-1.000000
-1.000000
-1.000000
0.673950
-0.513541
-0.975142
-0.785623
-0.955820
-1.000000
-0.242535
-0.682345
0.065197
0.203717
-1.000000
-0.497833
-0.904216
-0.681692
-0.061720
-1.000000
0.165318
-0.717461
0.531873
0.121418
-0.884853
1.000000
0.845881
-0.174888
0.928434
0.152847
-0.720100
-0.770482
0.076725
0.247159
0.782367
0.837394
0.394180
0.056985
1.000000
1.000000
0.920993
0.886022
-0.079615
-0.276388
0.728185
-0.931390
-0.692812
1.000000
-0.573869
0.535608
-0.097583
0.549331
1.000000
0.285810
-0.682830
-0.487246
0.036395
-1.000000
-1.000000
-0.828855
-0.594429
-0.196048
0.921151
-1.000000
0.630955
-0.675397
-0.309201
-0.161575
1.000000
-0.832188
0.608372
-0.991651
1.000000
0.250396
0.674188
-0.004201
-0.922417
0.470776
0.460658
-1.000000
1.000000
-1.000000
-0.159095
-1.000000
-0.652935
-0.412970
0.222656
0.883398
0.882102
0.857641
-1.000000
-0.079561
-0.689714
1.000000
0.079137
-0.210789
0.902837
0.483502
-0.799518
-1.000000
-0.525126
-0.476433
-0.731942
-0.046709
-1.000000
-1.000000
-0.218594
1.000000
-0.817134
-0.168945
0.681965
0.351374
-0.224178
1.000000
0.023781
0.891280
0.301390
0.572449
0.190960
1.000000
-0.379322
1.000000
-1.000000
-0.019243
0.951843
-1.000000
-0.447029
-1.000000
0.174847
-0.997449
-0.524515
-0.546632
-0.087822
-1.000000
0.912999
-0.005923
0.380174
-0.218757
0.209174
-1.000000
-0.924256
0.100082
-1.000000
1.000000
1.000000
-1.000000
-0.075523
-1.000000
0.708805
-1.000000
-0.839075
-0.294986
0.281898
-1.000000
0.313619
0.506303
0.381736
0.853493
-0.767544
-0.027672
-1.000000
0.158027
0.173683
-1.000000
0.874586
0.806583
-0.465707
0.564061
-0.406165
-1.000000
-0.485776
1.000000
0.825652
-0.122779
0.837837
0.623079
-1.000000
-0.972551
-0.864299
0.172215
1.000000
-0.027522
0.246026
-0.709345
-0.142856
-0.709799
0.752188
1.000000
-0.408443
0.415803
0.053540
0.097258
-0.311599
-0.671951
-1.000000
-0.819317
-0.194273
0.638522
-0.291062
0.687988
1.000000
0.104019
-0.678337
-1.000000
-0.967631
0.040433
0.487933
-1.000000
0.342068
-0.055521
-0.117439
0.769707
0.348824
-0.929821
-0.528419
-0.202700
0.833773
0.245672
-0.434612
-0.907490
0.223396
1.000000
1.000000
-0.095526
0.607890
-0.787168
1.000000
0.279472
-0.496630
-0.060769
1.000000
1.000000
-0.909075
0.349233
-0.134889
-0.065518
-0.746277
0.875900
0.245106
0.210305
0.390762
0.993544
0.507548
-0.152620
0.767125
1.000000
0.260839
0.424275
-1.000000
0.801482
-0.017546
-1.000000
-0.358877
-0.511768
0.419737
-1.000000
-1.000000
0.641209
0.128902
-1.000000
-0.007985
0.350224
-0.048478
-1.000000
-0.903723
0.178398
1.000000
-0.955583
0.748377
