-97.800000
3.000000
-1.000000
-1.000000
-1.000000
-1.000000
49.000000
-1.000000
41.800000
51.400000
-0.288407
-1.000000
-1.000000
-0.395286
0.705481
-0.265284
-0.969010
0.184605
0.243098
0.935364
0.091514
0.994980
-0.382189
-0.756221
-1.000000
1.000000
-0.011569
0.934683
-0.470098
0.999429
1.000000
0.324386
0.995192
0.091607
0.873710
-1.000000
1.000000
0.177615
0.596576
-0.089296
0.500490
-0.980455
-0.816309
0.409815
0.952752
-0.824798
0.068134
0.304767
0.009283
-0.481329
0.259905
-0.588981
-0.200231
-0.553756
-0.055361
-0.652823
0.057659
-1.000000
0.606489
0.500485
0.020521
-0.923959
0.475276
0.674604
-1.000000
1.000000
0.803547
0.767376
0.306681
0.595108
0.481341
0.798279
0.732507
0.927613
0.425113
-0.370470
-0.523955
0.004697
-0.541744
0.891888
-0.014339
-1.000000
-0.774968
0.295727
-0.251880
-0.264419
0.244668
0.988857
0.161721
-0.282576
0.983124
1.000000
0.943096
-0.044217
0.236399
-1.000000
0.984055
1.000000
-0.991757
-0.800619
-0.006598
-0.875395
0.645304
-1.000000
0.471332
-0.472390
-0.567069
0.301400
-0.960384
0.494535
-0.214214
-0.980919
0.363920
0.543908
0.549387
-1.000000
0.076720
-0.237512
0.729907
0.465175
-0.141006
-0.492069
0.520085
0.864106
0.355141
-0.063720
0.708432
1.000000
0.224697
1.000000
-0.684928
0.401605
0.187717
-1.000000
0.255395
-0.008861
0.666234
-0.025816
0.196095
-0.605941
0.947064
-0.804756
0.440252
-1.000000
-0.263631
0.036647
-1.000000
-0.068009
-0.101500
0.789876
1.000000
-0.568222
-0.314995
1.000000
0.946437
-0.436264
-0.103749
-0.555058
-0.681640
-0.249925
0.780194
1.000000
0.006489
0.236880
0.060759
-1.000000
0.140476
0.281108
-0.092429
-0.612891
-0.752806
-0.414295
-0.007893
0.108597
-0.388232
-0.528583
0.048082
0.795486
-0.711328
0.971007
0.583775
0.011856
-1.000000
1.000000
-1.000000
-0.325100
0.013105
-0.528086
-0.218124
0.032705
-0.230808
0.378560
0.162124
0.418800
-0.333343
-0.029602
0.633292
1.000000
1.000000
-0.677906
0.524529
0.682387
0.257684
0.232516
-0.266105
-0.177781
0.507913
0.729805
0.343562
-0.483730
-0.492395
0.147207
0.349916
0.403254
-0.199481
0.598626
-0.201486
1.000000
-1.000000
1.000000
0.829971
-0.637890
-0.070146
0.823880
-1.000000
-1.000000
-0.592989
1.000000
0.597452
1.000000
1.000000
0.258427
-0.156297
0.240460
0.185464
-0.618088
-0.326097
0.498499
0.072905
0.662408
1.000000
0.922662
0.233247
-1.000000
0.946297
-0.455055
0.665472
-0.666739
0.099379
-1.000000
0.597812
0.204320
-0.741315
-0.708193
0.614212
-0.408593
0.615280
0.084970
0.275144
-0.178048
-0.621051
0.826075
1.000000
0.524605
0.511774
0.225020
0.012528
0.578664
0.352907
0.147983
0.101475
0.556058
-0.107137
-0.475564
0.507710
