54.600000
5.000000
-1.000000
70.000000
52.000000
0.400000
67.000000
-1.000000
-1.000000
65.200000
1.000000
0.777702
-0.628224
1.000000
-0.592428
-0.941687
-1.000000
-1.000000
-0.131500
0.477022
0.605368
-1.000000
-0.583471
-0.015469
-1.000000
0.573004
1.000000
0.175860
-0.228120
0.510053
-1.000000
1.000000
-0.615140
0.827360
0.659264
-0.299059
0.181408
-0.756538
-0.197049
-0.988368
0.563818
0.764157
-0.024273
0.928197
-0.930470
-0.699211
-0.203632
-0.740490
0.604536
-0.027353
0.879364
1.000000
1.000000
-0.243496
-0.675982
0.624652
-0.363610
0.331117
0.317336
-0.549673
-0.090695
0.550169
-0.713702
-0.439245
-0.869448
-0.197810
0.393722
0.920489
-0.770870
-0.155391
-0.390845
0.009631
0.137663
-0.163767
0.304907
0.116101
-0.129785
0.854631
-1.000000
0.065905
-0.925781
-0.511277
0.998148
-1.000000
-0.335105
0.293343
-0.379673
0.180180
0.544938
-1.000000
-0.664789
0.630916
-0.120494
0.841417
0.742927
0.025130
0.026318
0.241923
1.000000
1.000000
0.426563
0.918732
0.892902
0.099412
0.066308
-1.000000
-0.413632
-0.517382
-1.000000
-0.119381
0.963735
-1.000000
-0.880411
0.582999
1.000000
0.970784
0.081364
0.652445
-1.000000
-0.279777
-0.792701
-0.372739
-0.810841
-0.936501
-0.034799
-0.740747
0.236089
0.017209
0.262836
-0.395640
-0.370710
0.395726
-1.000000
-0.003937
0.651191
-0.900936
-0.438979
-0.557752
-0.378438
0.233966
-0.425523
-0.264786
0.003460
-0.882547
-0.439662
0.000123
1.000000
0.062805
0.424510
0.721404
-1.000000
0.584916
1.000000
1.000000
-0.236496
-0.129297
0.379800
-0.788532
0.677410
-0.411334
1.000000
0.086963
0.476530
-1.000000
0.211734
0.603413
0.355375
-0.878262
-0.177095
0.301802
-0.172547
-0.057514
-0.138227
-0.298163
-0.599241
0.952298
1.000000
-0.125383
1.000000
-0.632461
-0.494288
-0.545366
-0.027829
-1.000000
-0.290334
0.159775
0.813668
-0.569132
0.875395
1.000000
0.853029
0.202028
-0.422979
0.565844
-0.598026
-1.000000
-0.342173
0.602599
-0.798040
0.061821
-0.424463
-0.411198
-0.232292
0.147442
-1.000000
-0.588720
-0.543262
-0.566668
-0.716207
-0.732137
-0.806924
0.637184
1.000000
1.000000
-1.000000
-0.455152
-0.021705
0.971164
0.232608
0.636871
0.032505
-0.575056
0.363459
0.895209
1.000000
0.625360
0.135976
0.096301
0.248633
-0.495974
-0.893813
-0.001628
-0.270784
0.375369
0.338758
1.000000
0.956735
1.000000
0.694879
-0.089413
-0.680743
-0.262110
1.000000
0.067409
0.171733
-0.943392
0.161424
0.062405
0.996035
0.729510
0.940051
-0.734277
1.000000
0.173314
0.819742
0.485824
1.000000
-0.299369
-0.556567
-0.706102
0.285019
0.346010
0.688376
1.000000
-1.000000
-1.000000
-0.712287
-0.532500
-1.000000
-0.873340
-0.001544
-0.464374
-0.884079
0.654361
-0.687522
