-116.600000
4.000000
-1.000000
38.000000
8.000000
-1.000000
62.200000
-1.000000
-1.000000
5.200000
0.636559
0.924717
0.847490
0.499546
-0.811258
0.010018
0.838945
-0.716964
0.049386
-0.019942
0.371221
-0.834804
-0.639042
-0.718432
0.340426
-0.810506
0.392485
-0.321145
-0.397301
0.756494
0.893664
0.825008
0.952744
-0.062207
-0.419848
0.634366
-0.751720
0.215570
0.737617
0.070151
-0.723843
-0.750470
0.480366
-0.871166
-0.021880
0.671472
0.103642
-0.690596
0.887132
0.011498
0.202277
-0.222479
0.716824
-0.046649
-0.891123
0.560114
0.287599
0.057682
0.321866
-0.615349
-0.410007
0.866500
0.586709
-0.963495
0.212544
0.847567
0.395792
0.455099
0.554764
-0.691477
-0.179953
-0.038755
0.861790
-0.929623
0.118058
0.776732
-0.084331
-0.875912
0.037409
-0.910238
0.285026
-0.663447
0.267768
-0.685408
0.899289
-0.274638
-0.196660
1.000000
0.215965
0.422307
-0.348166
0.608042
0.419286
0.047754
-0.171880
0.653173
-0.928015
-0.571966
0.931472
-0.408037
0.160243
0.379160
-0.673353
0.751535
0.306085
-0.765218
0.206888
0.391446
0.368906
0.533656
0.581679
0.584824
-0.219964
0.378129
-0.048147
-0.958395
0.553378
-0.664929
-0.330546
-0.952085
0.937993
-0.198046
0.552169
0.572480
0.413122
0.028655
1.000000
-0.271557
-0.747712
0.464353
0.188990
-0.573845
-0.058914
0.517753
0.026939
-0.847962
0.150314
0.056692
-0.548524
0.192950
-0.974402
-0.903938
-0.682739
-0.032846
-0.215339
0.114056
-0.035363
0.366694
0.381045
-0.636023
1.000000
0.402825
0.608278
0.165260
0.078034
0.839259
-1.000000
0.632322
-0.365436
0.047909
-0.691428
0.176622
-0.577457
-0.911265
0.922793
-0.359697
-0.449740
-0.117574
0.100245
0.297738
0.912034
-0.367710
0.571452
0.030602
0.900599
0.782562
0.521829
-0.238879
-0.094536
0.490816
0.790511
0.396025
-0.630922
-0.014585
-0.509557
0.076872
-0.693432
-0.980179
0.566465
-0.584307
0.497957
0.066350
-0.993815
-1.000000
0.161694
-0.170471
0.197256
1.000000
0.061694
0.381711
0.196265
0.834299
0.154893
-0.929565
-0.256448
0.165386
-0.328025
0.288059
0.471832
-0.182295
-0.962926
0.089903
0.348803
0.313831
-0.231246
0.596434
0.857082
0.457855
0.334730
0.134636
0.315048
0.969613
0.109970
-0.097289
0.669119
-0.957517
-0.680112
-0.430330
0.107924
1.000000
-0.571489
-0.374861
-0.035759
0.909113
0.665330
0.327489
0.897110
0.537145
0.457611
0.965489
0.094334
0.669925
-0.859577
-0.096067
-0.817281
0.538956
-0.876001
0.634508
-0.516054
-0.276957
-0.684927
-0.680137
0.395904
0.571482
0.993631
0.257764
-0.581331
0.841485
0.359581
-0.345353
0.020269
-1.000000
-0.262469
0.879407
0.410148
-0.410475
0.705267
-0.055320
0.152089
0.639982
-0.310992
0.385290
0.421842
0.990309
0.948332
