-0.280095
-0.842174
-0.476258
0.786635
-0.070222
-0.593950
-0.659082
0.537589
-0.249463
-0.645598
0.744545
-0.286666
1.000000
-0.527006
-1.000000
-1.000000
0.417239
1.000000
-0.581082
-0.832983
0.119586
0.778972
0.760073
1.000000
0.701971
-1.000000
-0.135092
-1.000000
0.828208
1.000000
-0.214036
-0.932740
-0.398544
-0.156165
0.334561
-0.492513
-0.357149
0.806927
0.353739
0.208342
0.134121
-0.670195
-1.000000
-0.459806
-1.000000
1.000000
-0.812850
-0.320573
-0.238506
0.315754
0.139718
-0.942648
0.569285
0.694859
-0.812228
0.079232
0.070031
-1.000000
-0.603409
0.695357
-0.719130
-0.751716
0.994579
-0.005874
0.590049
1.000000
-1.000000
-0.295661
0.635089
0.597753
0.105349
-0.228041
0.037028
1.000000
0.096739
-0.890327
-1.000000
-0.656714
0.218209
0.573818
0.435823
-0.944467
-0.427836
0.428211
-1.000000
-0.622691
1.000000
-1.000000
0.567511
0.663432
0.060209
0.445595
-0.788411
0.402482
0.037256
-0.716921
1.000000
1.000000
0.956079
0.141643
-1.000000
1.000000
-0.729017
0.704130
0.114974
0.840112
-0.768639
0.913736
0.569792
-0.533793
-0.533904
-0.656314
-0.073550
-0.838953
-0.968856
-0.758779
0.291764
0.461744
-1.000000
0.159750
-0.428252
-1.000000
-0.355601
-0.187698
-0.049441
0.918153
1.000000
-0.555264
-0.060371
1.000000
-0.160955
0.228407
-1.000000
0.815945
0.323360
0.128442
-1.000000
-0.361732
0.468313
0.477309
0.110597
-0.775285
1.000000
-1.000000
-1.000000
-0.722358
0.520324
-0.889550
0.563134
-0.274584
1.000000
-1.000000
-0.680027
0.529995
0.534216
0.532179
-0.739065
-0.141729
1.000000
0.179500
-0.646554
-1.000000
1.000000
0.678815
-0.035551
0.381437
0.791506
0.281488
0.240141
0.318093
-0.919733
0.741184
0.036956
-0.616309
1.000000
-1.000000
1.000000
-1.000000
-1.000000
1.000000
0.141285
-0.483230
0.392892
1.000000
-0.893444
0.310751
-1.000000
0.429028
-0.082237
-0.355870
0.266471
0.936600
-1.000000
-1.000000
-0.060040
0.680981
1.000000
-0.454561
-0.514248
-0.250012
-0.689492
1.000000
1.000000
-0.345702
-0.588496
1.000000
0.516947
0.113231
-0.202135
0.064427
-0.656659
-0.470032
0.224365
-0.232381
-0.080359
-0.509618
-0.821165
-0.150269
-0.658571
0.650059
-0.483658
0.945669
0.474395
0.425539
0.494425
0.341029
0.429167
0.138494
0.205407
-0.134840
-0.319177
0.764052
-1.000000
-0.976642
-1.000000
-0.811685
0.293363
-0.331956
-0.053240
-0.950688
-0.189279
-0.401607
0.308609
1.000000
-0.129309
-0.989341
-0.614645
-0.379926
1.000000
-0.894236
-0.415880
0.156460
0.981683
0.895441
-1.000000
0.337755
0.026638
0.952195
1.000000
-0.799387
-0.322426
-0.313087
-0.485322
0.320815
-0.420736
