0.778451
0.936896
-1.000000
0.339968
-0.502214
0.349747
0.583016
1.000000
-0.933074
-1.000000
-1.000000
0.709241
0.351924
0.377005
-0.144153
-0.867912
-0.844388
-0.977988
0.726947
-0.512261
-0.789372
-0.359442
0.842283
0.146177
0.549481
0.269962
-1.000000
0.295345
-1.000000
-1.000000
0.128911
0.146368
-1.000000
0.258699
0.571650
0.577993
-0.550684
1.000000
0.707853
-0.635133
0.419529
1.000000
-0.255666
1.000000
0.431575
1.000000
0.226594
0.812872
-0.569953
0.370109
-0.213403
-0.193118
-0.684863
-0.978471
1.000000
0.954245
0.434235
0.216887
0.316682
-0.366542
0.188402
-0.404954
-0.714437
0.908005
-0.747954
-1.000000
-1.000000
-0.244631
-0.594381
1.000000
0.994204
-1.000000
-0.259861
0.913931
0.476514
0.615648
-0.230458
-0.787255
-0.808692
-0.681014
-0.109359
0.185285
-0.947982
-1.000000
0.049766
0.492869
0.532219
1.000000
-0.998157
-1.000000
0.375841
0.308224
0.112710
-0.317025
0.416318
-1.000000
-1.000000
0.313731
1.000000
0.536143
-0.049199
0.715590
-0.858805
-0.138000
-1.000000
-0.654107
0.666499
-0.945450
1.000000
-1.000000
0.307009
0.612084
0.151998
-0.284030
-1.000000
-0.893463
0.335120
-0.009728
1.000000
-0.642798
0.836186
-0.109637
-0.138218
-0.408057
0.628751
0.744473
1.000000
0.813501
-0.044030
0.479438
0.630765
1.000000
-0.591484
1.000000
-0.326154
-0.725490
0.031350
1.000000
0.984654
1.000000
1.000000
0.215546
-0.285509
-0.327921
-0.495233
-0.167699
-1.000000
1.000000
-0.484942
1.000000
-0.088401
1.000000
-0.997736
-0.836735
-0.250675
-0.935460
-1.000000
-0.736783
0.927806
0.359250
-0.885513
-0.983302
-0.313092
1.000000
-0.697559
1.000000
0.870132
0.445246
-0.392948
0.773744
1.000000
-0.443220
-0.093924
-0.746564
-0.277750
-0.026259
-0.212581
-0.569478
-1.000000
0.844787
-0.387651
1.000000
1.000000
-0.823170
1.000000
-1.000000
-0.870673
-0.196789
0.760012
-0.592224
0.894050
1.000000
0.050108
-0.109692
-0.387681
0.203676
-1.000000
0.022071
-0.254457
-0.230530
0.935562
0.647206
1.000000
0.719307
-0.724831
-1.000000
0.083305
1.000000
-1.000000
-0.299607
-0.116143
-1.000000
0.721522
1.000000
-0.685110
0.807226
1.000000
0.930547
-0.313744
0.218290
-0.130797
0.406229
-0.937396
0.378442
-0.658914
1.000000
-0.186362
1.000000
0.039610
-1.000000
0.281440
0.067422
-0.868786
0.245050
-1.000000
-0.324714
-0.162502
0.276913
0.311864
-1.000000
0.959881
0.812419
0.058596
-0.062979
1.000000
0.293861
-0.102797
0.709743
-0.221325
-1.000000
-1.000000
1.000000
1.000000
0.987306
0.573765
-0.442342
-0.981551
0.082489
-1.000000
-0.277959
0.430685
-0.067636
0.642506
0.189843
0.449000
