-115.200000
3.000000
-1.000000
70.000000
-1.000000
-1.000000
-1.000000
-1.000000
47.800000
37.000000
0.076270
0.026473
-0.837429
-0.119219
-0.400023
-0.857371
-0.059577
-0.504637
-1.000000
0.632479
-0.875982
-0.757721
0.134509
0.640996
-0.330709
-1.000000
-0.449523
-1.000000
-1.000000
0.479333
-1.000000
-1.000000
-0.097463
0.999637
-1.000000
0.509004
1.000000
-1.000000
0.747047
-0.191775
-1.000000
0.715293
0.260021
-0.129229
1.000000
-0.297596
-0.015795
-0.849714
1.000000
0.462190
0.771584
0.304029
-0.699920
-0.236118
-0.724398
-1.000000
0.421977
-0.237099
0.505089
0.194315
-0.486585
-1.000000
0.722765
0.681272
0.365333
1.000000
0.753942
-0.888382
0.374793
0.347514
1.000000
0.727034
-0.175786
-0.212940
-0.658635
-0.527765
0.608113
1.000000
0.129205
-1.000000
0.555077
0.482053
-0.088137
0.278883
0.140303
0.564144
-0.284528
-0.281428
-0.981346
0.920551
0.593928
1.000000
-1.000000
-0.668407
0.852045
0.894376
1.000000
0.622762
-0.007293
0.441398
-0.833038
0.604708
0.204802
-1.000000
-0.318302
0.017422
1.000000
0.928276
0.324733
0.065672
-0.152841
-1.000000
0.702176
0.577005
-0.340778
1.000000
0.658231
0.099595
-0.164407
-0.220761
-0.080072
-1.000000
-0.819897
0.943845
0.302751
-0.253108
1.000000
0.251772
0.483102
1.000000
0.070432
1.000000
-0.520573
-0.973023
-0.903235
-1.000000
-0.599982
-0.331099
0.415798
-1.000000
-0.010074
-0.566825
0.355827
-1.000000
-0.800223
-0.563645
0.268478
-0.627973
-0.532394
-0.420379
-0.198871
0.343587
-0.162939
-0.581384
-0.094433
0.030036
-0.302859
-0.085407
0.513240
0.277422
-0.777607
0.217179
-0.005812
1.000000
0.186677
0.262299
1.000000
-0.358304
-0.819575
0.150039
0.973227
0.266583
-0.652743
-1.000000
0.237927
0.711243
0.890485
-0.391036
0.562440
-0.043188
-0.418259
-0.851290
-1.000000
-1.000000
-0.993375
0.804929
0.396173
0.505670
0.265854
0.790849
0.140961
-1.000000
-1.000000
0.667392
-1.000000
1.000000
-1.000000
0.034191
0.809716
-0.978582
-1.000000
-0.010537
-0.262070
0.592483
-0.660537
0.154929
0.095729
-0.620806
0.173796
-0.174860
-0.540243
0.512186
-0.360257
-0.182155
-1.000000
1.000000
-0.384390
-0.102038
1.000000
-0.833419
-0.462703
-0.513129
-1.000000
-0.458718
0.640508
0.919097
-1.000000
0.553228
0.076432
-1.000000
0.843865
0.497093
-0.556114
1.000000
-0.157883
-0.136135
0.400766
-0.579789
-0.684605
-0.628867
0.259304
-0.653959
-0.298038
-0.248182
-0.191419
-0.155055
-0.608564
0.227307
0.064824
-1.000000
-0.785260
-0.123941
-0.232560
0.735884
-0.237734
0.048931
0.684090
-1.000000
0.915290
0.656338
0.053700
0.485672
-0.459924
-0.223548
-1.000000
-0.928175
1.000000
0.047385
0.290612
-0.195418
0.117734
-0.473671
0.434105
1.000000
0.387939
