-255.400000
2.000000
-1.000000
70.000000
-1.000000
-1.000000
64.600000
-1.000000
-1.000000
-1.000000
-0.525400
0.673563
-1.000000
-0.131350
0.212388
0.330980
-0.032305
1.000000
-0.444614
-0.144799
0.186726
0.872050
-0.486851
-0.070058
0.101422
-1.000000
0.483737
-0.178752
-0.627711
0.672573
0.143351
-1.000000
0.619598
0.264559
0.095779
0.036419
0.790995
-0.504989
-0.082005
-0.548944
-0.061064
0.252718
0.189968
1.000000
1.000000
-0.870017
-0.485133
0.836297
0.035155
0.104412
0.658660
0.165395
0.108449
1.000000
0.417576
0.259904
-0.095484
0.015226
-0.936123
0.873424
-0.191439
0.489304
0.580239
0.476479
-1.000000
-0.194034
-0.843660
0.830915
0.711289
-0.665796
0.950651
-0.779195
0.577131
-0.822913
0.276355
0.264681
0.203365
1.000000
-0.647851
-0.987233
-0.825590
0.030775
-0.819134
-0.767007
-0.011622
-1.000000
0.191478
-0.919801
-0.268605
0.561676
0.635842
-0.075419
-1.000000
1.000000
-0.497275
0.922262
0.372391
-0.287924
0.514746
-0.580178
-0.760965
-0.261788
0.568558
-0.548599
0.191103
1.000000
-0.383231
-0.232589
-0.566502
-0.209566
0.227632
-0.147704
-1.000000
0.675838
0.810352
0.320000
0.117561
0.619993
-0.086568
-0.930031
0.050276
-0.166895
0.604481
1.000000
-0.999301
0.276422
0.411159
0.592019
-0.669344
0.264806
-1.000000
0.944318
-0.816614
0.721750
-0.116531
-0.286348
-0.140663
1.000000
0.649904
-0.977843
0.422823
-0.269744
0.502149
1.000000
-0.019638
-0.105565
-0.989113
-1.000000
-0.368648
0.642570
0.677935
-0.372338
0.656526
0.142055
0.207676
0.654293
-0.161025
0.187131
1.000000
-0.090270
0.654549
0.658927
0.792417
-1.000000
0.193055
-0.780661
1.000000
0.472134
-0.123647
-1.000000
-0.750102
0.568377
-0.611761
0.017314
0.595688
-0.183271
0.558608
0.073221
-1.000000
0.832064
-0.855522
0.160236
-0.225654
-0.075101
-0.374477
-0.643300
0.107065
0.993893
-0.904502
-0.469471
0.893030
-1.000000
1.000000
0.663304
0.547146
-0.089847
-1.000000
1.000000
-1.000000
-1.000000
0.154840
0.972930
0.661160
1.000000
-0.076834
-0.071007
-0.126464
-1.000000
0.153609
-0.284370
-1.000000
-0.299540
-0.508649
0.896152
-1.000000
-0.407042
0.682084
1.000000
0.744279
0.582323
-0.080705
-0.521013
1.000000
0.008445
1.000000
0.382063
-0.379740
-1.000000
0.463264
0.169584
1.000000
-0.495126
-0.540565
-1.000000
-0.420409
0.580644
1.000000
0.343274
1.000000
-0.359873
-1.000000
-1.000000
1.000000
0.008024
1.000000
-0.702109
0.936664
1.000000
-0.132192
-1.000000
-0.239772
-0.885702
0.403052
0.852619
0.793690
0.055056
0.487295
-0.063403
0.389353
0.593222
-0.341663
0.173070
-0.814003
-0.515343
0.035391
0.364820
0.145324
-0.726913
0.356238
-0.133929
0.335550
0.153923
0.313167
0.109698
0.419890
