-197.200000
3.000000
-1.000000
-1.000000
-1.000000
64.600000
78.400000
-1.000000
-1.000000
59.800000
-0.446428
-0.410320
-0.452914
-0.329321
-0.682963
0.101080
-0.056162
-0.141219
-0.220944
-0.335120
-0.958524
0.052188
-0.290924
0.428506
0.655980
0.446583
-0.194475
0.442846
-0.333513
0.079826
0.557027
0.270233
0.225251
-0.475051
-0.886378
-0.321597
1.000000
-0.649528
0.748791
-0.666992
-0.242073
-0.258627
0.010427
-0.307576
-0.551293
-0.416945
-0.809089
0.835122
0.025195
0.443807
-0.226920
0.414019
-0.830179
0.949728
0.985648
-0.225475
-0.285470
-0.060906
0.895754
-0.127992
0.147702
-0.547145
-0.498095
-0.160172
-0.722209
-0.903621
0.841262
-0.766176
0.885553
-0.765947
-0.217628
0.512696
-0.658139
-0.259945
-0.550691
0.398346
0.846839
0.547667
0.971324
-0.233004
0.949680
0.193847
0.452663
0.110820
0.424224
0.248328
-0.292159
1.000000
0.974026
-0.301270
-1.000000
-0.200433
0.974770
0.401300
1.000000
-0.064884
-0.891509
-0.212686
0.969199
-0.207258
0.266287
-1.000000
-0.020258
1.000000
0.653736
0.136482
0.169907
-0.342089
1.000000
0.796488
0.308629
0.394883
-0.471457
0.939271
-0.180861
-0.176234
0.364557
0.028663
-0.876839
-0.754352
0.278279
1.000000
-0.081000
-0.412377
-0.787141
0.285783
-1.000000
0.078934
-0.877729
0.859955
0.176452
0.021632
-0.713009
0.580429
0.620683
-0.177398
0.789796
0.991862
0.855058
0.779178
-0.604206
0.065999
0.623238
0.869545
0.378041
0.597019
-0.604645
-0.221109
-0.516397
-0.165604
-0.603759
-0.614173
0.337027
0.789142
0.120554
0.477626
-0.045708
0.596420
0.403309
-0.336323
-0.021329
0.893070
0.776766
-0.814566
1.000000
-0.368730
0.780583
0.492024
-0.359820
-0.115295
-0.126250
0.093431
0.885405
-0.273515
-0.534040
0.815158
-0.619595
0.435241
0.355458
-0.578523
-0.311300
-0.228043
0.658703
-0.353367
0.431036
-0.280116
0.633616
-0.524789
-0.390460
0.276325
-0.070114
-0.558602
0.956059
-0.430697
-0.135455
-0.584128
0.501403
-0.797556
0.283311
0.597281
-0.864955
0.241988
-0.745594
-0.958327
-0.490795
-0.341113
-0.511226
0.092260
0.122829
0.217738
0.917997
-0.448843
0.830996
-0.297886
0.363782
0.278947
-0.777105
0.137500
0.258344
-0.583816
0.918357
0.999530
0.741184
-0.352646
-0.492336
0.723244
-0.626049
0.501981
-0.010092
0.669282
0.037591
0.975243
0.401671
0.200410
-0.331770
0.290668
0.499436
0.570286
0.086049
-0.045858
-0.657052
-1.000000
0.728009
0.987955
0.889925
-0.479626
0.512713
-0.109864
0.724351
-0.547288
-0.464227
-0.765382
-0.519319
0.570622
0.183860
-0.980674
-0.623223
-1.000000
0.032687
0.349716
-0.041249
0.096828
-0.631734
0.250317
-1.000000
-0.222113
0.888468
-0.494335
0.227462
0.272910
0.829426
-0.276425
0.997018
0.398579
0.803232
