0.426321
-1.000000
-0.208021
-0.312408
-0.902905
-0.575551
0.934234
0.237354
0.819146
0.475996
-1.000000
-0.194481
-0.440932
-0.306850
0.743095
-0.092630
0.317651
-0.260617
-0.398699
-0.430378
-0.852333
0.096556
-1.000000
-0.234809
0.830463
-1.000000
0.063103
1.000000
-0.549602
1.000000
-1.000000
-0.036899
-1.000000
-0.213054
-0.517228
-1.000000
0.204613
-0.107958
1.000000
-0.397854
-0.796208
1.000000
1.000000
-0.410063
1.000000
0.507556
1.000000
-0.471395
-1.000000
0.066974
-1.000000
0.535418
0.509828
0.318608
0.350935
1.000000
-0.762477
0.444398
-0.043731
-1.000000
-0.379757
1.000000
-0.361269
-0.642609
-0.969628
1.000000
0.598248
1.000000
0.164326
-1.000000
1.000000
0.999059
-0.058415
-0.610955
-0.432051
-0.860463
0.527947
0.811329
-0.317499
-0.399824
-0.336238
-0.542535
-0.359921
0.571944
-0.291599
1.000000
-0.152782
1.000000
0.276907
-0.536563
0.157504
1.000000
0.276870
0.037973
0.741094
-0.053799
0.258388
0.637149
-0.978494
-0.674212
-0.792648
0.620700
-0.292656
-0.660723
-0.083095
-0.137120
-1.000000
0.395225
-0.605084
0.875388
-0.639771
-1.000000
0.345728
0.020024
-0.038670
-0.251498
-1.000000
-0.021241
-0.711296
-0.087202
-0.178844
0.807657
1.000000
-0.353049
-0.601057
-1.000000
-0.417645
-0.983970
0.013543
0.223337
-0.841950
-0.128193
0.669495
0.898193
-0.472601
-1.000000
-0.074978
-0.747733
-0.510049
1.000000
-0.192816
0.708891
-0.500885
-0.256488
-1.000000
-0.246318
1.000000
0.397015
-0.098382
-0.223619
-0.724013
-0.434290
-0.916810
-0.346303
0.174139
0.149860
-1.000000
0.551182
0.756238
0.299576
0.441430
-0.841668
0.641879
0.194580
-0.337285
0.954719
-0.572080
-0.229935
-0.184781
-1.000000
-0.979289
-0.389459
-1.000000
-0.491678
-0.034218
-0.904907
-0.273984
-0.531065
0.495361
0.735284
0.180682
0.886987
0.987675
0.629976
-0.089015
1.000000
-0.068136
-0.935290
-1.000000
0.343619
-0.825711
1.000000
-0.673734
0.784832
0.936793
-0.700384
0.804537
0.064329
-1.000000
0.727655
-0.480098
-0.994278
-1.000000
0.611925
-0.305222
0.024678
-0.489119
-1.000000
-0.385336
1.000000
0.608116
-0.310317
0.848566
0.782545
0.752440
0.807287
-0.241948
0.142908
1.000000
1.000000
-0.608779
0.072862
0.793713
-0.305330
0.714136
-1.000000
-0.590580
0.494879
0.028511
-0.564598
0.737719
-0.462096
0.449731
0.663678
-0.717455
-0.433638
1.000000
-0.984587
0.922908
0.618469
0.594048
0.739870
-1.000000
1.000000
-0.312134
-0.060306
0.634729
0.275558
-1.000000
0.331299
-0.092379
-0.320608
-0.151168
1.000000
0.364647
-0.200697
0.350946
-0.977065
0.217105
-0.109888
0.735076
-0.021997
0.287077
-0.259229
-0.451766
