-0.455780
0.086245
-1.000000
-1.000000
-0.063972
0.218406
-0.230063
-1.000000
0.144000
0.825218
-0.872666
-1.000000
0.454424
0.067404
-0.590578
1.000000
-0.912563
-0.465899
0.464643
0.843126
-1.000000
-1.000000
-1.000000
1.000000
0.466470
-0.124784
0.031993
-0.716983
1.000000
0.099064
-0.516820
-0.050359
-0.451517
0.433171
-1.000000
0.573067
0.067775
0.929061
-0.047942
1.000000
-0.507418
0.493334
-0.902332
1.000000
-0.857491
-0.954410
-0.533122
1.000000
0.609158
0.960794
0.640419
-0.435046
0.871965
-0.174849
-0.199981
1.000000
0.761767
-0.587839
0.028503
-1.000000
0.175515
-0.230049
-0.347125
-0.767430
0.295550
0.565856
0.146497
0.573852
0.346367
-0.760916
-1.000000
-1.000000
0.830537
-0.305050
-0.943723
-1.000000
-0.596416
0.144990
0.546635
-1.000000
-0.418736
-0.796279
-1.000000
0.665179
1.000000
-0.836679
-0.610287
-0.494234
0.806283
-0.642194
0.994004
0.869124
1.000000
0.450641
-1.000000
-0.117529
0.130684
0.233713
0.876195
-1.000000
0.974959
-0.159148
0.092174
-0.888699
0.012771
-0.565960
0.908015
1.000000
0.207749
1.000000
0.948636
-0.714541
-0.344881
0.919812
1.000000
1.000000
1.000000
0.531528
0.482214
-0.703480
0.657700
0.913496
-0.987327
-0.882168
-0.690572
0.348458
0.993991
0.111352
-0.298373
0.586235
-0.668231
-1.000000
-0.132837
0.322896
-1.000000
1.000000
1.000000
0.275114
0.023446
0.497569
1.000000
0.756300
-0.708078
0.084651
0.825812
1.000000
0.078659
-0.677869
1.000000
1.000000
0.382921
0.470277
0.848598
-0.532443
0.394783
0.861856
-1.000000
-0.039730
1.000000
-0.503739
0.287748
-0.169425
0.215203
-0.294367
-0.481658
0.196312
-1.000000
1.000000
-0.406596
0.573149
0.816863
-0.259011
-1.000000
1.000000
1.000000
0.713408
-0.706826
-1.000000
-0.322840
0.364605
-0.367222
0.879352
0.547391
0.133301
-1.000000
0.260847
-1.000000
1.000000
0.840380
0.098016
0.693320
-0.567798
-0.771534
0.763374
-1.000000
0.101597
0.227653
0.634352
1.000000
-0.709289
0.757650
-0.649175
-1.000000
0.526326
-0.964004
-1.000000
1.000000
0.154814
0.608116
0.195871
0.471228
-0.233976
-0.799695
0.837807
-0.229912
0.263726
0.193861
0.566246
-0.215182
0.435964
-1.000000
0.916723
-0.214513
-0.307226
0.070769
-0.019045
-0.135962
-0.973644
0.245488
1.000000
-1.000000
0.499546
1.000000
0.690706
0.505364
0.115833
0.268022
1.000000
-1.000000
0.918418
-1.000000
-0.575433
0.470849
-0.136757
-1.000000
0.903264
-0.516003
0.812708
0.040103
-0.055949
-0.694162
0.932831
1.000000
0.572095
0.469227
0.416015
-0.649873
0.832134
-0.362078
0.941734
-0.917119
-0.655248
0.867871
-0.256448
-0.441666
