0.078754
-0.294736
0.385865
1.000000
0.251918
-0.410250
0.266776
-0.918671
0.673766
-0.775652
0.490562
0.474910
0.452180
-0.510488
0.653442
0.346929
-1.000000
0.369390
0.045046
-1.000000
0.086424
-0.616435
0.979477
-0.497769
-0.548345
-0.175914
-0.124317
0.547785
-0.104421
0.390982
0.406855
0.275625
0.454711
-0.775411
-0.768573
0.407605
-0.351149
-0.764694
0.225203
-0.054348
0.562160
-0.175855
-1.000000
-0.210887
0.244548
-0.468762
-0.205327
0.856230
-0.177506
0.016400
-0.110150
-0.527214
0.746690
0.916790
-0.638780
-1.000000
-0.852746
-0.562819
-0.444640
-0.917014
-0.665762
0.032528
-0.849203
-0.526213
-1.000000
-0.802154
-0.363262
-0.089888
-0.284600
-0.836626
0.299031
0.483759
-0.092844
1.000000
0.621746
-0.086859
-0.578466
0.437414
-0.735243
-0.569690
-0.149811
-0.872191
-0.339649
0.090833
0.473066
-0.038806
0.987758
-0.074675
0.108770
-0.713204
-0.516173
0.838754
0.577616
-0.149036
0.750682
-1.000000
0.360398
-0.190014
-0.652186
-0.814555
0.806328
0.548555
-0.516737
1.000000
-1.000000
0.447752
0.570545
0.574287
0.052572
-0.384417
0.558825
-0.332703
0.299192
0.260745
-0.691606
0.931189
-0.198870
0.473626
0.192510
-0.616329
0.739190
-0.990166
0.411797
-0.806869
0.185151
0.295847
-0.525012
-0.776002
0.763437
0.024151
0.522223
-0.691297
0.872218
0.569090
-0.460933
-0.725494
-0.005398
0.386447
-0.351907
-0.469833
-0.855244
0.583345
0.278468
0.061528
0.876213
0.863060
0.415668
0.293802
-0.054266
0.353227
0.669221
-0.909289
-0.103811
0.466077
0.426927
0.870784
0.922961
0.167581
0.644186
-0.264796
0.133281
-0.539280
0.415477
0.731544
0.568985
0.922203
-0.465915
0.160148
-0.522076
1.000000
-0.309214
-0.303980
0.854227
0.728196
0.161282
-0.890974
-0.187644
0.390641
-0.487012
-0.738615
-0.249711
0.930159
-0.441333
0.087198
0.890656
-0.280626
-0.823550
-0.481002
0.325395
-0.769889
-0.638112
0.263444
0.571826
-0.919604
-0.111323
0.967582
-0.611936
0.392090
-0.378876
0.491487
0.432592
-0.074657
-0.117300
-0.887048
-0.430797
0.007779
-0.958911
0.008912
0.869333
-0.331166
-0.045305
0.494138
1.000000
0.646947
-0.702825
-0.181113
-0.642177
0.258569
0.557718
0.624728
-0.790976
-0.013617
-0.190627
-0.689340
-0.465304
-0.342075
0.177874
-0.952872
0.813462
0.886466
-0.012884
-0.254244
0.878544
0.716599
-0.639369
0.217172
-0.979245
-0.280375
-1.000000
0.801638
-0.554829
0.439801
0.799807
-0.374735
-0.102823
-0.408356
-0.854432
0.764267
-0.884777
0.199939
-0.190562
0.539432
-0.820187
-0.199274
0.606239
-0.759006
0.085376
0.843977
-0.061644
-0.362187
-0.442094
-0.697955
0.696138
-0.927579
-0.049283
