-161.000000
4.000000
-1.000000
28.000000
-1.000000
-1.000000
-1.000000
7.000000
21.400000
52.600000
-0.001718
-0.513419
1.000000
-0.876804
-0.453705
-0.303866
0.933071
-0.101260
-0.085584
0.931092
-0.655388
-0.907221
0.623385
0.124615
-0.141209
0.839202
-0.261033
0.330091
-0.120659
0.577622
-0.845107
-0.558623
0.374751
0.410515
0.468287
-0.558986
-0.972829
0.269335
-0.796137
-0.622440
0.927602
0.954476
0.575040
-0.595326
-0.521892
0.593167
0.575601
0.823507
0.197900
0.723069
0.715068
-0.723066
-0.466347
-0.200735
0.319670
0.290042
0.046924
0.574319
-0.833547
-0.388070
-0.919345
0.396072
-0.001943
0.157800
0.159467
0.621566
0.547174
-0.763485
-0.918334
-0.772081
-0.021945
0.984981
0.190696
0.440695
-0.998254
0.397927
0.532589
-0.497268
0.134990
-0.506302
-0.592866
0.103786
-0.177886
-0.407225
-0.911121
0.959854
0.537662
0.532416
-0.534882
-0.044511
0.564738
-0.159920
-0.029530
-0.260254
0.418816
-0.192778
0.524619
-0.552781
-0.305359
1.000000
-0.142450
-0.442052
-0.459446
-0.231967
-0.714422
0.645371
0.764015
0.271541
0.942987
-0.865598
0.604528
-0.854146
-0.226803
-0.829725
0.355407
-0.964133
-0.621683
0.957438
-0.466923
0.111568
-0.706806
0.605120
0.090100
0.158893
0.234065
-0.217344
-0.979798
0.120566
-0.990216
-0.920495
-0.281970
0.567929
-0.882114
0.763192
0.406015
-1.000000
-1.000000
0.342335
1.000000
-0.129728
0.887981
-0.594196
0.130306
0.923313
0.773733
-0.488098
0.761973
-0.805892
-0.972497
-0.879582
-0.881536
-0.554291
-0.640814
0.542879
-0.153773
0.909790
0.870636
-0.625405
0.308239
-0.265018
0.820421
1.000000
-0.326315
-0.018562
0.850626
-0.017752
-1.000000
-0.037473
0.227681
0.408834
0.932671
0.599560
-1.000000
-0.288119
-0.522521
-0.918216
-0.775477
0.143744
1.000000
0.503077
-0.156647
-0.947497
-0.449179
0.710832
-0.427101
1.000000
0.973598
-0.507205
-0.737383
-0.900814
-0.171716
-0.432730
0.588454
0.198624
0.823036
-0.064364
-0.100407
-0.910737
0.561753
-0.403847
-0.058001
0.887316
-0.142357
-0.468419
-0.484129
-0.280661
0.814140
-0.182807
0.331387
-0.126903
0.332271
0.978588
0.072754
0.202737
-0.475483
0.192849
0.534764
0.356908
0.799286
0.248407
0.154909
-0.317244
0.673885
0.898453
0.189001
-0.721699
0.934087
0.907082
0.989525
-0.283916
0.314817
0.268909
0.169965
-0.188931
0.535020
0.680671
-0.516944
0.140987
0.364916
0.675108
-0.895648
0.437509
-0.138757
-0.665907
-0.335135
-0.750066
0.396189
-0.705260
0.580412
0.113126
0.102436
-0.941885
0.664766
0.415335
0.992272
0.404448
0.654524
-1.000000
-0.927813
-0.020449
-0.845302
0.176101
0.436279
-0.032504
0.763854
0.244477
0.791229
0.438660
1.000000
-0.723036
0.300800
0.971287
0.447961
0.912196
-0.870741
