-105.400000
5.000000
-1.000000
12.000000
-1.000000
-1.000000
55.000000
0.000000
19.000000
28.600000
0.417655
-0.758236
0.773532
-0.703928
-0.825275
-0.124244
0.514185
-0.975290
-0.237210
0.710982
-0.355897
0.443726
-0.558183
-0.772058
-0.909573
0.740056
0.258608
0.630915
0.503148
0.694303
-0.861184
0.271558
-0.404844
0.296354
-0.331835
-0.229363
0.496389
-0.582909
0.592343
-0.602396
-0.342666
0.315814
-0.620343
-1.000000
-0.990897
-0.356625
0.094942
-0.831911
-0.163381
0.929322
-0.526219
0.001230
-1.000000
0.717903
0.199582
-0.743537
0.320948
-1.000000
1.000000
0.455995
0.405958
0.124544
0.311010
0.997539
-1.000000
0.940517
-0.833826
-0.322942
0.376957
-0.029567
-0.773157
-0.953236
0.187940
-0.714315
-0.985743
0.752070
0.583596
-0.479926
0.102799
-0.221730
-0.622175
0.091355
0.443394
-0.334423
-0.408023
0.094555
0.490061
0.112275
0.739685
0.336462
-0.079402
0.099861
-0.708114
0.481618
0.539496
0.788089
-0.846566
-1.000000
0.630330
-0.313004
-0.156342
0.993164
0.542736
-0.664141
0.724126
0.905832
-0.108064
0.276570
-0.815485
-0.877083
-0.952186
-0.481835
0.493942
-0.774137
0.880516
0.875028
-0.873268
-1.000000
0.713014
-0.584521
-0.105529
-0.306670
0.412763
-0.729469
-0.761880
0.826868
0.206701
0.515945
1.000000
0.302114
0.859131
0.848628
-0.824538
-0.548339
-0.880649
0.043723
1.000000
-0.601133
0.997936
0.905609
0.561696
0.121305
0.327386
0.649384
0.096754
-0.040275
1.000000
0.239972
0.142724
-0.237727
0.012039
-0.639584
0.005432
-0.169759
0.230216
0.426913
0.703467
-0.142041
0.524280
-1.000000
0.597013
0.909244
-0.196536
-0.434971
0.991623
-0.564529
-1.000000
0.156620
0.492881
0.885277
-1.000000
0.337682
0.378539
-1.000000
-0.094883
-0.821616
0.839477
-0.837602
0.051112
0.358318
-0.673358
0.460451
0.644266
0.677209
0.042008
-1.000000
0.374319
-0.184155
-0.817093
-0.707851
-0.550534
-0.901467
-0.905534
0.809287
-0.262947
0.516781
-1.000000
0.450380
-0.248395
-0.513173
-0.993632
-0.889671
-0.166795
0.488896
0.339260
-1.000000
0.032261
0.615330
-0.829963
-1.000000
0.682078
0.349567
-0.948382
0.076072
0.871735
-0.728701
-0.946589
0.463936
0.737908
-0.640356
0.034808
-0.789554
0.091897
0.820450
0.975649
0.103373
-1.000000
0.309917
0.760582
-0.205697
-0.960849
0.075915
0.585586
-0.172268
0.588523
-0.073602
-0.680184
0.726361
0.665628
0.220820
-0.750799
-1.000000
0.912737
1.000000
0.323050
0.251311
0.763896
0.424347
0.349762
-0.744113
-0.067784
0.781253
0.542554
0.116156
0.807297
-0.918463
0.110133
-0.230184
-0.120949
0.906939
0.225017
-0.833197
-0.768344
0.435069
0.168388
-0.946729
0.411907
0.580566
-0.471306
0.679702
-0.261179
0.563112
-0.380299
-1.000000
-0.223841
