-79.000000
4.000000
-1.000000
50.000000
-1.000000
-1.000000
65.200000
-1.000000
10.600000
5.200000
1.000000
-0.313149
-0.428201
0.970173
-0.053401
0.197980
0.330488
-0.255918
0.565975
-0.590205
0.681856
-0.684470
-0.711197
-1.000000
-1.000000
0.383202
0.978700
0.440082
0.190173
-0.077274
0.164830
-0.073567
0.612891
-0.870689
1.000000
-0.592062
0.473426
0.327088
-0.585709
0.094504
0.510743
-1.000000
0.808488
0.538832
-1.000000
-0.035074
-0.521827
0.984451
-0.370389
-0.683122
-0.008908
0.410370
-0.130910
1.000000
0.614219
-1.000000
-0.792888
0.743535
-0.530773
0.454252
0.313457
0.382571
0.276769
-0.678894
1.000000
-0.155525
-0.957286
0.432555
0.670849
-0.680417
-1.000000
-0.595492
0.193828
-0.620193
-0.833074
0.051621
0.631880
0.301340
-1.000000
0.004204
-0.378110
-0.687878
0.133149
-0.056175
0.583656
0.819888
-0.281471
0.331416
-0.798499
0.753832
0.707642
0.605852
0.259427
0.811931
0.461990
-0.128371
0.013831
-0.971817
0.489699
1.000000
-0.802321
-1.000000
0.834378
-0.756204
-0.127357
0.167152
-0.762683
0.606683
-0.666449
1.000000
-0.192294
-0.979131
0.220801
0.065386
0.666008
-0.247370
0.839353
-0.873810
-0.827476
-1.000000
0.217192
-0.325906
0.367093
-0.783371
-0.304858
0.981725
-0.416044
-1.000000
-1.000000
0.956261
-0.092939
0.261756
0.534397
-0.017933
0.756529
0.326951
0.812198
-0.783694
0.161240
-0.975335
0.128036
1.000000
-0.777261
0.103235
0.592374
0.812964
1.000000
-0.579999
0.489318
-0.553989
0.419858
-1.000000
-0.305331
0.231468
-0.120431
0.385579
-0.467951
-0.952123
-0.676751
0.465151
0.277821
0.136365
-0.072971
1.000000
0.357223
-0.391487
-0.401810
-0.948291
0.591755
-0.818328
-0.487480
-1.000000
-0.238239
0.268702
-1.000000
-0.482699
-1.000000
-1.000000
0.071676
0.705189
0.670674
-1.000000
-0.106972
0.175356
0.000560
0.381943
0.138733
-1.000000
0.625713
0.840162
-0.606831
1.000000
-0.158748
-0.438692
-0.982456
-0.399478
0.295708
0.804099
-0.574609
0.169636
0.069560
-1.000000
1.000000
-0.612619
0.743522
-1.000000
-1.000000
-0.299000
1.000000
-0.198282
0.934360
-1.000000
0.362975
0.758739
0.163446
1.000000
0.661870
-0.396036
-0.419262
-0.074639
0.305969
0.007494
1.000000
0.797690
-0.858665
-0.487538
-1.000000
-0.467115
0.645776
0.683842
-0.809773
0.716919
-0.395929
-0.407642
-0.003982
0.062165
-0.009713
0.189791
1.000000
-0.236104
-1.000000
-0.368444
-0.365862
0.498255
0.240075
-0.297620
1.000000
-0.134642
0.982615
0.248912
0.133879
-0.029059
0.458554
0.810581
-0.079328
0.176536
1.000000
-0.613797
1.000000
0.495735
-0.202900
-1.000000
0.343305
-0.012784
1.000000
0.989668
-0.690869
1.000000
0.382606
1.000000
-0.033046
0.130662
1.000000
0.980113
0.343003
