0.430447
0.289764
-0.337907
0.393285
0.064021
0.316841
-0.208077
-0.928337
-0.418350
0.138602
0.643722
-0.198378
0.462216
0.334673
0.200666
-0.617547
0.556954
1.000000
0.319449
0.397504
-0.554194
-0.665374
0.117254
0.719017
-0.154710
-0.690385
-0.031044
0.353832
-0.095509
-1.000000
0.734796
-0.925818
0.639583
-0.916207
-0.949467
0.595939
0.323685
-0.128816
-0.495866
-0.139696
0.899453
0.215542
-0.890600
0.490911
-0.974286
-0.754079
0.299054
-1.000000
0.057323
-0.481109
0.607533
0.944121
0.326498
-0.587432
-0.265523
0.297988
-0.617458
0.114884
-0.401609
0.069619
0.180591
-0.309676
-0.383400
0.346638
0.669683
-1.000000
-0.881142
0.537526
0.311012
0.206226
-0.327893
-0.545587
-0.334420
-0.890311
0.899359
-0.437182
0.767548
0.116229
-0.449907
1.000000
0.981546
-0.468553
0.140177
-0.280300
0.203658
0.001690
-0.728936
0.415236
0.604139
-1.000000
-0.292572
-0.470379
0.607728
0.554328
-0.947423
0.430982
-0.341943
-0.375227
0.186909
0.369701
0.108340
0.712115
-0.403150
1.000000
0.350095
-0.130914
-0.423497
-0.502463
0.177551
-0.128233
0.975046
0.309586
-0.053765
0.602761
-0.632610
-0.763246
0.460501
0.956436
0.929335
-0.078089
-0.161442
0.802835
0.924670
0.305075
-0.923749
-0.396381
0.008975
-0.632990
0.564670
-0.388298
0.490864
0.965183
0.107786
-0.046100
-0.086441
0.238836
0.861724
-0.847747
-0.748632
0.208154
0.841283
0.536884
0.011045
1.000000
0.002310
-0.989323
-0.516296
0.390134
0.486361
0.319357
-0.627594
0.823647
0.480270
0.296279
0.726426
0.941342
0.151335
-0.858743
0.634485
0.336668
-0.918610
-0.379907
-0.068695
-0.473300
-0.372721
-0.955542
0.609606
-0.466259
-0.162436
-0.911284
0.312278
0.443609
-0.068455
-0.157331
0.108675
-0.555417
0.161425
0.506355
0.389423
-0.798779
0.936491
0.478140
0.546826
0.377908
-0.634721
0.037345
-0.567750
0.561339
-0.682875
0.073376
0.866762
-0.352120
0.694167
0.324229
-0.306671
-0.589205
-0.282527
0.997601
0.599146
0.861884
0.390652
-0.372743
0.653736
0.503938
-0.107591
0.905192
0.111588
-0.467627
-0.935496
0.976222
0.888063
0.568683
-0.587740
-0.968794
-0.121724
-0.879161
-1.000000
0.889966
0.469973
0.479636
-0.742807
-0.127777
-0.027312
-0.288008
0.728058
-0.628110
0.573011
-0.356467
1.000000
1.000000
-0.530202
-0.350021
-0.749255
0.876690
0.289683
0.624109
-0.465638
0.666326
0.498580
-0.538499
-0.819780
-0.503498
0.946119
-0.415800
1.000000
0.534214
0.794393
-0.207464
0.989003
-0.371044
-0.165141
1.000000
0.826572
0.927647
-0.775834
-0.879935
-0.348716
0.778078
0.029460
-0.264459
0.735296
-0.730316
0.257129
-0.035127
1.000000
