0.538655
-0.950684
-0.488057
0.473613
-0.277971
-0.676436
0.705304
-0.982588
0.961589
-0.375881
0.664328
-0.363491
-0.618822
1.000000
0.788583
-1.000000
-0.713586
-0.062653
-0.362528
-0.067880
0.371639
0.442043
0.602793
-0.107653
0.918662
0.414310
-0.797120
-0.924691
0.316669
1.000000
-0.779402
-1.000000
-0.254267
0.276722
1.000000
-0.934675
-0.961643
-0.072975
-0.572500
0.350743
0.344159
-0.023267
0.396930
-0.499037
-0.897326
1.000000
0.213779
0.241779
-0.015307
0.996959
-0.347269
0.094903
-0.636588
0.633781
0.512771
-1.000000
-1.000000
0.259646
1.000000
0.360308
0.496363
-0.504268
-0.739232
-0.590190
0.064518
-0.568417
-0.337828
0.511285
-0.004671
-1.000000
0.124355
0.488950
0.231078
-0.189735
0.006716
-0.599389
0.368622
-0.103903
0.979925
-0.837782
-0.917040
0.374375
0.479641
-0.969148
-1.000000
-1.000000
0.882145
0.489575
0.779229
-0.284567
-0.304755
0.216786
-0.267210
-0.976311
0.240646
0.881724
1.000000
-0.514448
0.603556
-0.094654
0.536143
-0.379458
0.546459
1.000000
0.593535
-1.000000
-0.179890
-0.340041
0.987615
-0.160176
0.735791
0.394100
0.060981
0.105370
-0.486844
0.508477
-0.515176
-0.863724
0.949782
0.214226
1.000000
0.741067
0.962752
-0.672000
-0.438835
-1.000000
0.089726
-0.248419
0.213727
-0.133643
1.000000
-0.850597
-1.000000
-0.348546
0.165347
-0.968336
-1.000000
-0.309853
0.128418
-0.822223
-0.054723
0.937980
0.475673
-0.156909
-0.346727
0.270164
-0.256420
0.381490
0.323304
-0.807639
-1.000000
1.000000
-0.006134
-0.592115
-0.610616
1.000000
-0.090499
0.659648
-0.105732
-0.053984
0.162082
0.018454
0.068966
0.071708
0.456487
1.000000
0.462030
0.548760
0.768033
0.284871
0.769148
0.075200
0.557253
0.423301
0.175998
-1.000000
0.076662
-0.948737
-1.000000
-0.417154
0.407961
-0.778679
1.000000
-0.538339
0.631622
-0.922694
0.632694
0.406102
-0.850283
-0.395087
1.000000
-0.038046
0.869250
0.236160
0.268343
-0.326754
0.256034
1.000000
1.000000
0.949495
0.679770
0.716613
-0.084784
-0.284214
0.178152
0.250150
0.135609
-0.882404
1.000000
-0.020586
-0.821870
0.360650
0.276024
-0.052309
-0.570301
0.151445
0.343719
0.413007
-0.104189
0.600188
-1.000000
-0.874268
1.000000
0.591042
0.731442
0.619041
1.000000
-0.698356
1.000000
-0.589372
0.370337
-0.632268
0.364415
-0.890853
0.342710
-0.178956
0.022687
-1.000000
-0.591622
0.337872
0.278184
-0.440702
0.375023
-0.122114
0.977170
0.412941
0.547566
0.085857
-0.016023
-0.519447
0.593267
-0.763787
0.533590
-0.525463
0.269409
0.885391
-1.000000
0.657462
0.538964
-0.077041
0.073098
-0.187944
-0.165579
0.229662
0.253128
