-0.487788
-0.273018
0.591574
-0.036334
-0.243930
0.984062
0.130459
0.166484
-0.456113
-0.001737
0.827337
0.169072
1.000000
0.535555
0.701845
-0.377419
-0.520459
-0.048162
0.425028
0.219365
-0.291782
0.052493
-0.563108
-0.049745
0.207827
0.715498
-0.295021
0.613485
-0.208473
0.642027
-0.018228
0.056723
-0.419996
-0.236484
0.501652
-0.696270
-0.028149
0.562125
0.128381
0.321261
-0.987317
-0.293343
0.851068
-0.933346
-0.893904
0.058007
-0.366412
0.158174
0.214998
0.543054
0.028126
-0.890786
-0.216150
0.850734
0.546180
-0.505099
-0.428217
0.709868
0.846841
-0.728050
-0.429514
-0.755348
0.859226
0.376584
0.155998
-0.766847
-0.277449
0.030393
-0.417411
-0.032012
-0.294302
-0.972647
0.146461
-0.181955
0.595685
-0.938079
-0.355678
0.175382
0.891650
-0.434393
-0.202481
0.361683
0.163310
-0.636312
0.924196
-0.064649
-0.080952
0.197700
0.226963
-0.765946
0.867687
-0.460716
-0.820554
0.410331
-0.172255
-0.378637
0.277747
0.383484
0.147713
0.067543
-0.430362
0.688851
-0.580160
-0.217514
-0.584305
0.271876
0.243652
0.978032
-0.978958
-0.725107
-0.845072
-0.516343
0.519064
0.831519
-0.068153
0.786252
0.338302
-0.473110
0.293365
-0.991410
-0.710910
-0.125738
-0.353648
-0.234057
-0.570651
-0.148039
0.653582
-0.487626
-0.640300
-0.939660
-0.576961
-0.372408
0.793115
-0.943483
0.635241
1.000000
-0.908977
0.441265
0.652517
0.596214
0.684515
0.959970
0.197405
-0.813109
-0.202695
0.663193
0.681640
0.145540
0.568123
-0.847204
-0.030798
1.000000
-0.227475
0.890294
-0.564778
-0.096901
-0.206510
0.895658
-0.119599
0.070945
0.970629
-0.193497
-0.623129
0.732583
-0.574537
-0.338858
0.430252
0.587834
-0.848204
0.680259
-0.923229
0.374840
-0.002985
-0.340681
0.583839
0.130556
0.658482
0.188642
-0.670063
-0.837222
-0.760338
0.564646
0.930797
-0.581447
-0.610571
0.665815
0.367816
-0.813741
-0.300913
-0.082247
0.939051
0.962918
0.533304
0.097193
-0.785030
-0.409710
-0.883349
0.190527
0.194384
-0.825608
-0.279045
0.451178
-1.000000
0.611945
0.675991
0.028841
-0.353583
-0.078959
-0.550412
0.096161
-0.943829
0.437082
0.592810
1.000000
-0.235126
-0.393251
-0.162341
-0.641752
-0.209253
-0.864748
-0.501263
-0.191050
0.821355
-0.623202
-0.516972
0.401820
0.368394
-0.664367
-0.564312
0.776183
-0.805657
-0.772353
-0.638344
-0.509547
-0.600443
-0.011193
-0.453765
-0.280149
0.526087
-0.951684
-0.465794
0.034920
-0.321110
0.727346
0.341820
-0.534752
-0.227298
-0.129711
-0.012690
0.348529
0.740012
0.008156
0.377974
0.511271
0.454515
0.008075
-0.683523
-0.967431
0.097756
-0.475259
0.850645
0.281545
0.957270
0.029400
-1.000000
