0.721854
0.298147
0.731888
1.000000
1.000000
0.756279
-0.196831
-1.000000
0.796100
-0.642829
0.688729
-0.105830
-0.385241
0.012671
-0.835989
0.438052
1.000000
-0.341581
-0.957724
0.892040
-0.078157
-1.000000
0.437690
1.000000
-0.338233
-0.991633
-0.670075
0.361603
-0.323196
-0.898135
-1.000000
0.542632
0.037126
1.000000
-0.567187
-0.997885
-0.602123
-1.000000
-1.000000
0.798448
0.666960
-0.030028
-0.467159
-0.270026
0.943032
-0.130518
0.083130
-0.316266
-1.000000
0.255717
-0.522663
0.139205
-0.538636
0.158453
-0.480346
-0.846190
-0.653404
-0.017075
-0.072603
0.266461
-0.346463
0.809664
-0.060537
-0.457898
0.700289
0.406243
-0.363444
0.796317
-0.724488
0.193931
-0.728163
-0.856450
-0.744521
-0.433527
-1.000000
0.034143
0.183573
0.878577
1.000000
0.695095
0.222825
0.239841
-1.000000
-1.000000
0.077053
-0.355253
0.675654
-0.800243
1.000000
-0.789351
-0.912122
0.608411
-0.990022
-0.450572
-0.544446
0.901628
0.632059
0.151342
-0.594912
-0.790403
-1.000000
1.000000
-0.403344
1.000000
-0.061301
0.336466
1.000000
0.960599
-0.825114
0.884960
-0.561928
1.000000
-0.835632
0.448003
0.016672
-0.106014
-1.000000
-0.237782
-0.404730
0.040573
0.962668
0.175687
-0.284331
0.277415
1.000000
0.104401
-0.484894
0.895884
-0.119592
-0.964761
1.000000
1.000000
-1.000000
-0.981259
-0.881168
0.966413
-0.180944
1.000000
-0.890422
0.618592
-0.541218
-0.057368
0.145045
0.192374
1.000000
0.509906
0.317158
-1.000000
-1.000000
-0.361220
-1.000000
-0.435700
0.899237
0.675288
-1.000000
0.970834
-0.383838
-0.678525
1.000000
-0.051602
-0.582882
0.598640
0.824002
0.820287
-1.000000
-0.109426
-0.411964
-0.112741
-1.000000
-0.071065
0.256284
-1.000000
-0.583969
0.006689
1.000000
0.319174
0.063001
0.206135
0.754806
0.221427
-1.000000
0.592859
0.932260
-0.326633
0.511653
1.000000
-0.164831
-0.791978
0.783183
0.561402
1.000000
0.159191
-0.930242
-0.554460
-0.682823
0.838475
0.617248
-0.340802
0.065271
1.000000
-0.687029
-0.404923
-0.634793
-0.019078
0.050894
-0.913744
-0.020928
0.207830
1.000000
0.043771
-0.570251
-0.669331
0.161304
1.000000
0.096924
-0.215375
0.731315
0.668713
-1.000000
-1.000000
-0.347885
0.508164
0.669054
1.000000
0.470136
-1.000000
-0.274518
0.065997
0.842729
-1.000000
0.306256
0.589114
1.000000
0.295124
-0.304014
-0.424148
0.325430
-0.460212
1.000000
0.085546
0.610700
-0.923865
1.000000
-0.613564
-0.670244
-0.473049
-0.767219
0.102886
-0.051570
-0.239265
-0.819740
-1.000000
1.000000
-0.890338
-1.000000
0.526441
0.676144
-0.349166
-0.951826
0.618421
-0.175136
0.385160
-0.102558
1.000000
0.817735
