-1.000000
-0.947583
0.472649
-0.029002
0.308111
0.000730
-0.596915
0.153076
-1.000000
0.236669
-0.966351
0.109754
0.543938
-0.157319
0.019773
0.500697
-0.413562
0.135487
0.357362
-0.731369
-0.983204
-0.070527
-0.675502
0.614687
0.077171
-0.035915
-0.580766
0.070763
-0.169743
-0.052739
0.392628
0.828289
0.510456
-1.000000
-0.116554
0.415506
-0.944639
-0.343296
-0.740050
0.352742
0.038693
-0.026023
0.438746
-1.000000
-0.575829
-0.983525
0.328438
-0.291814
0.482939
0.442134
0.861682
-0.880217
-0.240444
0.064304
-1.000000
0.877552
0.437665
-0.178999
0.694877
0.754685
-0.104612
0.919994
0.628465
0.000097
0.234455
-0.324049
-0.697247
0.358944
-0.462413
-0.985753
-0.509243
-0.977692
-0.492137
-0.268271
-0.726004
-0.770848
-0.649414
0.138178
0.041996
0.723672
0.752702
0.875059
-0.561451
-0.768502
0.221243
-0.282739
0.288664
0.381074
-0.220351
0.708693
0.906906
-0.467555
-0.377162
-0.806555
0.563961
0.603520
0.743906
-0.432555
0.830250
0.628037
1.000000
1.000000
0.488703
0.284049
0.723026
-0.485474
-0.613812
-0.475513
-0.731253
-0.175910
-0.413112
-0.699361
0.008243
0.315676
0.596688
0.815636
-0.720662
-0.777656
-1.000000
-0.557675
0.179831
-0.099139
0.081936
-0.007729
-0.121952
-0.832015
0.074489
-0.101412
-1.000000
0.224553
-0.400515
-0.068409
-0.395378
0.989455
-0.414014
-0.442026
-0.495496
0.325957
-0.505119
0.722236
-0.474394
-0.591505
-0.207781
-0.277727
-0.318973
-0.903402
0.789054
0.344943
-0.462108
0.213807
0.392493
0.364861
0.780735
-0.719681
0.589517
-0.794117
0.027014
-0.688587
0.952648
-0.500338
-0.514462
-0.950073
-0.913974
-0.446412
-1.000000
0.117363
-0.232554
-0.997543
-0.648968
0.896022
0.152686
-0.540484
0.870326
0.766280
-0.415755
0.349528
-0.948433
-0.342809
-0.045314
0.614622
-1.000000
0.618690
-0.173082
0.653927
-0.046093
-0.422803
-0.446034
-0.191448
0.788522
0.576327
0.904454
-0.629805
-0.565358
0.135627
0.273643
0.040942
-0.039712
0.933552
-0.961563
-0.642773
0.367286
-0.523113
-0.732846
-0.247145
1.000000
0.554413
-0.989413
-0.343677
0.543147
-0.838891
-0.159946
0.096079
-0.322078
-0.348641
-0.224004
-0.545302
-0.979724
0.630583
1.000000
0.846306
-0.344349
0.339033
-0.161661
0.324295
-1.000000
0.853498
-0.955768
0.049557
0.532443
-0.358425
0.439468
0.557891
0.468669
-0.113216
-0.012747
0.289153
-0.466877
-0.811380
0.014548
-0.666333
0.242312
-0.115624
-0.394659
-0.340222
-0.322972
0.109361
-0.903981
-0.421971
-1.000000
1.000000
0.949428
-0.060610
0.794963
0.423538
-0.611315
-1.000000
-0.267711
-0.495933
-0.023530
-0.659249
-0.649454
0.895889
0.388479
0.070571
0.314282
