-286.600000
2.000000
-1.000000
-1.000000
-1.000000
-1.000000
82.000000
21.400000
-1.000000
-1.000000
-0.216492
0.805667
-0.761497
0.610469
-0.349813
-0.102362
-0.879801
0.459465
0.166610
1.000000
-0.342201
0.321276
-0.787409
-1.000000
0.989646
-0.698165
-0.156802
0.785118
-0.920052
0.589018
-0.920356
-0.256872
0.556278
-0.550075
-0.094922
1.000000
0.086254
-0.306253
0.295605
-0.305002
-0.915439
0.060898
0.341474
-0.490912
-0.687898
-0.596603
0.678411
1.000000
-1.000000
-0.104926
-0.941619
-1.000000
-0.708078
-0.007136
-0.144957
0.537656
-0.924007
-1.000000
0.401082
-0.942757
0.218445
-0.335376
0.358913
0.182683
0.048556
-0.702159
0.991851
-0.708242
-1.000000
-0.197699
0.155236
0.236580
-0.708393
1.000000
0.168406
0.469179
-0.047566
0.264850
0.060489
0.248904
1.000000
0.706208
-0.242667
0.934907
0.056027
0.614047
0.042671
-0.974605
0.685618
-0.014527
0.626643
-0.042109
-1.000000
0.151849
-0.889556
-0.019032
-0.924080
0.537075
-0.847443
-0.095887
-0.535243
0.311942
-0.929880
0.971332
0.464496
0.319009
0.919981
-0.133981
-0.642065
-0.085916
-0.281995
-0.567185
1.000000
-1.000000
-0.530766
0.310632
1.000000
0.442366
0.835040
-0.243479
-0.342532
0.664392
-0.636795
-0.241536
-0.005686
0.322407
-0.522165
-0.093992
-0.432187
0.998847
0.158529
-0.163843
-0.136189
0.467432
0.042461
0.040498
1.000000
-0.423711
-0.143783
-0.092778
0.200541
0.733857
-0.000073
0.406037
1.000000
0.240362
-1.000000
0.554333
-0.008593
-0.474350
-0.973352
-0.847912
-1.000000
0.865597
-0.234861
-0.557323
-1.000000
-0.202137
0.390513
-0.294292
0.633303
-0.531253
0.789756
-0.474594
0.352640
0.288500
0.993009
0.792226
-1.000000
0.863005
-1.000000
0.852961
0.671625
-0.139972
-0.907178
-0.944501
-0.947949
0.494574
-0.224391
0.733834
-0.809645
-0.088377
-0.799216
1.000000
-1.000000
-0.445847
0.600978
0.809024
-0.680638
0.325394
-0.447463
-0.274116
1.000000
0.957912
-0.868250
1.000000
-0.376384
-0.107400
0.358676
0.367902
0.685389
-0.604658
-0.172233
-0.433215
0.585889
0.017253
0.551511
0.034692
0.067158
-0.517717
-0.602924
-1.000000
0.888855
-1.000000
0.205982
-1.000000
-0.387649
0.615252
0.429524
-0.125018
0.669878
0.217272
0.174770
-0.659625
0.291923
-0.812742
-0.743730
0.642862
0.998890
0.320363
-0.099325
-0.346112
-0.707959
0.912300
1.000000
1.000000
0.906289
0.665129
0.223258
0.145604
0.213598
-0.686616
0.057963
-0.840973
0.324976
1.000000
-0.424366
-0.006810
0.520644
0.407200
-0.639200
-0.259361
0.866612
0.625369
-1.000000
0.562336
0.730105
0.102697
-0.259843
-0.558704
-1.000000
-0.142538
-0.248792
0.636643
-0.510010
-0.184781
0.074827
0.912548
0.521612
0.342025
-1.000000
-0.545329
-0.558286
1.000000
0.057318
