-215.000000
3.000000
-1.000000
-1.000000
8.000000
-1.000000
62.200000
-1.000000
-1.000000
14.800000
-0.872467
0.949929
0.260594
-0.518296
-0.757977
-0.806375
0.784905
0.137308
0.202213
-0.572714
0.447378
0.619077
-0.572433
-0.857116
-0.614957
0.472574
-0.086257
-0.255432
0.762239
-0.000580
-0.171632
-1.000000
0.139438
-0.943420
0.661506
-0.496727
-0.936681
-0.107279
-0.810753
-0.841579
0.942070
0.736785
-0.780198
-0.154518
-0.811499
-0.905880
-0.875553
-0.793673
-0.717876
-0.046138
0.562211
0.162711
-0.517607
-0.655627
0.578679
-0.089225
-0.644928
-0.776355
-0.408985
-0.911057
-0.871507
-0.638627
-0.601750
0.049727
-0.990463
-0.493868
0.243892
-0.692097
0.261349
0.211589
0.668052
0.010316
-0.938675
-0.338546
-0.588725
-0.092442
0.348303
-0.391830
-0.693493
-0.927946
-0.488533
-0.330490
0.449353
0.409303
-0.354682
0.141761
0.458836
-0.081959
0.495413
-0.952331
0.877865
0.701272
-0.189493
-0.483505
0.964973
-0.348335
-0.512414
0.258022
0.333229
-0.126592
-0.480588
-0.922956
-0.940928
-0.527101
-0.895548
0.565147
0.324137
0.812627
0.205054
0.678297
-0.037191
-0.987637
-0.818573
-0.841421
0.380668
-0.678869
-0.901789
-0.658326
-0.122919
0.113408
0.347761
0.085122
0.392341
0.749674
0.547387
0.113734
0.168163
-0.933514
-0.131761
-0.404140
0.646434
-0.707905
0.469963
-0.754789
-0.940377
-0.446320
0.564202
0.121068
0.135867
-0.623134
-0.370103
0.015586
-0.277271
0.504667
0.045109
0.724262
-0.164192
0.557747
0.078545
0.627444
0.906617
-0.853770
1.000000
-0.947308
-0.433161
0.201849
0.425834
0.138752
0.500532
0.074569
-0.453675
-0.570854
-0.163737
-0.079089
-0.556174
-0.901456
0.820332
-0.835285
0.148059
0.940000
-0.871127
-0.850846
0.802910
0.434948
0.789646
-0.729552
0.101117
0.974641
-0.756440
0.595063
0.050833
-0.443174
1.000000
0.214694
0.853464
-0.922920
0.972804
0.018476
0.845979
0.321046
0.817697
0.305304
-0.305442
0.153501
-0.151470
0.431793
0.907016
-0.708629
0.955661
0.292315
-0.496566
-0.050727
-0.093979
0.453845
0.003458
-0.626019
-0.725333
0.610009
0.992140
-0.464354
-0.143441
0.587863
0.781052
0.153767
0.786351
0.137024
0.688451
0.578441
0.684462
-0.211762
-0.838745
0.200505
0.684455
-0.027778
-0.124657
-0.695570
0.925976
-0.154519
0.323007
-0.449274
0.886296
0.358554
-0.642953
-0.821946
-0.685481
0.411317
0.895529
-0.138830
0.329223
-0.212113
0.636986
-0.047416
-0.250161
0.803266
0.604409
0.625763
0.336172
-0.137302
-0.596790
0.730619
-0.546556
-0.886695
-0.390255
-0.648178
-0.760160
0.316983
-0.987555
0.319446
-0.098445
0.428880
-0.257914
0.808851
-0.947992
0.620681
0.672721
-0.888177
-0.992696
0.387284
0.541045
-0.281894
-0.984454
-0.682118
-0.122180
-0.720563
0.810851
