-0.333074
0.663304
-0.646673
-0.202688
-0.558595
-0.417991
0.131704
0.177200
-0.101714
-0.430146
-0.482628
0.797487
0.089686
-0.552412
-0.193019
-1.000000
0.145183
-0.843621
0.931186
0.892997
-0.115441
-0.529569
-0.824375
0.577617
-0.057506
-0.896451
0.862519
-0.570221
-0.861299
-0.686788
1.000000
-0.152916
0.813994
-0.633896
-0.849418
0.992352
0.932554
-1.000000
-0.405151
0.008215
0.225898
-0.110829
0.920201
-0.907121
0.608082
-0.754294
0.142279
0.114127
0.643531
-0.417397
-0.706788
-0.921571
0.053393
-0.559356
-0.651426
-0.917278
0.997003
0.881378
-0.652849
0.033579
1.000000
0.415251
0.747838
-0.080680
-0.411316
-1.000000
-0.303180
-0.404658
0.240574
-0.778923
0.531408
0.543996
-0.825656
-1.000000
0.685486
-0.441566
-0.533020
0.215116
0.677997
0.997257
-0.514813
0.487463
-0.124796
-0.252610
0.898063
0.004209
-0.955289
0.497528
-0.402177
0.051487
-0.388649
0.313560
0.837166
0.287137
-0.442859
0.673652
0.203890
-0.726529
-0.396717
0.918911
0.090805
-0.779363
-0.536605
0.965176
-0.747168
0.288112
-0.079262
-0.305376
-0.317130
1.000000
-0.643141
-0.872779
0.614490
0.927842
0.689148
0.151780
-0.390221
-0.542603
-0.641749
-0.194493
-0.246692
0.583391
0.395733
-0.775725
-0.222915
-0.222745
-0.482890
0.839121
-0.298793
0.002468
0.745904
0.056102
-0.843519
0.161976
0.490874
-0.329057
0.858301
-0.347301
0.242836
0.236762
0.460468
-0.231173
-0.330224
0.180036
0.127015
-0.874047
-0.100977
-0.015435
-0.594862
0.437416
-0.193002
1.000000
-0.302206
-0.117727
-0.600826
0.236353
-0.434295
-0.334963
-0.193614
-0.093330
0.477631
-1.000000
0.130621
-0.091172
-0.461694
0.885689
-1.000000
-0.437923
-0.524772
0.508637
0.003150
0.218397
-0.706628
0.368748
-0.409689
-0.148958
-0.564608
1.000000
-0.339348
-0.581962
-0.874529
-0.892731
0.213677
-0.244116
0.908727
-0.338365
0.413021
0.703867
-0.100255
0.030652
0.174988
-0.252157
0.766468
-0.464464
0.081697
-0.083069
-0.601034
-0.979701
0.251657
0.809226
-0.615090
0.334919
0.100635
0.322129
-0.048230
-0.360478
0.865321
-0.268775
-0.777722
0.260684
-0.849839
-0.833597
0.940668
0.223900
-0.120279
-0.439688
-0.249400
0.102842
0.993844
-0.577888
-0.038927
-0.125108
0.124531
-0.530592
0.806226
-0.124955
0.396326
0.049056
-1.000000
0.413962
0.569599
-0.221118
0.386972
0.957522
-0.747599
0.671287
0.455782
0.542183
0.428020
0.925866
-0.319240
0.100523
0.491554
0.605712
0.781429
-0.818243
0.375921
0.943926
-0.541398
1.000000
0.932870
-0.714162
1.000000
0.571741
-0.481458
0.311410
0.996526
0.358228
0.489829
-0.871306
-0.270084
0.496508
-0.210744
0.804208
-0.731707
