0.039981
0.859560
-0.749789
0.003161
0.257610
-0.196990
-0.573278
-0.333988
0.271095
-0.545166
0.491706
-0.794428
-0.482383
-0.132028
0.050733
0.847262
0.868878
-0.778988
-0.311647
0.976136
-0.449244
-1.000000
0.325716
0.167539
-1.000000
0.250771
-0.954772
0.025192
-0.471872
-0.494980
0.223276
-0.504512
-0.807608
-0.902056
0.239866
0.085626
0.149592
1.000000
0.512893
-0.453159
0.239721
0.675018
0.246515
-0.669415
-0.241169
0.627973
-0.154526
-0.561956
-0.244501
-0.169600
0.955230
-0.574909
0.060872
-0.229404
0.086266
0.463554
-0.448399
-0.006010
-0.716322
-0.153089
0.916302
0.539068
-0.090666
0.569239
-0.120868
-0.238125
-0.577597
0.106232
0.880088
-0.613349
0.789694
-0.966988
-0.284312
-0.982276
-0.549070
0.225223
0.530269
0.916280
0.669206
0.025548
-0.446593
0.533554
-0.160926
0.086066
0.051167
0.055423
-0.764031
-1.000000
0.191298
-0.164059
-0.328598
-0.055402
0.680367
0.250311
0.310473
-0.166207
0.781508
-0.546361
0.897076
0.952032
0.253343
0.089091
-0.647901
-0.962195
0.645327
-0.677965
0.739815
0.648357
0.187102
-0.732323
0.054169
-0.190820
0.455414
-0.329499
-0.199797
-0.688136
-0.061000
0.418641
-0.224638
-0.408559
-0.406458
0.062162
-0.989868
-0.246007
0.867987
-0.246402
-0.995590
-0.335051
-0.456683
-0.735133
-0.368734
0.906361
0.779863
0.581382
-0.688581
-1.000000
0.610957
-0.230333
-0.095147
1.000000
0.694677
0.061898
-0.851737
0.395190
0.082129
-0.526703
-0.493830
-0.718712
0.935177
0.972433
0.452909
-0.934279
-0.133588
-0.023656
-1.000000
0.103114
-0.434922
0.591266
0.381439
-0.764567
0.101964
-0.794852
0.273753
-0.368857
0.406273
0.239498
-0.667114
-0.257835
-0.563018
0.426065
0.371965
0.061946
0.066849
0.248528
-0.791320
-1.000000
0.127518
-0.128981
-0.026712
-0.990695
0.299656
-0.937839
0.274831
0.614917
-0.711624
-0.440526
0.920470
-0.022278
0.176053
0.722737
0.462255
-0.807376
0.655822
-0.732091
0.930805
-0.789395
0.593715
-0.639035
0.167813
0.979723
0.705265
-0.749833
-0.860936
-0.541955
0.616852
-1.000000
-0.776706
0.727337
0.839215
-0.495834
-0.226000
-0.765282
0.537135
0.996817
0.069436
-0.582186
-0.118144
-0.076848
0.035628
0.687087
0.609426
-0.615973
0.545042
-0.221866
-0.825898
-0.444644
0.575344
-0.078370
0.256010
-0.334298
-0.604041
-0.995517
0.020798
0.694072
0.529640
-0.644512
0.630031
-0.070372
-0.906707
-0.591380
-0.773008
0.248558
0.785019
0.574993
1.000000
-0.308768
0.270917
0.206777
0.432159
-0.178247
-0.184365
-0.289093
-1.000000
-0.729056
0.015667
-0.392232
0.199338
-0.154947
-0.060472
-0.733279
0.904742
0.723472
0.642600
-0.237580
0.938472
