-51.800000
4.000000
-1.000000
70.000000
-1.000000
-1.000000
58.000000
24.400000
-1.000000
5.800000
-0.544502
-0.398913
-0.037869
1.000000
-1.000000
0.197569
0.355881
0.233329
-0.057212
1.000000
0.709485
-0.432668
-0.405530
-0.908415
-0.532727
-0.851305
0.344852
1.000000
0.367094
-0.888312
0.208973
1.000000
0.513608
0.016024
-0.697405
-0.092203
-0.688547
-1.000000
-0.792240
0.422669
0.865154
-0.123333
-0.183047
-1.000000
0.029874
0.337948
0.706955
-0.956098
-0.296817
0.438943
-0.981524
-1.000000
0.835392
0.479953
-0.170435
1.000000
-0.692160
-0.762714
-0.758701
0.131502
-1.000000
0.709523
0.016645
0.157860
-0.468175
0.248819
-0.599733
-0.134221
-0.282571
-0.648707
0.734956
-1.000000
0.941113
0.470346
1.000000
-0.081019
-0.859767
0.370016
-1.000000
0.344361
1.000000
-0.709657
-0.589965
0.933615
-0.578935
0.490827
-0.643091
0.251073
0.292468
-0.204046
0.304931
-1.000000
-1.000000
0.767481
0.447857
-0.960107
-1.000000
-1.000000
0.755444
-1.000000
-0.624845
-0.081642
-0.156618
-0.704756
-0.353082
-0.250228
0.980794
0.682538
0.930577
0.308205
-1.000000
0.122551
0.890842
-1.000000
0.115754
-0.888270
-0.217448
-0.042155
0.877553
-0.038377
1.000000
0.384024
-0.569388
0.847855
0.684813
0.728859
0.010284
-0.157751
0.014059
0.656658
-0.254259
0.770279
0.493353
0.441383
0.311568
-0.756280
-0.924177
-0.952324
-0.484059
-0.554390
0.454745
0.279112
-0.143455
0.540082
-0.831899
-0.107863
0.113572
-1.000000
0.262101
-0.910771
0.167181
-0.204105
0.583813
-0.707036
0.725696
0.772898
0.273324
0.619285
1.000000
0.219532
0.691941
0.562446
0.968084
-1.000000
-1.000000
-0.843937
-0.815706
-0.436705
-0.357637
0.253776
-0.057946
0.505444
0.686096
-0.373237
0.685459
0.764422
-0.855146
0.422356
1.000000
-0.757063
0.528506
-0.172575
0.309742
-0.499936
-1.000000
-0.387034
-0.647137
1.000000
0.047298
-0.501587
0.292508
-0.462504
-0.269514
0.179483
0.224060
-1.000000
0.928258
0.064097
-0.673427
-0.574175
-1.000000
-0.221583
-0.310878
-0.148113
1.000000
0.303272
0.824562
0.230373
1.000000
-1.000000
-0.018296
0.763770
-0.945680
0.011731
0.691288
0.465659
-1.000000
-0.300923
-0.121358
0.144517
-0.500055
0.803959
0.603827
-0.130202
0.206486
-0.594465
0.384888
0.541594
0.252808
0.638604
1.000000
0.321362
-0.806713
-0.213620
0.360939
-1.000000
-1.000000
-1.000000
-0.760709
0.467825
-0.036554
0.174689
1.000000
0.141463
-0.067707
-0.312596
-0.250725
-0.516210
1.000000
-0.196856
0.131876
-0.654217
-0.246249
0.071307
0.728019
-0.007539
0.105707
-1.000000
-0.028753
1.000000
0.884257
1.000000
0.055167
0.360788
-0.170012
0.776213
-0.610321
1.000000
0.999648
0.241763
0.142911
0.347867
-0.808773
0.404618
0.034257
