-66.200000
5.000000
-1.000000
58.000000
-1.000000
-1.000000
53.200000
18.400000
10.000000
44.200000
1.000000
1.000000
0.367941
-0.375172
-0.296178
1.000000
-0.658975
-0.449601
-1.000000
-1.000000
-0.082226
-0.290236
0.481477
0.910187
-0.697570
0.058643
0.145501
-0.359300
-1.000000
0.232599
0.186828
0.323412
0.396062
-1.000000
-1.000000
-0.044508
-0.121248
1.000000
0.857577
-0.467939
0.179719
0.844968
0.808427
-1.000000
0.328101
0.962132
0.700665
-0.524094
-0.517180
-0.249955
-1.000000
-1.000000
1.000000
0.990992
0.107932
1.000000
-0.010269
-0.857582
1.000000
-0.508194
-0.211212
0.068769
0.097300
-1.000000
-0.773142
0.866446
0.878228
0.637265
-0.601373
0.825062
-0.450401
-0.174142
0.285007
0.769061
-1.000000
1.000000
-0.705351
-1.000000
-1.000000
-0.464850
-0.523448
0.125510
0.796431
0.356732
-0.364014
1.000000
0.999567
-1.000000
-0.468407
0.100484
-0.534265
-0.735283
-0.791837
-1.000000
0.045287
1.000000
0.188558
-0.714303
0.037668
0.523145
0.475039
-0.974238
0.345681
-0.049769
-0.263694
-0.494949
-0.520218
-0.722751
-0.998228
-0.981410
1.000000
-0.249112
-0.471577
-0.915519
-0.866884
-1.000000
0.490461
-0.866955
0.280070
0.482762
0.928675
0.691088
0.744435
-1.000000
-1.000000
-0.614587
-1.000000
-0.027504
-0.033078
0.291760
-0.984309
-0.434881
-0.112597
-0.950897
1.000000
-0.971315
0.728929
-0.111884
-0.214451
0.360358
-0.422590
0.038066
0.426643
-0.384870
1.000000
-0.120106
-0.523403
0.285565
0.846955
-0.194812
-0.404015
-0.350703
0.730285
-0.115341
0.484271
0.765608
-0.870091
0.700385
1.000000
-0.636850
-0.063136
0.145733
0.625100
-0.107595
0.606280
0.191736
-0.834002
-0.140843
-0.231476
0.419393
-0.094769
0.520231
-0.227851
0.485115
0.192987
-0.691211
1.000000
0.097418
-0.490865
-1.000000
-0.044907
-0.490051
0.613632
-1.000000
0.909037
-0.397686
0.530926
-0.070745
-0.803643
0.842140
0.907126
0.078250
1.000000
-1.000000
-1.000000
0.930670
-0.251928
-0.254152
-0.764528
0.594654
-0.322916
-0.797875
0.186884
-0.673572
-0.361032
0.479555
-0.241424
0.334220
-0.892483
-1.000000
-0.053800
-0.633614
-0.800095
-0.899317
-0.497297
0.610120
0.808969
0.120253
0.680518
-0.305395
-0.331477
0.208214
-0.759789
0.444657
-1.000000
-0.089055
-1.000000
0.374087
1.000000
1.000000
1.000000
-0.585040
0.462477
-0.315256
-1.000000
-1.000000
0.254002
0.700672
0.678451
0.279012
-0.368862
0.447326
0.977183
0.438023
-0.887500
-0.337559
-0.314928
0.234025
-0.663079
-1.000000
0.068466
1.000000
0.453005
0.987459
1.000000
0.771969
-1.000000
1.000000
-0.227509
0.961254
0.807212
-1.000000
-0.796037
-0.744806
-1.000000
0.806006
1.000000
-0.963528
0.457356
-0.713685
-0.284369
0.556560
0.367779
0.301645
0.358687
