-1.000000
-1.000000
-0.306420
-0.695789
1.000000
-0.807842
1.000000
1.000000
-0.470291
-0.474266
-0.143266
-1.000000
0.293911
-1.000000
-0.995390
1.000000
-0.289163
-1.000000
1.000000
-1.000000
0.086798
1.000000
0.212763
-0.732493
-0.939105
-0.652539
-0.963418
1.000000
-0.110643
-0.138671
0.551655
-0.623186
-0.428351
-0.796443
0.180471
-0.328053
0.375001
-0.244518
0.146416
-0.673780
-0.834958
-0.921592
0.768979
0.792341
-0.864852
0.153561
0.081205
-0.734798
0.608912
-0.565826
0.460133
-0.498332
0.837904
0.442486
0.095616
-1.000000
-0.865425
0.934839
1.000000
0.358879
-0.546310
-0.476609
0.053400
-0.677523
-0.193937
0.197079
-0.573366
-0.378329
0.796188
0.316776
-0.716347
-1.000000
-0.210078
-1.000000
-0.007968
0.737051
-1.000000
-1.000000
-0.558107
-0.611590
0.076033
-1.000000
0.943580
0.190028
-0.848919
-0.534412
-0.041406
1.000000
0.701040
0.334755
-0.279650
0.777720
1.000000
0.623633
-0.434204
0.609935
0.529594
0.891483
0.038061
-0.948978
1.000000
-1.000000
0.759812
-0.510180
-1.000000
-0.695032
0.403389
-1.000000
-0.145029
0.534786
-0.243381
0.620249
0.155300
0.636649
-0.810781
0.801031
0.098277
-1.000000
1.000000
1.000000
0.456701
-0.594747
-1.000000
-1.000000
-0.095508
1.000000
-0.510864
0.820876
-0.883852
-1.000000
1.000000
-0.934275
-0.236077
0.606702
-1.000000
-0.406541
0.330722
0.545967
-1.000000
-1.000000
-1.000000
0.178324
0.266884
0.563594
0.147021
0.137419
-0.392137
-0.288005
-0.865977
-0.124309
-0.354483
0.266413
0.827006
1.000000
-1.000000
0.208724
-0.657043
0.206745
0.865909
0.488393
-1.000000
-0.973250
0.843563
0.323825
-0.775083
-1.000000
-1.000000
0.115406
1.000000
0.440918
-1.000000
0.636801
-0.978996
-0.657104
1.000000
-1.000000
0.514222
-1.000000
-0.910598
1.000000
-1.000000
0.930356
-0.487187
-0.597565
-0.545379
-0.103443
0.909165
0.219393
0.779667
0.299639
0.287212
-0.101673
-0.820289
0.314665
0.111037
0.410369
-1.000000
1.000000
0.302354
0.795023
0.972668
-0.423677
-0.019412
-0.728622
0.583596
1.000000
0.746500
0.723722
-0.433572
-1.000000
-0.159489
-0.130918
-0.252985
0.978086
0.790669
0.256588
0.152690
-0.105238
-1.000000
-0.899781
0.503213
-1.000000
-0.558895
0.522549
-1.000000
-0.355243
1.000000
0.109542
-0.398033
-0.044311
-0.629031
0.072064
-1.000000
0.000347
0.339761
1.000000
0.039776
-0.672438
0.079716
1.000000
0.097766
-0.517979
0.837550
0.915091
-1.000000
0.066398
-0.281465
1.000000
0.793837
1.000000
-0.720000
1.000000
0.378007
0.557292
-0.141516
0.578658
-0.759622
-0.498690
0.488179
0.101470
-0.431751
-0.117982
0.212903
0.663889
-0.798443
