-1.000000
-0.239422
-1.000000
-0.737703
0.193818
0.542425
-1.000000
0.242071
-0.678868
-0.470871
-0.328206
-0.043106
0.223667
-0.752150
1.000000
-0.087613
-0.362770
-1.000000
-1.000000
-1.000000
-1.000000
0.823501
-0.904297
-0.257392
1.000000
-0.554343
0.925240
0.171493
0.953875
1.000000
0.177811
1.000000
-0.615530
1.000000
0.922400
-0.937837
-0.486959
0.143702
-1.000000
0.110878
-0.061414
-0.166033
0.638024
0.422041
0.500078
0.198162
0.827759
0.179274
-1.000000
0.032727
0.948562
-0.822490
-0.794128
1.000000
-1.000000
0.679853
0.196009
-0.597876
-0.300732
-0.469415
0.642507
0.685731
0.964343
-1.000000
0.677661
0.436711
-0.154131
-0.447061
1.000000
-0.604744
1.000000
0.965695
0.424507
0.081500
-0.011886
-1.000000
0.559643
-0.899264
0.445174
-0.141962
-0.759191
-0.718210
1.000000
0.312665
-1.000000
-0.756435
1.000000
-0.451470
0.118478
1.000000
-0.040562
0.538338
-0.543422
-0.367977
0.477638
-0.216117
-0.680804
1.000000
-1.000000
-1.000000
-0.483457
0.153109
-1.000000
0.023810
-0.518368
-0.380480
-0.361143
0.278962
-0.120686
-0.282350
-0.771860
0.263125
-0.622878
0.647137
-0.314957
1.000000
1.000000
0.316007
-0.056573
-0.211031
-0.243309
-0.056364
0.713823
-1.000000
0.140332
0.760212
0.265868
-0.310300
-0.829893
0.304649
-0.846156
-0.551538
0.258053
-0.417142
-0.405502
-0.277429
-0.370265
1.000000
1.000000
1.000000
-1.000000
-0.365320
0.578638
0.014677
1.000000
0.211423
-1.000000
0.066311
-0.141182
0.855351
-0.675224
-0.788511
0.106404
0.179217
-0.534337
-0.550271
0.292719
0.454095
-1.000000
-0.109649
-0.513192
-0.306504
1.000000
1.000000
1.000000
-1.000000
1.000000
-1.000000
-0.441792
-0.497302
0.572158
-1.000000
-1.000000
-1.000000
-0.202442
-0.335217
-0.812222
1.000000
0.272369
0.437822
0.463454
0.943692
0.076892
0.483518
-1.000000
-1.000000
0.405125
-0.767134
0.559021
-1.000000
0.829279
-1.000000
1.000000
0.366411
-0.188336
0.378861
0.007790
-0.379759
0.142053
-0.264089
-1.000000
0.718423
-0.296997
0.201469
-0.156480
-0.328676
-1.000000
0.066304
-1.000000
-1.000000
-1.000000
1.000000
0.251230
0.702292
-1.000000
-0.310297
-0.906801
0.272068
0.880518
-0.626242
-0.915113
1.000000
-0.441433
1.000000
0.399746
0.640546
0.100946
-0.663669
-0.853840
1.000000
0.806858
-0.881404
-0.854084
-0.101494
0.350058
1.000000
0.908514
0.580693
0.692472
-0.260202
1.000000
0.705769
-0.422066
0.424944
0.268408
-0.398665
-0.668143
-0.485190
0.347780
-1.000000
1.000000
-0.689484
-0.569629
-0.353974
-0.382919
-1.000000
1.000000
-0.758089
-0.816827
0.951805
-1.000000
1.000000
-0.186463
-1.000000
-0.019273
