-0.663072
1.000000
-0.379692
-0.629639
0.432631
0.829230
0.916370
0.235001
1.000000
1.000000
1.000000
-0.412976
0.250789
0.201114
-1.000000
-0.319040
0.195673
-0.437078
-0.278689
1.000000
-0.087217
0.627264
0.271474
-0.139003
0.508148
-0.851814
1.000000
-0.011158
-1.000000
0.828055
-0.726244
0.861710
-0.545768
-0.839987
0.637813
-0.942823
1.000000
0.941475
-0.704152
0.274182
0.064300
-1.000000
-0.892921
-0.333514
-1.000000
0.263095
-0.576250
0.074081
0.850548
1.000000
1.000000
-0.068794
0.504085
-1.000000
-0.975474
0.092261
0.014595
0.425623
-0.715545
0.557121
-0.767578
-0.340025
-0.374797
-0.318777
-1.000000
-1.000000
-1.000000
-0.669886
1.000000
0.161964
-0.267688
-0.217335
1.000000
0.759885
-1.000000
-0.621490
-1.000000
0.612581
0.133176
-0.708191
-1.000000
0.707867
0.761871
-0.899971
0.018208
-0.959419
0.260055
0.632393
-0.128371
-0.296684
0.338540
-0.312041
0.659766
0.533393
0.154994
-0.550216
0.092079
-0.854210
0.574057
-0.520338
0.174298
-0.823642
-0.111812
-1.000000
1.000000
-0.053953
0.335508
-0.351025
-0.991541
0.803865
0.115828
-0.716335
-0.132871
0.855053
-0.551656
-0.098632
1.000000
-1.000000
0.626843
0.168441
-0.018376
0.077250
-0.859501
-0.519600
-0.168638
0.722874
-1.000000
0.409203
-0.945607
0.280212
0.312766
-0.872474
-0.576157
-0.544246
-1.000000
0.772425
0.573224
0.277190
-0.858522
-0.559639
0.549807
0.421771
0.257401
0.239849
-0.584268
-0.801265
-0.777465
-0.299561
0.894709
-0.211438
-0.697997
-0.626982
0.593930
-0.125006
1.000000
-0.302733
-0.747619
-1.000000
0.698994
-0.160342
0.006167
-0.490904
-0.318924
-1.000000
0.578952
1.000000
0.433151
-0.195757
-0.108921
-0.299374
0.133396
-1.000000
-0.830908
0.333635
-0.763829
-1.000000
-0.188479
0.128033
-0.159988
-0.952538
-0.989185
0.995606
-0.017075
1.000000
0.258564
-0.423384
-0.439418
0.920608
0.726124
0.632016
0.917882
-0.207453
-0.185921
0.393247
-0.698224
-0.164839
-0.287240
-1.000000
0.979310
0.558927
-0.988004
-0.520031
-0.105519
0.026186
-0.683784
0.375846
0.720126
0.356461
0.109805
-1.000000
0.759769
-0.814769
0.242566
-0.449552
-0.601543
-0.097358
0.485749
1.000000
0.509219
0.014095
-0.677676
-0.108353
1.000000
-0.556889
-0.273435
-0.655800
0.069660
1.000000
-0.094195
1.000000
-1.000000
-0.078912
-0.889826
1.000000
-0.355892
1.000000
-1.000000
1.000000
-1.000000
-0.609816
-0.859312
-0.185707
0.097359
-1.000000
0.694758
-0.412660
0.684906
0.170422
0.929003
-1.000000
-0.852079
0.841296
-0.187330
1.000000
-1.000000
-1.000000
0.598877
0.509367
0.258606
-0.594000
1.000000
-0.213504
0.778368
0.045696
-0.252891
