-0.858695
0.918783
0.481061
0.765242
0.346430
-0.505463
-0.011587
0.957012
0.212128
-0.481477
-0.417031
-0.259949
0.987108
0.540746
0.652347
0.105120
0.601294
-0.919037
-0.501536
-0.445848
0.837837
-0.281566
-0.294990
-0.038164
-0.503714
0.134616
0.345170
0.880930
-0.182799
-0.724927
-0.076290
0.942875
-0.758652
0.883860
-0.034535
0.389929
-0.102301
0.972512
0.095253
-0.075017
0.751349
-0.464826
-0.926373
-0.997973
0.496239
0.330871
-0.571986
0.503187
0.190909
-0.096887
0.215023
-0.952637
-0.401103
-0.405833
0.874259
1.000000
0.271748
-0.656676
0.335719
-0.051164
-0.987485
0.680452
0.911669
0.367916
-0.488442
0.426846
0.181455
-0.779534
-0.471834
0.629145
0.451475
0.418225
0.352638
0.618354
-0.001721
0.460145
0.250168
0.339423
-0.709490
0.514780
0.093100
-0.138332
0.118215
-0.033652
0.940267
-0.103343
0.938403
0.416634
0.358933
0.650845
-0.994411
0.165189
0.522221
0.341474
0.948090
-0.713906
0.941818
0.475485
-0.111314
-0.399449
-0.516413
-0.547000
-0.908518
-1.000000
-0.155428
0.064177
-0.852260
0.558456
0.535520
0.911736
-0.810185
-0.469027
-0.201802
0.651122
0.861701
-0.491718
0.420208
-0.284960
-0.023630
0.029894
0.370934
0.076829
-0.028087
0.639800
0.517433
-0.424198
0.349022
-0.812327
0.393395
0.301586
-0.618130
-0.663987
-0.684414
0.779303
0.644542
-0.882534
0.547524
-1.000000
0.632268
-0.937966
0.458251
-0.385853
0.368454
-0.090244
-0.527758
0.730150
0.742271
0.590865
-0.827755
-0.462702
-0.445164
-0.001704
-0.246657
-0.143186
0.716183
-0.043314
0.653994
0.363687
0.288015
-0.531909
-0.946218
-0.871279
-0.787405
-0.186659
-0.334454
-0.742763
-0.188202
0.637056
0.306850
0.324234
-0.225955
-0.338552
-0.402018
-0.198990
0.805063
-0.098603
0.078640
0.936966
0.636419
-0.708755
0.882734
-0.460464
0.906241
-0.857066
0.718200
0.986609
-0.096129
0.319292
0.310221
0.986348
-0.996628
-0.134351
0.747633
0.821966
0.335807
0.907275
0.951108
-0.457970
0.520079
-1.000000
0.732048
-0.110601
-0.062229
0.397249
-0.836516
-0.350440
0.480162
-1.000000
0.575974
-0.277550
-0.321385
-0.502310
0.768835
-0.165752
-0.621976
-0.638697
-0.266745
-0.550543
0.921610
-0.170379
-0.658004
-0.305662
1.000000
-1.000000
0.941106
-0.885485
-0.455102
-0.273725
0.463883
0.448577
0.211553
1.000000
0.275975
0.698989
-0.486572
-0.621277
-0.179865
-0.038750
1.000000
-0.238009
-0.054458
0.389418
-0.793225
0.141433
-0.393288
-0.916775
0.316236
-0.050120
0.569842
0.663750
-0.602316
-0.701138
-0.459528
0.199766
0.723000
-0.644422
-1.000000
0.129951
0.701275
-0.468804
-0.411413
-0.759264
-0.113076
0.763641
-0.608895
