-1.000000
-1.000000
1.000000
-0.385623
-1.000000
-0.438587
-1.000000
-1.000000
-0.712172
-0.636142
0.608238
0.331705
0.309618
-0.627306
-0.728397
0.029818
-0.678596
0.561632
-0.240775
-0.897214
-0.345989
0.544273
0.144507
1.000000
-0.308438
1.000000
-1.000000
-0.961999
0.762995
1.000000
1.000000
0.664081
0.994846
-0.103362
1.000000
-0.525212
0.796849
0.411079
1.000000
0.308263
-1.000000
-0.393451
-1.000000
-0.561426
-1.000000
-1.000000
0.318127
0.491446
1.000000
0.922097
0.114885
0.624686
0.520656
-0.460885
-0.202440
-0.330060
0.127130
0.882122
0.201706
-1.000000
0.699053
-0.181386
-0.263150
-0.354138
-0.812923
-0.335647
0.855949
0.125787
-0.865916
-1.000000
-0.476652
-0.310913
0.638168
-1.000000
0.633089
0.116184
0.664415
0.649531
-0.076152
0.625413
-1.000000
-1.000000
1.000000
0.213642
0.424918
0.946683
0.937882
-0.409696
1.000000
-0.772953
-0.644821
0.933196
-0.217465
-0.550983
-0.064595
-1.000000
-0.445482
0.227002
-1.000000
0.427025
0.225152
-1.000000
1.000000
-1.000000
0.060915
0.925586
-0.659494
-0.832595
-0.263876
-0.752136
-1.000000
-1.000000
1.000000
-0.394725
-0.427607
-0.221829
0.410093
-0.151280
1.000000
-0.083665
-0.398450
0.222550
0.383356
0.000935
-0.834704
-0.535870
0.995663
0.903326
0.905851
1.000000
-0.478493
-0.626289
0.701122
0.015657
-1.000000
1.000000
1.000000
0.132828
-0.928224
-0.384836
0.008998
0.082471
0.953039
-0.971076
0.874754
0.600828
-1.000000
-1.000000
-1.000000
1.000000
-0.954923
-0.074383
0.183185
0.378887
0.350961
0.461934
1.000000
0.808543
-0.450363
-0.542839
0.512116
-0.447335
0.656695
0.607292
0.786623
-0.789998
0.521755
0.081847
0.261220
0.637405
0.599009
-0.330210
0.292204
0.315565
0.868090
-0.452166
0.801611
0.075955
-0.017311
-1.000000
0.409091
-0.454890
0.434899
-0.020796
0.067274
-0.431042
-0.674971
-1.000000
1.000000
0.494883
0.356621
1.000000
-0.663798
0.212655
-0.781313
-0.119477
0.070881
0.039208
0.843633
-1.000000
-0.096691
0.586501
-0.847580
-0.107554
0.472190
0.068878
0.251153
-0.580155
1.000000
0.029823
-0.023879
0.370221
1.000000
0.732880
0.111161
0.189216
-0.530440
-0.128481
-0.094603
0.820495
0.271781
1.000000
-0.475159
-0.151486
-0.484763
-0.401157
-0.438061
0.630380
0.976193
1.000000
0.740827
0.034054
-0.800852
-1.000000
0.112362
1.000000
-0.493714
-1.000000
1.000000
1.000000
-1.000000
-0.676654
-0.008642
0.999209
1.000000
-0.844737
-1.000000
0.405597
0.985492
-0.507310
-0.949743
0.471119
0.296142
1.000000
-1.000000
-0.655107
0.889796
1.000000
-1.000000
0.232942
1.000000
1.000000
0.444718
0.174923
-0.464319
