0.107869
-0.137567
-1.000000
-0.250258
0.561871
-0.912517
0.891821
0.628725
-0.609739
0.714306
-0.482742
-0.247727
-0.584677
0.476836
-0.599082
0.705265
-0.775519
0.685475
-0.326062
-0.155672
0.584898
-0.943462
0.107298
0.571041
0.290681
-0.943556
-0.050354
-0.576800
-0.578569
-0.781812
0.846850
-0.481798
-1.000000
0.743189
-0.270330
0.468438
0.419941
0.165416
0.535040
0.192336
0.816642
-0.581473
-0.990960
0.026772
0.419641
0.599338
0.766988
0.782646
0.277960
0.596453
-0.424958
0.872927
0.339521
-0.665741
0.242067
0.605832
-0.035428
-0.114926
-0.894117
0.108060
1.000000
-0.342570
0.558700
-0.044113
0.966597
0.247672
-0.009812
0.686704
0.993279
0.771110
0.879693
0.568909
-0.553153
-0.976083
-0.826494
0.272833
0.852605
0.648268
0.038502
0.506739
0.805455
0.654494
-0.745940
0.228940
-0.709924
-0.934236
-0.982553
0.784346
0.953212
-0.450358
-0.344149
0.183902
-0.118287
-0.540992
0.747585
0.352168
0.353745
-0.119841
-0.654030
-0.533937
0.139088
0.894234
0.033863
0.075891
0.797694
0.627198
0.444793
0.410562
-0.969003
-0.635709
0.491376
-0.899396
0.421684
-0.609133
-0.685266
-0.265498
-0.485649
-0.955273
0.976976
-0.859604
0.146660
0.858220
-0.194323
0.175336
-0.449006
0.579659
-0.964577
-1.000000
-0.279776
0.753870
0.649415
0.500591
0.793616
-0.075131
0.113335
0.155692
-0.953471
1.000000
-0.020310
0.083805
0.928667
0.724467
0.880188
0.371601
0.897052
0.052266
-0.278995
0.303836
-0.535200
-0.719246
-0.567992
0.949672
0.642815
0.962288
-1.000000
0.434595
0.556270
0.362697
0.839903
0.439836
0.028002
0.687035
-0.014747
0.300635
-0.803367
-0.404535
0.439247
-0.990859
0.193587
-0.564699
0.489109
1.000000
-0.351585
-0.444463
0.328148
0.298887
-0.567247
0.111721
-0.923133
-0.149638
-0.904258
-0.610278
0.839891
-0.556598
-0.307859
-0.626811
0.726140
-0.411948
0.256003
0.280356
0.298449
-0.660868
-0.493448
0.994883
-0.323425
-0.651046
-0.913325
-0.988731
-0.135966
0.461729
0.675318
0.970248
0.369422
-0.583029
-0.142610
-0.935481
0.478837
-1.000000
-0.170565
0.716372
-0.958217
-0.658994
0.238416
0.627909
-0.900878
-0.235553
0.466940
-0.127640
1.000000
-0.024887
-0.065699
0.215754
0.084614
0.968560
-0.863559
-0.140191
-0.293728
0.488583
0.100811
0.832629
-0.878751
0.454690
-0.747582
0.824138
0.568567
-0.942403
0.131598
0.589427
-0.004804
-0.184379
0.725932
0.334815
-1.000000
0.677594
-0.795525
-0.495449
-0.778837
0.459487
-0.632077
0.215739
0.592806
-0.392184
0.198101
0.287405
0.849760
-0.242645
-0.369222
0.726807
-0.734233
0.404326
0.541857
-0.221068
-1.000000
0.479186
0.660217
