-0.205145
-0.160929
0.212946
0.354482
-0.623717
-0.878825
-0.431710
-0.920720
0.133349
-0.392709
-0.170549
-1.000000
0.096540
0.200271
-1.000000
0.453625
-0.612798
-1.000000
0.518731
0.492231
-0.363702
0.914942
-0.709270
-0.246683
-0.079696
0.134709
-0.908798
0.632185
0.251628
0.319961
0.541327
-0.387067
0.894128
0.247639
-0.377629
0.275515
-0.605782
1.000000
0.684874
0.321988
0.321427
0.511461
0.093338
-0.814186
0.660900
-0.078832
0.033760
0.771983
-0.250004
0.178835
0.204898
0.445902
0.777469
0.596547
-0.734616
0.434740
-0.525864
-0.806911
0.935432
-0.332442
0.005974
0.409670
-0.978110
0.784322
-0.195563
-0.233767
0.350316
0.555116
-0.969376
-0.714880
-0.404924
-0.543429
0.836411
0.667962
-0.446719
-0.062782
0.046203
0.420270
-0.462395
-0.886511
0.242415
-0.370178
0.932591
-0.843441
-0.629131
0.011478
0.608990
0.565663
0.269258
0.891468
-0.563217
-0.207371
-0.607046
0.343801
-0.780535
-0.177709
-1.000000
0.350110
0.575319
-0.128650
0.802569
0.513406
-0.056044
-0.288668
0.504637
0.272421
0.143516
0.250814
0.906901
-0.351831
0.225948
-0.957432
0.592067
0.105415
0.094385
-0.711213
-0.581845
0.836446
0.256368
-0.002551
-0.467756
-0.283377
0.050000
-0.457567
0.473969
-0.361370
0.135130
0.590599
0.515872
0.983192
0.907861
-0.571475
0.891686
-0.631588
-0.790541
0.307175
-0.912532
-0.391702
0.632744
0.846775
0.614432
-0.458896
-0.286402
-0.005788
-0.298362
-0.243715
0.287557
0.381758
-0.727998
-0.521939
-1.000000
-0.648496
-0.001162
-0.494148
0.602149
0.491038
0.474080
0.490573
0.385926
0.513963
0.866907
0.156922
-0.128359
0.391429
0.582628
0.957151
0.436432
-0.591685
-0.408947
-0.468092
0.741063
0.265957
0.339257
0.478801
-0.486255
-0.938683
0.944300
-0.009248
-0.791606
0.951638
0.129592
-0.993520
-0.859072
0.852607
-0.395778
0.318547
0.346626
0.056847
-0.470598
0.857463
-0.184422
0.654187
-0.677156
-0.803214
-0.607567
-0.971127
0.890925
0.399860
0.558446
-0.574075
-0.555451
-0.079752
0.317242
-0.780033
-0.734459
0.289850
0.833153
-0.526690
0.320531
0.284378
-0.114952
0.239716
-0.802250
0.235705
-0.900499
-0.014029
0.953441
-0.848923
-0.448414
0.001982
-0.353953
0.213166
-0.688284
0.205742
-0.589972
0.902940
0.139203
0.594105
-0.707321
0.611071
0.032564
-0.075626
0.148063
-0.413593
-0.426565
0.681237
-0.981269
0.482219
0.853009
0.924125
-0.292216
-0.870005
-0.805216
0.938697
-0.771558
0.299221
-0.441829
-0.272345
0.768358
-0.542783
-0.624664
0.036182
0.210941
0.492631
0.150744
-0.107923
0.590217
-0.236561
0.509323
-0.157769
-0.371754
-0.084922
0.515873
-1.000000
0.494221
