0.603294
-0.533147
1.000000
-0.447065
-0.435962
0.745622
0.197244
-0.972286
-1.000000
0.681701
-0.189004
0.391121
1.000000
-0.183385
0.986514
0.448846
-0.621816
0.159646
0.729986
-0.663144
1.000000
0.214346
-0.063446
-0.354555
0.115899
-0.695434
1.000000
-0.450954
0.231704
0.405920
0.339396
-0.855948
-0.286518
-0.429586
0.873675
0.034772
0.584668
-0.243527
-0.065096
-0.419910
0.280989
-0.233726
-1.000000
0.286845
-0.793285
-0.442914
0.538380
-0.175429
1.000000
0.594902
-0.208853
-0.225722
-0.808284
-1.000000
0.182991
0.269145
-0.286832
-0.030223
0.105318
-0.724207
-0.880736
-0.811219
0.066808
0.016945
-0.999607
-0.232406
0.873826
-0.510048
0.436425
0.512171
-0.222211
-0.424778
-0.654621
1.000000
-0.351304
0.190286
-0.009870
-1.000000
0.494479
0.914708
-0.472468
1.000000
0.269848
0.791235
0.179036
1.000000
-0.847622
0.285614
0.761547
-0.825698
-0.726609
-0.000658
1.000000
-0.768909
-0.660273
0.609244
-0.384109
0.589137
-1.000000
-0.172770
0.494866
0.245322
0.997169
-0.465527
0.907487
0.614037
-0.306735
0.882038
-0.070605
-0.325540
0.662329
-0.290047
0.514849
-1.000000
-0.789965
-0.729031
-0.451175
0.475177
0.593948
0.059571
-0.955846
1.000000
0.398736
-1.000000
0.913891
-0.094091
0.087840
0.319346
-0.092570
-0.207862
-0.628520
0.314782
-0.144922
-0.624418
0.019372
1.000000
1.000000
1.000000
1.000000
-0.786475
0.664094
0.936699
0.133302
-0.353488
-0.438900
-0.813905
-0.843217
-0.731377
0.176222
0.483634
-1.000000
-0.299730
0.617805
-0.736587
-0.929047
0.328708
0.307458
1.000000
-0.615056
0.748156
-1.000000
0.683636
-0.173963
-0.520752
0.581293
0.398831
0.473273
-0.668223
-0.251177
0.185791
-1.000000
-0.698673
-0.968311
0.326545
-0.180793
-0.474234
0.217777
0.190225
-0.063441
0.074980
0.931262
0.546433
-0.619194
-0.421931
-0.761220
-0.104688
-0.319625
1.000000
-0.701821
-0.422224
-1.000000
1.000000
-0.196016
-1.000000
-0.095262
0.726026
-0.858800
0.290396
-0.335905
0.555949
-0.046877
-1.000000
-0.061512
0.900656
-0.167702
-1.000000
-1.000000
0.991193
1.000000
-0.524395
1.000000
-1.000000
-1.000000
0.205148
-0.569835
0.481504
-0.475731
-0.145803
-0.114937
1.000000
-0.265825
-0.487543
-0.839781
0.834962
-0.574054
-0.804526
0.986107
-1.000000
0.729808
-0.219230
1.000000
-0.854036
0.581725
-1.000000
-0.244119
1.000000
-0.207146
0.201963
-0.199429
0.662110
-1.000000
0.064821
0.842320
0.587621
-1.000000
-1.000000
0.173693
1.000000
0.134892
-0.081513
0.025997
-0.036530
0.123627
-1.000000
0.797972
-0.822217
0.598051
-0.809558
0.317837
0.321532
0.952169
1.000000
-0.810015
-0.991307
-0.299702
