0.134866
0.251937
0.664721
1.000000
0.164621
0.112034
-0.827592
-0.162839
-0.345893
0.334237
0.665410
-0.674266
0.200683
0.392063
-0.842773
-0.380875
-0.616434
0.225780
0.799577
-0.571501
0.757645
-0.244233
0.709330
0.565152
0.515804
-0.430688
0.414326
0.185839
0.848158
-1.000000
0.638071
0.287923
0.788211
0.457056
-0.041119
-0.306029
0.199132
0.190026
0.636649
-1.000000
-0.408245
-0.450285
0.855129
0.041943
-0.387608
0.749657
0.903596
-0.376217
-0.684912
-0.131979
0.484237
0.325703
0.846096
0.535374
-0.139082
1.000000
-0.483226
0.315993
0.035178
0.684827
0.009063
0.885794
-0.018721
-0.077710
0.604763
-0.496210
-0.918149
-0.180935
0.193975
0.443195
0.030715
-0.022195
-0.041893
-0.854881
0.821332
0.181312
-0.013125
-0.579952
-0.156134
-0.297000
0.837842
0.717335
-0.200199
-0.555057
0.823387
0.382655
0.919936
-0.983947
-0.679731
-0.858405
0.148256
0.993957
0.919952
0.621171
-0.751860
0.566095
-0.706577
0.961872
-0.709908
0.427101
0.045555
-0.685343
0.900407
0.274154
0.893870
-0.394044
-0.520523
0.744966
0.422336
-0.927867
0.918890
-0.146730
-0.098949
0.249237
-0.738585
0.003600
-0.686879
0.852552
-0.340945
0.741873
1.000000
-0.085639
0.299710
0.609335
-0.213026
-0.427860
0.851696
0.336241
-0.259902
0.802219
0.893349
0.674465
-0.230778
0.095870
-0.093465
-0.523401
-0.525660
-0.145116
1.000000
0.256218
0.110300
0.213021
-0.860398
-0.676424
-0.142039
-0.780571
-0.740914
0.593296
0.193973
-0.911034
-0.642766
0.029243
0.524667
-0.093916
-0.895590
0.988272
0.587872
0.171809
-0.906457
0.073075
-0.390742
0.515918
-0.263134
0.738030
-0.297367
-0.863362
-0.924883
-0.532789
0.345041
-0.737705
0.446751
0.795528
-0.802070
-0.027091
0.970118
0.941913
-0.939835
-0.876759
0.715519
-0.644757
-0.287357
-0.273417
-0.358238
-0.379840
0.751828
-0.026863
-0.630337
-0.059072
-0.652506
-0.899448
-0.048112
0.598773
-0.109909
-0.276392
-0.874506
0.704634
0.899250
0.574979
0.099254
0.599149
0.317943
-0.306152
0.934870
0.276591
-0.442939
-0.627772
0.560068
0.770100
-0.616935
0.281654
0.962331
0.912188
-0.748122
0.282355
-0.723626
-0.705489
0.520459
0.274737
-0.555084
0.538925
-0.739494
0.623090
0.119438
0.985382
-0.996501
-0.606091
0.191310
0.121505
-0.743890
0.047667
-0.732106
-0.808040
0.231375
0.916036
-0.563582
-0.074290
0.385789
-0.374171
0.512814
0.817106
0.384583
0.778644
0.029030
0.814422
0.292619
0.253694
-0.877681
0.691154
-1.000000
0.233908
0.803923
0.077373
-0.832421
0.942603
0.462162
0.853583
-0.921747
-0.653131
-0.658492
-0.295111
0.711546
0.573135
-0.500838
-0.955440
0.217051
