-0.810980
-0.291027
0.644970
0.812374
-0.200463
-0.609597
-0.819338
0.924046
-0.907751
-0.632490
0.209239
0.500696
0.173996
-1.000000
-0.189727
-0.744363
0.758851
0.944935
0.442379
0.039640
0.554045
-0.577301
0.285053
-0.384299
0.694687
0.911266
-0.170322
-0.792119
1.000000
0.639126
0.064786
0.018153
-0.494588
-0.388165
0.386774
0.520102
0.687306
-0.362449
0.307798
0.028191
-0.024420
-0.006489
1.000000
-0.619598
-0.647924
0.431125
0.735182
-0.155780
-0.598720
0.240505
-0.141144
0.023612
0.230853
0.339316
-0.988368
-0.887911
-0.642276
-0.023228
-0.142562
0.431401
-0.296238
-0.245741
0.219172
0.429972
-0.593980
-0.041658
-0.590222
0.142829
-0.885197
-0.134224
-0.223921
-0.419588
-0.477522
-0.220825
0.768930
-0.326020
0.699903
-0.311363
0.954527
-0.222553
-0.811441
-0.886747
-0.892719
-0.464046
-0.550741
-0.255809
-0.591502
-0.283073
0.966869
-0.149423
-0.745530
0.130405
0.830579
0.875845
0.215987
0.193230
-0.835934
-0.894826
-0.673178
0.641479
-0.127673
0.192808
0.160548
-0.675117
-0.116593
0.910362
0.082895
-0.048526
0.637636
0.663628
-0.326921
0.507452
-0.830184
0.951040
-0.389165
-0.478213
0.497267
0.759943
0.194160
-0.913037
0.252914
0.170743
0.541498
-0.368826
-0.638170
-1.000000
-0.599021
0.722328
0.038346
0.605644
0.444814
-0.295197
0.012549
0.064242
-0.984527
0.620533
-0.626306
0.073100
0.485609
0.381125
0.247112
0.127540
0.849016
-0.667160
0.422738
0.975806
-0.511158
-0.961985
0.946913
-0.340065
0.558735
-0.560374
-0.399064
0.626082
0.726534
-0.481742
0.886611
-0.168270
-0.609953
0.551372
0.667740
-0.929150
0.886842
-0.228128
-0.456702
0.130206
0.425737
-0.694378
-0.263340
0.917276
-0.277696
-0.693413
-0.870392
-0.619280
-0.425553
-0.860742
0.999382
0.732232
-0.886358
0.620005
0.507776
-0.711470
0.560981
0.248609
-1.000000
-0.475956
0.126546
0.169923
-0.814980
-0.233311
-0.527173
-0.291440
0.320186
0.845027
-0.769482
-0.040133
-0.329517
0.212053
-0.992701
-0.087493
0.031767
-0.070006
-0.679299
0.798322
0.841478
-0.585184
0.687566
0.789226
0.750714
-0.245358
0.508548
0.948698
0.226591
-0.139293
0.465732
0.460115
0.659495
0.731744
0.359909
0.417641
0.811725
-0.845965
-0.934376
-0.595496
0.422157
-0.446749
-0.624426
0.952433
0.301726
-0.458184
-0.553548
0.329268
0.790719
0.954468
-0.287808
-0.937729
0.092453
-0.124007
0.476995
0.002715
-0.611101
-0.638811
0.442744
-0.463527
-0.531306
-0.333332
0.666965
0.646972
0.913571
-0.649307
0.865486
-0.922266
0.087694
-0.934113
-0.423136
0.085867
0.282074
0.669413
0.909332
0.665315
-0.311979
0.427548
-0.910228
0.638912
0.984856
