-0.881956
-0.698999
0.575605
0.307826
-0.202310
0.296960
-0.525848
-0.607555
1.000000
0.524105
0.633661
-0.492156
-0.478908
-0.043531
-1.000000
-0.240395
0.300681
-1.000000
-0.082935
-0.525319
-0.175503
0.335915
-0.951133
-0.772355
-0.116290
-0.335720
-0.170500
0.120474
-1.000000
-0.802947
0.673994
1.000000
-0.077194
-0.744966
-0.428598
0.393519
0.485569
0.349855
1.000000
0.733891
-0.878349
0.638175
-0.275506
-1.000000
0.058480
0.011276
-0.667202
0.294425
0.793876
-0.358149
0.539556
-0.143187
0.843967
-0.387144
-1.000000
0.261712
0.196364
-0.944460
0.147724
-0.329155
0.604538
-1.000000
-0.487070
0.296150
0.782727
-0.677841
-0.257341
-0.207818
1.000000
0.939358
-0.275528
-1.000000
0.696796
-1.000000
-0.285378
-0.247801
0.896274
0.701375
0.458964
-0.215997
0.765073
0.589821
0.607063
-0.116978
0.692110
-1.000000
-1.000000
-0.797241
-1.000000
-0.867414
-0.675873
-0.160703
-0.768946
-0.346320
-0.749207
-0.437275
0.993641
-0.096282
0.483379
-0.055602
0.562460
-0.003492
0.037718
-1.000000
1.000000
-0.970104
-0.495157
-0.428490
-0.546571
0.568223
0.612993
-0.365749
0.225853
0.065429
-0.393102
1.000000
-0.989775
0.712697
1.000000
-0.428970
0.919013
-1.000000
0.247210
-0.197519
-0.237332
0.522339
-1.000000
0.618658
-0.238929
-0.688301
0.342435
-0.873873
1.000000
-0.330408
0.272674
0.197808
0.680499
1.000000
0.495513
-0.137760
0.470999
-0.377690
-1.000000
-0.110308
-0.944967
1.000000
0.771657
0.077805
-0.954069
0.358908
1.000000
-1.000000
0.526512
0.623197
0.804412
-1.000000
-0.065781
-0.165031
-0.919999
0.421089
-1.000000
-0.364776
-0.976296
-1.000000
-0.418798
-0.293175
0.135754
-0.755125
-0.546018
0.374941
0.047508
-1.000000
-0.650578
-0.216449
-0.513405
-0.666248
-0.924704
0.590079
0.894404
0.019396
0.167141
0.534014
1.000000
-0.669175
-0.168076
-0.697559
0.915896
0.143921
0.889355
-0.942815
0.087628
0.505031
-0.962998
-0.964583
0.315001
0.171003
0.538391
-0.597366
0.201415
0.484630
0.684723
0.241057
0.404135
-1.000000
-0.303531
-0.754019
0.200060
0.379176
-0.449718
1.000000
-0.588676
0.006596
-0.215175
1.000000
0.165230
-0.395890
-1.000000
0.246625
-0.020608
-0.860898
1.000000
0.117767
-0.043758
-0.189750
-1.000000
0.010652
-1.000000
-0.424603
0.986317
-0.962673
-1.000000
-0.476399
-0.563975
-0.086423
0.226221
-0.023290
-0.270624
-0.650035
1.000000
-0.815111
0.447787
0.739728
-0.022638
1.000000
-0.022049
0.190828
-0.611877
-0.181688
0.239290
-0.107846
0.646516
0.998521
0.562219
-0.630515
-0.250348
-1.000000
0.681356
0.707074
0.546031
0.180853
-0.582289
0.257969
0.893171
-1.000000
-0.346570
