-0.147388
-0.879646
0.628804
-0.094847
-1.000000
0.939362
0.262638
-0.206561
0.915384
-1.000000
1.000000
0.290823
-0.636827
0.475191
-1.000000
0.577302
-0.007629
1.000000
-0.220099
0.812283
-0.347749
0.203228
-0.741981
0.276145
-0.792788
1.000000
-0.352104
-0.820460
0.720239
-0.954698
0.597008
1.000000
0.298627
0.702776
-0.341763
-0.305107
1.000000
-0.958980
-0.632379
0.928803
0.498726
-0.612931
0.044379
0.188351
0.989248
-0.310850
0.554859
-0.209842
-1.000000
-0.180029
-0.490966
0.521754
0.056296
0.146344
-0.409923
-0.285022
0.381273
-0.095464
0.077475
-1.000000
0.633674
-0.185725
0.692658
0.788315
0.604847
0.153736
0.365814
0.670455
0.275806
0.915486
0.550562
-0.339288
-0.967257
-0.759843
-1.000000
0.122994
-1.000000
0.029705
0.698081
0.538092
0.366334
-0.269211
0.096573
-0.713260
0.566423
0.042541
0.570804
-0.224454
0.658420
0.919609
0.533003
0.527636
-0.447415
0.986648
0.607170
0.220338
-1.000000
-1.000000
-0.362335
-0.917683
-0.047728
-1.000000
-0.790132
0.590653
-0.646246
-1.000000
-0.141387
0.337599
-1.000000
0.411482
1.000000
0.374302
0.408455
-0.853855
1.000000
-0.214685
0.682831
0.057051
0.124479
0.842092
0.523461
0.126887
-0.173928
-0.200128
0.763553
0.865901
0.557280
1.000000
0.552830
1.000000
1.000000
-0.316165
0.477844
0.613699
0.041617
0.946216
-0.556154
-0.087328
-1.000000
0.220887
-0.266633
0.039036
-0.728267
0.516529
0.764247
1.000000
0.643585
0.608593
-0.231289
-0.727982
-0.656739
-0.950904
0.804853
-0.590962
1.000000
0.757431
0.071516
-0.199632
-0.503051
0.212796
-0.432813
-1.000000
0.139353
1.000000
0.309056
0.934551
-0.467673
0.064064
0.364923
-1.000000
0.440548
-0.479374
0.884441
1.000000
0.251364
0.218024
-0.384281
0.839784
1.000000
0.048970
-0.526189
-0.552529
-0.290687
0.661972
-0.610097
1.000000
0.879683
0.865084
-1.000000
0.968583
0.194690
-1.000000
0.286091
0.269657
0.173930
0.314839
-1.000000
1.000000
-0.999718
-0.436173
-0.287099
0.840230
0.196451
0.932066
-0.890224
-0.835868
-1.000000
-0.425023
-0.514563
-0.287763
-0.886116
-0.168674
-0.404039
1.000000
0.585111
0.259143
1.000000
-0.433348
0.667943
-0.807333
-0.574217
1.000000
1.000000
0.961941
0.093098
0.071389
-1.000000
0.954828
1.000000
0.164559
-1.000000
-0.197319
0.603012
-1.000000
0.599353
-0.422223
0.496771
0.468499
0.885042
1.000000
0.816767
0.193142
0.476527
0.999115
-0.322859
-0.352910
0.245810
1.000000
0.286648
-0.021164
-0.332005
0.146038
0.279574
0.006100
0.589831
0.553832
-0.799139
0.331502
1.000000
1.000000
1.000000
-1.000000
0.925819
0.204832
-1.000000
