-0.517261
0.195819
-0.708254
-1.000000
-1.000000
0.614399
1.000000
-1.000000
-0.034276
0.314025
-1.000000
0.294025
-0.269019
1.000000
0.196858
-0.961939
-0.287576
-0.705018
0.623538
0.920605
1.000000
0.896837
1.000000
-0.211464
0.451321
0.352228
0.845744
-0.874851
-1.000000
-0.398469
-0.497498
-0.553322
-0.327534
1.000000
-0.166836
-0.624987
0.942001
0.187201
0.229925
-0.104492
-1.000000
0.445388
0.838084
0.669321
-0.931829
-1.000000
0.713579
-0.752738
-1.000000
-0.043937
-0.349251
0.371934
0.237140
0.053801
0.494546
0.940271
-0.487370
-1.000000
-1.000000
0.863387
0.004902
-1.000000
0.740443
1.000000
0.765238
0.979899
0.769750
-0.691394
0.234890
0.224272
1.000000
-1.000000
-0.111959
0.096222
-1.000000
-0.862103
-0.575278
0.889486
0.806487
-0.081495
0.961727
1.000000
0.510429
0.839511
-0.932965
-1.000000
0.813511
0.738849
1.000000
0.200864
-0.334992
-1.000000
0.089167
1.000000
-0.066320
0.850777
0.025324
0.439690
-0.265231
-1.000000
1.000000
1.000000
0.887328
-0.380495
-0.785456
0.295878
-0.765818
-0.882173
0.113023
-0.748109
-0.311693
-1.000000
0.331573
-0.418328
0.090710
0.859632
-0.822288
-1.000000
-0.329542
0.562280
1.000000
1.000000
1.000000
-1.000000
0.342057
-0.604908
-0.359252
-0.375534
-0.996557
-0.306633
-1.000000
-0.145975
0.957410
0.765707
-0.411330
0.694337
1.000000
-0.132913
-0.501654
-0.461544
-1.000000
0.112298
-0.855387
0.208972
-0.854900
0.976673
-0.000720
1.000000
-0.764063
0.059460
0.037344
-0.833887
0.643454
1.000000
-0.888507
-1.000000
0.914350
-1.000000
-0.882137
-0.187316
0.195386
-0.003830
-0.269985
-0.333701
-0.067664
-0.282544
-1.000000
0.818574
-0.589176
0.170958
-0.190028
1.000000
-0.404249
-0.062612
0.068055
-0.989553
0.484694
0.408289
1.000000
1.000000
-0.810315
-1.000000
-0.128641
1.000000
-0.306356
1.000000
0.666601
0.214652
-0.678963
-0.388215
-0.021497
-1.000000
-0.840476
-0.068847
0.181891
-1.000000
-0.061032
-0.518472
0.481814
0.429578
1.000000
0.315799
0.052701
1.000000
0.922210
-0.164460
-1.000000
-0.799262
-0.934191
-0.509341
0.633921
0.054498
-0.112720
-0.002134
1.000000
0.260010
-0.909066
0.427813
0.028138
0.372563
-0.850352
0.009666
0.116033
0.504170
-1.000000
0.251337
0.247080
0.456357
0.876819
0.117219
-1.000000
-0.273633
0.718559
-0.235688
0.237358
-0.528691
0.109733
0.499733
-1.000000
0.813309
-1.000000
-0.638705
0.360134
0.555764
-0.650193
-0.693991
1.000000
-0.383555
0.303549
-1.000000
-0.393754
0.128913
-1.000000
0.037075
-0.527616
-0.853154
-0.735778
1.000000
0.991670
1.000000
-0.422269
-0.827504
-0.739586
-0.743060
1.000000
