-107.000000
3.000000
100.000000
-1.000000
-1.000000
1.000000
82.000000
-1.000000
-1.000000
-1.000000
-0.624706
0.796359
-0.573332
0.814751
0.491524
-1.000000
-0.031557
0.108736
-0.464243
0.562648
-0.945165
-0.942519
-0.080294
-0.044455
0.989932
-0.900151
-0.965623
-0.221926
-0.686626
0.515087
-0.093952
0.231248
0.405123
-0.714364
-0.148152
0.310619
0.847889
0.887038
-0.576077
-0.239058
-0.627316
0.839235
-0.803849
-0.941195
-0.272675
0.418305
0.149812
-0.209712
0.551050
-0.421120
0.657106
0.042316
0.216629
0.239472
-0.173999
0.128484
-1.000000
-1.000000
0.009363
0.996412
1.000000
0.795425
0.669803
-0.948830
1.000000
0.164312
-0.080484
0.782158
-0.821544
0.291917
-1.000000
0.356419
0.466330
-0.439842
-0.342529
0.986460
0.827282
-0.919972
0.359334
-1.000000
0.929473
-0.691929
0.459952
-0.662646
0.471077
-0.652285
0.009842
0.838730
-0.884361
-0.647926
-0.097027
-0.538064
-0.072306
1.000000
0.555561
-0.342313
-0.300585
-0.274090
-0.043879
0.150240
-0.403299
-0.251857
0.323000
0.170209
0.618221
0.733885
-0.400839
0.333924
0.150757
-0.381510
0.352956
0.830884
-0.635801
-0.736854
0.946363
0.604958
-0.639242
-0.767711
-0.465120
0.631002
-0.843533
0.362905
0.959783
-1.000000
-0.376092
0.003371
-0.723076
-0.999086
-0.538505
-0.818129
-1.000000
0.026889
-0.953676
-0.203541
0.720074
-0.376405
0.987696
0.861452
0.081440
-0.631814
-0.708019
1.000000
-0.228784
0.372250
-0.064032
0.954050
0.014181
-0.019517
-0.749823
0.878955
-0.141644
-0.980362
-0.524603
0.582360
0.730665
-0.415468
-0.253410
-0.910328
0.497110
0.119345
0.690186
-0.795009
0.573564
-0.781720
-0.773531
-0.510247
0.357218
-0.377340
-0.040728
-0.292898
1.000000
1.000000
0.815310
0.674346
0.033684
0.171582
0.505854
0.838553
-0.468896
0.676128
0.350793
-0.192450
-0.492681
0.969584
-0.525328
0.247023
-0.278027
-0.736102
0.036891
-0.771576
0.230914
0.406686
0.901299
0.183817
-0.655957
0.264526
0.717392
0.703532
0.309419
-0.529930
0.891349
-0.290892
0.204601
0.050153
0.589331
-0.151888
0.314856
-0.011849
-0.276678
0.485973
-0.374401
0.146327
-0.933231
-0.807071
0.242610
-0.601555
0.572906
0.348384
0.974288
-0.284020
-0.823171
1.000000
0.567317
0.440873
0.669193
-0.515737
-0.277143
-0.150769
-0.720507
-0.279690
-0.981706
-0.535300
0.111195
0.667180
-0.133287
-0.706627
-0.034011
0.306823
0.094423
0.592146
0.839376
0.845090
-0.781428
-0.180495
-0.293767
0.640252
-0.570914
0.610823
0.303159
-0.053133
-0.362628
-0.537230
-0.400311
-0.265382
-0.105149
-0.645800
-0.101265
1.000000
0.407123
-0.413414
0.448539
-0.426831
0.699541
0.024481
-0.168690
0.427906
-0.270865
-1.000000
1.000000
-0.953448
0.801343
-0.429441
-0.816141
0.684457
-0.645441
