-0.273936
-0.891697
0.404968
-0.281231
0.225983
-0.201104
-0.139709
-0.438379
1.000000
-0.126541
-0.924257
-0.606838
-0.726375
0.686926
-0.676970
0.154348
0.515701
1.000000
0.069096
0.265203
0.513589
-0.688969
-0.671780
0.321982
0.007898
0.116478
0.018479
1.000000
-0.292268
0.937116
0.323261
-0.858584
-0.982128
-0.309035
0.425853
-0.825469
-0.938255
-0.819752
0.194272
0.882343
-0.069548
0.360181
0.405034
1.000000
1.000000
-0.270559
-0.135684
-0.298488
-0.193129
-0.966492
0.746113
-1.000000
0.423088
0.074456
0.016381
-0.215201
0.652063
-1.000000
-0.153620
1.000000
0.365079
0.484614
-0.556595
-0.836274
0.861808
0.018931
-0.550083
-0.577378
-0.692289
0.110968
0.303017
-0.817613
0.400007
0.971387
-0.761616
-1.000000
0.353152
-0.267826
-0.666866
0.044384
-0.650074
-1.000000
1.000000
-0.303456
-0.001011
0.204293
-1.000000
-0.114429
-1.000000
0.709305
-0.813555
0.204783
0.880463
-1.000000
-1.000000
0.594894
-0.915616
0.677478
-0.073931
-0.415244
0.149796
-0.562299
0.650866
-1.000000
0.625182
0.574260
0.942949
0.899764
-1.000000
-0.009469
0.933069
-0.220418
-0.267855
-0.338187
-0.891806
-0.059818
0.720935
1.000000
-0.294876
-0.105036
0.708119
-0.133274
-0.307062
-0.268861
0.607317
1.000000
0.047925
1.000000
1.000000
-0.075450
-0.664516
-0.576213
0.316560
0.862678
-0.157471
-0.036278
0.333534
-0.443368
-1.000000
-0.311296
-0.780693
1.000000
-0.373951
0.724961
0.645490
-0.109114
0.205594
-0.470876
-0.124237
-0.245258
0.129466
-0.162904
-0.587068
-0.994166
0.095152
-0.091494
0.138037
-0.174368
0.334827
0.114862
-0.500746
-0.898701
-0.684068
-0.804655
0.761906
0.725107
0.243318
0.812693
-0.346122
-0.733912
-1.000000
-0.156689
-0.788727
-0.102092
-0.153296
0.509756
-0.424451
0.401666
1.000000
-0.040301
0.419549
-0.276652
-0.655167
0.213696
-0.196934
0.282536
0.960579
0.368090
0.633817
0.883221
0.176066
-0.616814
-0.302125
0.861527
0.778996
-1.000000
-0.054313
0.841836
0.627197
0.402809
-0.348289
0.603786
-0.193244
-1.000000
0.019242
0.104439
0.156006
0.492602
1.000000
-0.639190
-0.901584
-0.576764
-0.460753
0.763421
0.126875
-0.442911
-0.348797
0.600220
0.286589
-0.869587
0.767212
-1.000000
0.575844
0.676241
1.000000
-0.218823
-0.666018
0.925870
0.408747
0.034634
-0.083873
-0.700042
1.000000
-0.806792
-0.025290
0.382093
0.783720
-0.748178
0.448466
-0.045656
-0.352054
-0.595603
-0.552881
-0.125897
-0.417282
0.293906
1.000000
-0.346082
0.240593
-0.398101
-0.543200
0.571754
-0.785948
-1.000000
-0.749749
0.222710
-0.422674
0.004992
-0.201072
-0.828123
-0.655340
-0.123852
-0.100394
-0.332339
0.654828
