0.571949
-0.072573
-0.352020
0.745395
0.821782
-0.882161
-1.000000
-0.597470
-0.414326
0.560267
-1.000000
-0.272950
0.778543
0.578409
-0.302675
0.128373
-0.352554
0.585722
-0.572786
0.290843
1.000000
0.923332
0.578293
0.791020
0.348734
-1.000000
0.536053
-0.350874
0.675754
-0.249862
-0.072780
-0.371160
-0.216784
-0.854524
0.137384
0.557281
-0.069175
-0.717174
-0.314537
-0.555207
-0.259867
-0.951517
-0.538331
-0.717535
0.059990
0.515442
0.727783
-0.284318
0.458467
-0.410693
0.727818
-0.578904
-0.165189
0.661309
-0.062071
-0.892860
-0.625442
0.091744
-0.099089
-0.965984
0.950025
-0.990772
-0.502481
0.750924
-1.000000
-0.682787
0.559853
-1.000000
0.285665
0.228899
-0.293836
-0.508342
-0.718091
-0.543601
0.109872
-0.987064
-0.504584
-0.161662
-0.586468
-0.792927
0.668123
-0.065046
-0.225820
0.576461
-0.329475
0.741951
-0.326958
0.178092
0.489298
0.073210
0.109114
-0.167249
0.923038
-0.785401
0.802338
0.184331
-0.205692
0.073864
-0.764316
0.418499
0.189275
0.171480
0.038244
0.646824
-0.370464
1.000000
0.069439
-0.711225
-1.000000
0.292691
-0.048712
-0.643681
-0.972114
0.322616
0.047115
0.435873
0.882550
0.175649
-1.000000
0.022357
-0.040007
0.409478
0.864832
-0.051858
-0.972250
-0.397748
-0.319403
0.716077
0.955628
0.589743
-0.126329
0.715938
0.730566
-0.346614
-0.119309
0.528186
-0.715037
0.183723
-0.099277
-0.247528
0.953016
0.333132
-0.328004
0.141032
0.610466
0.301524
0.168367
0.513072
-0.888940
-0.075746
0.298230
0.537096
0.306607
-0.864255
0.563061
0.105129
0.780402
-0.915794
1.000000
-0.332957
-0.106450
-0.320804
-1.000000
-1.000000
0.247210
0.675093
-0.321705
-0.803684
-0.724099
0.146734
-0.912149
0.321305
1.000000
0.834582
1.000000
-0.200861
0.681204
0.915997
-0.990066
-0.730330
0.662474
0.084328
-0.975614
0.703989
0.421769
0.618890
1.000000
0.771162
0.085303
0.066200
0.160315
0.433710
0.352349
0.420083
0.502079
0.542053
0.410240
0.973489
-0.576713
0.554169
-0.206638
0.767008
0.224649
0.315666
-0.476465
0.181686
0.539359
-0.979454
0.057781
-0.826486
-0.690201
-0.868137
-0.878771
0.112109
1.000000
0.639158
0.221423
-0.858478
0.599484
-0.500018
0.290183
0.126703
0.239949
-0.940798
0.309533
-0.504306
-0.328782
0.127006
0.356382
0.353604
-0.476009
0.529303
0.280798
-0.000264
-0.235276
-1.000000
-0.222202
-0.984823
0.906462
-0.238586
-0.926620
0.181372
0.249094
0.065457
-0.101035
-0.549253
0.660385
-0.903663
0.171210
0.317247
0.101091
-0.712780
-0.554615
-0.976158
0.089567
0.370094
0.812558
0.210314
-0.547470
-0.391769
-1.000000
-0.092502
-0.318280
0.184532
-0.607683
