-0.460974
-1.000000
0.413528
-0.887511
0.940697
0.976951
-0.826012
-0.740730
0.398453
-0.431955
0.016745
0.506894
-1.000000
-1.000000
-0.122843
0.786892
0.290769
0.310447
-0.062903
-0.832237
-0.287652
-1.000000
-0.578477
-0.912067
-0.260073
1.000000
0.938979
0.848724
0.883316
-0.317423
0.956281
0.781022
0.749356
0.536146
-0.793317
0.625166
0.504450
-0.691173
-1.000000
-0.848133
0.080346
-0.712711
-0.336066
0.313372
-0.845158
0.005409
0.007509
0.955714
0.990624
0.539276
0.982930
0.412466
-0.997397
0.132377
-0.466608
-0.497163
-0.577164
-0.694531
-0.294068
-0.458449
-0.480823
0.698716
-0.975275
-0.901504
0.600928
0.211292
-0.604788
0.807972
0.653214
0.384660
0.466187
0.664289
-0.038275
0.064539
0.316178
0.771112
0.040854
0.160754
-0.097379
0.263699
0.213684
0.857957
0.954934
0.601889
0.043251
-0.314857
0.341974
0.788272
1.000000
-0.240994
-0.891463
0.798991
0.744964
-0.234336
0.287264
-0.658602
-0.480596
-0.975941
-0.587971
-0.338557
-0.436472
0.568433
-0.769717
0.917118
0.167087
-0.037276
0.588818
-0.649641
-0.110236
-0.618696
-0.902122
-0.126362
0.085079
-0.570062
-0.191111
-0.040845
-0.705492
0.864605
0.364918
-0.865116
0.970181
-0.505430
-0.348127
-0.126903
-0.385300
-0.383263
-0.966920
-0.207115
0.352616
0.248898
-1.000000
-0.015520
0.291818
0.119203
-0.260154
-0.732850
0.828083
0.577473
0.562592
0.888775
-0.789687
0.131397
0.867690
-0.141049
-1.000000
-0.380013
0.952726
-0.155145
-0.872421
-0.465119
0.168251
0.097314
-0.545305
0.141364
0.819866
0.721417
0.430931
-0.967202
0.342958
-0.423175
-1.000000
-0.663344
-1.000000
1.000000
0.615853
-0.498969
-0.852579
-0.245762
-0.973979
1.000000
0.505565
-0.045901
0.731972
-0.744177
0.210552
0.994481
-0.277479
0.400355
-0.833162
0.348941
-0.037331
-0.108712
-0.999945
0.144072
0.994419
-0.433827
0.466003
0.567376
0.111017
0.531359
-0.970534
-0.731611
0.164860
-1.000000
0.060347
0.737109
-1.000000
0.593769
-0.056600
0.484840
-0.203792
-0.820636
-0.645617
-0.326371
-0.242806
0.938985
0.590849
0.888419
-0.805627
1.000000
0.160249
-0.974895
-0.094863
0.111593
-0.835949
-0.848089
-0.724234
-0.625392
1.000000
1.000000
-0.841409
0.302914
0.661570
0.955914
-0.365369
0.808096
-1.000000
0.430388
1.000000
0.865244
-0.236898
-0.557683
-0.107670
0.923711
-0.635923
-0.013784
0.851942
-0.207951
-0.046246
0.745521
-0.229912
0.120893
0.461470
0.251219
0.162804
-1.000000
-0.366493
-1.000000
-0.752404
0.426494
-0.526718
0.816841
1.000000
0.262329
0.821356
-0.279950
0.959512
0.503737
-0.260553
-0.002251
-0.662195
-0.976367
0.816357
0.258968
0.030052
