-0.906342
-0.484638
0.455130
-0.264411
-0.191042
0.199683
-0.706880
0.097510
-0.648034
0.426339
-0.840649
-0.323444
0.190154
0.650171
0.865915
0.930095
-0.138690
-0.911243
-0.440514
0.349747
-0.092754
0.733166
-0.044455
-0.111744
-0.370869
0.235058
0.973688
-0.104771
1.000000
0.501126
-1.000000
-0.861304
1.000000
-0.454170
0.073257
0.931425
-0.693461
-0.401977
0.253590
0.650529
0.621531
-0.210897
0.072733
0.812524
0.524356
0.244145
-0.348194
-0.206025
-0.903779
-0.706993
-0.280502
0.360629
0.465719
0.976664
0.436620
-0.770337
-0.178591
-0.428268
-0.650646
0.189360
-0.735162
0.591901
-0.644002
-0.399742
1.000000
-0.343735
0.615916
0.656306
-0.536818
0.931950
-0.236802
0.100815
0.019948
-0.953867
-0.121137
-0.551976
-1.000000
0.315645
0.244956
0.052997
-0.467025
-0.421975
0.076876
-0.171765
0.927339
0.023005
0.635012
-0.405778
0.354035
-0.051104
0.411900
-0.430352
0.140415
-0.343306
-0.473026
0.790175
-0.904457
-0.734872
-0.057265
-0.588575
0.323310
0.026714
-0.255702
0.205065
-0.497991
0.915865
0.382039
-0.486559
0.180456
-1.000000
0.037194
0.169814
-0.734559
0.491334
-0.776735
-0.259548
-0.223429
-0.453212
0.657214
-0.111730
-1.000000
0.962670
0.982962
0.376715
0.869203
0.562776
-0.727629
0.257036
-0.452671
-0.011332
-0.207409
0.927913
-0.889873
-0.791040
-0.738654
-0.484757
-0.840835
-0.570522
0.152177
-0.015377
0.231091
0.795119
-0.157335
-0.409605
-0.613451
-0.372832
-0.299026
-0.669325
-0.041637
-0.270630
-0.721878
-0.031993
-0.649858
-0.593868
-0.616985
-0.215272
-0.831892
0.834162
-0.323872
0.650981
0.387582
-0.775140
0.111720
-0.196963
0.700976
-0.192242
-1.000000
-0.989257
-0.413531
0.837835
-0.201760
-0.592613
0.950501
-0.570303
0.020905
0.781545
0.002914
-0.475180
-0.803699
0.749062
-0.597343
-0.335426
-0.123833
0.803751
-0.904055
0.849119
0.638708
0.165487
-0.744407
-0.379974
0.048633
0.908951
-0.979897
0.369105
-0.802209
-0.580734
-0.237758
0.859469
0.954141
0.753384
-0.201098
0.577015
-0.252964
0.013975
0.434202
-0.616267
-0.654684
0.716400
0.006674
0.806557
-0.628618
-0.900644
0.535172
0.468253
-0.342498
-0.109683
0.510172
0.383217
0.434851
0.276335
0.620597
0.642240
0.082754
1.000000
-0.665912
0.436268
0.405828
0.037002
0.607043
-0.474217
-0.019673
-0.516991
0.749561
0.847743
0.363775
0.806625
-0.380534
-0.936528
-0.953184
0.778112
-0.501101
0.766274
1.000000
-0.153066
0.100197
-1.000000
-0.307200
0.373688
-0.567718
-0.824910
-0.981448
-0.038409
0.343712
-0.398248
0.219585
0.737232
0.264003
0.131120
0.588371
0.887760
-0.511446
-0.298647
0.860026
-0.943844
0.535866
