-0.237575
-0.569982
0.263593
-0.428234
0.629563
0.814180
0.623945
-0.565676
-0.672283
0.430075
0.132238
0.171596
-0.491718
0.792533
-0.289158
0.398550
-0.121927
-0.661655
0.539296
-0.181040
0.616129
0.371612
-0.326288
0.690918
-0.361296
0.535594
-0.875444
-0.803377
-0.883028
0.961473
0.410454
-0.148887
-0.633045
-0.647112
0.031993
0.206923
0.484491
0.047703
-0.565714
-0.435126
0.455876
0.415527
0.215896
0.115806
0.170979
-0.284572
-0.292070
-0.022443
0.839192
-0.681625
-0.162913
-0.824853
0.305340
0.890174
-0.041779
0.531036
-0.799682
-0.349625
0.801438
0.444846
0.228119
0.786407
0.560537
0.558198
0.219726
0.643817
-0.219386
-0.251239
-0.054513
0.750524
-0.858924
-0.962523
-0.462143
-0.926043
0.202934
0.305437
0.002463
0.510413
-0.119442
-0.376388
-0.680651
0.736359
-0.948780
0.164123
-0.733998
-0.930483
0.872333
0.812128
0.182413
0.962694
0.385976
-0.511301
0.239622
0.292965
0.433436
-0.369205
-0.111825
-0.231978
0.344154
-0.486716
-0.534016
0.284492
-0.494093
0.932161
-0.921920
0.407793
-0.671832
0.814017
0.695766
-0.259346
-0.857610
-0.720159
-0.556192
-0.037725
0.412427
-0.809972
-1.000000
0.772549
-0.034066
0.868994
-0.204993
0.829177
0.894060
0.808211
0.018271
-0.128792
-0.490620
0.234868
0.504956
-0.051614
-0.737014
-0.454888
0.532097
0.308649
0.492626
0.551748
-0.043948
0.635871
1.000000
-0.029278
0.173954
-0.006257
-0.192589
-0.541713
0.369128
0.300596
-0.293391
0.575568
0.226850
-0.513235
0.958587
-0.245051
-0.573690
0.871081
0.859947
0.747473
-0.129625
-0.444698
-0.886571
0.562188
0.920142
-1.000000
-0.122467
0.802273
0.314053
-0.866388
0.405211
-0.352655
-0.692048
-0.322032
-0.353172
-0.651121
0.112040
-0.740115
0.364533
-0.388034
-0.916811
-0.752218
-0.607182
-0.167949
0.358663
-0.166069
0.262478
0.628516
0.836013
-0.011134
0.898457
-0.056715
0.149408
0.289018
0.651558
-0.023155
-0.493952
-0.165271
-1.000000
0.370568
-0.837284
-0.101079
0.826274
0.044577
0.923781
-0.157013
0.521322
0.292136
-0.107481
0.752692
-0.694737
0.266751
-0.336075
0.108423
-0.771001
-0.064230
0.459982
-0.110385
-0.202360
0.655639
0.062594
-0.064288
0.949275
-0.113710
0.874365
-0.433144
-0.510365
-0.926007
-0.111985
-0.093032
-0.952661
-0.632593
0.239300
0.845379
0.289264
0.215885
0.394991
-0.098274
-0.189014
0.388101
-0.182842
0.329242
-0.453784
-0.511366
-0.719699
-0.642553
0.018950
-0.281176
0.227749
0.278361
0.754104
-0.363875
0.667236
-0.058990
-0.909354
0.656538
-0.415667
-0.551263
0.956798
0.230869
-0.638615
0.782663
-0.609290
-0.853190
0.286175
0.863086
0.974732
0.991372
-0.785965
