1.672000000000010687e+02
6.000000000000000000e+00
-1.000000000000000000e+00
7.400000000000000000e+01
2.400000000000000000e+01
-1.000000000000000000e+00
6.040000000000033253e+01
1.120000000000023022e+01
8.080000000000018190e+01
5.680000000000032401e+01
1.556190000000000073e-01
4.969129999999999936e-01
-3.573660000000000170e-01
4.917929999999999802e-01
-6.423590000000000133e-01
-2.947890000000000232e-01
-4.354020000000000112e-01
2.055389999999999995e-01
-4.174209999999999865e-01
5.830389999999999739e-01
-9.329290000000000083e-01
-1.000000000000000000e+00
8.379659999999999886e-01
2.292720000000000036e-01
-3.801059999999999994e-01
8.986800000000000344e-01
8.542549999999999866e-01
7.549160000000000315e-01
3.087989999999999902e-01
9.810790000000000344e-01
-3.522290000000000143e-01
-7.883459999999999912e-01
7.939190000000000413e-01
-1.000000000000000000e+00
4.427889999999999882e-01
2.633889999999999842e-01
-3.205879999999999841e-01
3.840910000000000157e-01
6.028810000000000002e-01
-1.726020000000000054e-01
-3.439570000000000127e-01
8.155790000000000539e-01
-1.000000000000000000e+00
1.000000000000000000e+00
-8.357909999999999506e-01
8.225029999999999841e-01
1.000000000000000000e+00
9.900200000000000111e-01
1.130189999999999945e-01
-2.281779999999999919e-01
-9.432000000000000384e-01
7.327979999999999494e-01
8.135029999999999761e-01
-3.530999999999999851e-03
-5.892150000000000443e-01
4.929299999999999793e-01
-1.322079999999999922e-01
-2.842489999999999739e-01
7.193720000000000114e-01
-8.486909999999999732e-01
-7.488000000000000211e-01
-5.735120000000000218e-01
4.821759999999999935e-01
9.970590000000000286e-01
2.068000000000000116e-01
2.874309999999999921e-01
-4.629300000000000082e-02
2.836119999999999752e-01
-1.033459999999999934e-01
4.034989999999999966e-01
-8.959240000000000537e-01
5.718229999999999702e-01
9.651640000000000219e-01
-5.397070000000000478e-01
-1.398880000000000123e-01
-9.712020000000000097e-01
3.926500000000000129e-02
4.815909999999999913e-01
-5.602350000000000385e-01
-9.508490000000000553e-01
3.552449999999999775e-01
-1.000000000000000000e+00
-7.869329999999999936e-01
9.310019999999999962e-01
2.058010000000000117e-01
-5.356020000000000225e-01
-4.022330000000000072e-01
-2.966509999999999980e-01
6.421399999999999331e-02
6.991799999999999404e-02
5.542300000000000004e-02
2.686230000000000007e-01
-9.773669999999999858e-01
2.665620000000000211e-01
-8.972449999999999593e-01
5.325879999999999503e-01
6.948999999999999622e-02
8.012810000000000210e-01
8.397090000000000387e-01
-1.824149999999999938e-01
5.544750000000000512e-01
2.708860000000000157e-01
-6.768250000000000099e-01
-9.258539999999999548e-01
-2.951099999999999904e-02
-1.496499999999999914e-02
1.000000000000000000e+00
5.276319999999999899e-01
-6.785360000000000280e-01
-2.457870000000000055e-01
-1.758709999999999996e-01
-3.249699999999999811e-01
1.000000000000000000e+00
1.046119999999999967e-01
1.022300000000000014e-01
-6.740960000000000285e-01
7.753000000000000343e-03
-1.695570000000000133e-01
-8.154719999999999747e-01
2.741620000000000168e-01
-9.339349999999999596e-01
1.077049999999999952e-01
6.187620000000000342e-01
2.001400000000000123e-01
9.530009999999999870e-01
-1.000000000000000000e+00
-3.926299999999999929e-02
9.766329999999999734e-01
6.726100000000000134e-02
-5.835970000000000324e-01
2.961770000000000236e-01
2.683100000000000068e-02
8.019199999999999939e-02
-4.204829999999999957e-01
-1.917830000000000090e-01
-3.972120000000000095e-01
7.330799999999999816e-02
4.195490000000000053e-01
7.332900000000000529e-02
1.695129999999999970e-01
-1.869409999999999961e-01
7.503419999999999535e-01
-4.620719999999999827e-01
8.779559999999999587e-01
1.000000000000000000e+00
-2.341870000000000063e-01
4.405490000000000239e-01
4.253850000000000131e-01
-8.579870000000000552e-01
-7.589010000000000478e-01
-4.310950000000000060e-01
-9.713089999999999780e-01
-1.000000000000000000e+00
-2.048409999999999953e-01
-1.000000000000000000e+00
2.162979999999999903e-01
3.922370000000000023e-01
2.511160000000000059e-01
-8.498369999999999536e-01
6.779070000000000373e-01
2.868089999999999806e-01
5.847109999999999808e-01
-1.321140000000000092e-01
-8.974699999999999900e-01
9.216419999999999613e-01
-3.731760000000000077e-01
8.609719999999999596e-01
-2.232100000000000056e-02
-2.351340000000000097e-01
3.509920000000000262e-01
5.992650000000000476e-01
-8.197539999999999827e-01
8.827749999999999764e-01
4.806719999999999882e-01
-4.730779999999999985e-01
3.072000000000000078e-02
6.702399999999999469e-01
7.761930000000000218e-01
6.972699999999999454e-01
-9.183409999999999629e-01
-5.087479999999999780e-01
7.493090000000000028e-01
7.228390000000000093e-01
-6.687899999999999401e-02
9.967589999999999506e-01
7.396580000000000377e-01
-6.088400000000000062e-02
2.625709999999999988e-01
-4.574949999999999850e-01
-5.399650000000000283e-01
-1.372100000000000056e-02
2.492060000000000108e-01
7.967260000000000453e-01
9.510650000000000492e-01
-2.450690000000000091e-01
3.958300000000000152e-01
2.956179999999999919e-01
-5.474740000000000162e-01
2.941300000000000164e-02
3.058850000000000180e-01
1.424660000000000093e-01
9.839820000000000233e-01
-7.015899999999999914e-02
5.834789999999999699e-01
1.755829999999999891e-01
-9.498550000000000049e-01
-2.686020000000000074e-01
6.550669999999999549e-01
-4.299410000000000176e-01
6.660289999999999822e-01
5.251719999999999722e-01
-2.904599999999999960e-01
-3.875359999999999916e-01
-2.319809999999999928e-01
9.458090000000000108e-01
1.814299999999999941e-02
6.734069999999999778e-01
5.568520000000000136e-01
-6.323959999999999582e-01
-6.893590000000000551e-01
3.600400000000000128e-02
1.042900000000000077e-02
8.897610000000000241e-01
2.804030000000000133e-01
5.833580000000000432e-01
1.397760000000000113e-01
-1.000000000000000000e+00
6.642430000000000279e-01
-8.022080000000000322e-01
-1.642160000000000009e-01
-2.959260000000000224e-01
9.079300000000000148e-01
-9.857029999999999959e-01
6.591069999999999984e-01
8.158220000000000471e-01
2.517110000000000181e-01
-6.676090000000000080e-01
2.110970000000000069e-01
2.180870000000000031e-01
-7.756210000000000049e-01
-9.568050000000000166e-01
1.203440000000000065e-01
2.893240000000000256e-01
-1.800009999999999943e-01
-4.639110000000000178e-01
-7.366580000000000350e-01
4.941860000000000142e-01
-5.808200000000000168e-02
-9.392650000000000166e-01
-6.002349999999999630e-01
-1.494890000000000108e-01
7.059889999999999777e-01
-3.825000000000000067e-01
7.335730000000000306e-01
-8.470579999999999776e-01
-2.595199999999999937e-02
-6.320609999999999840e-01
1.853239999999999887e-01
3.915620000000000211e-01
2.766540000000000110e-01
-7.753250000000000419e-01
-3.455590000000000050e-01
-2.816040000000000210e-01
9.980099999999999527e-01
1.961100000000000065e-01
-8.632599999999999996e-02
-1.927119999999999944e-01
-1.000000000000000000e+00
1.210499999999999944e-02
-5.215700000000000197e-02
7.245999999999999837e-03
1.500299999999999967e-01
6.227610000000000090e-01
8.018750000000000044e-01
-4.828339999999999854e-01
