6.060000000000109566e+01
5.000000000000000000e+00
-1.000000000000000000e+00
6.600000000000000000e+01
-1.000000000000000000e+00
-1.000000000000000000e+00
6.040000000000033253e+01
2.200000000000234213e+00
3.340000000000026859e+01
2.860000000000025722e+01
-9.728506391500304495e-01
1.543884877320855220e-01
-8.983953142517009383e-01
1.502769084611161876e-01
2.053444393547703140e-01
1.163390714579923824e-01
-4.137546349744622987e-01
9.837190345010908832e-01
9.725366716957657420e-01
-7.879890214757717670e-01
3.831729379732480290e-01
-4.564165842066540968e-01
9.275296577114644503e-01
8.677444032645733607e-01
-2.727650921702005071e-01
5.317754439699257096e-03
-6.038407720468230711e-01
-1.155458097057848743e-01
-4.676750666154028124e-02
6.820470129688716021e-01
-2.111912537777598242e-01
6.674305246076872589e-01
9.194216285358056684e-01
-8.874790280944631071e-01
-2.296975767009463709e-01
2.196868378165852120e-01
-3.654745786300117594e-01
-2.923232761729883666e-01
-3.308901188517108238e-01
3.219105186453341538e-01
-7.606689302239817430e-01
6.517774579627400033e-01
-5.328239585346588036e-01
3.532931860574892724e-01
-4.436788929819514005e-01
4.224496647645721858e-01
7.594010871254459616e-01
9.478826992008859698e-02
-4.857676908533914428e-01
-8.303388707169583327e-01
4.876883761591170874e-01
-3.111497673867821279e-01
7.886223507601739513e-01
5.381548450989783738e-01
-1.722629820055405769e-01
5.866754690789395266e-01
-8.124480115078218656e-01
-7.226989677953676861e-01
-6.372875627170608848e-01
6.521162797144326451e-01
6.756888499483775234e-01
5.002985510857573814e-01
2.329169342583010671e-01
7.687064998964106000e-01
-8.033178979906956396e-01
8.386146142205652687e-01
-4.872920089229564322e-01
2.045905440819259513e-01
-5.225584336146205100e-01
1.939850051444353962e-01
-1.494057813433233850e-01
4.355823187853857803e-02
-3.570232094757475050e-01
-3.273267985271118841e-01
-2.796237646422562451e-01
4.284347497217736445e-01
-3.949103350876397300e-01
-5.644819817987427601e-01
-2.634081070639817668e-01
2.610337534750810651e-01
2.311189606940433072e-01
-8.123592130746233320e-01
3.557104948786953269e-01
4.636653315859924351e-01
-1.659588791760984172e-01
7.116624752578775137e-01
4.180215069812209805e-02
-6.365205959297481897e-02
4.555212000688402263e-02
2.792171372484113512e-01
-3.916586420879195618e-01
4.826307262782281171e-02
9.710128344061490502e-01
3.458295935248935082e-01
-2.319509604931984104e-01
-1.684046749992156311e-01
9.484304357636816896e-01
6.215576661216912213e-02
3.618016716677927569e-01
7.418559747708814989e-01
-9.194404249418690611e-01
4.175402322671840638e-01
-1.978077454520410505e-01
-1.895552966870568401e-01
-6.627829510186598050e-01
1.386825143422876216e-01
-3.373057719684044997e-01
5.711566115781698816e-01
-5.868822520964325218e-01
-5.581991451417496197e-01
9.428697380358206370e-01
9.274051841359189918e-01
2.801926418274522379e-01
-8.070200268619600603e-01
-4.955146756460986346e-01
2.284468522105156385e-01
2.822992053702078064e-01
5.688271931414323745e-01
7.725752546936102139e-01
-6.902823578201719990e-01
6.622604129365992076e-01
7.024110657122408785e-01
-5.823154466072082425e-01
3.540809542694898227e-01
-1.807292441316865617e-01
-6.454935064140410184e-02
5.313912784702394809e-01
-7.958783111512959252e-01
9.072114313040804401e-01
-2.117926673049661535e-01
-8.124211100580189804e-01
-7.865829745198515965e-01
8.477755561276691942e-01
6.563527372071864541e-01
8.553163098958191934e-01
-9.741941259166517764e-01
-7.270295536219517629e-01
4.321743996030918411e-01
2.508081968203363932e-01
2.364316045599810234e-01
-3.486535127556533720e-01
-4.904382165996119536e-01
-8.364086057207289482e-01
-1.964684915191476922e-01
6.578608477244363151e-02
5.454682493494915629e-01
8.249279901393471448e-01
-2.245718371833039795e-01
-9.420977423843732712e-01
-9.383741767383546595e-02
-4.645399582475466804e-01
4.569348898152796323e-01
4.649692593991028300e-01
-5.353529166636747938e-01
1.596685893605682693e-01
9.897176283927380247e-01
7.173279943634616185e-01
6.132569106388832125e-01
5.921301087819967890e-01
-1.122311928199395403e-01
-5.021602763024080041e-01
2.618764619743836342e-01
9.756315090165812443e-02
5.639491090873292034e-01
-9.623200928713318003e-01
-9.311599257274620900e-01
-1.153939650953867968e-01
4.132303327276831695e-02
-4.334995209190852794e-01
5.337414591412575904e-02
-9.254695344530978751e-01
2.230419951133069123e-01
-5.605530448465909643e-01
4.511463108018463064e-01
-8.907849637280025323e-01
-2.142765075547834464e-01
7.549452934378257929e-01
-8.672696971166424795e-01
-9.945658094540591465e-01
-4.715961199300680029e-01
-7.076264149887725452e-01
-2.369823659800323057e-01
-3.268742280720602356e-01
7.826040433045025058e-01
-5.703615063242239991e-02
-1.694722952408707073e-01
6.683312788899531398e-02
3.595618330140646357e-01
-3.839756423722331391e-01
-2.462936211677901888e-02
-2.450895409123976521e-01
7.427329320121887068e-01
9.032182503635848292e-01
6.794752058382704796e-01
-9.961082276200448060e-01
-2.744513965000048294e-01
-4.865443240946103476e-01
-3.032812734095568508e-01
1.958781081938210100e-01
-6.947526570632407417e-01
-9.904118378999604566e-01
-6.120671148776610782e-01
-1.756532295279118472e-01
8.964589658195238897e-01
-3.994739541886820344e-01
9.777994918368286825e-01
5.653368725447371901e-02
-5.816140265533882303e-01
-1.037149684012312334e-01
5.929967869581009854e-01
2.399757066146430695e-01
-2.032846277730762097e-01
-2.205669947176374102e-01
8.339450509130443834e-01
-9.839475094703296065e-01
5.998496541870088627e-01
-6.139706763005405854e-01
5.220873386432767216e-01
1.017939109840952927e-01
-8.310673409358373398e-01
-8.685704238205604888e-02
-5.874296943332799614e-01
9.169001675479151459e-01
6.814651952937635926e-01
-5.920942771637252022e-01
6.959479956479559526e-01
-7.180562468875022475e-01
4.960863860704347594e-01
-6.407098357332212668e-01
8.759255907838974231e-01
-8.636054864019067079e-01
4.031694312907307953e-02
8.618730977245796510e-01
4.413708424882745174e-01
9.276469515683514189e-01
5.265853515933203166e-01
6.473444014595612916e-01
-3.903759697028230669e-01
-3.637293289538126029e-01
3.453649552569606485e-01
-4.563099376101484861e-01
8.820364063863324056e-01
9.313722711596874593e-01
6.186949798792631405e-01
-8.491739773041662165e-01
-4.415253391607583122e-01
-3.078326110304829832e-02
-7.883492035491184158e-01
6.708566717565389581e-02
4.533047895872772681e-01
-9.436341853315965977e-02
-3.279481558404890862e-01
-8.619909501846501065e-01
-4.508366316949357078e-01
4.121828874676940480e-01
1.461562415916843882e-01
-4.687122142383381984e-01
5.044142548294672235e-01
-4.750422501928694974e-01
-4.218287953191124373e-02
9.189140957436442436e-01
-4.295138011776158393e-01
4.129870723882456129e-01
-3.099508201105976024e-01
8.070293583774619250e-01
-4.001281969027878915e-01
2.999942058468434425e-01
6.642908306863686274e-01
7.737857364579887598e-01
-5.835079367637425740e-01
-6.606029632972523213e-01
-4.760114006787569130e-01
9.525097019896322514e-01
3.472345375931662481e-02
8.948384743236854622e-01
