9.720000000000085549e+01
5.000000000000000000e+00
-1.000000000000000000e+00
8.000000000000000000e+01
4.600000000000000000e+01
-1.000000000000000000e+00
5.980000000000033111e+01
-1.000000000000000000e+00
1.720000000000023022e+01
4.420000000000029416e+01
-4.681306397438224354e-02
8.427823731580547095e-02
7.636657196416554161e-01
9.538615625604820458e-01
3.367279957421407399e-01
-7.496614307787397014e-02
6.252352308142726800e-01
1.387734813608263451e-01
-4.545971100608603988e-01
1.858462468660435074e-01
-2.204449035440445570e-01
-4.784411270652518255e-01
-4.165186915338503493e-01
-3.297324125305344245e-01
9.050201746463333308e-01
3.532397526260584453e-01
-5.243542147001842846e-01
-4.879006581609177662e-01
-2.967630270313454943e-01
9.004801335526690931e-01
-2.577489082783273044e-01
1.019984149536956319e-01
-6.666014824535799743e-01
2.177904411650213867e-02
-4.738226410697909952e-01
-2.202394687101580928e-01
9.282882218030141797e-01
9.039258156954823598e-01
-7.679945613334414611e-01
9.714745149324950368e-01
4.332793255100719776e-01
7.152139311973635394e-01
-6.810247282495209831e-01
5.031036912833908303e-02
-4.196288823591294292e-01
7.567124114940342317e-01
-9.525358613042955724e-02
3.148900137050207881e-01
-6.824151992702924829e-01
5.738028197586590995e-01
3.961264958193155827e-02
-4.214960513699572697e-01
-6.821091504945648865e-01
2.612552568338413206e-01
7.802507286361091143e-01
-2.046305445762590658e-01
-5.081383787809130581e-01
-6.911754422260972808e-01
7.458813912216344377e-01
-4.729175431878349101e-01
-7.324309495912761925e-02
7.251156588307825501e-01
5.081408935183040487e-01
-6.592457590357098107e-01
9.208639029621144001e-01
3.430905243005935024e-01
-3.411843679954679187e-02
-6.561848963661967016e-01
-6.866643088575647980e-01
7.501319495511478141e-01
3.226219141700693571e-01
-5.354167263008768884e-01
4.888527155279727143e-01
8.391103180162466924e-01
-4.050604739286527423e-01
-5.885934871925997403e-01
9.354769770621071956e-01
-1.771220647710025631e-01
-4.358769301028467824e-01
7.240531461482448972e-01
5.290287742215862288e-01
3.750440704734446795e-01
9.408207507343020470e-01
5.998668785825995720e-01
-3.775132040270275935e-01
6.985964206784507358e-01
8.623177812311400015e-02
-8.100932681168970806e-01
9.230309828547520468e-01
3.967726715735147014e-01
-4.276733928242777427e-01
-4.885398859654470627e-01
-8.065389456462792594e-01
-1.940901974437360400e-01
7.467379568918851573e-01
2.146536429337866370e-01
-2.949580811602843244e-01
9.609884136477839789e-01
-8.319634672553493093e-01
-6.764347701665673895e-01
6.771577167382660800e-01
2.621341014126028490e-01
1.521224935956751734e-01
4.723962368987140725e-01
4.427180990853645248e-01
-2.370090681620710682e-01
-3.560206800022536200e-02
9.771495161604337731e-01
-9.929478182029003452e-01
1.000789813859093158e-03
-3.667516248600277695e-01
-6.724933569832021174e-01
-7.955514224789882460e-01
-3.241160002462277756e-01
-9.643866176884974273e-01
7.639886875591941351e-01
-3.072314072403717899e-01
8.309092782817215639e-01
-4.383096586901712444e-01
4.312298818182309645e-01
5.021351237810451895e-01
-5.526898315259363148e-01
-1.810210463016314886e-01
-5.663867105884317077e-01
5.630191924168970186e-01
4.253351728030559942e-01
-1.985963681293897443e-01
-3.507799695668886164e-01
1.000000000000000000e+00
-1.374301760922921334e-01
3.957140101394263088e-01
-9.449434339141360439e-03
7.422174733619424369e-02
-5.016856612167817087e-01
-2.837791755374320934e-01
8.761539813132259713e-01
3.050599722086823617e-01
-6.952046151482461633e-01
-1.879208729014899548e-01
5.174435656824378782e-01
-2.163225631561895845e-01
4.107932136968045489e-01
4.198456343312035877e-01
1.464644331744719974e-01
4.287407421156560483e-01
-6.473880373114178077e-01
-1.945552350773813999e-01
-4.837790049708312612e-01
8.821747217080990744e-01
4.701077712007110110e-01
-2.729910297878308523e-01
-6.041434740234830070e-01
3.676496212139266362e-01
-1.705273282526886258e-01
-4.008646120184720107e-01
7.021378131088250596e-01
9.262938678549773597e-01
9.991839156874633421e-01
-6.347167872928077825e-03
-6.890256070859304138e-01
-7.298591267567181573e-01
-3.597346631108080395e-01
8.297646372380651503e-02
-6.098054314723249103e-01
4.541504983188249245e-01
-3.174320272886319572e-01
-3.584907475971721436e-01
-8.073979547273879565e-01
-6.709375995706093887e-01
1.600274105000052405e-01
-1.781120514698714408e-01
4.069319283908379159e-01
4.471685564694571902e-01
-9.279630253886522739e-02
6.076338416728290781e-01
6.076154344191987411e-01
-8.580306424509407393e-01
8.789773262499624984e-01
1.706455692655339806e-01
6.586540020100725701e-02
5.196050767787698810e-01
2.275177291356882403e-01
1.567378275443460089e-01
-4.992067266525705427e-01
-2.230378193820323762e-01
-6.245308761723649127e-01
7.109155475799895374e-01
9.830965884249831532e-02
-5.891725496296551512e-01
-6.978589765258046418e-01
-5.088138134778811272e-01
5.601757307807851971e-01
1.647773972529797959e-03
8.797599352571188192e-01
5.486556618488444004e-01
5.573527373113229544e-03
-8.815325842726815520e-01
6.458578259736972305e-01
-9.240896814827306294e-01
3.042918902722608898e-01
1.207848314387203192e-01
2.723743150448105221e-01
9.787678266596557819e-01
-7.081578208554262233e-01
7.899242825413288482e-01
-1.590897598723921280e-01
1.709975656584288295e-01
8.593308604323806055e-01
8.837179691580259178e-01
7.504988630880629064e-01
-9.242913184039291963e-02
4.467116286418559845e-01
-4.357895111620267437e-01
4.932423427319013731e-01
-3.879859542597732247e-01
1.707451451458701364e-01
7.739732700125645515e-02
5.418730805432668829e-01
-5.504677934571486908e-01
-5.911862855186198473e-01
2.748893405420167468e-01
-7.127874723502305443e-01
2.451693155380124667e-01
-3.273054972612294833e-01
-8.637121494219879292e-01
1.490053018856720424e-01
-9.273344565363759173e-01
2.424505568054360349e-01
3.215511783956488401e-01
9.950165987461918604e-01
-1.752786564082435827e-01
-4.064497426005784786e-01
6.582232261451339550e-01
4.072497936811648733e-01
2.155516097844688561e-01
-3.428366883397644393e-01
-9.075775195333979362e-01
2.720897756705850101e-01
-2.528676080713958552e-01
4.731170452799016157e-01
-9.500887907787303188e-01
-1.756031020489350336e-01
1.220513156293889373e-01
6.037572951461301907e-01
-2.976221423389784349e-01
-4.098261890369255256e-01
4.112619092570235502e-01
-8.211810889157959981e-01
3.064910610853066597e-01
4.841075283161595522e-01
-4.113524378554886951e-01
6.087418865853839733e-01
-7.357598511863225887e-01
5.745481082040244658e-01
8.747751353936608076e-01
1.171038762018508511e-01
3.590987484995948886e-01
-2.655177631010915418e-01
9.896310387189379831e-01
-3.399911721584198965e-01
7.609431225131293441e-01
4.309692161563039026e-01
5.474691683036900791e-01
4.643814708226612353e-01
-1.666078970217695354e-01
-1.104232686496576243e-01
-1.231183761467758986e-01
8.612745542868203152e-01
-6.338190175732161258e-01
1.123430363006439059e-02
1.271169990803902028e-01
5.188590091341649391e-01
5.890919370923336507e-01
-3.887315452946087935e-01
-4.258907065837883033e-01
