3.580000000000111271e+01
5.000000000000000000e+00
-1.000000000000000000e+00
6.400000000000000000e+01
-1.000000000000000000e+00
-1.000000000000000000e+00
5.860000000000032827e+01
4.000000000002340572e-01
1.540000000000022773e+01
5.740000000000032543e+01
-4.576503821144793926e-01
3.067638854511303137e-01
7.728505815898720765e-01
-6.725990526168675876e-01
1.933537351445613894e-01
8.178511340540074448e-01
-1.000000000000000000e+00
-4.105710392805917985e-01
-1.000000000000000000e+00
6.377774059805096929e-02
-2.021908426244154455e-01
4.514497016130993301e-01
-2.379597542759081807e-01
-7.452327650311973972e-02
3.032772528993565309e-01
-1.000000000000000000e+00
8.463768346013479382e-01
-3.418425604262858020e-01
9.651763912238084941e-01
-4.486431370964704124e-01
2.327724792139349574e-01
5.948858021941683116e-02
-4.942045401891692613e-02
-6.931805290922280482e-01
-5.828274207453247591e-02
-1.000000000000000000e+00
-9.850021259035690591e-01
1.000000000000000000e+00
7.858092274867631843e-01
2.565576179244790089e-01
9.939763671158317049e-01
-6.595266696123459615e-01
4.536259922204751716e-01
-7.155549325940997463e-01
5.830093107081465442e-01
3.590846430667956612e-01
-2.530501252027638759e-01
-1.000000000000000000e+00
-1.256568275951051028e-01
8.235428229876415873e-01
5.965778061003710331e-01
1.000000000000000000e+00
-8.220918992468778663e-02
8.547704844817620717e-01
1.034681668676843691e-01
-5.801060338667155536e-01
-2.040965995774388086e-01
-4.626372168711533894e-01
1.000000000000000000e+00
6.123338435648767453e-02
1.000000000000000000e+00
5.555395082907796933e-01
5.978054221747781671e-01
-7.118778895733642864e-01
7.508575032036565178e-01
2.811689545240836363e-02
-5.117318102493473297e-01
-9.863199108170097595e-01
2.767411720796658647e-02
9.541388923181952642e-01
3.000653792282203525e-01
7.001689406504999491e-01
-3.089568875563774436e-02
-1.388556806424705581e-01
-4.341854591686842291e-01
-4.863723317050019368e-01
-5.197468309571263712e-01
2.372306927115201969e-01
-8.411068148626710261e-01
-3.567074568356004005e-01
-8.718110751943697334e-01
-8.960017312206205453e-01
-3.899160046536329638e-01
8.168774553152127194e-01
8.906453969626259015e-01
4.335095393869914937e-01
-1.000000000000000000e+00
-7.575090242748814262e-01
3.663928691009331051e-01
2.977398395585798552e-01
2.357933697756288138e-01
1.000000000000000000e+00
7.567113820833253346e-01
1.863243608081427971e-01
-1.000000000000000000e+00
-6.960068784573663070e-01
-2.215263717385828890e-01
1.178007420981133993e-02
-5.859264155748167280e-02
-1.004844870441851112e-01
-2.628815966157699302e-02
4.433415028712591188e-01
5.374623693475076847e-01
-4.878569406145774057e-01
-5.310073017120943151e-01
2.670067738723120310e-01
-8.491191506928233990e-01
2.364035546377350194e-01
2.256004759966437345e-01
9.196157436689458287e-01
1.044700309326726667e-01
6.069275425413205305e-01
6.781609557303966973e-01
4.469002409919304308e-01
4.712946602345960412e-01
4.017292307865774625e-01
-7.278033697824118908e-01
8.197958534852529677e-01
-7.496947712392873497e-02
1.343303020083205235e-01
-5.735656221893505879e-01
4.047238409191313835e-01
-1.294436912655171912e-01
-9.947726041674419539e-01
-4.616538680482210610e-01
9.720026959159070445e-01
1.000000000000000000e+00
-5.876079337291181259e-01
-1.542584479776532569e-01
-6.142387210136015518e-01
-1.617097873590512269e-01
4.232629352261865208e-01
3.252400283795781055e-03
6.143919741977460491e-01
-1.847651677482241017e-01
2.842173823164104718e-01
9.534725617552097798e-01
5.055401462781355937e-01
5.716675070702916805e-01
-7.621991475884261069e-01
1.000000000000000000e+00
6.101079950382511941e-01
-2.433734511635597675e-01
2.244118621472492858e-01
2.319136253479968657e-01
1.321124569197412169e-01
1.000000000000000000e+00
-8.211536022332500961e-02
1.000000000000000000e+00
-6.857690272976482149e-01
2.167045827076404529e-01
-3.019670459899809201e-02
-3.239705883554236943e-01
6.699587203888959230e-01
9.426328564973091018e-01
5.465810425245292148e-01
-3.709694635558586917e-01
1.195599558333129142e-01
4.135449726999423925e-01
-7.199186628085488815e-01
-4.465751401483794014e-01
-8.902935457102773009e-03
1.320125919692087813e-01
-5.457482082114859523e-01
-5.429888909779653772e-02
-1.726780028294787606e-01
4.941416743932522948e-01
-1.000000000000000000e+00
-9.944477835359444295e-01
-3.370742755483891462e-01
3.791685300147831228e-01
4.510646695227156777e-01
3.679571334354708734e-02
6.321225453567347330e-01
1.962674719172299020e-01
-1.000000000000000000e+00
-1.000000000000000000e+00
-2.796448167919444727e-01
9.568963187710889384e-01
-4.636655411443075803e-01
-5.189978914130428667e-01
1.187673904616812770e-01
1.000000000000000000e+00
-7.036175136641660277e-01
-2.687266982695890039e-01
-1.000000000000000000e+00
3.256549444712997232e-02
-7.754551422916277081e-01
8.227563269303157512e-01
-3.133330921201929464e-01
8.071618158045331670e-01
2.350471538323297971e-01
-1.890467707087096771e-01
-8.035782520918852700e-01
8.778986722591936021e-02
1.000000000000000000e+00
8.838019975521906879e-01
-9.229684815477667836e-02
-1.007639520302023861e-01
3.679684330884497312e-01
4.406841777526954718e-01
5.269075951827686399e-01
2.052022672531095271e-02
-1.810241203021499823e-01
-8.312873988546854997e-01
-1.000000000000000000e+00
2.919775235385652645e-01
-7.122883192503971506e-01
-1.441141058685522502e-01
3.027148473319752897e-01
6.508486195497620308e-01
-1.000000000000000000e+00
-2.027893812283096397e-02
7.416535210621562069e-01
-1.792174762204327698e-01
-6.294217361630149998e-01
1.000000000000000000e+00
-9.745340358698705296e-01
-4.707330638600264461e-01
5.944150014252836955e-01
-3.963311914479378251e-01
9.595399389607619511e-01
6.624395119638113449e-01
7.634216517771456045e-01
8.409328142880299062e-01
-6.415035982259038594e-01
-1.000000000000000000e+00
8.763304854226023899e-01
-5.428617280672041190e-01
2.545210495449216070e-01
8.635926082076943455e-01
9.972009935283268067e-01
1.209244226445471831e-01
8.537448729630475741e-01
7.330412918988148396e-01
1.219307007335521109e-01
-7.627598056952746841e-01
9.521236403396422521e-01
1.000000000000000000e+00
8.745955460473230081e-02
2.372548791643347421e-01
-2.553789449233191955e-01
5.360188602225467447e-01
2.582628806973469304e-02
6.946226031610933105e-02
-3.013534546201193098e-01
-6.186190642580032817e-01
-1.407434420300389677e-01
-1.728042872104132988e-01
6.096886656993474873e-02
5.017309096627933229e-01
-6.444894444896925867e-01
-3.271412349871547498e-01
3.142038472964647222e-01
-6.475879962684353286e-01
7.198225399764165422e-01
-1.000000000000000000e+00
-4.770997120886377729e-02
-5.564344134738454795e-01
6.511940756363014671e-02
-2.662768517355829090e-01
-9.657707644796760249e-01
3.623393294136759146e-01
3.386258030069816405e-02
-6.930108352196543420e-01
-8.772869274326376976e-01
7.971419442297786873e-01
7.765930080641095801e-01
-1.000000000000000000e+00
9.246833059700079738e-02
-2.389110037755760585e-01
-3.180482338101887074e-01
-2.588644531840056384e-02
7.949419705734142583e-02
-4.661732618785698334e-01
