-223.200000
3.000000
-1.000000
30.000000
-1.000000
-1.000000
-1.000000
-1.000000
46.000000
50.800000
0.155381
0.086579
0.085262
0.553240
0.358543
0.995138
-0.289131
-1.000000
-0.845480
-0.076796
0.333263
0.137197
-0.309314
-0.274192
-1.000000
-0.043775
0.534878
0.196442
0.332102
0.835642
0.542516
-0.901794
-0.864559
0.562616
0.065114
0.083793
-0.233039
0.087538
-0.052603
-0.685625
0.887511
0.418899
-0.628998
0.001305
0.836910
0.985597
0.804618
-0.416787
0.744756
-0.340523
0.266990
0.566765
-0.111871
0.923417
0.335336
0.715751
-0.591723
-0.921943
0.538616
0.901406
0.611857
0.202006
0.452892
-0.394236
0.358984
0.231380
0.830474
0.539867
-0.590430
-0.495868
0.073856
-0.587635
-0.843867
-0.789316
-0.160326
-0.240393
0.578954
0.916713
-0.037648
0.246709
0.022721
0.138955
-0.818793
-1.000000
0.024051
-0.405744
0.516891
-0.845575
0.395767
-0.365651
0.911866
-0.723176
0.193309
-0.543038
-0.945760
-0.939490
-0.858802
0.648073
0.689860
0.458730
-1.000000
0.561746
0.222974
-0.768443
-0.385149
0.104856
0.598708
0.702989
-0.660213
-0.247514
-0.230374
0.156014
1.000000
0.153018
0.052909
-0.336657
-0.253467
0.060467
-0.374983
0.863456
1.000000
0.154236
-0.952462
0.500113
-0.142702
0.164804
-0.642588
-0.542430
0.345786
-0.627979
-0.087592
0.227508
0.996234
0.704015
-0.750988
-0.290066
-0.654333
0.958591
0.605174
0.300666
-0.407098
0.546765
0.010721
-0.469102
-0.401042
-0.868114
0.006362
0.755563
-0.785485
-1.000000
1.000000
-0.027659
0.080595
-0.329622
-0.398148
-0.246697
0.550200
-0.716305
0.421709
-0.136589
-0.389505
0.599350
-1.000000
-0.739603
-0.279891
-0.265168
-0.675298
-0.921940
-0.422308
-0.140410
-0.355002
-0.501912
0.163075
-0.163990
-0.611715
-0.186925
-1.000000
-0.680261
0.405552
0.172120
0.636129
-0.715123
-0.315730
-0.323453
0.300722
0.399340
0.157715
0.679599
0.226805
-0.734878
-0.447213
0.867082
0.056567
0.245504
0.424411
0.999797
-0.825990
-0.309705
-0.196287
-0.289193
-0.439989
-0.846195
0.271481
-0.926210
0.653674
-0.433992
0.804494
0.337576
0.249727
0.492827
0.324858
-0.442898
-0.117166
0.714176
-0.267395
1.000000
0.576080
-0.815519
-0.117475
-0.681325
-0.314794
-0.047656
-1.000000
0.584711
-0.922292
-0.671495
0.739828
-0.992968
0.158676
0.123436
0.660288
0.565610
-0.750072
-0.000873
0.650961
0.866220
0.450150
-0.343250
0.334401
1.000000
0.561725
0.127525
-0.039996
0.808362
0.115412
-0.412378
-0.221161
0.705139
-1.000000
-0.458256
-0.344079
-0.299890
0.856071
0.810362
0.254537
0.452828
0.239566
0.534859
0.214222
-0.730433
-0.512488
0.047046
-0.908773
-1.000000
0.502504
-0.186554
0.010705
0.358728
0.910044
-0.541332
0.636992
0.520325
-0.998014
-0.447027
0.924264
