-230.400000
2.000000
-1.000000
-1.000000
-1.000000
-1.000000
-1.000000
-1.000000
41.800000
47.800000
0.698473
0.850601
-0.349675
1.000000
0.319099
0.538932
0.445507
0.766780
0.780644
0.187885
-0.181135
0.600993
0.075665
0.416217
-1.000000
0.150529
0.953713
-0.312204
1.000000
0.641129
-0.954051
-0.887658
1.000000
-1.000000
0.457061
-1.000000
-0.644139
-1.000000
-0.522649
0.830813
-1.000000
-0.077967
-1.000000
-0.346820
1.000000
-0.210117
-0.273032
0.515609
-0.005701
0.539554
0.314658
0.285676
-0.044059
0.041424
-0.623826
0.686088
0.080646
-0.904339
0.735621
-0.567276
0.260665
-1.000000
-0.132617
0.413157
-0.220031
-0.492751
-1.000000
0.534817
-0.340685
-0.694722
-0.909079
0.985043
-0.058105
0.621569
0.444891
-0.075914
0.752735
0.439009
-0.294855
1.000000
0.502672
0.457881
-0.419435
-0.901538
-0.417826
1.000000
-0.414410
0.159329
-0.079710
1.000000
0.346983
-0.678586
0.868195
-0.015697
0.138505
0.499849
0.491006
0.747119
0.980660
-0.667227
-1.000000
0.286445
-0.102355
-0.593045
0.562666
-0.962432
-0.940302
-0.652707
-0.850218
-0.845665
0.383039
-0.686730
-0.031872
0.389184
0.329691
0.532595
-0.697235
-0.727481
-0.466625
1.000000
0.276403
0.327553
0.855385
0.153639
-0.136095
0.013655
0.044158
-1.000000
0.335736
1.000000
-0.622289
-0.347744
1.000000
1.000000
0.999316
-0.066791
-0.935530
0.840727
-0.270356
0.899593
-0.007458
-0.590184
-0.762011
-0.193136
-0.187556
0.073207
-0.161875
1.000000
-0.759032
0.786423
-0.094326
-0.027979
0.007354
-0.152299
-0.429617
0.677064
-0.744470
-0.299189
-0.114044
-0.848999
1.000000
-0.097421
-0.644516
0.923202
-0.758672
-0.237110
0.353182
0.443425
-0.522536
0.229887
0.751515
-1.000000
0.066381
-1.000000
-0.489157
-0.920761
-0.441081
0.991218
0.361094
0.349120
-0.559806
-1.000000
-1.000000
-0.184464
0.269835
-0.291078
0.441344
0.843240
0.201368
0.268469
0.085306
-0.591374
0.802360
-0.200909
0.219176
0.261087
1.000000
-0.564545
0.532065
1.000000
1.000000
0.548739
-0.573657
-0.294490
-0.389035
-0.947325
0.301554
-0.443687
0.249100
-0.794394
-0.024761
0.437746
-0.431299
0.774390
0.930221
1.000000
0.941856
1.000000
-1.000000
0.364671
0.390556
-1.000000
0.957527
1.000000
1.000000
0.329642
0.988107
0.691303
0.790813
-0.165097
-0.103709
-0.133670
-0.217540
-0.442990
-0.527522
-0.473951
0.320707
-0.807281
-0.872542
0.752600
0.187756
0.478439
-0.135243
-0.722417
-0.630171
-0.855036
0.989925
0.402749
0.118951
0.565066
0.931631
-0.896895
0.971936
1.000000
1.000000
-0.252786
1.000000
1.000000
0.751489
0.430617
-1.000000
1.000000
0.823217
0.776642
-0.091905
0.661844
-0.681650
0.954434
0.498930
-0.307565
-0.407123
0.745900
0.585098
0.449501
0.774803
