-172.800000
2.000000
-1.000000
-1.000000
-1.000000
-1.000000
-1.000000
-1.000000
41.800000
56.800000
-0.212947
0.672982
0.715353
-0.367415
-0.032167
-0.148047
-1.000000
-1.000000
0.218051
0.642059
-0.646157
0.228812
0.690088
1.000000
-0.051240
0.561000
0.252883
0.370782
-0.928888
-1.000000
-1.000000
-0.280185
-0.728293
-0.711371
-0.057739
0.274682
0.992034
1.000000
0.065406
0.543588
-1.000000
-1.000000
-0.531923
0.261486
-1.000000
-0.175869
0.344542
-0.424882
0.966018
0.682379
0.113497
-0.392112
-0.672737
0.527603
1.000000
0.643338
-0.281370
-1.000000
0.201815
-1.000000
-0.251923
0.206542
-0.389757
-0.390992
0.408117
-0.716625
-0.521256
1.000000
0.561447
1.000000
1.000000
0.862179
0.496366
0.177548
-0.165513
-0.598346
0.656781
-0.983377
0.323853
0.838974
-1.000000
-0.380355
0.521757
1.000000
-0.034988
0.665079
1.000000
-0.784128
-0.850419
-1.000000
-1.000000
-0.263908
1.000000
0.294014
0.045324
0.171453
0.406969
-0.244784
-0.182363
-0.207995
1.000000
0.900954
-0.029609
0.377915
0.809488
-0.356254
-0.076633
0.308381
0.662149
1.000000
0.041121
0.674433
-0.423804
0.282728
-1.000000
-1.000000
-0.215461
0.648148
-0.526858
-0.928893
-0.153431
-1.000000
0.254820
1.000000
-0.278186
0.052298
-0.555484
0.776886
0.034363
-0.428602
1.000000
-0.618375
-0.410225
0.286540
-0.898188
-0.162790
-0.168617
0.627341
-0.560714
-1.000000
-0.592607
-0.647141
1.000000
-1.000000
-1.000000
1.000000
1.000000
-0.201797
-0.603369
-0.353091
-0.225068
0.505626
-1.000000
-0.103752
-0.124267
-1.000000
1.000000
-0.150314
0.203234
0.447487
0.533271
-1.000000
-0.444781
-0.089554
-0.757051
-1.000000
0.025434
-0.544417
0.595798
0.034989
0.860232
0.909788
1.000000
0.342102
0.022961
1.000000
-0.279757
0.668541
1.000000
0.144167
1.000000
0.770014
-1.000000
-0.484051
1.000000
-0.502543
0.585907
-0.355080
1.000000
0.448128
1.000000
0.398775
-1.000000
0.564916
-0.124526
-0.989746
0.636824
-0.935633
-0.430320
1.000000
-0.294310
-0.021648
-0.639529
0.896478
-0.872263
-0.240185
-1.000000
0.048474
-0.249074
0.914954
-0.375091
0.419317
0.900702
-0.209512
-0.631086
-1.000000
-0.881735
1.000000
0.202216
0.313385
-0.724236
0.592935
0.147967
1.000000
0.681152
-1.000000
0.499827
0.363401
-1.000000
0.864285
0.739261
0.156216
-1.000000
-0.405948
1.000000
0.945216
-0.850476
0.857113
0.403171
-0.642026
0.016037
0.167274
1.000000
0.037769
-0.872852
-0.278107
0.196974
-0.101054
-1.000000
0.757985
1.000000
0.594239
0.612262
-1.000000
1.000000
-0.091652
-0.420640
0.918269
-0.234870
0.218360
-0.916851
0.522178
0.219202
1.000000
0.748658
-0.311464
-0.661550
-0.652613
0.558031
1.000000
0.252757
0.746369
0.336832
1.000000
0.612084
