-195.400000
2.000000
-1.000000
70.000000
-1.000000
-1.000000
64.600000
-1.000000
-1.000000
-1.000000
1.000000
-0.510247
0.379891
-0.392178
-1.000000
-1.000000
-1.000000
0.136687
-0.597872
-0.735282
0.215150
-1.000000
0.175391
0.403515
-0.356979
-0.155188
0.620725
0.308424
0.431905
0.147902
0.309270
0.739376
0.618687
-0.505169
0.978461
-0.612242
0.199871
0.791455
-0.771414
0.602417
0.597499
1.000000
-0.080366
-0.809798
-0.422489
-0.638581
-0.448249
-0.057191
-0.020474
0.488838
0.932015
-1.000000
0.617649
0.014021
0.453999
-0.289604
0.527042
-0.603154
-0.050796
-0.572585
0.165265
1.000000
-0.063051
-1.000000
-0.053318
0.965281
0.694808
0.861943
-1.000000
1.000000
-1.000000
0.152471
-1.000000
0.425389
-0.406064
-0.549887
-0.554367
0.378069
0.053905
0.305481
1.000000
0.578892
-0.736565
0.832165
-0.891620
-0.376604
-0.724975
-0.301852
0.252252
-0.161128
1.000000
-0.198845
1.000000
-0.416840
0.778735
-1.000000
0.100334
-1.000000
-1.000000
-0.294388
-1.000000
1.000000
-0.071929
0.733746
-0.577940
-0.011824
0.615973
-0.547413
-0.078233
0.581680
0.469479
1.000000
-0.667636
0.554082
-0.434941
1.000000
0.456010
0.847415
0.554628
-0.020699
0.066262
0.516260
1.000000
-0.548460
-0.318623
0.486057
0.307963
0.622238
-0.916615
0.456007
-1.000000
-0.240457
0.507813
0.346368
-1.000000
-0.824384
0.363635
-0.196852
-0.527492
0.845548
-0.530965
0.887173
1.000000
0.081795
0.251595
-1.000000
0.891024
0.246755
0.435702
0.175517
0.641030
-0.558448
0.810314
0.323491
0.126420
-0.440704
1.000000
-0.552122
-0.301669
1.000000
-0.191523
-0.605139
1.000000
0.099357
0.617119
0.830797
0.501924
0.756407
0.222804
-0.061931
0.486013
1.000000
0.664039
-0.389499
-0.250360
0.563635
-0.728867
0.337078
-0.160970
-0.327822
0.030101
0.964783
-1.000000
1.000000
-1.000000
-0.094782
-1.000000
0.484970
1.000000
0.563897
0.070495
0.074302
-1.000000
1.000000
0.267909
1.000000
-0.102855
0.419938
0.726975
1.000000
-0.768945
-0.560863
0.380179
-0.626071
0.419931
0.111397
0.981371
0.810324
-0.025981
0.547989
0.069465
-0.986265
1.000000
1.000000
0.393396
-0.797830
0.716539
0.548720
-0.592890
0.797611
0.137974
-0.449525
-0.149108
0.826779
0.267963
-0.915124
-0.805177
0.305143
1.000000
0.133690
0.016905
-0.457475
-0.704784
-0.350060
1.000000
-0.789525
0.548102
0.567415
1.000000
0.368583
0.591054
0.615558
0.092263
0.826677
0.705993
-0.839541
-0.182326
-0.423424
-0.071284
-0.375181
0.543007
0.879121
-1.000000
-0.183480
0.163819
-0.669650
-0.334362
-0.072835
-0.016511
1.000000
-0.582226
0.676225
0.625608
0.832112
-1.000000
-1.000000
1.000000
-0.605483
0.403323
-0.906611
0.754880
-0.710044
0.320034
-1.000000
0.182025
