-0.986108
0.704827
0.464541
0.126099
-0.368107
0.854146
-0.566295
0.607025
0.033975
-0.164649
0.615743
-0.388621
-0.521510
0.908707
0.886674
-0.077222
-0.313329
-0.096176
-0.492153
0.748041
0.646068
-0.099067
0.675412
0.722125
-0.572619
0.182840
-0.334655
-0.789479
-0.377504
-0.358084
-0.214541
0.189447
-0.291709
0.216934
-0.921865
1.000000
-0.823958
-0.376407
0.969933
0.489918
0.637609
-0.442576
0.281512
-0.592347
0.056322
-0.964907
0.864642
0.569375
0.491385
-0.491587
-0.872483
0.617309
-0.201890
0.196404
0.190297
-0.754001
0.363227
0.388972
0.234789
0.357399
-0.408985
-0.439859
-0.735399
0.242665
-1.000000
0.425581
-0.131441
-0.494771
1.000000
0.668946
-0.958140
-0.991013
-0.777869
-0.876807
0.276333
-0.815516
0.271330
0.507240
0.098387
-0.214242
-0.046536
-0.698108
0.779366
0.320245
-0.870541
0.134853
0.156543
0.187322
1.000000
-0.716975
0.633988
-0.653012
-0.337754
0.676540
0.055488
0.198551
-0.435987
-0.944502
-0.838537
0.283591
-0.303366
0.999653
0.472799
-0.496640
-0.316567
0.542114
-0.161855
0.650484
-1.000000
-0.158908
0.428667
-0.389031
0.747367
-0.228841
-0.714559
0.391169
-0.968208
0.470629
0.000259
0.554974
-0.616385
-0.238940
0.540033
-0.063273
-1.000000
-0.670043
-0.069117
0.903553
-0.137432
0.401335
0.643358
-0.756135
-0.587562
-0.335913
-1.000000
0.522789
-0.575786
-0.412416
-0.226241
0.306657
0.893081
0.964626
0.047842
-0.550773
-0.884926
0.661640
-0.423688
-0.040301
-0.845404
-0.151216
-0.657058
-0.067253
0.368657
-0.556945
-0.093586
1.000000
-0.154251
-0.641695
-0.177975
-0.544345
-0.608849
-0.819905
-0.562693
0.545712
0.322601
-0.715065
0.327351
-0.701682
-0.254569
0.972994
-0.421734
-0.157615
0.071188
0.017419
-0.689080
0.354838
0.690013
0.919071
0.164673
0.637401
-0.477178
-0.993964
0.269139
0.986331
0.780276
0.350553
0.411197
-0.053983
-0.484355
-0.195559
-0.455574
0.046435
0.478729
-0.787899
0.178889
-0.244504
0.115753
-0.431013
0.055646
0.193513
0.694302
0.737907
0.312422
0.738262
-0.354643
0.937519
0.442466
0.394015
-1.000000
0.434059
0.664534
-0.704436
0.556022
0.958787
-0.398013
0.594480
-0.779807
0.381706
0.601680
-0.827554
0.699083
-0.490309
0.029698
-0.510482
0.293325
-0.330622
-0.262041
0.405960
-0.282315
-0.195404
-0.937337
0.233160
0.685532
-0.464166
0.864684
0.790983
-0.906176
0.233715
0.169498
0.708363
-0.521314
0.903038
-0.652723
-0.847706
-0.076648
-0.294371
0.530463
0.020520
-0.638803
0.381393
-0.617886
0.762758
0.608306
0.786939
0.776514
0.486478
-0.533873
-0.678035
0.605073
-0.055381
0.487860
0.768723
-0.794034
-0.138847
0.926056
