0.184481
0.787659
-0.482917
-0.249089
-0.622895
0.741243
0.965957
-0.064364
0.167436
-0.154203
-0.160017
0.513536
0.466251
-0.079494
0.197626
-0.995589
0.573821
-0.114137
-0.564826
0.873673
0.366335
0.770406
0.888798
0.852048
-0.982463
-0.408941
-0.149861
-0.444523
0.527129
-0.014731
0.040328
0.507938
-0.481384
-0.469205
-0.532222
0.409165
-0.787019
0.549367
0.717552
-0.878417
-0.517731
-0.597115
-0.388104
-0.526632
-0.166587
-0.283342
-0.863677
-0.587730
0.907150
-0.718448
-0.496109
-1.000000
-0.817596
0.388501
-0.050386
-0.367616
0.280288
0.025374
0.149113
-0.239636
-0.557226
-0.697021
0.185606
0.021357
0.195307
-0.540438
0.708250
-0.152706
1.000000
0.069650
-0.829714
-0.344786
0.189838
-0.203904
0.332603
0.108816
0.972148
0.646559
-0.273903
0.436919
0.953725
0.239797
-0.997268
0.181903
0.132609
0.409070
-0.735722
0.580636
-0.788708
0.957402
0.211121
-0.862402
-0.937466
0.740876
0.217251
0.600520
-0.022788
0.977371
-0.847327
-0.352080
0.907884
-0.652972
0.130849
0.841660
-0.134593
0.544036
-0.400536
-0.467043
0.570736
0.884199
-0.610962
-0.775464
-0.941239
0.477222
-0.227755
-0.836417
-0.623927
-0.384232
0.687726
0.132790
-0.210773
-0.889616
-0.555866
0.229907
-0.118641
0.580167
0.734564
-0.305362
0.008558
-1.000000
0.946223
-0.909606
-0.045551
0.972365
0.004200
0.323726
0.959864
0.254095
0.179380
-0.183633
0.094109
0.217568
-0.353192
-0.927483
0.444368
-0.648210
0.636951
0.543809
0.125605
-0.611407
-0.673025
0.877186
0.643755
-0.813646
0.274210
0.852249
-0.604822
0.557526
-0.586552
-0.896169
-0.471403
0.385613
0.466808
-0.653482
-0.610385
0.441022
0.881260
0.386352
0.450702
-0.505613
-0.199932
0.451577
0.793249
0.283063
-0.857828
0.258466
-0.172213
0.359813
-0.196555
0.188354
-0.696337
-0.607595
0.861005
0.469412
0.330609
0.593100
0.648105
0.673696
0.832434
-0.418070
-0.308390
0.066005
0.095089
-0.512882
-0.275529
0.038321
-0.270962
0.692444
-0.207772
0.385111
-0.053670
-0.340253
0.419876
-0.609444
0.950858
-0.117701
0.534295
-0.412859
-0.278915
-0.730553
0.541834
0.853490
0.226056
0.150300
0.432192
0.629075
-0.350769
0.100060
-0.269670
0.559951
0.316733
-0.885468
0.853535
0.001494
0.947147
-0.052182
0.847867
0.895104
-0.108473
-0.238778
-0.392274
0.409923
-0.797277
0.758356
0.266585
-0.055184
-0.153630
-0.698613
0.364363
0.381351
-0.442320
0.525160
-0.548510
-0.930312
0.098238
0.797391
0.387628
0.236659
0.120619
-0.696065
-0.874969
0.416453
-0.563149
0.445369
-0.128063
-0.543347
-0.363482
-0.460504
0.799318
-0.730210
1.000000
-0.288303
0.556178
0.661880
-0.684124
