-1.000000
0.120012
-0.479568
0.766746
0.405486
0.585790
1.000000
-0.244117
-0.758211
-0.704614
-1.000000
-0.732049
-0.594752
-0.450064
-0.588990
0.525901
0.741474
1.000000
-0.555369
0.576969
-1.000000
-1.000000
1.000000
-1.000000
-1.000000
1.000000
-0.976089
-0.319418
0.700847
0.758572
-0.351124
0.327138
1.000000
-1.000000
0.706781
-0.220086
1.000000
-0.634963
0.431950
-0.669140
-0.155403
0.386998
-0.933005
-0.830453
0.081202
0.863565
0.605185
-0.134388
-0.560137
1.000000
0.038795
0.575465
-0.819633
0.072421
0.339875
0.979866
0.477414
-0.792376
0.658088
-0.012574
0.652147
0.612921
0.274912
-0.770086
0.179740
1.000000
-0.710282
0.949185
-0.313242
0.743420
0.127329
-0.212948
-0.166901
-0.835165
-1.000000
0.443279
-0.531415
0.094542
0.355417
-1.000000
-1.000000
-1.000000
-0.079314
0.534925
0.401599
0.396703
1.000000
-1.000000
-0.629912
-1.000000
-0.690180
0.296473
-0.622400
-0.875822
-0.524727
-1.000000
-0.304767
-1.000000
-0.544240
0.600187
0.354841
-0.363887
-0.865412
-0.516940
-0.923365
0.938848
-0.257107
-0.529809
-1.000000
-0.829881
0.155506
-0.870972
0.145814
0.768406
1.000000
1.000000
0.571442
-1.000000
-1.000000
0.187464
0.365899
1.000000
0.660854
1.000000
-0.199781
-0.932335
0.285755
0.436942
0.333741
0.183231
0.928314
-0.178395
-0.114631
0.236178
-0.258850
0.222901
-0.083573
-0.203285
0.910225
-0.028677
-0.409215
-0.657333
0.205896
0.826491
1.000000
0.026479
-0.112849
0.561392
-0.661736
-0.531099
0.118930
0.107497
-0.839829
0.986247
-1.000000
-0.437589
-0.511812
0.411275
-1.000000
-0.042548
0.490811
-1.000000
0.247808
-1.000000
-0.111051
0.916865
-0.745100
-0.102162
1.000000
0.500592
-0.351272
-0.138505
0.439871
-1.000000
0.065347
0.085583
-0.334915
1.000000
-0.110955
1.000000
-0.817357
1.000000
-0.952827
0.306888
0.279291
0.005100
-0.717966
0.290578
-0.364657
-0.815525
-0.692444
-0.673676
0.882539
-0.299876
0.588407
0.678089
-0.134586
-1.000000
0.491893
0.852156
-1.000000
0.732894
-0.371304
0.804199
-1.000000
-0.281503
-0.387041
-0.305460
0.280965
-0.755141
-0.946223
-0.267067
1.000000
0.874556
-0.701051
0.392952
0.030110
0.217991
0.429408
1.000000
0.200860
1.000000
-0.291904
1.000000
-0.304414
0.366167
0.359795
-0.699395
0.840038
0.494986
1.000000
0.766008
0.914091
-0.193973
0.680061
0.244702
0.957694
0.587148
0.015609
0.383392
-0.769189
0.948911
-0.151246
-0.268212
0.661731
0.750143
0.620884
0.833310
0.128788
0.929294
1.000000
-0.314612
0.477705
1.000000
-0.548655
1.000000
0.059230
-0.807875
0.400176
0.649053
-0.071452
-0.818718
-1.000000
0.277687
1.000000
