-0.084290
-1.000000
-0.285627
-0.463951
-0.261483
-0.416597
-0.941670
0.072025
0.385900
0.449602
-0.644391
1.000000
-0.133588
-0.313420
0.787588
0.423781
-0.147482
1.000000
-0.505956
0.031393
0.471661
-0.609222
0.277192
0.868987
-0.582837
0.947571
0.089555
0.339696
0.639007
0.671013
-0.656042
-0.683522
-0.438512
0.351960
-0.763885
-0.484690
-0.469515
-0.074956
0.308873
0.624653
0.168377
0.450401
0.384675
0.267662
0.973270
-0.956322
-0.951515
0.676082
-0.053146
0.828043
0.629666
0.143809
-0.061545
-0.662979
-0.993413
-0.990141
0.224167
0.158877
-0.044761
-0.562410
0.268671
-0.945335
0.084584
-0.446911
0.392354
-0.306187
-0.184264
-0.973287
-0.751962
0.328193
-0.575451
-1.000000
0.386092
0.490786
-0.676575
-0.832607
-0.171252
-0.424929
-0.824246
-0.279170
-0.887200
0.834038
1.000000
0.057144
0.877441
-0.232886
-0.111061
-0.165016
-0.168042
0.816388
-0.290506
0.495762
0.485840
-0.577276
-0.812615
0.773906
0.060847
-0.150518
0.563544
-0.885694
0.809146
-0.914743
-0.068487
0.137327
-0.772188
-0.405867
-0.155590
-0.679830
-0.694592
0.048694
-0.319641
0.317742
0.130806
-0.712723
1.000000
0.555544
0.615079
-0.253179
-0.992696
0.194579
-0.217593
0.799679
0.926818
0.440783
0.942637
0.181520
0.693474
0.401400
0.573624
0.722350
0.504771
0.725775
0.461420
0.352303
0.536673
0.575301
-0.568736
0.091756
-1.000000
0.959391
-0.954591
0.627883
0.067440
0.354358
-0.425037
0.765893
0.490145
0.501094
0.806450
-0.107648
-1.000000
-0.105351
-0.186188
0.961092
0.929224
0.209569
-0.919912
0.085082
-0.072009
0.443594
-0.105999
-0.117678
0.710543
0.893743
-0.137607
-0.506249
-0.793629
-0.404179
-0.467156
0.495441
-0.763586
0.616983
-0.321384
-0.695325
-0.795745
-0.333553
-0.913765
-0.060741
-0.393737
-0.900117
-0.686417
-0.561940
-0.687997
-0.375296
-0.812041
-0.455003
-0.945827
-0.774252
-0.799627
0.085617
-0.275620
-1.000000
0.316038
-0.052448
0.398330
0.940367
-0.850109
0.803902
-0.000836
-0.335016
0.783006
1.000000
0.632150
-0.384818
-0.002222
0.777022
-0.983433
-0.807108
0.206588
-0.094071
0.232744
0.879091
-0.703727
-0.702138
0.139948
0.091854
-0.048400
-0.217366
-1.000000
0.340006
-0.568272
0.803086
-0.968928
0.711326
-0.600066
-0.882474
-0.882371
-0.038967
0.757175
0.260322
-0.496294
0.685530
0.735315
0.260249
-0.696355
0.825991
-0.637916
0.191515
0.977300
0.483708
0.075495
-0.216777
0.899637
0.399200
0.657989
0.031095
-0.537588
0.117112
-0.093530
0.522086
0.331055
0.578439
0.774702
-0.384754
0.047005
1.000000
0.008245
0.066045
-0.171482
-0.946345
0.143565
-0.531973
0.907390
-0.099471
0.848446
