0.338423
0.478086
-0.979117
0.702435
-0.163186
-0.475572
0.386866
-0.343011
-0.336159
0.164460
0.436856
0.246025
-0.969974
-0.425724
-0.406563
-0.638835
1.000000
0.964120
0.339397
-0.673373
0.514456
-0.204663
0.492340
-1.000000
0.117031
-0.921268
-0.331797
0.516993
-0.813623
-0.524304
-0.216657
-0.517589
-0.553983
0.096517
0.335978
-0.479013
1.000000
0.223120
1.000000
1.000000
0.079001
-0.339914
0.262645
-1.000000
0.201362
-0.712154
0.484918
-1.000000
-0.463119
-0.775916
1.000000
-0.011232
0.528615
0.180119
0.389919
-0.475973
-0.341686
-0.433859
-0.167307
-0.381272
-0.540643
-0.970257
0.813641
-0.557686
0.862267
-1.000000
0.135647
-0.622103
0.282956
-0.285221
1.000000
0.330826
1.000000
0.123441
0.383127
0.761423
0.338521
-0.775783
0.731546
-0.044456
-0.953613
1.000000
-0.601347
-1.000000
-0.952722
0.965002
0.205503
-0.386760
-0.215380
0.417632
-0.552958
-0.755163
0.115642
0.825938
0.055204
0.609890
1.000000
-0.670578
-0.239723
-0.856193
-0.446993
-0.976695
-0.716258
-0.515912
-0.080257
-0.751695
-0.160272
0.584249
-0.100755
0.709249
0.844686
-0.133181
-0.320646
0.142969
0.470606
-0.182667
0.488657
-0.523573
0.866047
-0.243473
0.246715
0.418579
1.000000
0.346528
0.567757
-0.487973
-0.038330
0.659068
-0.547196
1.000000
-0.290805
-0.665420
0.372702
-0.502739
0.214904
-0.222414
0.181980
-0.618125
-0.695011
-0.422161
0.116239
-0.548587
0.900365
-0.077754
0.913104
0.466504
-0.580675
0.410929
-0.467578
-0.881534
-1.000000
-1.000000
-0.066238
-0.681101
-0.534939
0.645794
-0.089596
0.287884
-1.000000
1.000000
0.259792
0.652027
-0.527619
0.899549
0.261598
1.000000
0.600284
-0.428338
0.141686
1.000000
0.897061
0.152631
-1.000000
0.987128
-0.593342
0.338497
-0.166302
-0.765070
1.000000
-0.709140
0.312447
0.321220
-0.249054
-0.387050
-0.325006
0.266730
0.060874
-0.707619
0.464079
0.969625
-0.228988
0.143273
-0.880944
0.833145
-0.760838
1.000000
-0.251275
-0.604811
0.449779
0.706560
-1.000000
-1.000000
-0.752906
-0.570579
0.555371
0.383494
1.000000
0.283562
-0.265957
-1.000000
-0.723605
-1.000000
1.000000
0.724819
0.086226
-0.375105
-0.283478
0.291457
0.750820
0.163549
0.552117
-0.196715
-0.149484
-0.985608
-0.203721
0.196976
-0.790037
0.746389
-0.441663
0.925939
-0.051754
0.007644
-1.000000
-0.305961
0.087291
-0.590620
0.798047
-0.327975
-0.494826
-0.217441
0.675585
0.870373
0.842883
-0.107877
1.000000
-0.437077
-0.106348
0.632340
0.005657
-1.000000
0.974494
-0.446903
-0.962529
0.989118
0.482543
0.330337
0.122938
0.911311
0.349816
1.000000
-0.873893
-0.335989
-0.600331
0.601502
-0.559322
