-73.600000
4.000000
-1.000000
64.000000
24.000000
-1.000000
57.400000
-1.000000
-1.000000
31.000000
-0.929229
-1.000000
-0.049016
0.412696
-1.000000
0.069716
-0.328020
1.000000
0.147708
-0.459579
-0.141810
-0.060502
-0.320426
-1.000000
-0.013799
0.049131
-0.963740
-0.873152
-0.998275
0.080435
-0.794373
-0.460975
1.000000
0.082978
0.280552
1.000000
-0.352697
-0.281680
-0.901988
0.414607
-0.446171
1.000000
0.071209
1.000000
0.190465
0.861514
0.057928
-1.000000
0.114708
0.204744
-0.135164
-0.290328
0.279575
1.000000
1.000000
-0.714339
0.718655
-0.800619
-0.844260
-0.701126
-0.426981
-0.395474
-0.799659
-0.985817
0.167352
0.580062
0.567501
0.517737
-0.081408
-0.977808
-1.000000
0.552039
0.671317
0.111296
1.000000
-1.000000
0.556026
0.234580
0.512002
1.000000
0.212297
0.088623
-0.094683
0.943627
-0.664994
0.500829
-1.000000
-1.000000
0.173611
0.322095
0.188823
-0.104641
-0.846028
-0.040400
-1.000000
-1.000000
0.958525
0.442084
0.272792
1.000000
0.599225
1.000000
1.000000
0.614902
0.271332
0.038337
1.000000
0.931932
0.650389
0.120948
0.178082
0.544102
-0.691246
0.648530
-0.322528
0.046103
-0.528789
-1.000000
1.000000
1.000000
0.346540
-0.966689
-1.000000
-0.372121
-0.994772
-0.989212
-0.337581
0.860425
-1.000000
0.231427
0.885996
-0.240398
0.289552
-0.643456
-0.932076
0.300235
-1.000000
0.968198
-0.122675
0.989784
0.500279
0.210335
1.000000
-0.526645
-0.743749
0.512922
1.000000
-0.587664
0.143341
-0.237527
1.000000
0.278435
-0.544853
-0.735806
-1.000000
-1.000000
0.336137
0.148427
0.099208
-0.936681
1.000000
-0.880342
0.282291
0.831258
-0.751352
0.607098
-0.688658
-0.301094
0.972458
-0.040823
0.167811
-0.030722
0.171720
0.688333
0.901844
0.314786
0.087767
0.551770
1.000000
-0.691752
-0.811073
0.164784
0.759676
0.838921
0.731708
-0.464626
-1.000000
1.000000
-0.204254
0.061483
0.611486
-0.946295
-0.478599
0.857450
-0.017707
0.697395
-0.267599
-0.051095
-0.406831
-0.239416
-0.577273
-1.000000
-0.182273
-0.079790
0.483853
0.174630
0.284763
0.411509
-0.370502
-0.040302
-0.690433
0.424450
-1.000000
0.421541
0.268405
1.000000
-0.002235
-0.668166
-1.000000
0.590752
-1.000000
-0.324772
0.396236
0.426202
0.045929
-1.000000
0.210082
-1.000000
0.933675
-0.268633
0.559106
0.685054
-0.095019
-1.000000
-0.857706
-0.370517
-0.542221
0.840751
1.000000
0.978396
0.353663
0.297510
1.000000
0.425925
0.189093
-1.000000
0.247916
1.000000
0.232563
0.353203
-0.424056
0.701221
0.446669
1.000000
0.054086
-0.423674
-1.000000
-0.784333
0.069382
-0.934872
-0.824176
-0.662277
-0.316462
0.103708
0.414521
-0.504529
-0.539128
-0.474639
0.217110
-0.153119
0.271825
0.985102
0.240608
-0.723951
0.169776
