-352.200000
2.000000
-1.000000
28.000000
-1.000000
-1.000000
-1.000000
-1.000000
-1.000000
29.800000
-0.859928
-0.925132
-0.516648
-0.685636
-0.121054
0.154883
-0.935050
0.797195
0.495905
-0.629528
-0.031580
-0.302619
0.317330
0.712486
0.185724
-0.473663
-0.554176
0.044255
0.138737
-0.297483
0.159502
-0.490814
0.527473
0.827588
-0.414090
0.244060
-0.099714
0.726980
-1.000000
-1.000000
0.373292
0.795724
-0.493199
-0.590670
0.084897
-0.807137
0.118809
1.000000
0.987221
-0.283156
0.671772
-0.202443
-1.000000
0.925893
-0.746886
-0.136017
0.118869
-0.888380
0.371768
0.851695
-0.929765
0.045753
0.392417
-0.681664
-0.362584
-0.941500
0.193898
0.905714
0.687324
0.236177
0.788016
0.707792
0.462307
-0.948652
-0.127614
-0.599074
-0.838792
-0.122536
-0.399178
0.535297
0.897954
0.985641
-0.793333
-0.965919
-0.355493
0.661082
-0.585878
0.707622
0.116973
-0.292148
-0.291608
-0.943073
0.264565
0.342406
-0.788335
-0.608288
-0.748429
0.504657
0.441339
-0.795263
0.298742
-0.855932
0.739052
-0.163208
-0.499258
0.933263
-0.475605
-1.000000
-0.829122
-0.328771
-0.916842
-0.762756
0.222981
0.922478
0.069922
0.748219
0.441670
-0.434849
0.771028
0.421779
0.724383
0.613683
-0.591547
-0.291909
0.660232
-0.716958
0.355764
-0.323499
-1.000000
-0.120474
-0.118924
-0.919317
-0.254672
-0.972807
-0.698832
0.637476
-1.000000
0.104379
-1.000000
-0.022958
0.653982
0.075207
0.235120
-0.319344
0.418871
0.080122
-0.575862
0.063908
0.373337
0.507186
-0.993973
0.059466
0.434430
0.199349
0.555110
-0.037240
0.780324
0.310308
-0.858477
-0.087042
-0.701804
-0.585378
-0.695624
-0.174126
0.483145
0.123066
-0.275690
0.287549
0.866974
0.885618
0.014969
-0.576256
-0.055057
0.968624
-0.093761
0.670881
-0.265429
-0.229340
-0.121338
0.030746
0.697987
0.937869
-0.366421
-0.000096
0.986317
-0.029653
0.532316
0.238237
0.681887
-0.440602
0.873548
0.132792
-0.003144
0.674244
0.827115
0.529489
-0.918608
0.925997
0.103747
0.787213
0.037462
0.900767
-0.803333
-0.907115
1.000000
-0.174333
-0.668967
0.279780
-0.235728
-0.537088
-0.620846
0.316865
-0.392844
-0.565165
-0.284693
0.808272
0.756302
0.355685
0.317069
-0.421040
-0.688419
0.448559
-0.953261
0.823683
-1.000000
-0.616428
0.938153
-0.531394
-0.991059
0.537428
-0.126539
-0.546535
-0.711292
-0.312180
0.816455
0.526793
0.870482
-0.845832
-0.740692
0.523041
0.385360
-1.000000
0.258259
0.938634
0.122651
0.992087
-0.106361
0.989942
0.541671
-0.734899
0.021134
-0.614202
-0.702246
-0.470441
-0.657434
0.487276
0.897274
-0.677717
-0.271427
-0.928369
-0.581521
0.244810
0.780591
0.685104
0.360668
0.806499
0.074825
-0.585820
0.525296
-0.993444
-0.905556
-0.775964
-0.027384
-0.261373
0.683875
