-572.600000
0.000000
-1.000000
-1.000000
-1.000000
-1.000000
-1.000000
-1.000000
-1.000000
-1.000000
0.591888
1.000000
-0.243628
0.172708
0.217920
-0.842732
-0.651101
-0.815127
-0.285788
-0.109524
-1.000000
-0.321178
-0.200699
0.719848
-0.339355
-0.469473
1.000000
0.862609
0.399222
0.124311
-0.520245
0.434922
0.709121
0.860634
0.999481
-0.075871
-0.274844
0.341953
-1.000000
0.519439
-0.349825
-0.076653
-1.000000
-0.456044
-0.288540
-0.196389
-0.759382
0.658567
0.275151
-0.681598
0.229082
1.000000
-0.514369
0.109867
-0.677313
1.000000
0.468683
-0.409252
0.597729
-0.497952
0.565828
0.106004
-0.838676
-0.256547
0.075034
0.122020
0.038197
0.749041
-0.463294
-0.488887
-0.134422
-0.145378
-0.764677
0.342417
1.000000
-0.427602
-1.000000
0.651836
-0.804083
0.568872
0.867570
-0.660231
-0.906314
0.203700
0.957096
0.145926
0.344797
-0.972735
0.332880
0.656699
1.000000
0.793467
0.484629
-1.000000
-0.207358
0.572457
0.459910
0.747982
-0.736659
-0.005847
0.189091
0.252355
-0.480016
-0.287471
0.110550
-0.267179
-0.532417
0.089504
1.000000
0.302632
-0.666289
0.840370
-0.534911
-1.000000
-0.625757
0.382387
1.000000
0.768085
0.726658
1.000000
-0.259379
-0.238999
-1.000000
-0.852120
0.714759
-1.000000
0.889416
-0.500289
-0.187240
-0.772405
-0.611593
-0.400216
-0.952116
0.413884
0.758667
-0.619920
-0.493520
-0.262886
-0.385248
0.022943
0.181367
0.700163
0.493328
0.651177
0.243417
-0.600518
-1.000000
0.242395
0.754107
0.166257
-0.804132
0.229252
-0.371930
-0.144814
0.187912
-0.186390
-0.309054
-0.266248
-0.143357
0.210060
0.067192
1.000000
0.009916
-0.441313
0.245125
-0.085115
1.000000
-0.120107
0.390035
-1.000000
1.000000
0.572029
0.347625
-0.924793
-0.082437
-1.000000
1.000000
-0.961285
1.000000
0.538802
0.711797
-0.153478
0.446324
-0.665469
-0.176536
-1.000000
1.000000
0.660900
0.268797
-0.329660
-0.456303
-0.677168
1.000000
1.000000
-0.172484
0.798867
0.440702
0.418197
0.316355
1.000000
-0.109182
0.052833
0.781467
0.226890
-1.000000
0.381292
0.993466
0.264076
0.797176
-0.464491
1.000000
1.000000
-0.217990
0.712726
-1.000000
0.192145
0.090439
0.791351
1.000000
0.144362
0.098219
0.189494
1.000000
-0.017454
0.214463
0.312801
-0.003740
1.000000
-0.010669
0.113459
-0.866289
0.280226
0.906956
0.732206
-0.623398
0.780661
-0.835158
-0.540792
0.816720
0.461922
0.923032
0.851032
-0.170988
-0.875447
1.000000
-1.000000
-0.520163
0.485016
0.107753
1.000000
-1.000000
1.000000
-0.195147
0.786697
1.000000
0.165100
-0.577534
0.196845
0.362454
-0.535746
-0.198795
-0.319438
0.439249
-0.527706
-0.976244
-1.000000
1.000000
-0.413759
0.389153
0.618770
1.000000
-0.183495
-0.782667
0.244747
-0.345498
