0.817770
1.000000
0.244760
-0.450490
1.000000
-0.264420
1.000000
-0.142277
-0.447432
-0.070252
-1.000000
-0.428386
-0.721866
-0.331537
0.277087
-1.000000
0.397786
1.000000
-0.801306
-0.714638
0.578496
-0.199736
-0.528843
1.000000
0.737833
-0.391959
0.065135
-0.184324
-0.002375
-0.008032
-0.509190
0.647337
-0.121711
-1.000000
-0.109157
0.699182
-1.000000
-0.238337
-0.207480
-1.000000
1.000000
-0.768986
-0.613826
0.827139
0.706961
0.142531
0.499668
0.121814
-0.188339
-0.066550
-0.773880
1.000000
-0.655095
0.051454
-0.022697
0.717920
0.778573
-0.216692
-0.373110
0.722729
0.398179
0.002418
-0.400874
-0.065287
-0.566721
0.665273
1.000000
0.795548
-0.726901
0.025428
0.628391
-0.778160
0.773304
0.199991
0.882549
-0.031518
-1.000000
1.000000
1.000000
-1.000000
1.000000
-1.000000
-0.176762
0.526118
-0.438161
-0.221033
-0.044865
-0.320885
0.745992
-0.925989
-0.702194
-0.413901
-1.000000
0.581519
1.000000
-0.407345
1.000000
1.000000
0.802074
-0.136988
0.467165
0.912357
0.025220
-0.585203
-1.000000
-1.000000
-0.448709
-0.123590
-0.182076
0.116457
0.310322
-0.957979
-1.000000
0.696391
-0.545979
0.672508
0.370701
0.237574
0.913706
-1.000000
-1.000000
-0.715237
0.085081
-1.000000
-1.000000
1.000000
-1.000000
-0.218816
0.956353
0.351368
0.325364
-0.050808
0.680786
-0.626517
0.010236
-1.000000
1.000000
-0.161729
0.852761
-0.475760
0.629540
-0.009181
-0.451360
0.800513
0.395946
-0.244104
-0.029042
0.677954
-0.879544
0.494467
1.000000
-1.000000
0.045309
0.352254
-1.000000
-0.258191
-0.515922
1.000000
-0.391887
-0.235136
0.621383
1.000000
1.000000
0.490302
-0.579210
-0.982817
-1.000000
0.817325
-0.115557
0.352670
0.221685
0.465925
-0.907325
-0.221820
-0.225265
-0.449281
1.000000
-0.409871
0.056581
-0.556014
-0.763220
-0.351107
-0.631670
-1.000000
-0.486074
0.360821
0.069548
-0.063992
-0.152910
-1.000000
-0.217882
-0.911025
-0.362943
0.572924
0.028839
0.224416
-0.812122
0.447115
1.000000
1.000000
0.615119
-0.513305
-0.625638
0.362102
0.523052
-0.112777
0.693452
0.741537
0.444929
0.613398
-0.274160
-0.266013
1.000000
0.716814
-0.334427
-0.899102
-0.364663
1.000000
0.052543
-0.022450
0.359286
-1.000000
0.810273
-0.034910
1.000000
-0.357147
0.117084
0.542402
1.000000
-0.046589
-0.775716
0.878246
-0.557771
-0.129869
1.000000
-0.074573
-0.844081
0.382069
0.760784
-0.429730
-1.000000
0.143528
0.408698
0.136322
0.673404
-0.785754
-0.056461
0.219500
-0.106488
-0.511391
-0.684788
0.860133
0.226417
1.000000
0.404175
0.725742
-0.662197
0.280800
-0.015981
0.233095
1.000000
0.775453
0.398684
0.933162
0.689061
