0.987136
0.926312
-0.739069
-0.990479
0.732417
-0.794700
-0.890128
0.721404
-0.115147
0.285216
-0.469217
0.415533
-0.532150
0.648588
0.165715
-0.013342
-0.506392
-0.673311
-0.873191
0.227697
0.557163
-0.223739
-0.466688
-0.280816
0.362231
-0.595975
-0.000258
-0.832758
0.246571
0.781114
-1.000000
-0.496907
0.207773
-0.182223
0.207612
-0.213778
0.948121
-0.669809
-0.356684
0.393776
0.591190
-0.587405
0.891164
0.413628
-0.213522
0.156052
0.573514
0.001386
-0.307034
-0.804916
-0.643984
0.879568
0.472153
0.191597
-0.859801
-0.795125
-0.034204
-0.712180
0.037517
-1.000000
-0.997058
0.201790
-0.400410
-0.344736
-0.817607
0.346068
-0.441029
-0.310547
0.211875
0.044922
-0.945435
-0.868096
0.227515
-0.860255
0.087305
0.856822
0.171738
0.499572
0.633484
-0.857203
0.774966
-0.169314
-0.556112
-0.276575
-0.335414
0.829956
-0.183681
-0.701793
-0.583412
0.067700
0.790269
-0.142323
-0.625204
0.785480
-1.000000
0.212510
0.710033
0.935350
0.523472
-0.983864
0.233341
0.831378
0.474476
-0.097361
0.322072
0.496742
0.564202
0.295160
0.861477
0.477041
0.580935
0.851125
-0.318880
-0.010905
-0.640505
-0.166325
-0.309110
-1.000000
0.887148
0.196048
0.309525
-0.932488
-0.112568
-0.709308
-0.459313
-0.732223
0.049454
0.355651
-0.025133
0.489017
-0.250117
-0.207961
-0.156195
-0.865867
-1.000000
-0.332594
0.602484
0.716678
0.151384
0.134053
-0.760733
0.968264
-0.481259
0.884244
-0.283436
0.793281
0.092523
0.344071
-0.789532
0.601709
0.736341
0.442125
0.624759
-0.903287
-0.945336
0.976225
0.905601
-0.538550
-0.204814
-0.847811
-0.940875
0.510556
-0.167117
0.033665
0.797377
-0.520275
-0.227312
-0.667855
-0.238897
-0.449634
-0.214728
-0.506147
0.799112
0.760336
0.034057
-0.782678
-0.974585
-0.525814
0.419666
0.144199
-0.139262
0.793577
-0.897408
-0.142051
0.299659
-0.799100
-0.257558
0.754505
-0.941588
-0.849176
-0.726236
-0.994055
0.867876
0.299486
-0.874129
0.987467
0.536073
0.799575
0.133164
0.193096
-0.956731
0.978874
-0.989195
0.800521
0.287789
0.278260
-0.065375
-0.374164
0.249427
0.965508
-0.785800
-0.277259
-0.097156
0.456194
-0.364630
-0.206604
0.399942
1.000000
0.324795
0.803116
-0.599365
-0.658112
0.015376
0.231525
0.098165
-0.482752
0.159541
-0.174825
-0.501545
0.135243
0.363405
0.624430
0.043558
0.353966
-0.218433
-0.990939
0.618913
-0.623425
-0.196173
-0.504624
0.051600
0.009538
0.094914
0.870157
-0.129079
0.589973
-0.462749
0.695236
0.763020
0.720000
-0.802874
0.120067
0.882404
-0.730388
-0.018087
0.932948
0.399019
0.043872
0.185991
-0.034585
0.778934
0.883306
0.231790
-0.006111
0.868653
