0.186814
-0.886335
-1.000000
0.782977
-0.593088
-0.600508
-1.000000
0.723945
0.511257
-1.000000
0.807936
-0.415743
0.781057
-0.349991
0.075090
-0.980302
-0.832660
-0.875947
0.736315
-0.782191
-0.628623
0.771837
0.216069
-0.704614
1.000000
-0.348116
1.000000
-1.000000
0.751352
-0.036893
-0.688808
0.952574
0.562216
1.000000
1.000000
1.000000
0.550977
0.926517
0.549737
-0.479013
1.000000
-0.226047
-0.384446
1.000000
1.000000
-0.613447
-0.056879
-0.501608
0.290723
0.415681
0.996894
0.798323
1.000000
0.647247
-0.432659
0.886941
-0.257017
-0.224673
0.601002
0.629408
0.176941
0.518777
0.042181
-0.612652
1.000000
0.264344
0.556239
0.683984
-0.009318
-0.030671
0.277531
1.000000
-1.000000
0.221235
1.000000
0.655888
-0.367990
0.278408
-0.470068
-0.064394
-0.017873
-0.206235
1.000000
-0.328859
0.378510
0.693311
-0.565623
1.000000
-0.127205
0.142228
0.423249
0.251764
-0.961455
-0.518239
1.000000
-0.904943
-0.020241
0.841632
0.333233
0.304588
0.428131
0.344033
1.000000
-0.011848
0.030354
1.000000
0.476766
0.302136
-0.979972
-0.142085
-0.184846
1.000000
0.271876
0.251262
0.080458
-0.609898
0.702661
-0.938966
-0.698398
0.743221
0.927886
0.400972
-0.532478
0.703519
-1.000000
0.047343
-0.005663
-0.821627
0.774020
0.321203
0.686590
-0.143047
0.696581
-0.809514
-0.503429
-0.996989
-0.120237
0.939850
0.303139
0.289315
0.890595
-0.535155
0.512663
-0.934202
0.073074
0.399101
-0.363845
-0.458599
-0.435231
0.122866
0.280307
-0.774550
-0.178460
-0.488177
0.514315
0.472287
0.455320
-0.804287
0.640097
-0.217881
-0.368383
-1.000000
0.026616
-0.940622
0.753380
0.347650
-0.036645
0.061772
-0.924586
-0.313626
-0.618799
0.365754
0.984805
-0.608079
0.159598
-0.077497
0.558022
-0.462310
0.426874
-1.000000
0.433780
-0.816337
1.000000
0.457282
0.462428
1.000000
-0.365450
-0.386907
-0.675408
-0.566675
0.650729
0.503641
0.841235
-0.658391
-0.379461
-0.637454
-0.589146
-1.000000
0.629571
1.000000
-0.440196
-0.599421
1.000000
0.211350
-0.945165
-0.623724
0.770555
-0.411176
0.608434
0.784643
-0.369582
-0.272719
-0.598985
0.575051
0.271790
0.866281
0.972479
-0.389078
-0.047977
0.675639
-0.256510
-0.958243
-0.780605
0.572560
0.287266
-0.662170
0.617182
0.958080
1.000000
-1.000000
0.694316
0.471331
0.033685
-0.400260
-0.336435
-0.483323
-0.555655
1.000000
-0.488930
-0.834852
0.038007
-0.111226
0.809834
0.184958
-1.000000
-0.892614
-0.821510
-0.515482
-1.000000
0.727408
-0.770985
-0.539392
1.000000
0.679208
-1.000000
-0.380753
-0.144893
0.869567
0.435170
1.000000
0.029824
-0.446595
-0.096961
-0.288880
1.000000
