-0.507989
0.002114
0.913258
-0.061995
-1.000000
-1.000000
0.472662
-0.080945
0.880403
0.324776
0.803280
-0.518204
1.000000
-0.091404
-0.943457
-1.000000
0.334322
-0.215807
-0.661826
0.257226
-0.769388
0.432865
0.294557
-0.074933
-0.502497
-1.000000
-0.315428
1.000000
0.852382
-0.603129
0.225466
0.457839
0.537244
1.000000
0.112516
-0.573916
0.431495
-1.000000
0.915813
1.000000
-0.736749
-1.000000
0.114424
0.416310
0.095529
0.016677
0.169324
0.185770
0.094880
0.394915
-0.459319
0.876147
-0.060497
-0.035731
-1.000000
0.736632
0.487852
0.673698
0.557863
-1.000000
0.529116
-1.000000
0.079688
-1.000000
0.020814
0.801490
-0.549098
-0.724089
-0.262334
0.706475
-1.000000
0.748742
0.083747
0.407383
-0.445066
0.140245
-0.148619
-0.001463
0.063118
-0.208233
0.566109
0.655502
-0.106416
0.496919
0.562331
0.195496
0.132906
-0.089435
0.518490
0.707943
-1.000000
0.439628
-0.404813
1.000000
-0.367580
0.696371
0.866347
-1.000000
0.178929
-0.313481
-1.000000
-0.670978
-0.413754
0.462941
-0.371208
1.000000
-1.000000
-1.000000
-1.000000
0.564523
0.227320
0.404256
-1.000000
0.993849
-1.000000
-0.436650
-0.012828
0.218331
-0.861500
-0.032005
1.000000
0.988953
-0.647980
-0.827799
1.000000
0.963495
-0.900634
-0.736492
0.572676
-0.725280
-0.974009
-0.760234
-0.839569
0.328456
-0.343490
0.520865
0.886606
-0.252876
1.000000
-0.152141
0.081675
0.352932
1.000000
-0.682583
-1.000000
0.771607
1.000000
-0.087453
1.000000
-1.000000
-0.298237
0.350580
0.741904
0.230581
0.265279
0.875791
-0.102826
-0.869103
-0.557420
0.061623
-0.483913
0.075895
0.917497
-0.244918
-0.819191
0.775286
0.475008
0.256430
-0.185615
-0.509297
0.243361
-0.564546
-0.710573
0.143484
-0.547000
1.000000
-0.561111
-0.739805
-0.506443
-0.582306
0.997479
-1.000000
0.705160
1.000000
0.039214
0.928484
1.000000
-1.000000
-0.921820
-1.000000
0.345088
-0.644097
-1.000000
-1.000000
-0.931983
-0.263679
-0.687049
-0.215613
-0.739680
0.002657
-0.224624
-0.881928
-0.626385
-0.314876
-0.101536
-0.644726
0.344129
0.738527
1.000000
0.144004
-0.948452
-0.604430
1.000000
0.031826
0.809191
0.565989
0.846622
-0.482757
0.132677
-0.315570
-1.000000
-1.000000
1.000000
0.994202
0.916544
0.039179
0.146013
-0.921778
0.225499
-0.189263
0.504662
0.835603
1.000000
0.589585
0.389775
-0.523518
-0.263693
-0.746544
0.427777
-1.000000
-0.859472
0.331312
-0.918925
0.506869
0.536382
0.416049
-1.000000
1.000000
-0.501994
-0.278464
-0.927947
0.510248
0.198290
0.745343
0.812979
0.380839
0.457910
1.000000
0.172368
0.893210
0.834686
0.206132
-0.946515
0.502356
-0.122174
