1.000000
1.000000
1.000000
-0.920131
-0.303892
0.542970
-0.442005
0.395089
-1.000000
0.513325
-0.964184
-0.619217
0.549890
-0.222509
-0.030189
1.000000
-1.000000
1.000000
1.000000
0.647427
-0.003825
-0.195911
0.028937
0.259146
0.360909
-0.048138
0.925606
0.891451
-1.000000
-0.520089
-0.906107
-0.308565
0.278029
-0.721361
1.000000
-0.807503
0.653382
-0.171461
0.007828
0.708039
-0.393388
1.000000
0.034817
1.000000
0.312537
-0.466055
1.000000
1.000000
0.647444
-0.778971
0.883363
-0.464294
-0.456319
-0.802650
-1.000000
0.495389
-0.916350
0.489340
0.569512
0.186597
-0.246827
0.023045
-1.000000
1.000000
0.723414
0.052438
0.525067
0.620896
0.984512
-0.690040
0.100442
-0.541832
-0.676726
1.000000
-0.390789
-0.055788
1.000000
1.000000
-0.276618
0.357390
-1.000000
0.656859
-1.000000
1.000000
-1.000000
-0.128733
0.535370
1.000000
0.354895
-1.000000
0.470192
-0.066715
-0.000342
-1.000000
-0.078293
-0.746466
0.316853
0.048338
-0.905908
-0.914762
0.898147
-0.908532
-0.375240
-0.175451
0.478575
0.924857
-1.000000
0.246882
-0.157312
0.615331
1.000000
0.008811
0.369081
0.320096
0.696979
-0.274924
-0.263254
-1.000000
-0.037651
0.240669
-0.163246
-0.193524
-0.417578
-0.004578
1.000000
-0.106702
0.950697
1.000000
-0.380388
-0.217142
-0.612426
-0.556176
0.780718
0.813979
0.942107
-0.762704
0.220764
-0.804178
-0.899943
0.172833
-0.273744
-0.596701
-0.142966
-0.265734
-0.551428
-0.411563
0.947213
0.185883
0.939257
0.328648
0.598177
-0.658809
0.760958
1.000000
-0.071752
1.000000
1.000000
-0.053292
0.357019
0.946263
0.302951
1.000000
-0.399180
0.149437
0.074518
0.003839
0.278884
0.148078
0.607266
0.725226
0.446315
0.440126
-0.557237
-0.849815
-0.509096
0.057699
0.284010
1.000000
-1.000000
-0.889334
-0.175796
-0.933623
0.308954
-0.149784
-0.859416
0.483891
-0.179505
-0.746094
-0.278133
-1.000000
-0.835881
-1.000000
-1.000000
0.395044
-0.710246
-0.286849
0.932820
0.243894
-0.064924
-1.000000
0.869368
1.000000
-1.000000
-0.288948
0.321137
0.616668
0.175329
-0.567757
1.000000
-0.357877
0.055032
1.000000
-0.638063
-1.000000
0.886373
0.079568
1.000000
-0.149990
0.690778
1.000000
0.630764
-1.000000
-0.650967
0.908707
-0.187617
0.005633
-0.311361
1.000000
-0.153526
-1.000000
-0.467802
-0.056407
0.783656
0.575000
-0.935377
1.000000
-1.000000
0.427881
-0.141127
-0.372594
-0.417218
-0.922742
0.431352
0.999818
-0.191363
-0.768569
-0.024808
0.355209
0.453245
-0.369946
-1.000000
0.990523
0.566762
-0.898045
0.736606
-0.185414
-1.000000
-0.419314
0.707917
0.033476
1.000000
0.036052
0.965043
1.000000
1.000000
