1.000000
0.525968
0.250493
0.091835
0.969293
0.512504
-1.000000
0.138994
0.121756
1.000000
0.325127
-0.769363
-1.000000
-0.509509
0.474648
-1.000000
-1.000000
0.433378
0.388250
0.092940
-0.106891
1.000000
1.000000
0.069816
-0.332870
0.859231
0.519042
0.787929
1.000000
-0.319077
-0.077819
-0.750921
-0.002179
0.805892
-1.000000
-0.719280
0.582707
0.064590
-0.146824
-0.371593
0.194346
-1.000000
-1.000000
0.145465
0.789449
-0.305369
-0.038725
-0.277756
0.688787
0.508870
-0.073796
-0.254961
0.976524
0.752691
1.000000
0.999196
-0.607063
0.476313
0.689508
-1.000000
1.000000
0.251823
0.073932
0.212717
-0.934191
-0.069645
1.000000
-0.735272
0.743969
0.653179
-0.445517
0.365115
0.654745
-0.811521
0.706352
-0.181140
-0.354326
-0.362031
-0.662651
-0.354074
-0.064088
-0.050884
-0.909709
0.128703
0.061024
-0.469427
0.139375
0.338310
1.000000
0.816865
-0.379340
-0.235748
1.000000
1.000000
-1.000000
-0.040496
0.593952
0.225351
-0.190533
-0.754869
-0.716238
-0.087653
0.831097
0.828391
-0.174010
-0.247350
-0.731875
-0.371502
1.000000
-1.000000
-0.579236
-0.354874
0.978213
-1.000000
0.605343
1.000000
1.000000
-0.073948
-1.000000
1.000000
0.550605
0.897622
0.933807
-1.000000
-0.574085
0.005106
-0.175638
-1.000000
0.877184
-0.540802
0.130314
-1.000000
0.490186
0.119747
-0.059061
-0.780504
-1.000000
-0.412910
0.092504
0.077935
-0.694219
-0.066270
0.124775
1.000000
-0.359400
0.138000
0.457407
-1.000000
0.617701
1.000000
-0.894373
-0.509701
0.845618
-0.482425
0.330945
0.833960
-1.000000
-1.000000
0.102832
0.067788
-1.000000
1.000000
1.000000
0.944870
-0.287763
-0.070333
1.000000
0.809187
-0.470581
-0.203217
-0.137977
-0.003414
-0.483609
0.100632
0.326023
-0.327036
-0.299197
-0.380697
-0.731778
-0.332417
-1.000000
-0.689599
0.774034
0.604779
-0.504513
0.896364
-1.000000
0.242458
-0.260388
0.156207
-1.000000
1.000000
0.453814
-0.395877
-0.172494
-1.000000
-0.732444
0.102054
0.076875
-0.852342
0.550901
1.000000
1.000000
0.367619
-0.461403
0.433934
-0.386035
1.000000
0.129514
1.000000
-0.383764
0.125739
0.247354
0.585853
-1.000000
1.000000
-0.224467
0.662480
0.124517
-0.541147
-0.342031
0.183604
-0.247315
0.600715
1.000000
-1.000000
0.814872
-0.554434
0.155520
-0.656557
0.025085
-0.375726
0.422400
-0.043081
0.824555
0.235437
-0.773501
0.930640
1.000000
0.908858
0.047335
-1.000000
-0.170023
1.000000
1.000000
0.331125
-0.126611
0.144218
1.000000
-0.747312
-0.002665
1.000000
0.223125
0.458798
0.319360
0.459066
-0.668426
0.049912
-0.028379
1.000000
-0.320380
1.000000
-0.144292
1.000000
-0.234731
