-800.000000
0.000000
-1.000000
-1.000000
-1.000000
-1.000000
-1.000000
-1.000000
-1.000000
-1.000000
-0.940642
0.318111
0.087273
0.253897
0.599511
-0.421619
0.324768
1.000000
-1.000000
-0.109917
-0.035454
-0.005931
1.000000
1.000000
0.305500
-0.720585
-1.000000
0.290431
-1.000000
-0.958043
-0.629561
0.358210
0.960825
1.000000
-0.852069
-1.000000
0.627278
-0.312968
-0.297029
-0.121719
-0.907163
0.730110
-0.390839
0.954605
0.130383
0.521308
0.641786
-1.000000
0.026075
-1.000000
-0.287317
0.898474
-0.827099
0.270186
-0.698150
0.815088
0.344698
-1.000000
0.233486
0.511152
0.409761
-0.718991
-0.673045
0.281238
-0.936628
-0.503803
-0.370820
0.074365
0.581702
1.000000
-0.147602
0.613672
1.000000
-0.553599
0.592972
-1.000000
-0.284251
-0.240975
-0.856296
-0.815222
-0.185920
0.049695
-0.828508
-0.696149
0.894630
1.000000
-0.584867
-0.584020
-0.033572
0.685712
1.000000
0.429879
0.151712
-0.460797
-0.121964
-0.196162
-0.829516
0.108965
0.289447
-1.000000
-0.105498
0.252428
-0.345356
-0.915294
1.000000
-0.232718
1.000000
-0.124748
0.276642
-0.360974
-0.250647
0.088212
0.407970
0.854245
-0.528741
0.283132
0.990984
-0.763085
-0.313752
0.595396
-0.178629
0.411462
0.594397
-0.794795
0.465641
1.000000
0.210214
-0.758427
-0.542874
-0.108463
-0.404026
-0.260231
0.470140
0.278798
-0.584903
0.950207
0.305253
0.263306
0.206747
0.648882
-1.000000
-0.422559
0.233825
-1.000000
-0.411329
0.971711
0.129207
0.564687
-1.000000
-0.072445
0.718129
-0.567849
0.595211
1.000000
-0.856183
0.979039
-0.727122
-0.015787
1.000000
0.198090
-0.753378
0.968513
-0.703416
0.766327
0.724773
-0.707561
1.000000
0.133255
0.292349
1.000000
0.577126
0.740951
-1.000000
-1.000000
0.469446
0.822352
1.000000
-1.000000
1.000000
0.094222
0.241934
0.321150
0.336368
1.000000
-1.000000
-1.000000
1.000000
0.795988
-0.290752
0.346051
0.731436
-1.000000
0.922499
-0.174008
-1.000000
0.165133
0.149830
0.083399
0.003701
0.777987
0.370374
-0.035582
-0.087001
-0.849708
-0.266693
0.142720
0.019194
0.035805
0.019763
0.797253
-1.000000
-0.344879
0.585269
0.682178
0.798022
-1.000000
-1.000000
0.359177
1.000000
-0.331632
0.838166
0.504799
0.929259
0.284969
0.428283
-0.155957
0.403111
-0.697777
0.186683
-0.661283
0.092369
-0.155905
0.328174
0.363053
-0.168068
-1.000000
1.000000
1.000000
0.291310
0.511160
-0.340636
-0.401651
-1.000000
-0.355827
1.000000
-1.000000
-0.232377
1.000000
0.135146
0.273649
0.429422
0.957720
0.640606
1.000000
0.079781
-0.030046
-0.933224
-0.243853
0.814997
1.000000
1.000000
1.000000
-0.544226
0.742817
1.000000
-0.402630
0.794303
-0.056424
-0.436231
0.790768
1.000000
0.342968
-0.299632
0.580625
-0.981229
