-550.000000
0.000000
-1.000000
-1.000000
-1.000000
-1.000000
-1.000000
-1.000000
-1.000000
-1.000000
0.087543
0.426988
0.836662
-1.000000
-0.546189
0.550863
-1.000000
-0.925653
1.000000
-0.182049
-0.218881
-0.910097
-0.189660
0.068859
0.599373
0.341656
-0.355087
0.493990
0.089919
0.769769
-0.150304
-0.718274
1.000000
-0.546116
1.000000
1.000000
-0.170678
0.847849
1.000000
-0.226997
-0.215741
0.095565
-0.052759
0.244240
-0.606281
-1.000000
1.000000
0.076158
0.117483
-0.502008
-0.020651
0.365934
0.382629
-0.008584
0.018773
1.000000
1.000000
0.433659
0.844448
-0.340275
0.524633
-0.361712
1.000000
0.582155
1.000000
0.072807
-0.627481
0.025822
-0.610338
0.816443
-1.000000
-0.028414
1.000000
-0.268925
0.355546
-0.670317
0.427990
-0.260227
0.010580
1.000000
0.386204
-0.041731
0.993034
1.000000
-1.000000
-1.000000
0.602243
-0.369790
0.846361
-0.405941
0.438518
-1.000000
-0.647068
-0.848737
0.955860
0.401032
0.886846
1.000000
-0.839392
0.593859
-0.755494
-0.303376
0.008824
-0.070264
1.000000
-0.313891
0.363168
-1.000000
0.289677
-0.822424
0.591762
-1.000000
-1.000000
-0.854357
0.917372
-0.565353
0.672381
0.235953
-0.512273
-0.546620
1.000000
-0.137928
1.000000
-0.802466
0.855183
0.640910
0.011759
-0.387831
-0.081719
-0.803415
-1.000000
-0.625842
1.000000
0.287914
-0.980099
-0.810906
-0.954286
-0.669909
-0.660360
-0.181846
-0.625127
0.932327
-0.070234
-1.000000
0.521930
0.940257
0.190928
1.000000
0.502881
-0.906838
-0.764881
0.174752
0.377224
0.228601
-0.797116
1.000000
0.711093
0.685915
-0.307220
-0.318329
-1.000000
-1.000000
1.000000
0.594570
0.576573
-1.000000
1.000000
0.330295
-0.741849
0.433631
0.083727
1.000000
0.038645
-0.052260
0.024478
0.490050
-0.832918
0.277374
0.435043
-0.379669
0.626114
-0.359078
0.695393
-0.464779
0.354491
1.000000
-1.000000
0.674771
0.534094
0.398008
-0.235369
-1.000000
0.331010
-0.243249
0.476997
0.806756
-0.326230
-0.497116
0.172077
1.000000
-0.829759
0.663315
-1.000000
0.790762
0.041958
-0.965759
-1.000000
-0.378629
0.068054
-0.227926
-0.172207
-0.562986
0.312606
0.533704
0.074396
0.734281
0.515731
0.388603
-0.854858
0.363918
0.318048
-0.678299
1.000000
0.445398
0.665358
-0.460964
1.000000
0.828359
-0.375487
0.300134
-0.840213
1.000000
-0.977507
0.006915
-0.238632
-0.290883
-1.000000
0.202215
1.000000
1.000000
-0.482267
0.163266
0.739899
-0.598442
-0.997442
1.000000
-0.558259
0.084634
-0.779468
-0.549486
0.650404
-0.982658
0.793138
-0.715348
-0.749623
-0.769504
-0.379913
-0.623675
-0.815484
-0.403268
-1.000000
1.000000
1.000000
0.277913
0.563636
-0.902147
-0.769950
-1.000000
0.722449
-0.140309
1.000000
0.306514
0.417199
0.137063
-0.711893
