1.000000000000000000e+00
-5.553875884386985096e-01
2.195654825514318509e-01
1.174848526639737933e-02
3.611871098374317968e-01
-3.652426752824915468e-01
-2.298416394159686349e-01
-2.275027247041093714e-01
7.948255641335000288e-01
7.210903996256673443e-01
7.352958865337392291e-01
-1.340317951382768435e-01
2.536050976888823971e-01
3.234071437409901106e-01
-6.222318081509283783e-01
7.269084012211817214e-01
1.431111914428662146e-01
-9.340365195921782604e-01
1.229775629717894669e-01
-5.894001242027662180e-01
-4.570041423781354833e-02
-9.310182912270066335e-01
-8.829901082592805928e-02
8.949399835448137441e-01
3.830036425155591839e-01
1.812048823452407920e-01
-7.589530577817966694e-01
-8.541749764623847163e-01
7.045501270985816689e-01
5.945881801923168508e-01
4.178596438102829547e-01
-6.282642182814535126e-02
-5.762529982282466046e-01
3.595156684015541337e-01
-3.916798183382691478e-01
4.183523932780517374e-01
-4.766595714227726543e-01
3.831534075086446833e-01
-3.083462206400446326e-01
1.362358109290570940e-01
5.402125916330452471e-01
6.853327281743347710e-01
-5.374700248605500663e-01
-6.421826240119888896e-01
-1.260643124895530764e-01
1.608761778860319236e-01
-3.023303624289732164e-02
-2.759397851503382348e-01
-1.461861593961510941e-02
-8.075590248357911172e-02
5.580424211836456649e-01
-5.287240404909021585e-02
-9.890807219922268523e-01
7.614841157210769929e-01
-4.030580503176370115e-03
3.450960778995996181e-01
1.000000000000000000e+00
4.615560740746713631e-01
6.902270203833968942e-01
8.006427258579753570e-01
2.731716036225557698e-01
-4.543142758258890135e-01
2.416278164235776682e-01
-1.782651033576432287e-01
-9.247426319566497410e-01
2.529672326721609243e-01
-3.302904016317687041e-01
4.785642928395165141e-01
-5.394115036689502984e-01
-7.943714262378220869e-01
-4.363516817449268892e-01
-3.240892739530250033e-01
-9.577342795966096167e-01
-8.238505119319559089e-01
-4.678074931661058145e-03
8.660010580147186054e-01
-7.760837121943267025e-01
2.560743580773237049e-01
2.482197653871943133e-01
4.750155825050783598e-02
-8.276584700286451213e-01
-6.726599078612842675e-01
-8.604620344188670389e-01
1.635881540407562174e-01
4.893973376800301311e-01
-2.501324470672239286e-02
-1.760538697988914270e-01
-6.509859572557861185e-01
-7.222563997445023976e-01
1.000000000000000000e+00
-9.314835245771317940e-01
-1.583102214828897569e-01
2.392422267624749743e-01
-2.289727117834683412e-01
-3.809894004828957015e-01
7.213940716668030273e-01
-6.099731625987518946e-01
-6.550964280078310775e-01
9.133760383711716502e-01
9.017698612974034411e-02
-3.505303387438329921e-01
-1.000000000000000000e+00
-1.514986538595131937e-01
8.397854232529267104e-01
-5.349850180783406461e-01
-1.000000000000000000e+00
8.032946312367950092e-02
-2.201804376909683447e-01
3.099303778610123516e-01
-3.639984792291916516e-01
1.000000000000000000e+00
3.039788617941396875e-01
-7.311201077107245538e-01
-4.935455206363328351e-01
5.186819876766923798e-01
4.908790604781728684e-01
-2.304362450726367140e-01
-1.467726334906332419e-01
9.941041064898506474e-02
-1.689297116346284988e-01
1.000000000000000000e+00
-7.247362428218651065e-01
2.482550160025759345e-01
-6.211047403004681389e-01
-7.648748148284911785e-01
-4.827043096722557491e-01
-3.983395662200232556e-01
6.913757501610762191e-02
1.705364479328898009e-01
-8.859200240172764307e-01
6.939080987027308467e-01
4.909499628529221393e-01
-1.267825235237685089e-01
-3.337143302351442964e-01
-3.756074614920713595e-01
-2.883051912652589976e-03
-3.691399307852627487e-01
-9.598446616550727617e-01
7.315431103515698807e-02
4.048730465633939568e-01
-9.413820910920089879e-02
8.675593908485856876e-02
-7.026342557680773648e-01
-1.000000000000000000e+00
9.020635541702568538e-01
-1.000000000000000000e+00
-5.801366884334911989e-01
4.410505429716736758e-01
-5.154422050610509842e-01
-7.182831332042185490e-01
-7.956060093040766557e-01
3.260447287913903480e-02
3.126227360425646307e-01
-3.748155266822281728e-01
5.424022149938902970e-01
-1.404148381171314852e-01
-5.397913242876095641e-02
9.713381923573538579e-01
1.000000000000000000e+00
8.951848503976950200e-01
9.649736243419435588e-01
-7.315635707067040805e-01
-5.597467906054953701e-01
-3.913698721967162064e-01
1.000000000000000000e+00
-2.099466162292625837e-01
1.775278554405169962e-01
5.626873977122959225e-02
-4.462028335468530837e-01
5.490655032344067266e-01
1.000000000000000000e+00
9.026039571388024818e-01
-2.326183063998872314e-01
-2.477744248398145721e-01
-2.228683463487270977e-01
1.114745536220658195e-01
-1.614923332623585395e-01
1.329905742276016323e-01
-8.617302516815628088e-01
-3.236917247064543535e-01
3.291751284125670751e-01
1.423175843253410289e-01
3.177223153662853683e-01
4.167038023818532277e-01
-1.000000000000000000e+00
-4.279092806757720524e-01
4.871187680678958909e-01
6.065152962999982300e-01
-3.516926702588614728e-01
1.000000000000000000e+00
2.873920585113280413e-01
-1.028683436165056531e-01
8.095118343501703229e-02
-1.987439166166196092e-01
-6.277402583334354969e-01
4.288722658685678035e-01
7.665235697687091676e-01
-5.827173266871367163e-01
-1.000000000000000000e+00
5.136710460690195879e-01
-4.743151561846110087e-01
-1.869735062570078155e-01
6.079704015397474626e-02
-2.019534422274777974e-01
1.859887491490153089e-01
6.274478478027698536e-01
-3.352194307397856621e-01
-3.470563019763721613e-01
4.899096816996428849e-02
-3.519372274711247139e-01
-6.771838934944049981e-01
-4.910750409907842506e-01
6.251534233509370431e-01
8.491868178053352256e-01
1.000000000000000000e+00
-7.711193838745801221e-01
4.540676898195886713e-01
6.143446794387610321e-01
-1.913365840597513745e-01
4.192655460375607213e-01
-5.065988602131964447e-01
-1.278938311363060354e-01
1.354513404464741111e-01
1.877395112922948250e-01
9.900055972673120763e-01
-9.235202750939783822e-01
-6.611856431905497322e-01
-6.576386906947988553e-01
-1.019180203901269843e-01
2.124406333314813600e-01
2.040994379286230065e-01
-9.214909287390793402e-02
7.035680042945449131e-01
1.000000000000000000e+00
-8.609018810165718349e-01
-1.837241430195037939e-01
-5.904444503125401145e-01
-2.658731349552743151e-01
-1.752840245397825347e-01
-6.986442521952929141e-01
9.527278523687502387e-01
8.484315503047002993e-01
-9.250972822254455163e-02
1.636877004551361980e-01
-2.882493668489320982e-01
3.177349553178109298e-01
6.501260609346282138e-02
5.090308754595807006e-01
4.632920396604618407e-01
2.201862020424489863e-01
-1.611926971405954756e-01
-7.739343005384907714e-01
-5.546717794972212401e-01
9.698061763803138557e-01
8.876152604383140687e-01
-7.761881282023053163e-01
1.621149773328633970e-01
-6.534139372417246960e-01
-2.029573510416249893e-01
8.066994838188894235e-02
1.000000000000000000e+00
-2.716958485727035688e-01
9.562727584359269617e-01
5.491129615356696303e-02
-6.784320121156208749e-01
