-5.363039325223024623e-01
8.690081691161652966e-01
9.882239918488355812e-02
-7.174931611352020067e-01
8.830705075357090372e-01
-5.103737997842611174e-01
-5.415653785490597283e-01
8.409055392059308076e-01
-4.986950588214735802e-01
-3.600277332596942825e-01
-7.206954590286953621e-01
-5.568023653669152973e-01
3.084214438123623614e-01
-4.673281134844942120e-01
-7.232383691034276474e-01
-8.364229630151863715e-01
2.376334622062055146e-01
8.422182082174733964e-02
2.554265876814137415e-01
-3.822342436148540856e-01
9.507342440980692810e-01
-4.438068328586299849e-01
-7.868261929211328720e-01
-1.046187071010463154e-01
-5.284730427348955928e-01
1.620476871153189169e-01
7.633131129320203101e-01
9.603155070515705383e-01
-1.864749841747379566e-01
-9.829808401277140284e-01
-7.192913159618097296e-02
9.707982784018591715e-01
7.280404618167923836e-02
2.292300733154668535e-01
6.649816959264980287e-01
2.892839853825104335e-01
5.074846689818126588e-01
-2.430040680737801662e-01
3.956653785290928926e-01
-3.722521802113445410e-01
3.224285483377008488e-01
2.727505769193290242e-01
-3.875583960730333288e-01
-8.352107979031007101e-01
-9.189545827094200980e-01
3.028230054775769009e-01
-8.626993207788089535e-01
6.695136132999726097e-01
3.292530310734089749e-01
1.916182769615639714e-01
7.564945468762764857e-01
-1.968870390939005954e-01
7.647655700396975842e-01
9.630004720011082764e-01
-9.600138976115377698e-01
-1.028687662115506107e-01
7.975604744495427001e-01
-3.879348200359569176e-01
1.567675071029424050e-01
-9.497786608219398463e-01
1.364629870987388027e-01
3.837347140098948395e-01
-6.823914084769775457e-01
-9.640977043402771951e-01
-1.976587827809461739e-01
8.680680809833940526e-01
2.012440002295499686e-01
-2.926327474206960044e-01
7.915015485250749272e-01
4.130638471137029200e-01
-7.157242934511001131e-01
4.020943664360876468e-01
-1.998886899904389614e-02
-1.588010842543102208e-01
9.803394654042629774e-01
8.259501692578541387e-01
-7.747364726493197740e-01
-1.000000000000000000e+00
4.202795490795696587e-02
6.643442086471885721e-01
-7.750747243035509548e-01
-6.071854622813681601e-01
-8.576588063162171593e-01
4.255683352784143114e-01
-3.861837277717650174e-02
1.131434631212249187e-01
-4.750660733538599190e-01
-8.394331549307786355e-01
-7.470447882306827658e-01
9.703324619622688552e-02
-9.198963910819610845e-01
7.491079132308964272e-01
1.946841631262949956e-01
-7.114170481958000947e-01
-6.025109644959416588e-01
-9.691043339179394867e-01
-1.165234435640332133e-01
8.955723959528327782e-01
7.473443148714100648e-01
-8.772373932371504424e-01
-2.021461491983196357e-01
7.084662475238223678e-01
-3.717674717571368692e-01
7.666499352390820921e-01
5.827432451919465350e-01
-3.569557504136304238e-01
7.408373416540174894e-01
4.223594398685688311e-01
1.000000000000000000e+00
9.055254410340944915e-01
-9.146136942127276459e-01
-9.385088896736661912e-01
4.601799608788599283e-01
2.532527699084419215e-01
1.000000000000000000e+00
2.546260038530476777e-01
9.024079823923273347e-01
6.125771439296674448e-01
2.021325903112578537e-01
-7.218360239311736315e-01
8.012823422337722601e-01
-7.966977969316024755e-01
6.920763730831325233e-02
-1.000000000000000000e+00
-8.026494921418446671e-01
3.192118824816176925e-01
8.731802323353199391e-01
3.265495524061634569e-02
6.214414463286743739e-01
-2.340360059352729616e-01
-4.064318867735967622e-01
3.701061391971081083e-01
-2.575269758153753141e-01
9.402264631235037751e-01
-6.832400578643439346e-03
-3.253462587444858611e-01
5.803361275598304392e-01
-5.301850196624975642e-02
-1.581253494386674063e-01
9.739746505531112764e-01
8.443659512496618502e-01
-4.361125412764570441e-01
6.470901135538382754e-01
4.356150212340119121e-01
6.431639709369002533e-02
-2.286666315042757969e-01
-6.895815746984890193e-01
1.136770203531618506e-01
-6.996312128090831362e-01
6.340530756795892398e-01
-5.568493979923564430e-01
-2.653499027505989982e-01
-8.550291357897488176e-01
-9.581502178552137039e-03
9.350645941889159651e-01
-2.439122769364930610e-01
-3.201918134858714460e-01
-7.811610438067179141e-01
-7.282482032152202134e-01
-4.885672546824992857e-01
-9.382886810864365934e-01
1.279939157846612108e-01
1.767391962044295439e-01
-3.158468778360399298e-01
-1.029353698188200106e-01
9.142713500073897936e-01
2.078051196514303367e-01
8.809926781050920752e-01
8.173098629243827906e-01
5.849013798500088401e-02
5.158742903751292186e-01
8.472040212297364814e-01
5.227679719994353658e-01
-9.022024497152179023e-01
3.967292560846941707e-01
-9.726279421209278464e-01
-3.912610646261478475e-01
4.857533063314944943e-02
-4.160553543942542287e-01
-6.407263420078730398e-01
1.087618096489626485e-01
-2.376128810557931459e-02
-2.307466174587549101e-01
-5.246485200533097526e-01
-6.632596345767179935e-01
-7.834627999521663888e-01
5.031804368487132750e-01
7.870448668480884979e-01
-3.150509953240037131e-01
-2.731209820160167556e-01
2.536376090033992670e-01
1.521651791574666623e-01
-1.478669707762871877e-01
-1.469629497329341117e-01
-3.299547353101408564e-01
-8.558068354310244263e-01
8.145557994435543847e-01
-3.252794712364622809e-01
-9.998700647529201735e-01
3.611219743725415654e-01
5.093053383488295172e-01
7.736676723122979382e-01
2.428277598456683450e-01
-5.022557323246360506e-01
-6.538904191033234614e-01
5.027357646505874467e-01
-9.486531593712701493e-01
9.673166329322691048e-02
7.875322395400228270e-01
1.906827216352153798e-01
-8.656621470557726017e-01
-3.458887465671615646e-01
-8.909560719320250843e-01
6.323670139104443644e-01
9.796408427894520710e-01
-1.543597105531939739e-01
-3.674502398636374512e-01
-8.296699538662391515e-02
8.895370068618180248e-01
6.688638916601195028e-01
1.666281008723606849e-01
7.147790929937727356e-01
5.671955025533057526e-01
1.189569627127000651e-01
3.174940847538349487e-01
-7.642660102185421245e-01
9.434127542468326855e-01
-6.931178970170424058e-01
8.063105462343020946e-01
9.334454540231602593e-01
3.185500728778996038e-01
6.936976182625096410e-01
4.101220921131487618e-01
-7.165159880087039745e-01
7.843114368863978170e-01
-5.545913595404053931e-01
3.251446360263932078e-02
5.992377372819823744e-01
-6.034509039318370904e-01
9.055531981760465143e-01
4.130687195728579564e-01
7.148894075548029026e-01
-4.830000682290785385e-01
-2.182084004299897906e-01
1.221947751721861181e-01
8.603297685875865852e-03
-8.322525612369369163e-01
3.541613657702619711e-01
5.536443711750160812e-01
-3.504352496229413694e-01
4.170869914767931785e-01
-8.654596456819679817e-01
6.112911402851827214e-01
5.789603811994668003e-01
-8.479397487600721650e-01
-9.694598174124287038e-01
-6.012704277786301565e-01
1.155015414838602705e-01
5.675874950810138042e-01
-2.481216673046219845e-01
-3.201117194334162086e-01
-3.875398748556453388e-01
-3.376862394854283078e-01
5.285210794711947546e-01
-4.593881600432215273e-01
