7.255872981409434708e-01
1.524404262031202606e-01
1.992536311106569702e-01
5.103006129526286294e-01
-5.394073403393407906e-01
-2.943242321503931613e-01
-3.663197226001124740e-01
-1.419231012169777095e-01
-1.344451690004206945e-01
-1.513550912538164095e-01
-3.998769979644900552e-01
2.891322948961416728e-01
-4.471942153019208277e-01
8.296464841172082050e-01
8.457035143129897348e-01
-9.044301908346696894e-01
8.621223575503398351e-01
5.176490047721806764e-01
7.819101498938694217e-01
-1.000000000000000000e+00
-9.014578026759874074e-01
6.626654994684673117e-01
5.919057453844245309e-02
7.072133369561475202e-01
2.064608210912202702e-01
-7.049293014908697419e-01
-8.422225102408624764e-01
2.181474066858043459e-01
6.642876862142876870e-01
1.000000000000000000e+00
-4.301117054844868504e-01
3.146468603703884703e-01
-1.044162006239170992e-01
-7.660117785895037557e-02
4.340425939073695449e-01
-9.688230289609089940e-01
4.788593577358228881e-01
5.388255004928543812e-01
9.493039538246894615e-01
3.286033700177229955e-01
9.903097299940211151e-01
1.000000000000000000e+00
-7.804194561758344140e-01
-7.594079975718515119e-01
2.477465263036065513e-01
1.000000000000000000e+00
-1.667302039277451797e-03
3.934306782032366279e-01
-9.927826713933493030e-01
-3.551538607609828757e-01
8.664686489090476229e-01
3.831883839932186397e-01
-6.810017130944199248e-01
5.585231134954791177e-01
7.908068888675974240e-01
-7.893444393015260907e-01
-6.114562651415336170e-01
7.772050982980809319e-01
-2.003003210971822934e-01
-9.574983916277088891e-01
-4.954142563694443613e-01
6.478585610049047983e-01
-8.621455602629944925e-01
4.520776514408320068e-02
8.141433559115136553e-01
6.895356515300141709e-01
-3.265489409423150136e-02
6.385120297116053667e-01
-4.749067509866862213e-01
4.781200829034242261e-01
8.193974235294430031e-01
-3.328586028990976331e-02
-6.892996662150068232e-01
-3.083323110333506811e-01
1.169703115461099563e-01
2.101584891839714531e-01
2.059820259796589781e-01
-2.763268855806018109e-01
2.669436770938804493e-02
5.479733644727136088e-01
9.877875649218734733e-01
-8.375527624210983291e-01
-2.178788249372803354e-01
-5.912832673422396823e-02
1.000000000000000000e+00
-1.254322598323989180e-01
-1.431774893145145722e-01
-1.000000000000000000e+00
8.208013273688901101e-01
7.251493091370740662e-02
-7.135604367233852052e-01
1.000000000000000000e+00
-4.080557796447628061e-01
8.103197828739908681e-01
-1.655289556481117641e-01
-1.000000000000000000e+00
4.330413710954081896e-01
-4.733435285338363219e-01
7.980765828302698317e-01
-7.902487187827864634e-01
2.275150096085725160e-01
2.820123178867202096e-01
7.816705224294147047e-01
7.045287710849541529e-01
9.322296718798666060e-01
9.670465204496472289e-01
-9.127345554932790594e-02
-3.984844972940239094e-01
7.453851216725868589e-01
-3.156556657158920420e-01
4.807439539148972152e-02
-9.542081962678641283e-01
1.000000000000000000e+00
-8.647184865799570352e-02
-6.698043737162600042e-01
-4.133919067771052447e-02
-8.992843540518538070e-01
6.398200314332125327e-01
-1.000000000000000000e+00
-3.196877179210736442e-01
9.630234791190845911e-01
1.890092337432838498e-01
-1.829732313128862309e-01
-1.677180681102397042e-01
-9.272633017721987336e-02
-9.908170156304052512e-01
-7.356747942641972404e-01
-8.981404898927802805e-01
5.286774275332540851e-01
9.295042821173753467e-01
-4.458738470220816597e-01
-1.944478310438821078e-01
-5.645008834441812562e-01
1.715798169506226323e-01
-4.698542727162668964e-01
-1.717191233491597302e-01
-8.396594633281806441e-02
-7.953735125174032916e-01
3.397138944138688443e-01
-6.042537692829754725e-01
-5.446242846664040016e-01
2.877084642008751469e-01
-7.136619127836525411e-01
-8.463066359457200871e-01
-5.055094080401756340e-01
2.633356510246542825e-03
5.535722996471955648e-01
-3.706362809855687779e-01
-3.604575629639379386e-01
4.092540710489243061e-01
-1.342421126073225501e-01
-8.977281308143606475e-01
-8.172312664675351890e-01
4.039608879884846182e-01
-9.553323100359509823e-01
1.000000000000000000e+00
7.989919672742851198e-01
2.740415913804361558e-01
-2.805630656481472585e-02
1.669897864325218251e-01
7.088228984433910806e-01
-8.120091389360661882e-01
-1.429231530742272049e-01
1.459643185291051859e-01
3.214941386827958603e-01
-3.530436299434702718e-01
-9.564581895689947544e-01
9.652637159385113463e-02
-6.535524856849208586e-01
7.956602660429115126e-01
9.629954457878049379e-01
7.242501987270196784e-01
7.233879087495025395e-01
1.000000000000000000e+00
2.003255047242833431e-01
-3.380125012345844282e-01
-2.334009913534526304e-01
-7.563510472783798733e-01
-4.104898466738427509e-01
-9.766426118396780431e-01
6.116261538648890550e-01
-2.906223168929433776e-01
6.598168467996293751e-01
6.165136745004409224e-01
-5.388940605304808340e-01
-3.911363929665512273e-03
-6.109113383341613357e-02
-1.240828336852173308e-02
1.000000000000000000e+00
3.490326884671546281e-03
-4.656120677579160816e-01
-6.492305428312199478e-01
7.773304681886399337e-01
-4.561218453169875175e-01
6.191702367489333447e-01
-4.197339574942552942e-01
-1.996286035060155228e-01
4.398839226864278418e-01
-8.730889965150856469e-02
-4.339679034065613283e-01
-2.529777320036746824e-01
-2.253812352601658464e-01
8.100667656756630475e-01
9.614303481407906471e-01
-3.043743935563618663e-01
-7.986429161773278551e-02
-4.191154299629606950e-01
-5.289219088762935339e-01
1.000000000000000000e+00
7.879085013493907219e-01
-5.371118527804551457e-01
3.676089255897279084e-01
4.979201621571043290e-01
-5.166997222010722979e-01
5.911165143871830452e-01
1.782861874119012757e-01
6.459381989635322174e-01
-1.852539301360631718e-01
5.533700114981474627e-01
2.672961229630121949e-03
-9.142495436574571421e-01
1.097237826765149471e-01
1.000000000000000000e+00
7.071828122580374743e-01
-7.994946023324516204e-01
-7.840245160445569184e-01
-1.342139723022772735e-01
1.492282647983966815e-01
5.859849804412151641e-01
-7.084543586109515179e-01
-7.665123374412647905e-01
-1.185084994320806384e-01
-7.220260410407550733e-01
-2.609125375332159713e-01
-3.519049483402236778e-01
-4.213420768442583952e-01
-8.208239632929450469e-01
6.490979363461572837e-02
4.738821352220985439e-01
9.679791973939924077e-01
-3.488283821814266439e-01
-1.796612520943233759e-01
2.305982076358505939e-01
2.647846781320523646e-01
4.803508792226733881e-01
-8.291893986786202930e-03
1.000000000000000000e+00
-4.860830915097311689e-01
-9.948009674818971693e-01
1.000000000000000000e+00
-8.827287466158153517e-01
-3.154528652968180413e-01
-1.727618731679465558e-01
-3.863141720023970382e-01
2.985878986474218011e-01
-6.910033951888876480e-01
-8.264499339514521647e-01
5.239503710861996844e-01
-3.406442193458474321e-01
3.711374929512789578e-01
8.082964706128941135e-01
-2.193380978050527008e-01
7.615212542438065668e-02
-3.433917424725518863e-01
5.718149957691377461e-01
