-4.204140229730479184e-01
6.933204468808442655e-01
-5.443098273447541935e-01
3.785213251160999270e-01
9.774957797533712078e-01
-5.112081907599268504e-01
4.646141189750985223e-01
2.645562805570736975e-01
-8.775924503560381673e-01
-4.034124327550410172e-01
5.409062238224713326e-01
-9.594234458026713597e-01
-1.363829050109421348e-01
-5.409635759211001149e-01
-4.594697283304088886e-01
-7.425651697998687517e-01
-8.790859232372751908e-01
-2.498219252591961093e-01
5.946761906735682501e-01
-1.112579785393684982e-02
1.000000000000000000e+00
6.796635059035125437e-01
-1.606407022477089330e-01
5.430998268274671581e-01
-1.215881179899883230e-01
4.733997780037835224e-01
-6.103944297127097407e-01
-3.390380271285490799e-01
6.181095228896473781e-01
5.747977420925860503e-01
-1.000000000000000000e+00
-7.572422114415011674e-01
1.964812659769946956e-01
-8.001261473131719981e-01
-3.107942126939330363e-01
-2.490688987797538001e-01
1.643111457877342030e-01
-1.101737333074557235e-01
-1.469364911571340304e-01
8.658166468631374180e-01
3.525491442375670026e-01
-7.236420473257596520e-01
6.216932341257634942e-01
2.001901113727360959e-01
-9.109004612054882877e-01
-2.033717173559396740e-01
-3.686392757032931899e-01
-3.282116119339751337e-01
-3.987306581463063715e-01
7.590924397730254292e-01
1.000000000000000000e+00
-3.945631530278916888e-01
3.671146220914796032e-01
-3.082177086297135382e-01
-2.781099577562103908e-01
4.067325493580309370e-01
5.581980917675605225e-01
-7.390302848120382517e-01
-2.487827508614790517e-01
-2.508139528440241350e-01
9.662165292416253770e-01
-4.071843957554970306e-01
1.170551592547586506e-01
-4.060093391047063793e-01
-4.272377366013804245e-01
-3.149311033936822990e-01
-4.716501624645138002e-01
3.792677173752640463e-01
3.590699587607608656e-01
-8.422544875415292065e-01
6.952390079955044211e-01
-3.621453599186587602e-01
-6.271961180039699046e-01
-8.692408842050249884e-01
6.979660325441918722e-01
-9.757489643362482479e-01
-8.045509483197001988e-01
8.066271635528980966e-01
-6.666257950012576261e-01
-2.054219475366695150e-02
-2.507957209178151015e-01
-1.000000000000000000e+00
8.870248971824712392e-01
-5.646855241734241027e-01
-6.184822853240068419e-01
-3.051499844367186465e-01
4.060036683512751043e-01
3.349527151147667636e-01
-7.500826524748306356e-01
6.219043329907508744e-01
4.129104899517508365e-01
-9.744256142497786932e-02
-1.178651628651396222e-01
-3.934723523640233367e-01
4.091513806924809149e-01
-4.953164312685915949e-01
-7.943999243766792784e-01
-6.025576086002852882e-01
2.897374170904516433e-01
2.669166558443002435e-01
-2.782050367704751448e-01
7.928540447687432158e-01
6.188398755413304642e-02
-8.468476242969209811e-02
-4.585794127660089980e-01
7.396319968715876492e-01
6.078613148219559337e-01
-1.667434497096433876e-01
-2.856243165149252583e-02
1.660042844157019193e-01
2.299170084372565981e-01
-4.612786622147382332e-01
8.646825322870701491e-01
6.897547715123319989e-02
4.527865330785114661e-01
-8.750077183625593058e-01
-7.770407760108333228e-02
-7.392766936537689126e-01
-2.013353840382032800e-01
-3.513890921557651925e-01
-1.124583352695175398e-01
-7.236849574318725553e-01
4.139783282287295418e-01
-2.545690100379124354e-01
2.678488384237404651e-01
-4.823315857170445975e-01
4.177346003105847361e-01
1.982175215824362180e-01
-4.583595516299285855e-01
5.800296961572668497e-01
3.648646236956812894e-01
9.353250214630526305e-01
-6.698510196082915202e-01
6.051524421196999848e-01
-1.000000000000000000e+00
-1.000000000000000000e+00
-8.511770270398534288e-01
-1.699657130817028572e-01
2.786546991751472913e-01
-9.736739182581413687e-02
-2.754791292272207315e-02
8.514058821502372698e-01
-2.040147034329210102e-02
3.169940374169750164e-01
-8.598646417209134807e-01
-6.063680706030584178e-01
5.124919633704612121e-01
1.000000000000000000e+00
2.096884647776817712e-01
-8.907843777762950443e-01
3.864610931475184197e-01
-1.000000000000000000e+00
6.232072368243881666e-01
7.424744795675273235e-01
-4.396068292066221406e-01
7.414527213800646832e-01
4.212139577635602983e-01
-8.944386315888852579e-01
1.000000000000000000e+00
-7.566289337315394992e-01
-6.683864143713545980e-01
2.518971058957460984e-01
-5.681029250384620477e-01
-6.597203475743212975e-01
9.212780678270897639e-01
-3.830622226484219350e-01
-6.281751952821235108e-01
-5.241819272856200751e-01
7.705522407822309461e-01
1.816086751754360518e-01
-4.505734082251928729e-01
-9.700917418599049047e-02
1.000000000000000000e+00
-4.312023150660481141e-01
8.432396907217336590e-01
4.387150327141866590e-01
-9.733825485642745301e-01
-5.446123115301097078e-02
1.000000000000000000e+00
3.646081826134744408e-01
-1.915004196556677751e-01
-2.086343916847696045e-01
2.332564871240076776e-01
-2.862331738792509572e-01
4.869474373529139033e-01
7.434671613652670263e-01
5.589254495111456444e-02
1.689638318772207215e-01
-1.760446489553144089e-01
-2.440171337438815924e-01
-5.760924930669710786e-01
-8.361510792869258912e-01
8.605831853742368365e-01
-4.233297618959002140e-01
8.737617239409578573e-03
9.589764577465784701e-01
-9.971388714525554198e-01
1.000000000000000000e+00
1.000000000000000000e+00
-3.705917767206171609e-01
2.767023719868347970e-02
-6.245727345955962573e-01
1.193799118146501165e-01
-6.734873620774575187e-01
6.493430279270733241e-01
8.096569026748787756e-01
5.346669017587069028e-02
-9.469630081484026185e-01
2.085912378536171063e-01
-3.172368425737630560e-01
5.464136953658775830e-01
4.512348417758111907e-01
7.202309952416477978e-01
5.601438596556950617e-02
7.108181041144865375e-01
1.126879206547856255e-01
2.850352945710152297e-01
-5.963601342598567889e-01
-2.348115969103814482e-01
1.182031523671304152e-01
-2.118379071491460763e-02
-6.395752701461754341e-01
4.773090692651861811e-01
5.690409056347907057e-01
-9.306737323554110652e-01
-9.625135816869416772e-01
6.600174502270315102e-01
-2.740822299611712226e-02
8.216252873050731154e-01
5.669723889559581398e-01
3.480271911169445787e-01
7.606624256833298681e-01
9.271551814400929015e-01
-4.564458784700962668e-01
-5.068336555427231938e-01
4.430811376820720238e-01
-1.558586925141723090e-01
-9.284461813631662563e-01
5.047371764584884790e-01
5.998277006212693330e-01
-6.924898185254164673e-01
-1.041917070377975651e-01
1.351802834038616334e-02
-7.151738821785220690e-01
9.157862956227263984e-01
8.655227502611257950e-01
-5.371253773581963209e-01
1.492422929021554601e-01
-5.493920404259960283e-02
1.846450459346367923e-01
2.435781570618962277e-01
5.185328245069129594e-01
7.180263360208918866e-02
-3.495453719799801462e-01
6.103793602980792654e-01
-3.093941083611446707e-01
2.545229113736280357e-02
1.236424563431328671e-01
-1.483189743887207979e-01
3.423093712564730939e-01
-1.454558369566036902e-01
-1.995361710739541605e-01
3.361294560693469657e-01
5.260114159674806888e-01
-8.835694913397998951e-01
