-9.012559795916071925e-01
1.000000000000000000e+00
3.632775327281319022e-01
4.935386027648935858e-01
-5.886768667490609452e-01
1.737270955300546926e-01
3.555219430544013237e-01
-6.301282926491988956e-01
-3.382755353555828570e-01
-3.946735827957151832e-01
-5.597649025072037876e-02
-1.000000000000000000e+00
3.332369194803293522e-01
-4.345080501661944261e-01
4.994056370793764632e-01
6.358298913748385850e-01
7.236803177530080067e-01
8.383296140980964761e-01
-9.895871153329751646e-01
4.496483305100936190e-01
7.355650717089761148e-01
6.506103852665647835e-01
-2.852603627718642842e-01
-5.820622955698799839e-01
-7.893705515394966454e-02
-6.738944197824621174e-01
1.507288434617484185e-01
-6.651292323715782828e-01
2.062704778359097935e-01
-1.000000000000000000e+00
5.607565079245327433e-02
4.608655602767919857e-01
5.960297775449010516e-01
-1.000000000000000000e+00
-3.744491416653805693e-01
-9.713700404854956894e-01
-1.000000000000000000e+00
-9.612878041204798718e-01
-1.490658209099095521e-01
-5.808530944069284496e-01
6.134581137903465375e-01
5.847525333576495399e-01
6.538530648166640535e-01
-1.000000000000000000e+00
1.070433263062126328e-01
-1.000000000000000000e+00
-5.183896900194100432e-01
2.332931013380896423e-01
-1.000000000000000000e+00
-5.862127103731452626e-01
2.470805050097830691e-01
-5.354774744736902070e-01
5.996323581952067716e-02
-4.057858904398509159e-01
-8.818646511120222797e-01
-4.115400186661544168e-02
3.462409712174807641e-01
-3.384435988247265215e-01
8.469257582649583060e-01
-2.638765215056477764e-01
-6.948932574162842712e-01
1.000000000000000000e+00
3.128270523893212363e-01
1.000000000000000000e+00
-1.000000000000000000e+00
-2.800788030891089853e-01
9.310344202609363018e-01
-6.169857200548285459e-01
1.000000000000000000e+00
1.000000000000000000e+00
6.886663778457084994e-01
-5.085401180392917775e-02
-9.045545533546579531e-01
1.499210016330551065e-01
-1.000000000000000000e+00
-5.390312373427527115e-01
-2.838708046048890599e-02
5.065769131612772869e-01
-1.770341037557116026e-01
-4.441471592258050549e-04
-7.035810494456964381e-01
7.718942888447344330e-01
7.603836165258814894e-01
2.298096848695979355e-01
2.045699820301040139e-01
8.747937406940393679e-01
9.612037181553054754e-01
4.880033174585435285e-01
2.380718807185511765e-01
8.645676383294179645e-01
9.070376507762062390e-01
1.000000000000000000e+00
-6.320424567826616880e-01
-6.450341315023002675e-01
5.138485230708437212e-01
-7.434804181496841302e-01
-9.051003180993890673e-01
1.000000000000000000e+00
2.244186700256759481e-01
-7.798351421153432161e-01
3.366274784534020181e-01
9.815404172650068482e-01
-2.011952461399832970e-01
-4.480779714170823880e-02
-4.046509079037448053e-01
5.365681297440522135e-01
-2.952003864704576541e-01
5.338129536974487444e-01
5.604127316953209093e-01
3.060626511469903832e-01
-8.601189318002959716e-01
-8.842678075055202536e-01
-4.361549255248428070e-01
-2.661074589363452425e-01
7.425157906326029789e-01
2.206397818619159068e-01
-3.995866866110125981e-01
7.663298388051704713e-01
-8.465819047213569704e-01
-6.773318428445544992e-01
-8.097958712946119464e-01
-8.424023050434068516e-01
-6.321212808714269382e-01
-1.000000000000000000e+00
3.495465488030192747e-01
-5.831308275103957994e-02
-8.706580601787714535e-01
5.310059139074133627e-01
2.506936454851177443e-01
3.075254353411636665e-01
2.156526241720393422e-01
-2.525940850520393965e-01
-5.778851569547064498e-02
-2.299489598059980822e-01
1.648764165754494915e-01
-5.909560262934362984e-04
2.873741449425688821e-02
-9.052981254174266024e-01
-6.586622849508783073e-01
5.130781096725010038e-01
-9.400500100245214874e-01
3.623238355484146300e-01
6.760612815882988125e-01
-2.676173536389154783e-01
-3.068853496549915905e-01
1.392105819762443630e-01
-8.418617677243854791e-01
-2.017570686284906323e-01
4.724233042496290835e-01
-1.000000000000000000e+00
-8.056396596888535377e-01
-3.650572694013003439e-01
-2.208918774919851336e-01
-8.627084898977661620e-01
6.015535537660021692e-01
7.106014134445206576e-01
-4.652053000606585220e-01
-6.177600072781747054e-01
2.067582367600977467e-01
9.096037060150057307e-01
4.732375575634029108e-01
6.802010065992709631e-01
7.109113622409863886e-01
-2.151391442749305549e-01
-7.944074786060892901e-01
4.073559518489089371e-01
3.823230740295601726e-01
-9.561072620208587169e-01
7.495229113938306487e-01
-5.486152390380449884e-01
3.841075569226886088e-01
7.330769153582814557e-01
-7.992344778689433049e-01
-2.881439304929356293e-01
-4.546657000686327166e-01
5.188199440386402905e-01
-2.873180892354801341e-02
5.520554884519350836e-01
1.233196923610764550e-02
7.870597750828711714e-01
4.865710894022214905e-01
5.827569009958541435e-02
-1.723575901905187724e-01
-3.834010156062825914e-01
3.388582698201064725e-01
-9.641946094728781613e-02
7.993665758407069166e-01
-4.598816487407513254e-01
-1.000000000000000000e+00
-8.235768215938075176e-01
-9.297774301279511100e-01
-6.165710032323006295e-01
9.127224971082774641e-01
-2.516685088342766052e-01
-3.977390316639839440e-02
-5.484484733393462097e-01
2.838436340700782878e-01
-1.648072026429702464e-01
5.516211737196248244e-01
-4.688436955498307412e-01
1.350972569010057966e-01
1.984098476002044420e-01
4.303292388899294663e-01
1.000000000000000000e+00
-1.000000000000000000e+00
8.125863414185257039e-01
9.044061182521831999e-01
9.674877334191198663e-01
-4.786234403367251034e-02
-4.298773394196943043e-01
-1.346221146068344865e-01
6.395485024888840631e-01
1.256569727805122438e-01
9.213852670698019498e-01
3.199127069502389897e-01
-7.714197437393928158e-01
-5.493588903422612635e-01
-5.270060756159797855e-01
7.969897860626679043e-01
-2.058219564563693871e-01
-2.795762824240904942e-01
-5.202910797255384523e-01
1.000000000000000000e+00
5.982215400944497219e-01
-2.254042249664613140e-01
-1.000000000000000000e+00
-9.604893930493274556e-01
1.097029916203715733e-01
9.755936520031450732e-01
9.539048162168231038e-01
2.267254598676264887e-01
-7.608843245812754175e-01
-2.621452141511870781e-01
-7.314508823130599913e-01
-1.153377816917580123e-01
-3.025529065516141536e-02
-6.343074977263003511e-01
9.166687297602293949e-01
-8.373028379537854615e-01
5.393281018567334106e-01
-8.562388135246570275e-01
1.000000000000000000e+00
-3.499058357312960776e-01
6.004364898891467739e-01
-1.000000000000000000e+00
1.000000000000000000e+00
6.190700533660908889e-01
1.000000000000000000e+00
3.606651635967818015e-01
-7.510846033438861591e-01
-2.926830109854696715e-01
1.880943209845546971e-01
6.080317466922475766e-01
4.170596638531101630e-01
3.908232550466541610e-01
-9.639572881361693213e-01
-3.787447832420370863e-01
6.253509262758800702e-01
-9.846472510289108193e-01
2.188193139903763518e-01
6.647318637417953813e-01
-8.523146849675660164e-01
-1.504987297038504757e-01
1.000000000000000000e+00
1.158430630402456085e-01
