-9.183913219643587145e-02
7.134395284664420134e-02
-1.676222313836729094e-01
-6.577283305734570040e-02
-9.522918186908498894e-01
5.880395777381036693e-01
6.146179811451341068e-01
1.000000000000000000e+00
8.893414754709912939e-01
7.938102154876562899e-01
5.500487091914837423e-01
2.506817911999035253e-01
3.961083945423308772e-01
-1.603617243556613170e-01
2.208368961015585163e-01
6.686652426928325621e-01
-7.653955445796782886e-01
5.484732040041488954e-01
2.051026117362015899e-01
-8.365777602613735375e-01
-1.577673023749392445e-01
-1.000000000000000000e+00
1.131217745802508556e-01
8.908290390678889059e-01
-1.658772809043218555e-01
1.572298797347991828e-01
-5.379851529090702300e-01
4.192504365190833360e-01
8.224511991275709200e-01
7.933757303131790950e-01
-2.403144148932536139e-01
4.883220868890763011e-01
-9.647532974629655644e-01
-7.277812099486495601e-02
8.565378045642738081e-02
-5.036653869579179599e-01
3.828423789865426086e-01
4.347132794367992159e-01
-1.066538649345821627e-01
3.833789435037687210e-01
-6.429705635103470929e-01
7.383997132770864225e-01
-3.375991448334260681e-01
-7.420858602506983370e-01
-6.016675243912955606e-01
-1.324800078653546320e-01
-7.883775467077344112e-01
-9.987568398721042850e-01
4.819545691512265306e-01
-8.427307527401479703e-01
5.148974606983205415e-01
-8.801544340107964048e-01
6.866204491371242780e-01
-4.208884249539756595e-01
-2.186865037979273674e-01
9.471455950123388590e-01
1.000000000000000000e+00
1.000000000000000000e+00
8.540992833769216475e-01
8.268469470617265671e-01
1.057503177208690553e-01
-3.281455422656850418e-01
2.665573264728950953e-01
1.000000000000000000e+00
-1.000000000000000000e+00
-5.000863862072963961e-01
-7.239567167335718700e-01
6.323938289781818600e-01
-6.323906830436161197e-01
-9.711031500119353677e-01
-3.226318171231935539e-01
8.470488014917341157e-01
-2.954158146946015417e-01
4.562713033034582755e-01
8.693907232683160125e-01
-1.000000000000000000e+00
-2.320512405350041996e-01
-8.940943056230625519e-02
-4.156391443003253916e-01
-4.695929760145783893e-01
-9.209656695288898076e-01
8.380462246117403868e-01
-9.581217944787343566e-01
-5.121259566619309478e-01
8.081100011151833851e-01
3.977931670523831009e-01
-7.381354027516321414e-01
4.545237211564197577e-01
-3.508106023376638682e-01
-2.144339701021386879e-01
1.424671397158517872e-01
7.575850007644808759e-01
-8.935318599781313376e-01
7.681809998398669848e-01
3.943318802448440019e-01
-5.440710982260661410e-01
-4.303756512931974365e-01
-3.550719428068429551e-01
-3.547258288711222507e-01
-8.269411528544310386e-01
-2.958352576064975925e-01
1.000000000000000000e+00
-4.534204351236131858e-02
1.000000000000000000e+00
-5.014321135884604042e-01
-2.258388294618857706e-01
-1.901900794635564551e-01
-9.262194167522037613e-01
1.843588311122965895e-01
-7.548487638385656950e-01
-1.723577404587552375e-01
-7.775719430713612379e-01
-5.039592365553676734e-01
-5.450070949545875454e-01
1.000000000000000000e+00
-1.284952731119729519e-01
1.842630527217988812e-01
8.241153523528393920e-02
-7.240880743550537346e-01
-1.215845051947375549e-01
-8.959547490607474574e-01
6.109038649805892396e-02
-6.106517257878343319e-01
-2.085330607919921309e-01
-4.052305124092746014e-01
2.275722670318610502e-03
7.535839965937167761e-01
-8.943942528692612193e-01
-2.504543367836878920e-01
3.260439745644450049e-01
1.935881786241613889e-01
9.688177487262422671e-02
8.671169290105331662e-01
-9.183308020033937868e-01
3.757280343099764774e-01
-1.444899414560067985e-01
-5.632953447386511714e-01
-4.653742896600555623e-01
-3.118274661019763971e-02
3.622987588375543161e-02
-1.285040863205794692e-01
9.507494578885715697e-01
-5.241350962575208605e-01
3.745427699836416102e-01
-9.842845707245531650e-02
-3.606042522081849833e-01
-8.182669119958396742e-01
8.038229037684752054e-02
7.795210477332330523e-01
7.635155888187552531e-01
3.152910750612430979e-01
-3.321641237185651852e-01
7.204983868538682446e-01
1.414980532615249254e-01
-2.431480930896690040e-01
7.731252536032453548e-01
2.077661966470254196e-01
5.312814227985944715e-01
6.735805884532081178e-02
4.746795097294029819e-01
4.499081033313787614e-01
-8.188567931400966837e-02
8.567135888986623926e-02
-4.777049994644164688e-01
-9.054209394727659177e-01
6.481933455876344174e-01
3.543354485430216805e-01
9.923215126311593082e-01
-7.241741164292908595e-01
-1.600933928445893439e-01
1.000000000000000000e+00
9.795412001154852888e-01
-2.711232954741198964e-01
-9.376412651175389801e-01
-1.775846008106232443e-01
-1.000000000000000000e+00
-5.247370690586561359e-01
-4.823844536293706020e-01
-6.912892916668273990e-01
1.812686115158496092e-01
-9.338640432533390490e-01
1.020282485689433111e-01
-1.822832387338424454e-01
7.665996247115789419e-01
-1.476146465607785507e-01
-9.626813200995195663e-01
5.591505179533745595e-01
-9.661577271858001748e-01
-3.559415784444887043e-01
-8.774885680231886420e-01
-3.948129164937248525e-01
2.581750511854284391e-01
-1.439781954915133888e-01
-6.000643676413837113e-01
-3.718489812289407226e-01
1.424194554833536353e-01
-6.574722757354086733e-01
8.002631554803906200e-01
-8.213897430586266646e-01
-2.224859041881494803e-01
8.037107862467576802e-02
1.000000000000000000e+00
-1.000000000000000000e+00
1.000000000000000000e+00
-1.000000000000000000e+00
-1.025069464658659030e-01
-1.636955732326213497e-01
7.654094942134717083e-01
6.052742437597236069e-01
2.250678928574226800e-01
-6.535230649989134388e-01
-4.321606907312446344e-01
-3.026395723679496941e-01
-4.323794203579396367e-01
8.034185815466200475e-01
-8.033107075423102650e-01
4.159941610715957305e-02
-2.311281883319970254e-01
6.745510899161302198e-01
-2.180035711072577653e-01
-7.404803757856250890e-01
1.000000000000000000e+00
8.651922232166651128e-01
8.349627145527791505e-01
2.583271740775877068e-01
-4.776896329381050688e-01
1.705325757220529648e-01
6.611006717389037446e-01
4.420212122006892952e-01
-5.762606482720504797e-01
-1.000000000000000000e+00
3.114669045816278459e-01
-7.169494983773938568e-01
6.693816786624410264e-01
9.243483836756007932e-01
5.378520699877493705e-01
-2.030185940805904754e-01
-4.500217552360687434e-01
-3.217927872375225817e-02
7.897857987142362091e-02
-4.710831068282469447e-01
-1.079824450597602070e-01
9.666426120269566713e-01
-4.948616236452572092e-01
4.124749506973047763e-01
-8.870234614267534790e-01
-6.993339776016528342e-01
-7.691867306453353814e-02
-6.606267472054359047e-01
3.066030354999915719e-02
3.608227600838862653e-02
3.006372960819891360e-01
5.189783179377944755e-01
6.947446877815256494e-01
9.620305998969392869e-01
3.816448335424318938e-01
-9.439952206983674987e-01
7.228311617151732538e-01
2.782507337489344978e-01
8.427566674613385933e-01
-9.859739214945481001e-01
-7.451083652992965822e-01
-9.045093646696145129e-03
8.712509488154339676e-01
7.070610899134830429e-01
