0.192405
0.667916
-0.748627
0.160203
0.108122
0.268442
0.894230
0.914106
0.970583
-0.719452
0.988678
-1.000000
-0.008900
0.250373
-0.132727
0.834238
0.652607
-1.000000
0.507965
-0.925502
1.000000
0.144398
0.582087
-1.000000
0.473539
0.498581
0.201656
0.558414
0.201249
0.437567
0.353215
1.000000
0.002068
0.775924
-0.876836
-0.479145
-0.831716
0.093944
-0.858284
0.081461
0.618704
-0.201292
1.000000
-1.000000
1.000000
-1.000000
-0.425553
-0.253094
-0.202974
-0.183624
-0.825074
-0.167339
0.315273
1.000000
-0.528116
0.412455
0.636333
0.213101
-1.000000
-0.582250
-0.331933
1.000000
-0.153275
0.983330
-0.170226
-0.315530
-0.642907
1.000000
1.000000
-0.055472
0.183599
-0.261595
0.723038
-0.973757
-0.917034
1.000000
0.888403
0.293435
0.503815
-0.209970
0.013765
0.411515
-0.820448
-1.000000
-0.907711
0.157314
-0.636029
0.280907
-0.999289
0.298286
0.113868
0.199435
0.839941
0.096578
0.891178
-1.000000
-1.000000
-0.038122
1.000000
0.322816
1.000000
0.111435
0.715674
-0.457785
-0.609027
-0.647444
0.554919
-0.556857
0.823206
-0.078454
-0.280395
-0.883268
0.063912
0.018778
1.000000
0.929383
0.527317
-0.518243
-0.291093
-0.649030
-0.256672
-0.023971
1.000000
0.295281
-0.996513
0.442868
-0.315830
0.473457
0.809205
-0.812259
0.408248
-0.478503
1.000000
1.000000
0.819285
-0.465960
1.000000
-1.000000
0.210070
-0.620903
0.489947
0.590517
-0.234453
0.606777
0.437834
-0.583575
-0.366738
0.092815
-0.060138
-0.426131
0.195086
0.184368
0.910480
0.425181
-0.341948
0.534878
0.944606
-1.000000
0.169872
-1.000000
-0.365587
-1.000000
0.958220
-0.840658
-0.707824
-0.839080
0.141935
0.050929
0.088679
-1.000000
1.000000
-1.000000
-0.581918
-0.173084
0.557770
-0.156322
-0.092275
1.000000
-0.611057
-1.000000
1.000000
0.234524
0.200088
-1.000000
0.704024
-0.324573
-0.719320
0.314433
-1.000000
1.000000
0.474067
-0.063453
0.182586
-1.000000
0.724771
0.191298
-0.290532
-0.429426
0.852483
0.517489
-0.993994
-1.000000
1.000000
-1.000000
0.701295
-1.000000
-0.638889
0.198024
1.000000
0.643025
0.314227
-0.571950
1.000000
0.121729
0.691002
0.419977
-1.000000
-0.487102
-1.000000
-0.103269
-1.000000
-0.904855
0.914675
0.386380
-0.435918
-0.131916
0.270787
-0.464045
1.000000
1.000000
-0.082274
0.320963
0.604841
-0.165719
-0.340413
-1.000000
0.951121
-0.552718
1.000000
-0.737094
0.327153
-0.037471
-0.342660
-1.000000
0.779921
0.573644
-0.440509
1.000000
0.990062
-0.679892
-1.000000
0.537909
0.882266
0.676212
1.000000
-1.000000
0.652446
-0.031590
-0.460307
0.729758
-0.272112
-0.316878
0.544189
-0.824835
-0.282924
