1.797781827058734239e-01
-3.790294832933691072e-01
-2.932923316861140717e-01
5.657459600561633994e-01
-6.062281296987127588e-01
2.698500598379206528e-01
-2.051711779723381646e-01
-3.547655377192000525e-01
-6.880822560829045198e-01
9.305489097712863478e-01
8.399272919934297477e-01
-1.660356372885267717e-01
-7.251319851103732450e-01
-7.303879635178045504e-01
-8.541212780956991546e-01
7.071932122806673382e-01
5.562815018936537736e-01
-9.882510306680833967e-01
4.181919052176628904e-02
-2.606103471583299802e-01
-1.665201630216034748e-02
1.000000000000000000e+00
-1.087420475516081286e-01
4.953419684751252383e-01
1.000000000000000000e+00
-5.226405931158990548e-01
-6.961145652103372106e-01
-5.160193892511206748e-01
-6.822446703102076349e-01
6.530868489601782123e-01
5.767189283865702398e-01
-2.639433551550410817e-01
5.014198655959647422e-01
-8.126331638958414483e-02
9.179292572778018078e-02
-1.000000000000000000e+00
-3.286460384500737297e-01
8.713968500053648203e-02
-4.032988867986087578e-01
-7.990297062741982814e-02
-5.656825958330727877e-01
-6.718718758775986677e-01
-6.861163202395735849e-01
-3.325610611398703842e-01
-8.870455908892820318e-01
1.638939839695434664e-01
-7.962630985900032154e-01
-8.427858321016971077e-01
-1.000000000000000000e+00
-4.131094163806913744e-01
-4.657169165034827918e-01
7.001675287347360888e-01
2.632590615911893916e-01
4.597497231799462791e-01
6.811783100437430738e-01
-1.029864866765687753e-01
-1.335999956616167328e-01
5.133803532528347091e-01
7.972331429532736324e-01
8.801865055670622384e-01
4.938910513761475274e-01
-6.796865553683653638e-03
-3.226339120427808571e-01
-4.771169132476863473e-01
1.000000000000000000e+00
-1.000000000000000000e+00
-4.663110146798179478e-01
4.832117746499275945e-02
6.022613818961687349e-01
9.974888271296470377e-01
-1.000000000000000000e+00
9.734218060133830175e-01
-1.995221904461150220e-01
-5.337376730393654789e-01
6.540252726271157391e-01
-1.277726861668298519e-01
3.697013677366053352e-01
-6.712676647957018794e-01
-1.754064163322967551e-01
-2.165918385416151226e-01
8.403361611317040625e-01
6.388290440321409136e-01
-1.000000000000000000e+00
-1.000000000000000000e+00
3.836517310536818326e-01
4.553535483245901294e-01
-5.472246832374030312e-01
-1.000000000000000000e+00
5.243823779979109312e-02
-5.374641351669059430e-01
-5.710016617086384472e-02
5.606549372657060326e-01
-1.000000000000000000e+00
1.926237090348050796e-01
-6.431402968614798876e-01
2.615631162585151381e-01
-7.008923467015794051e-01
1.000000000000000000e+00
-9.969211638967513389e-01
5.642168033841324926e-01
-4.118941480566779001e-01
-1.000000000000000000e+00
7.547425463665967671e-01
7.149877828949204872e-01
3.340519317413569444e-01
1.000000000000000000e+00
-1.000000000000000000e+00
-4.530543691929956873e-01
-9.723801819196261631e-01
2.907036255624709242e-01
-8.720061445753102269e-01
3.960715668320002880e-02
-8.823503000525243500e-01
-2.599448267759274511e-01
1.000000000000000000e+00
2.535238910589742156e-01
1.000000000000000000e+00
1.000000000000000000e+00
-4.010595996863045576e-01
-6.253981960270028617e-01
2.825851188586316898e-01
-9.827930094432487662e-01
-2.509838974517604182e-01
6.247564040919861839e-03
-9.337654613283750127e-01
-2.252393204076119926e-01
-1.296361126647299633e-01
-9.419841397665898453e-03
-9.968219208277439014e-01
-1.288946815302189908e-01
-5.343187513201448358e-01
1.835511647354637343e-01
-7.190629535136866535e-01
-5.244679872811022214e-01
5.098484600972247316e-01
-9.916030026475860515e-01
-5.174612232515521937e-01
6.152464535732805606e-01
8.782110655316746062e-01
-1.886249233950624549e-01
1.806315155493281033e-01
-1.549050865199653737e-01
2.215250443548248405e-01
5.386469133486286864e-01
-1.968473071506162894e-02
-9.984588878556541758e-01
3.950536544597436917e-02
5.936727422801950649e-01
1.000000000000000000e+00
-6.678405063650376672e-01
-1.048589170470636545e-01
8.530483510650890278e-01
1.000000000000000000e+00
1.992641519924813476e-02
-9.982844884497287241e-01
-5.846552773870597464e-03
3.357030023470750635e-01
-1.434426928733148476e-02
5.569931984618656795e-01
-9.746312671820872575e-01
-5.238827741676627125e-01
2.877001440293278089e-01
1.533784969047792546e-01
6.729816230144083922e-02
-8.964450238642738267e-01
-5.530788136945949951e-01
9.119196065942796192e-01
6.322863567883394431e-01
8.222665440697147776e-01
5.694482734925834233e-01
-9.935548540358918324e-01
-5.055656090189694640e-02
1.487534941550005541e-01
1.708452839034035886e-02
-3.835391391691650442e-01
-7.423499938961733990e-01
-4.379553643324403667e-01
2.398990095914595999e-01
4.500479466261598782e-01
1.853154226276940708e-01
8.502196735167991126e-02
-3.971212130724251499e-01
-2.225980119357864884e-01
-9.240389758480120896e-01
6.761871804412070697e-01
6.929881792622225034e-02
6.104696763812170746e-01
7.580048172248834426e-01
1.945162230973878081e-01
-8.190519254880433975e-01
-1.000000000000000000e+00
2.126625403980513251e-01
-7.336809056399723472e-02
7.151642018848639593e-01
5.813256035622260676e-02
4.083742924814259267e-01
6.610737044128789375e-01
-1.000000000000000000e+00
3.005081685711188944e-01
4.030249963753340103e-01
-1.458756114223971334e-01
2.919767186675261139e-01
9.804591246155350825e-01
9.231338657769629918e-01
5.380765020799225251e-01
2.815063823879422333e-01
3.264520905220311686e-01
-4.373101340283068739e-01
2.405405711735918162e-02
-1.000000000000000000e+00
-3.827549353212177929e-01
6.594441283160125122e-01
8.797772448560770009e-01
9.595486720828683147e-01
-6.230280435665019878e-01
-8.865806313124735549e-01
3.918620367389234471e-01
-5.429424233914518227e-01
-8.496007828306864074e-01
-1.000000000000000000e+00
5.125510354777962352e-01
-1.000000000000000000e+00
9.609899687344839458e-01
7.455157164262198322e-01
-2.516594043581698026e-01
-6.070305504553010767e-01
1.000000000000000000e+00
-2.297660990029544437e-02
9.798865700472436657e-01
-2.737627608722510708e-02
4.767985496766721787e-01
9.221754797399972503e-02
-4.233228725370475343e-01
1.000000000000000000e+00
9.502749068014105793e-01
-2.056023615212260180e-02
-6.734754891713518044e-01
5.526512244966219622e-01
3.439348416212386628e-01
7.123976549289893212e-01
7.969930440125669313e-02
7.199893636606835567e-01
5.039837470012384912e-01
-3.890630273121813421e-01
3.062733162057852954e-01
-5.531381422295885697e-01
-6.638605208798252777e-01
6.249369946480508586e-01
-2.314101992408383046e-01
6.563128459763990508e-01
-8.704336385267230636e-01
-2.117810186428784047e-02
-1.896888588588971913e-01
1.150206206144249316e-01
9.630036605715132092e-01
1.649690763444326969e-01
2.771095164048894555e-01
-1.000000000000000000e+00
9.467195560118488729e-01
5.107516115429430181e-01
-6.879782011649878681e-01
-1.000000000000000000e+00
3.545442808472923368e-02
-4.988290344611124860e-01
3.779320037280069489e-01
