4.023253177722574403e-01
-9.067698164685871198e-01
2.289958969570538017e-02
-1.003984215823094939e-01
-4.031562912368298335e-01
1.930215650036866126e-01
2.431831679145752823e-01
-8.033268486314359969e-02
-3.858237262280568292e-01
4.759735909878413107e-01
3.396356149736905472e-01
-9.084744059513101266e-01
9.618623223267901423e-01
1.000000000000000000e+00
4.176781705413521451e-01
1.138121488490106969e-01
-5.522570424287747137e-01
-8.963577129816620026e-01
5.694379539653047217e-01
-7.858308054586631286e-01
9.845907600717815900e-01
8.903936435417039164e-01
-3.893977754019199988e-01
9.509343540863539612e-01
4.831439763384992592e-01
-1.164548351906720125e-01
-1.000000000000000000e+00
9.009993218570042650e-01
-7.339171320252160235e-01
-2.819862962503010273e-01
-2.817080416765040951e-01
2.159453290448474228e-01
-1.475489114992187822e-01
6.835277278113442989e-01
5.035984539646569669e-01
-8.070492660020620601e-01
9.171198084366973813e-01
5.722982617612881739e-02
9.499311853790666227e-01
4.644070781857887464e-01
-6.668178134979341198e-01
2.914958613786742259e-01
9.653480274161712060e-01
8.578061965545202838e-02
4.176998421106417059e-01
2.510574762386595937e-01
-1.209748983135855438e-02
4.343686127823966903e-01
-3.415106940982943762e-01
1.473084473268200245e-01
-9.422571889735982253e-01
4.086459918283891213e-01
-9.422554229692610139e-01
5.269224787249038311e-01
-3.147472336627388234e-01
4.285410984581699001e-01
-7.772060134991070068e-01
-8.594341546612360716e-01
-2.484329183474374148e-01
7.644636660892232261e-01
8.129753623391291484e-01
9.780441985130550187e-02
-7.379258646106243713e-01
1.617199190896445593e-01
5.261104638334068717e-02
-8.319327393860105335e-01
-6.683810358190142020e-01
3.108551245588619949e-03
4.619297738437728729e-01
-6.399303850955513351e-01
-3.989841758611989420e-02
-2.619840182086854430e-01
-7.749966285345517569e-01
-7.064204232461053223e-01
2.905306764914155071e-01
-5.468120707981085626e-01
-5.528392044385361803e-01
2.909028105504672390e-01
-8.129094392662170598e-01
2.569718781087897419e-01
6.825763507746280823e-01
2.183302715822799112e-01
4.583133202949105645e-01
2.549257524059118651e-01
8.758025006216727526e-01
1.466219719299177715e-01
5.761836196035834412e-01
8.622995383363016852e-01
8.597778166468728056e-01
-3.523846106975514481e-01
9.287397940196919777e-01
1.947222597246698328e-01
6.285852800736164703e-01
9.950781968537800726e-01
8.474914602798215846e-01
-1.821765190886706076e-01
-6.238384676792112504e-01
8.163613665330431424e-01
3.776729198580002222e-01
-8.738765182314549573e-01
-4.475877835011334849e-01
-1.000000000000000000e+00
-1.000000000000000000e+00
-7.898855510174471739e-01
-3.325761240319713430e-02
9.685263304749629487e-01
-5.174378857036516788e-01
3.853600977314577958e-01
-1.190478628502056324e-02
-3.470581371889820410e-01
6.923139412488329425e-01
7.910146221071847616e-01
-2.825147422107372464e-01
3.807975606391864609e-01
5.012635295627447807e-01
9.556605317391630994e-01
-5.810081948249152806e-01
9.383655955036585006e-02
-4.187872489307813417e-01
-9.538740721943295142e-02
8.875067450576228367e-01
1.087629113765002931e-01
-7.977258409565133324e-01
7.541655792553938475e-01
-8.146590748344255672e-01
-1.164316901434725438e-02
6.567131414664517663e-01
-7.864259427960994253e-02
9.291954883824489198e-01
7.529986278580731440e-01
-8.598084535101571113e-01
-3.910039117306274292e-02
4.413104377225374186e-02
-9.243823836030444774e-01
6.047613671576488326e-01
-2.737517918447864851e-01
7.019089725786714640e-01
6.350733917343640567e-01
-8.533748955149189630e-01
-2.101204404833740824e-01
6.538090624688668306e-01
-8.241043451344185478e-01
-9.855019766008343840e-01
5.176414187361788599e-01
4.765464190068975370e-01
-9.066430271944163621e-01
-5.868002383085398899e-01
-6.616922388768842200e-01
6.262660628398986074e-01
7.797468523554065278e-01
6.006332756105945414e-01
-1.000000000000000000e+00
2.547746969283275487e-01
3.880332724888835294e-01
-9.987567327468926948e-01
-4.056871870369782584e-02
-3.117087571434959958e-01
-2.704133746737913402e-01
2.325872713863568197e-01
7.348839040111274645e-01
-2.118941025378076048e-01
1.863133933576792689e-01
-8.564428221152404763e-01
-7.525779214901606728e-01
-6.030548174467207367e-01
2.061347866486951119e-02
9.050510643393949728e-01
1.972428654633060496e-01
-5.808040179411799731e-01
2.275078490833148948e-01
7.829718661894593534e-01
-2.084710039051467234e-01
5.801163428196938199e-01
4.616407643439683905e-01
-1.018904552801576102e-01
-4.187517118036594432e-01
9.671300414568428927e-02
3.009859796297875700e-01
1.000000000000000000e+00
4.498135080093859095e-01
-1.790785376265304762e-01
-6.636762645056306642e-01
-3.922491021794944910e-01
-9.194200643100356451e-01
-2.912733115412453611e-01
-6.135490216723857859e-01
5.620943878337447686e-03
-9.979907606053491920e-01
-5.092859157793651059e-01
-8.460546850306620570e-01
8.197285554700244337e-01
-3.826628750185911976e-02
3.174812727764644293e-01
-2.677879300281007513e-01
5.141117170410702819e-02
2.489045172367780889e-01
7.235079434318891778e-01
5.119631068874068713e-01
1.669421278448648405e-01
9.105712951595545945e-01
9.681630239829466245e-01
3.713599528374265102e-01
3.945380670415668534e-02
2.983977629152285704e-01
-4.938706375792250025e-01
-7.441071975616886380e-02
6.403685413301332119e-01
-4.660668135135113133e-01
9.595855954227665574e-01
-3.849273171334470778e-01
-1.128201631218528345e-01
5.017755061349840062e-01
1.842482022682669918e-01
8.294643464972768498e-01
4.858901492645604225e-01
4.198301409878115731e-01
-6.620556223060758416e-01
-2.247130256198173193e-01
-6.036650112549404312e-01
5.927659976491466143e-01
-6.475209797249332766e-01
1.342740432208375800e-01
2.613603335393268612e-01
5.629504547657231406e-01
-3.130409390135355796e-01
-6.374863502728445042e-01
1.530119387683845089e-01
9.737542844883999571e-01
-6.595226176279818109e-01
-2.335768329870062665e-01
-9.198607200475914514e-01
-5.263069742990451605e-01
7.566575549165122094e-01
1.000000000000000000e+00
-5.385111043589123625e-01
-5.909839919291526300e-01
-3.987261301473454811e-01
2.292881281674328253e-01
1.000000000000000000e+00
-4.660548082121862556e-01
-2.156419566745595429e-01
-7.803081799696433007e-01
-1.000000000000000000e+00
4.778367776069967210e-01
-5.654210724172272773e-01
5.014161192298627334e-02
-9.674054679678774082e-01
7.068132295854782088e-01
-9.599707553202008192e-02
1.000000000000000000e+00
2.769305926067080481e-01
5.083433783765598513e-01
-7.830962462752366626e-02
-7.193145589965572739e-01
2.571108996844695405e-01
-8.180457498334330335e-01
3.329533590127371490e-01
5.948112219910628440e-02
-3.247145414755658877e-01
-9.140799111893442852e-01
8.627108210943814637e-01
1.799351608700439087e-01
6.649546910773631581e-01
6.137690483514599560e-01
1.239826790256699507e-01
