6.890017644515322726e-01
6.957023308224562497e-01
4.793755110455353297e-01
-8.442643316830169553e-01
1.049151152018436561e-01
6.216037672867592567e-01
1.000000000000000000e+00
8.092199867066760532e-01
1.834891306586383664e-01
-3.927422125164593547e-01
-2.528531244395018085e-01
-8.521669036987825629e-01
-1.534430674498976632e-01
3.123236078872250743e-01
2.048547629211061316e-01
-1.918650662108609684e-01
9.167974758608745667e-01
-4.438207979402372105e-01
-6.648201332066924207e-01
1.474629353403101029e-01
-6.135402285337558936e-01
-4.106376549985210067e-01
6.415767430799388382e-01
-8.040893070883789462e-02
3.506999373388707264e-01
1.116401073633987440e-01
-2.556174491260818638e-01
-7.987207166377395529e-02
6.823147077525349991e-01
-1.829966840480021228e-01
4.076555323296788824e-01
7.041720764183896364e-01
-8.513029491168701002e-01
-5.223272052181693326e-01
-3.875799103165581960e-01
2.136485323498950040e-01
9.693006039534396434e-02
-4.089185476174575506e-01
6.055299646298071270e-01
4.388502661724411058e-01
-9.992533340474794024e-01
-5.222186016299114053e-01
4.362171113354302854e-01
-5.506245048961152522e-01
-6.184257444899862177e-01
4.894646784983944232e-01
-1.625009189771645657e-01
2.171650730958744058e-01
-3.342233439948359974e-01
-4.385352302952980619e-01
-1.607654116810218747e-01
-4.721773914385440363e-01
-1.000000000000000000e+00
-1.000000000000000000e+00
1.054184425764285171e-01
-4.930016600024749174e-01
6.274491884624955329e-01
8.318840232411056634e-02
1.150065962511846451e-01
6.286787035420148273e-01
6.164337172860074876e-01
3.755469962351929425e-01
4.191120707657063071e-02
-4.364232024674015165e-01
3.018829975577735913e-01
8.485808677473119510e-02
1.000000000000000000e+00
-1.226201352924148613e-01
1.000000000000000000e+00
3.475608317187365293e-01
-1.606389541256565412e-01
8.277532489931094251e-01
7.865066875933079960e-04
2.925280848652345722e-01
-9.608372538864760060e-01
7.269139251382565892e-01
-6.035205578759275102e-01
5.793041939752778813e-01
-1.500785816964474439e-01
-1.000000000000000000e+00
-6.890206675907699641e-01
-1.041854924498537005e-01
-3.660316519304613880e-01
-4.832446897719679946e-01
-5.672957506316672616e-01
-5.421830378384453475e-01
-2.593874944882163525e-01
5.113744651916145578e-01
-1.557419209048338526e-02
1.852514871248067130e-01
-3.446231689723074365e-01
-1.622571532724080556e-01
-9.667612757622738862e-01
-6.304442244373027471e-01
7.311462372687382860e-02
-2.971136650784900191e-01
-1.090632720042708503e-02
-8.137750748448843163e-01
-2.796103195550972420e-01
-4.141255939911041573e-01
-3.010211339161084632e-01
-4.761135140134813981e-01
-1.842384380854352743e-01
-8.056112624089977192e-01
6.941184663427738544e-01
5.638005261427307957e-01
-7.103371496068898727e-01
-4.997468431730115457e-01
-4.743104856088357080e-01
-5.960334235139239656e-01
-6.020840510098883769e-01
9.018158316869203661e-01
3.407558085597183761e-01
5.530625792945357277e-01
-1.000000000000000000e+00
1.064372556407280346e-01
-6.937703539425199573e-01
7.051989146191668389e-01
-3.482346274885985693e-01
2.582673796790078136e-01
6.858701801432467438e-01
2.426021467974345813e-01
-2.205630864976310113e-01
3.114231389055248655e-01
-3.039404093341029900e-01
5.298760754593625499e-01
-5.377106630030699108e-01
7.193181635868168833e-01
-8.635363616328366465e-01
-8.746052071805130446e-01
-3.926071140811623339e-01
1.000000000000000000e+00
-7.499513515923592610e-01
3.896343405352917233e-01
4.477470346265932655e-01
-2.505258446581371534e-01
2.540377576605920007e-01
-5.695179151300556741e-01
5.244138210026109137e-01
2.923936364211798811e-01
4.098172347666808463e-02
-5.483906644438596434e-03
4.349751641447017203e-01
-5.033003831448534804e-01
-2.773160470390603205e-01
2.881137488260974155e-01
-8.766269770108647830e-01
-7.861968633193311407e-01
-3.898715123843863872e-01
2.236921022315938035e-01
-6.540316562409939083e-01
-1.000000000000000000e+00
-1.000000000000000000e+00
1.153183058682287314e-02
5.487573839199761938e-01
-4.441343380321631784e-01
-4.534805941907060767e-01
2.913900863385356921e-01
6.616873861853386218e-01
-1.157597158345227695e-01
-1.544282264187344933e-01
-6.623319706580012012e-01
-1.710782146368459156e-01
8.413676838398311819e-01
-2.503832679096298364e-01
-5.569161665590918742e-02
3.277382620514767142e-01
-9.711352565171735840e-01
-2.608522735755157695e-01
3.055436884292292987e-01
-7.469974189427742717e-01
1.713761812629100989e-01
-8.449768558886645575e-01
5.780989073839712944e-01
7.196970080528560798e-01
7.876062674220036808e-01
1.000000000000000000e+00
-5.266936437506219981e-01
1.000000000000000000e+00
-5.156776842300190289e-01
-8.908235753597809614e-02
-1.000000000000000000e+00
8.557306559983745009e-01
-1.000000000000000000e+00
4.674509991127440145e-01
8.410095543765947479e-01
2.063842694690067869e-01
-6.505798622594484437e-02
1.646844188227965522e-01
-1.680820454920826101e-01
7.409134931868902596e-01
5.845775646912543255e-01
4.649249084472465987e-01
2.772605346502606816e-01
-7.567329398756824643e-01
3.438836029224919821e-01
1.321713161976938722e-01
6.417321548300658485e-03
4.654681247549889989e-01
3.415520372112253872e-02
6.715080213986645008e-01
-1.000000000000000000e+00
1.694299138779969682e-01
8.995304117702918045e-01
-2.389488870125869302e-01
-3.322648477793344601e-01
1.022424029532804923e-01
-1.676772705428692389e-01
2.789350978839150730e-01
-2.575145075731472555e-01
-6.491436174731716191e-01
-7.962192476970034183e-02
7.824497683470330589e-01
3.811196305375945670e-01
1.000000000000000000e+00
-1.838215643913361230e-01
-5.484386100684602861e-01
4.902823108855658418e-01
4.326300940981233079e-01
5.973454964347911511e-02
-1.136468257307703400e-01
-6.356592120938313606e-01
8.777272408230097911e-01
-6.351395748981596423e-01
2.371637731386489478e-01
-6.871417308118549228e-01
-6.173974727473290347e-01
4.343912198721867901e-02
6.642275037393181591e-01
7.341947486392332856e-01
-7.832481446093120248e-02
-2.910121919627587372e-01
-2.500312791595001860e-01
-7.698878761286151451e-02
5.729709967123389758e-01
7.128900485758673522e-01
-1.764365608315718870e-01
3.237388984709680950e-01
-1.189403214079329807e-01
-9.949546516800561458e-01
3.505293546761234502e-02
3.089969735755782043e-01
7.935773747368710662e-01
4.550013685704791255e-01
-8.254404664626322496e-01
-1.825811115065882895e-01
5.536561463466566080e-02
1.991470292858962543e-01
-7.403097599069098367e-01
6.326007850713379899e-01
-5.217457335125179618e-01
-3.389926819994286689e-01
3.998946074761515201e-01
3.039210478057808862e-01
2.415101355665061900e-01
-5.890767466347159864e-01
-1.000000000000000000e+00
5.298100522937410073e-01
9.538082759073946981e-01
7.551525120596069840e-01
-5.841502029742688951e-01
-5.429577397310670905e-01
-9.707113832567846323e-01
3.191304370869548213e-01
-1.108211206362343104e-01
