-9.139488727336575469e-01
-6.971381561175828967e-01
3.457943371031770852e-01
-6.147988793795784446e-01
-7.444106649065558301e-01
8.162916348627782259e-01
6.714629887834238087e-01
-1.155916381313353281e-01
7.598138775532781164e-01
4.784924018251350830e-01
5.635084163944528157e-01
4.225220823392181746e-01
1.337777146691219166e-01
2.134975405739383270e-01
1.838961699158923047e-01
9.522517736390543330e-01
-6.849339147328230570e-01
-1.369199549735277688e-01
2.046567433081716847e-02
9.417900557506209136e-01
-5.492475156521809954e-01
3.261743227678937096e-01
-2.222725545320284879e-01
4.091219255531413079e-01
-3.838406502088582695e-01
-3.226681322664659568e-02
1.000000000000000000e+00
6.877971330777967740e-01
-2.959037234061978605e-01
6.768403724220015683e-01
3.207144099246823643e-01
-1.188441466303387095e-01
-4.343190777875104991e-01
1.000000000000000000e+00
-1.000000000000000000e+00
6.321825311167161843e-01
-9.627561749533852797e-02
2.528385186141708374e-01
4.804754780384870028e-01
-5.415297705047903420e-01
-7.882325171431205924e-01
-1.000000000000000000e+00
-9.883451742194775402e-01
-5.925359144718957971e-01
-2.266927114608907612e-01
-8.415988704887069627e-01
2.721516972220665576e-01
6.887335252001969277e-01
-6.240484080141373013e-01
-4.906992854422491668e-01
2.921629413986459589e-01
-5.736408529649195120e-01
6.196678195989877569e-01
-7.570773855780112971e-01
1.000000000000000000e+00
1.118602406795742021e-01
6.896982815848873294e-02
5.306638713397560103e-02
7.875400783951516104e-01
6.431809787018480939e-01
-6.963054635302741158e-01
2.700912593234936487e-01
-2.796233068927342913e-01
6.308848738411509949e-01
5.571079408210040107e-01
3.538264041963437023e-01
4.547570240559657417e-01
1.857429260809280724e-01
-8.856084614244161268e-02
-2.363637439298800214e-01
-3.970254343597784397e-01
3.925227662409249696e-01
-1.000000000000000000e+00
-7.713869908242894091e-01
4.804234658783572698e-01
2.640999225071515299e-01
-5.003912630652949112e-01
-1.000000000000000000e+00
-5.556954368908397779e-01
-3.254866844849850782e-01
-1.030900335632838338e-01
7.902952555618358854e-01
-9.379341759666826039e-01
-6.405250085546323469e-01
7.045608829844538512e-01
3.483267081654837227e-01
9.440310707523424938e-01
5.574781973587625838e-01
-8.621610654866186385e-01
1.000000000000000000e+00
-3.737684592384989957e-01
-7.698853351479143514e-01
-5.825624682481516103e-01
-6.656338894491643510e-01
2.728722154075506889e-01
-5.719792521705178157e-01
1.701032089069489661e-01
-9.109826571366343995e-01
1.000000000000000000e+00
4.939879048580808618e-02
4.804154967275677812e-01
7.258249054835650416e-01
-9.468995073084236491e-01
-3.776028986962259304e-01
5.021679372708316436e-01
8.096345093310570729e-01
-1.000000000000000000e+00
4.456791651031991042e-01
1.000000000000000000e+00
4.045091527985202884e-01
6.884633555835917296e-01
7.766999744599629718e-01
1.568739889018866407e-01
-5.114004273859826810e-01
4.183711247075919126e-02
-7.282622489682220035e-01
-8.005610384153380998e-01
-2.945951929400525415e-01
7.547324162353938881e-01
-2.665074004514484951e-01
-3.615791503948253549e-01
5.366438083178797225e-01
4.291978425671059139e-01
-9.560907412056307564e-02
-1.097433080576276088e-01
-7.728187563892101597e-01
-4.693033623755527017e-01
6.799656507465896560e-01
-4.919269834535098251e-01
-7.112077245803432035e-01
7.228293412342308155e-01
5.861360010147218524e-01
-6.959443544879985177e-01
5.117390630196072543e-02
7.817608510662650279e-01
-6.479391214899229423e-01
1.005082301819901769e-01
5.098469536694731907e-01
-6.464765705851491795e-01
-7.427391068121915740e-01
-1.964384750295256055e-03
8.279331343292000156e-01
8.869986373864862106e-01
5.887609786803955636e-01
-7.061378220862050969e-03
-6.994446393130564488e-01
-2.880525222008196717e-01
8.946157163060857176e-01
7.158037672455296319e-01
2.507219827392259681e-01
3.118485370703785176e-01
-5.940684269014364638e-01
-3.427075566784720806e-01
-1.022910421350888832e-01
-1.048081907265284718e-01
2.157307287558708417e-02
-8.070064718349572175e-01
-8.328902157208157853e-01
-1.541999436985299066e-01
-5.494827589926298828e-01
9.970694592905853249e-01
-4.528759457325401971e-01
-4.608348199266343315e-01
-9.377736238348505227e-01
3.501956383529007955e-01
-6.466757357566442765e-01
2.598400805251916967e-01
3.167433329435663802e-01
-3.472561791442027035e-01
2.173588443261364467e-01
7.576698318948014155e-01
-5.453049495618822462e-01
-8.156174629560192235e-01
7.035932769620216742e-01
-1.000000000000000000e+00
1.000000000000000000e+00
5.808467188552717264e-01
-9.649833986152169807e-01
7.062307255336603973e-01
-2.117252698051050874e-01
-2.713729543374512332e-01
-1.000000000000000000e+00
5.687284525155200665e-01
3.679096954813878551e-01
4.707293555693583542e-01
-8.967394252862841419e-01
6.275510966453290429e-02
8.558578671967843610e-01
-6.540878141798767142e-01
8.093238299622662613e-01
2.350157644661006184e-01
1.841363813529455773e-01
-8.167252793740411576e-01
4.881094177780216370e-01
9.392415188954394978e-01
-1.392729817435522932e-02
-1.000000000000000000e+00
-1.000000000000000000e+00
6.756680235078553753e-01
-4.729492998341973120e-01
-8.886777331459105866e-01
4.671748126485457675e-01
3.111665310135964813e-01
6.167613523521779939e-01
-3.867582273813447991e-01
4.814860423701565195e-01
1.384996702976076799e-01
-9.361523207318889206e-02
1.086810683175971626e-01
-2.271183710451232241e-01
9.498734452340795720e-02
-9.376432389425071179e-02
7.752493958672568297e-01
9.462703533281777712e-01
1.035300753503196614e-01
-1.000000000000000000e+00
2.074299214344978992e-01
8.727083182648660564e-01
1.192170284381610657e-01
9.245224967433276486e-01
-3.178481973383162629e-02
6.680899073496571194e-01
-1.581882107451675346e-01
-2.671591278803764347e-02
-6.105299594599389312e-01
4.188989535906753048e-01
4.199693576428220609e-02
4.441559117192968031e-01
4.838173899968298830e-01
4.420643661313894413e-02
-4.811258300245953579e-01
5.667684419912897287e-01
-3.645405343101000284e-01
1.000000000000000000e+00
4.369741821647115110e-01
1.210399441892959782e-01
8.693332334132597428e-01
-7.347231284365682846e-01
-2.208215314181988242e-01
8.663006392611261042e-01
2.007951627465565103e-02
-9.670727941119026116e-01
5.296803048258660329e-01
-9.465016825089747066e-01
9.491052474603189903e-01
3.220526607757522863e-01
-9.196204150233433516e-01
1.860007767081538477e-01
-3.182532175933525664e-01
3.843384833712297777e-01
-5.985034734223515507e-01
2.583775469485791176e-01
-6.963668251515178209e-01
-4.213562075377175198e-02
7.528699364139717076e-01
-7.246372696384353329e-01
-3.207607671708374575e-01
1.521387446200967164e-01
1.018796601099813959e-01
9.963510688049501685e-01
-3.218324050871590458e-01
-9.539835553274225166e-01
1.031723415237491004e-01
1.000000000000000000e+00
-9.749536232786755185e-01
