-8.617572463466948163e-01
-8.519203095356296940e-01
-9.054779572312128266e-01
-9.290544947862188208e-01
-5.113594853127716444e-01
7.621846337117943460e-01
-8.908810507451114802e-01
1.013534724302821155e-01
-3.452961691932973087e-01
7.662699259748045888e-01
-1.148228748291037354e-01
-8.437144326013399365e-01
-4.800042964737962770e-01
1.000000000000000000e+00
-9.499615494880442323e-01
2.734919526786723232e-01
1.000000000000000000e+00
1.131424384206607819e-01
-6.774672639238816796e-01
-1.270873617827157354e-01
-1.416641191114659803e-01
4.072660972970046922e-01
-2.076351087050936073e-01
8.157102048521824855e-02
-4.023991198678034120e-02
-6.998396479892721178e-01
-4.687329425585440856e-01
1.770252368157918532e-01
-2.202848395626997302e-01
5.365039819322587888e-01
8.264895820651372293e-01
-9.904217861032902359e-01
3.979809969113856649e-01
-6.841458400043758381e-01
7.780438729201339942e-01
6.138817589502014727e-01
9.962252976594232479e-01
-4.480938544695338699e-01
2.771027296116882477e-01
-1.607661218045786100e-03
8.919744597079428683e-01
-3.878056055827761028e-01
-5.408868124670769273e-01
-1.155285921590060161e-02
5.348666183479702241e-01
9.560311073237564017e-01
-5.392462369880460793e-01
-8.716369534853799506e-01
4.505706113003462576e-01
9.583089465453022981e-01
-5.352317532718868787e-01
7.231301293654526230e-01
3.893173061652743794e-01
-8.473932115254876329e-01
-7.706908794858498002e-01
9.547996316155278329e-01
2.628516403829227466e-01
-2.370781725086493763e-01
6.042824097818897400e-01
-9.192997637796594956e-01
6.228532028214518457e-01
-6.536654449238394893e-01
1.619098078657390527e-01
-9.364548098089200412e-01
2.720954753507731638e-02
1.885453353140089938e-01
-7.274764774260367162e-01
4.764518673109892077e-01
-3.806440473292106441e-01
-6.041252333145292752e-01
-2.816687872056299891e-01
5.614417558207840386e-01
5.617934122837930921e-02
-1.545193312543076125e-01
-2.882106844099610043e-01
-1.478607656025191508e-01
-1.265302929738594262e-01
-5.462329807504324730e-01
-5.798814060911732238e-01
1.310143040627659294e-02
-1.708481399771256681e-01
6.147777095621110854e-01
7.406264089828211716e-01
6.491458413996841204e-01
8.497092599558717652e-01
2.870977063725701495e-01
-5.248645067336350500e-01
4.147019419625159742e-01
-4.153449264851362677e-01
-6.245011090605160353e-01
3.890632052155978959e-01
9.900251913408926185e-01
8.291824277451036451e-01
2.957763221992910641e-01
-6.076098841607291412e-02
3.429954846924567757e-01
7.098405911876858321e-01
-9.476473855195937102e-01
5.852516471754665162e-03
3.660257122513996819e-01
-1.663508216166627030e-01
-2.671885622159244633e-01
-3.023881220650473933e-01
-4.369763956432550778e-01
-1.240668149332841974e-01
-2.696289749935298907e-01
1.678699238972045926e-01
2.972799089804005201e-01
9.269123033731547778e-01
-9.443926264752100508e-01
3.660962045801019471e-02
2.483134354661307164e-01
2.102761305485275622e-01
-3.600770990373611258e-01
-1.624955613886689409e-01
-1.866696352811059167e-01
2.316596018137579982e-01
1.000000000000000000e+00
-5.213969862104008701e-01
-3.902740485848301688e-01
7.129770433398516793e-01
-2.760115830710371254e-01
1.158926631327694690e-01
5.474953471564401042e-01
6.449068423560373464e-01
-7.167790495427637243e-01
-5.259655035138819379e-01
-1.544022996053833197e-01
-4.402952889878191112e-01
1.764622451329439512e-01
5.862028115217274848e-01
-1.198011407840885445e-01
-8.684659597167142531e-01
5.996540798344629497e-01
8.980431490990885557e-01
-1.000000000000000000e+00
-2.104902025426538259e-01
-2.790057128845810919e-01
8.340918734678460789e-01
-3.256810558505888187e-01
8.534352777465179507e-01
-6.815786083397009643e-01
4.307903728552187061e-02
9.070986587942297952e-01
5.347004935811741078e-01
1.000000000000000000e+00
8.523393759525029756e-01
-9.207282499748865590e-01
1.583346730261462332e-01
9.820382789183919048e-01
-5.582157215003780149e-01
4.358951039893188550e-01
7.378067821381901759e-01
-8.054759691183033254e-02
2.253814655022497448e-01
-3.380945156444514765e-01
4.906193957004700845e-01
1.733100309036819109e-01
6.401165712549750086e-01
-7.536700685567571112e-01
4.379384601106663388e-01
-9.084522841791129455e-01
4.778250820293642454e-01
9.933951177914808195e-01
6.893341357646372014e-01
2.435181847757750262e-01
-9.993344683888875091e-01
2.909731529804195915e-01
-8.502381433646315489e-01
-7.607617309141110340e-01
5.825846965878073158e-01
6.893449283866239785e-01
-6.037851079434677359e-01
-6.888283164635629063e-01
-1.286508837742848521e-01
-3.863998236832397737e-01
9.999159560496568844e-01
-9.315028351513319205e-01
4.798957590821877339e-01
-7.152301658726321065e-01
6.415559607494694117e-01
1.256517247906256962e-01
8.004909168475408121e-01
8.705105290860283285e-01
-4.628227568605898234e-01
-5.952892815147786676e-02
-2.895330132176319182e-01
7.457789357181285883e-01
-4.087938600026448932e-01
-5.849342413311002797e-01
6.232501171275006691e-02
-1.837596767384577223e-01
-8.424595523854647716e-01
4.310164786048795715e-01
-4.797279226855737377e-01
-2.680647385687198181e-01
-4.953346204549667897e-01
6.769431495705872104e-01
-5.968811458204490439e-01
1.559369293866099682e-01
-8.456035772412116014e-01
7.283268870181471011e-02
-3.650787196589894701e-01
6.458450480992361520e-03
4.487312525910669425e-01
8.941171158510430317e-01
9.982634485841728189e-01
8.279332017103961938e-01
-6.410318267131396297e-01
-1.515264587071720737e-01
-9.052309850677691117e-01
-1.837419484873127340e-01
-8.857879409073907695e-01
-9.167521641259963883e-02
6.076183261521839185e-01
-9.350375695740561488e-01
-1.237795224362030488e-01
1.000000000000000000e+00
-4.973299416859457978e-01
1.923643447414193908e-01
-3.023490911266695225e-01
-4.555588180818013755e-01
-6.338590359366937932e-01
-2.551536596696846182e-01
3.260029101686057196e-01
5.385654108948788599e-01
5.911819011764822829e-01
-5.159694020090194178e-01
7.557453113312364579e-01
-9.358800798839996826e-01
-1.000000000000000000e+00
-5.713762656840937204e-01
1.494773256752601753e-02
-6.786317485075208378e-01
1.277272286535393597e-01
-5.445977024484593976e-01
4.440681857195563076e-01
2.659378875205447579e-01
3.898483577970424108e-01
9.325430451515960284e-01
-7.367972187605165146e-02
-5.951158881183473692e-01
1.723584423614574757e-01
5.791828894171275888e-01
4.122936129079768364e-01
3.779434478777555229e-01
-2.161082752269686824e-01
-3.734788761592569006e-01
-4.165714602960850499e-01
-4.393266714739768597e-01
5.638329346218515781e-01
-7.262977352236397177e-01
2.917832787882889689e-01
6.538385266124575601e-01
-1.345695764540030537e-01
2.812692279269703999e-01
3.770205350911166597e-01
7.809488694102104667e-01
1.852385423561162259e-01
3.678142119369312013e-01
5.417961257878340930e-01
1.000000000000000000e+00
-7.793318547787631001e-02
-7.958859012071590744e-01
4.322111339877340308e-01
