-9.160313457893420885e-01
-2.766048827719504999e-01
-1.000000000000000000e+00
-1.000000000000000000e+00
-8.314231142766399518e-01
1.000000000000000000e+00
1.593326996287982300e-01
-9.826941741522596807e-01
9.036438032682841959e-01
7.598228823532066079e-01
-5.287097816820625074e-01
-1.000000000000000000e+00
-1.181142042037603979e-01
-2.613268099918996112e-01
-8.089422264337670088e-01
8.303427602007011910e-01
8.624302668355146029e-01
-1.000000000000000000e+00
-5.649499489289666609e-02
6.820707145880866573e-01
4.256495427574588097e-01
-4.711433446662988689e-01
-1.000000000000000000e+00
7.708679634311220719e-01
-1.000000000000000000e+00
-3.108030059709335768e-01
-7.848832865070282105e-02
-8.970758500572869609e-01
-3.729623987216494907e-01
-5.745542559354428480e-01
-9.608241006839460807e-01
2.957102448202134082e-01
-1.000000000000000000e+00
-6.163378850097001038e-01
-7.928573119525712531e-01
3.879022256928056911e-01
1.000000000000000000e+00
6.246274146649378745e-01
2.520037328838660162e-01
-8.789916126200052471e-01
-1.000000000000000000e+00
2.159019695448680942e-01
-1.000000000000000000e+00
7.949876183944397656e-01
-3.411340312828518018e-01
-1.756689067872194698e-01
-1.880246549319279925e-01
4.286013517400721895e-02
-3.916054911662422144e-01
7.682107289299676678e-01
1.000000000000000000e+00
-1.000000000000000000e+00
8.773742549016256831e-01
-5.757252301968573960e-02
-4.435603537870524971e-01
9.571575320051345370e-01
-1.087360786894590037e-01
-5.977244298889500262e-02
-4.444401236978442471e-01
-1.000000000000000000e+00
1.000000000000000000e+00
1.703058555193915913e-01
7.682669456596714630e-01
-5.980237651750300865e-01
-6.232122403380158104e-01
1.000000000000000000e+00
8.492013200559572761e-01
-7.516528849866456197e-01
-9.812170853089448030e-01
2.259904211158062781e-01
-4.809819221411392176e-01
4.230247353734638005e-01
7.766629435568535023e-01
2.352283315465364399e-01
-1.000000000000000000e+00
-1.000000000000000000e+00
-4.586281439406889593e-01
2.529416077091595771e-01
-2.095243924900478394e-01
-1.000000000000000000e+00
1.000000000000000000e+00
-1.000000000000000000e+00
-2.869823248257420412e-01
2.583495059653969639e-01
-7.684838710956516383e-01
-4.126780650778535398e-01
4.767037610279353244e-01
1.009466197333685616e-01
-7.849461194203315451e-01
-9.788418321190932581e-01
-8.989400678502907915e-01
9.354746054359545093e-01
-5.885072182735244795e-01
-1.100315852272055750e-01
-7.321899434564405063e-01
-1.000000000000000000e+00
-1.000000000000000000e+00
8.157597924878479123e-01
9.113434217428162398e-01
5.988405708926447524e-01
1.682210692733479562e-01
-1.180801074020388641e-01
6.524552449982887747e-01
-7.219701657418663432e-01
7.604763723594571978e-01
1.000000000000000000e+00
2.100254176965588859e-01
-6.082408668743966018e-01
1.000000000000000000e+00
-2.969215459062263252e-02
1.142151041344662277e-01
-3.957573358000925356e-01
-2.209020497363239632e-01
2.484288398186134117e-01
2.974674530858099075e-01
-1.000000000000000000e+00
4.822600446098097571e-01
-8.226202365092328828e-01
4.576357438905011010e-01
1.000000000000000000e+00
-1.000000000000000000e+00
6.436079102366196736e-01
-7.838188422253785648e-01
-2.275097314056238884e-01
-2.432115203861532904e-01
-6.127277678708091813e-01
7.234759545092772637e-01
3.202452853594727200e-01
-1.401692376614247781e-01
-9.449850050352723851e-01
1.710504076166499132e-01
-5.947514602059397193e-01
-9.489732076389653104e-01
-4.044301607680486077e-01
-9.739137941040182378e-01
-5.018417751929710180e-01
-2.475706230282276321e-01
-1.193171712485506242e-01
6.909046716569728908e-01
7.100290049951076821e-01
2.773238089934598194e-01
1.000000000000000000e+00
-3.715187372628364626e-01
-1.000000000000000000e+00
7.224127465233554091e-02
1.000000000000000000e+00
-5.758921538278866104e-01
-1.000000000000000000e+00
-1.000000000000000000e+00
-5.767274870646748042e-01
-7.801393931168427998e-02
8.132466938618052588e-01
-1.000000000000000000e+00
8.915452468003730591e-01
-2.301078488521351995e-02
2.771681115930818007e-01
1.000000000000000000e+00
1.000000000000000000e+00
-4.421875040662221479e-01
-7.203202045584102819e-01
4.655268733079159782e-02
8.517328455926418407e-01
6.576914083574184611e-01
1.000000000000000000e+00
1.000000000000000000e+00
-1.000000000000000000e+00
3.673681905785732837e-01
-4.395201039744692784e-01
-4.407610968279709329e-01
1.125990828642648434e-01
-1.000000000000000000e+00
-4.498923840178818967e-01
-7.949978690334800202e-01
-1.000000000000000000e+00
9.876707543365402797e-01
-9.808969543079690823e-01
-1.381735221870272756e-01
5.399152365527126740e-01
2.428902024879466826e-01
1.000000000000000000e+00
-7.640456985448309535e-01
3.045659666034293833e-01
1.000000000000000000e+00
-1.000000000000000000e+00
7.014865177655214001e-01
2.449956500001826964e-01
6.852601414101550104e-01
-1.000000000000000000e+00
-1.916189820226039953e-01
1.000000000000000000e+00
1.000000000000000000e+00
-1.401606423215390751e-01
-4.719766333175859918e-01
-1.000000000000000000e+00
-1.000000000000000000e+00
-2.714747740801010112e-01
3.600152811045124190e-01
1.000000000000000000e+00
-7.613501964226541130e-01
-4.439822929714694610e-01
1.000000000000000000e+00
2.102386855024555579e-01
3.839474343906556508e-01
-7.195817258200570832e-01
1.000000000000000000e+00
1.952255817231718371e-01
-2.822919346347187997e-01
-1.000000000000000000e+00
-3.573525921873436095e-01
-1.000000000000000000e+00
-1.000000000000000000e+00
-1.000000000000000000e+00
3.314555615961822244e-01
5.207182949022655105e-01
8.798592716996384011e-01
-2.861551210821600133e-01
-5.531274503627932049e-01
3.291086473218025055e-01
1.000000000000000000e+00
-2.918311295304742981e-01
-1.000000000000000000e+00
9.445170758947503131e-01
4.508438710326415078e-01
-3.057384901454946458e-01
2.351310304366686088e-01
1.509488282287246019e-01
-7.324011198393658439e-01
9.298895210837129222e-01
6.083977562686111451e-01
-2.935473440131990408e-01
1.839438328077095952e-01
-5.219234709503910441e-01
1.000000000000000000e+00
1.000000000000000000e+00
-1.000000000000000000e+00
-1.000000000000000000e+00
8.581787139780131524e-01
1.971640442942120819e-01
1.000000000000000000e+00
6.722276832923484990e-01
6.541554442679657910e-01
6.946687071875978781e-02
-3.008088120616241312e-01
4.498034512027545562e-01
1.000000000000000000e+00
-8.652627980338061242e-01
-3.664490853914070811e-02
8.018353994598825807e-04
-2.201711870282887507e-01
-2.102473748041465695e-01
7.020508613425661126e-01
-4.818166856087113814e-02
1.000000000000000000e+00
-1.000000000000000000e+00
1.019732669838709638e-01
1.360522532245762584e-01
-8.029379117394057630e-01
3.901194645432155550e-01
9.224411045657714414e-01
-8.807882848975103762e-01
5.644938139789430487e-01
1.402177929802941314e-01
-2.200144782848914016e-01
-1.000000000000000000e+00
-1.852161134548623023e-01
