1.000000000000000000e+00
6.005909518457541729e-01
9.330480665306060128e-01
-8.781967571241949821e-01
-1.000000000000000000e+00
-1.000000000000000000e+00
2.950504423433618628e-01
6.374561909042582020e-01
-2.315958865055721683e-01
4.447627157515041119e-02
2.681804984030911054e-01
3.823605841684799556e-01
3.864036709063908281e-01
2.133948239114131784e-01
6.178331627690690775e-01
-2.362939807833486228e-01
-6.557755443212497370e-01
3.280367993791897252e-01
-1.000000000000000000e+00
-7.827321000905259618e-01
-2.623691538426389247e-01
-2.514219898265918074e-01
-2.178793434606640655e-01
-2.868753687990548973e-01
-2.882730107711872769e-01
6.314481330458621144e-01
-4.340414781729888816e-01
1.000000000000000000e+00
8.859798239731994096e-01
6.433287285078654882e-01
-5.163529717077141035e-01
-1.000000000000000000e+00
-1.980966349782941338e-01
1.000000000000000000e+00
-6.060022863418616096e-03
1.000000000000000000e+00
3.828274047771741406e-01
-1.190166083722382639e-01
-5.759881182358250751e-01
4.270290388270501225e-01
-4.468818078974570729e-01
-9.575223450554513072e-01
-3.835940710415104982e-01
-8.509207311865659706e-01
-2.415446682938019451e-01
-9.664303405658293267e-01
1.000000000000000000e+00
-8.648852467403553845e-01
2.577945377211319222e-01
-7.236983558896796787e-01
-1.206155379137779371e-01
5.374228637077193005e-01
-7.824151322559252941e-02
-2.219074158436856736e-01
1.000000000000000000e+00
8.194263441982003737e-01
5.765319086424898209e-01
-1.000000000000000000e+00
-4.846112992573456402e-01
-2.272784653780182129e-01
-5.055700813229617729e-01
5.104927309268063595e-01
1.769612840980386570e-01
-8.234547742448379282e-01
-8.027624837565711102e-01
5.102712327712144447e-01
3.513289496541164292e-01
4.280420578872521920e-01
1.000000000000000000e+00
-4.001030513606343431e-02
2.199163529620077329e-01
8.161203670431095292e-01
-8.640226065206497719e-01
-1.000000000000000000e+00
-7.202994796708678260e-01
7.085133759974606704e-01
2.583166192719890675e-01
-9.952714438289378407e-01
9.196455592535803802e-01
-9.663868887612886427e-01
7.046954675392576029e-01
7.891898918805634322e-01
-3.106062496588722632e-02
-2.130845173144582660e-01
4.466985414248811903e-01
4.898806460995090983e-01
3.550013640374037882e-01
1.000000000000000000e+00
1.788428451073562075e-02
5.189449830391859031e-01
-4.110093414330218131e-01
-9.584817854052479769e-01
4.839101088291606345e-01
6.772181653673916557e-01
-7.719947327491536448e-01
-6.537796882523025932e-01
3.648381184829324608e-01
5.837089660152725568e-01
5.669985740339762437e-01
-9.574764406761050450e-01
1.000000000000000000e+00
7.684022362513500681e-01
6.275883722058370751e-01
6.709492588803376290e-01
-8.454390523843621219e-01
2.324827148016052891e-01
-9.159369148968038443e-01
-2.555393462564805596e-01
-6.670997869834115468e-01
3.573523965060350360e-02
-5.768593866714148977e-01
9.041510213651935413e-01
9.095477134781569939e-01
-9.674617989202481949e-01
-8.574340684285197689e-02
-7.706532488084140153e-01
2.170996369077683730e-01
-8.533443941379025288e-01
4.704978166696432984e-02
8.657587579671073286e-01
8.278311001948248649e-01
-4.562984738384774364e-01
-1.080353106441520605e-01
-1.320931312247616007e-01
7.009786274592288979e-02
-5.521540779606644023e-01
-9.967245756837308512e-01
-7.603355108798215412e-01
5.587116251788357690e-01
1.238925058214062069e-01
9.311191261669526931e-01
-4.054941843923400846e-01
-7.342451405103498363e-01
3.206365575404528379e-01
-5.952525794206038334e-01
7.894905418677766740e-01
5.007446713631995561e-01
-5.320468558993998176e-01
7.940988008922094110e-01
-1.721881577344195335e-01
-8.525154011982617464e-01
-3.487111003605185000e-01
-3.061220353948688189e-01
1.877900514100291351e-01
1.000000000000000000e+00
-8.362622618545201281e-01
-4.735159124807210018e-01
8.749452100667267640e-01
-5.068349990503290270e-01
-7.549970216148601532e-01
5.994231870421795616e-01
9.962807205766989194e-01
-1.912046312343601562e-01
9.427327703603988196e-01
-7.395776440693374587e-01
2.156251676505022141e-01
-6.645346162158483061e-01
-1.071381216412633230e-01
3.466937270625021494e-02
1.448183746528952653e-01
-9.321505437602830568e-01
7.288601525291849015e-01
-1.899452487392520317e-01
-1.000000000000000000e+00
-4.173077700907153464e-01
1.678583619915268166e-01
5.718139741508209140e-01
-1.282015302707631421e-01
3.649665177602394728e-01
-1.408129968244609398e-01
1.870534036750426954e-01
-6.839793085332751543e-01
-6.402690980313237024e-01
-1.000000000000000000e+00
-2.256285077511180903e-01
-6.809034094985564334e-01
-6.230096060768159916e-01
1.000000000000000000e+00
-7.283793520981306502e-01
3.103643626765749119e-01
1.734306950450461848e-01
-5.855968443539416590e-04
-6.616498891713659125e-01
1.000000000000000000e+00
-1.000000000000000000e+00
-8.844332523908726706e-02
3.585107814314204555e-01
-9.555569547695745847e-01
-4.502784348278949800e-01
3.250391621876143056e-01
-8.409043315379081118e-01
1.000000000000000000e+00
-3.260399464054886676e-01
-4.320360762297718038e-01
-1.569346268838390790e-01
-2.921433913881739119e-01
5.517943443212385279e-01
-7.636613575288133671e-01
-1.000000000000000000e+00
3.345385440057024873e-01
-3.377990746018942891e-01
8.854755154308457943e-01
1.000000000000000000e+00
-6.506540515130235791e-01
8.089322184101608304e-01
-9.558846742965907417e-01
1.537428533204596715e-01
-1.000000000000000000e+00
9.613605150316608672e-01
-4.754048237441427238e-02
-8.980586653621558391e-01
2.563198667349476934e-02
8.119242374435557963e-01
-9.501658736891605006e-01
-4.692792092348177513e-01
9.495845496511656769e-02
4.377696979737771832e-01
1.000000000000000000e+00
2.645104695216405899e-01
-9.191070554506020063e-01
1.392840771148384227e-01
-6.827204825285878576e-01
1.000000000000000000e+00
8.891636097028063901e-01
9.210090214497321792e-01
-8.415587258681468397e-01
1.000000000000000000e+00
-1.000000000000000000e+00
3.204104737660561364e-01
1.000000000000000000e+00
7.075762296099721849e-02
8.183453736720651683e-01
7.088352561028374854e-01
6.884832608889805972e-01
4.030129844963592500e-01
-3.278955236883934754e-01
3.898162022849850361e-01
4.733837760777810932e-01
-2.676290704872936188e-01
-3.210081816105841424e-01
-8.689835760934586650e-01
-8.706460229222413583e-01
2.251790209790729969e-02
1.000000000000000000e+00
1.694465170770754203e-01
-4.140470207817650294e-01
-6.303202547376720588e-01
-4.001845435986911004e-01
-1.951324095649361046e-01
1.000000000000000000e+00
-1.000000000000000000e+00
-3.482358833076065752e-01
3.371024437231304738e-01
-1.000000000000000000e+00
9.403788385040825482e-01
-8.962417573589883668e-01
-6.159019813294588364e-01
7.074249447572984462e-01
-3.862247280532081772e-01
4.208053126628629181e-01
-7.168038240174462450e-01
3.604572960491631006e-01
1.000000000000000000e+00
4.254602174482797761e-01
9.165846645932179682e-01
