4.343606405100692847e-01
3.080848611039513907e-01
1.171854842999247026e-01
6.113005833267868283e-01
7.407195408980216111e-01
-9.116804297649737376e-03
4.090030879727972746e-01
-8.666417957142746875e-01
2.908489175901582957e-01
-5.573257926513074390e-01
-2.372065729022732050e-01
1.380464831412122617e-01
7.446993364630163370e-01
-6.644272678649227881e-01
2.725585015083880069e-01
4.118968936435221107e-01
1.000000000000000000e+00
-2.358256654475308356e-01
1.970566224714396242e-01
1.064495547878299142e-01
5.063078772432039187e-01
-6.924552728785666744e-01
3.378637822561748605e-01
-5.489739629978420687e-01
7.620775358476916672e-02
4.373525276437619791e-01
8.881435729408495572e-01
-1.381541112276158945e-01
3.415720218755269322e-02
5.798931235396262984e-01
7.507452464236303857e-01
7.269289003911050262e-01
3.920624207004479445e-01
-3.612412245212791584e-01
8.365364521595646252e-01
3.261089849379454897e-01
7.580400906868838273e-01
7.078471492836984069e-01
1.107311803409305462e-02
1.000000000000000000e+00
-8.145906776773852442e-01
3.094973655992230288e-01
4.368314503763186529e-01
1.403654899234219045e-02
-6.656942471745977974e-01
-7.665643760470848278e-01
-9.352992440114398232e-01
-1.897706751342829179e-01
-4.563835012121651991e-01
-4.049126495053567143e-01
2.865968265288670880e-02
-7.262527978972393994e-01
1.000000000000000000e+00
8.595246269590191002e-01
5.349258187087604366e-01
-2.101296876573985895e-01
-2.246117035352253044e-01
6.693688550201430942e-01
-1.354416702668583827e-01
-7.131389067762180511e-01
2.102522744047483627e-01
-3.356005247538909053e-01
2.899393307074287218e-01
-2.907348995447418538e-01
-4.853331410583383576e-01
-7.119199336348578377e-01
3.085849953573869819e-01
9.442459873813229265e-01
4.631390611531681634e-01
-4.533327289592588016e-01
7.640544669037405701e-01
5.499691754503368557e-01
-9.389651079339311757e-03
-2.021876248370801932e-02
-7.075656865244646099e-01
-2.503644873030861362e-01
7.703429759100484109e-01
-1.000000000000000000e+00
-3.211919867438268184e-01
-9.790606032234672185e-02
-7.343092323812444588e-02
-4.179321678890983716e-01
-4.966529635579983726e-01
6.057847694288942542e-02
3.542517805115030782e-01
-1.000000000000000000e+00
2.777674666619236454e-01
-7.187710856483600086e-01
-3.194976613366382612e-01
9.189608963207973602e-01
9.213563082772063817e-01
8.183895643324512470e-02
1.744274966769270296e-01
3.309156657591448281e-01
-7.532366201585076748e-01
-3.999646567375665374e-01
1.034928675707340595e-01
1.689842838858197915e-01
3.712750105743588547e-01
-8.499922246090219069e-02
-9.126095995094276603e-01
1.070825156772743370e-01
-9.530790916828499881e-01
-5.996293224732311966e-01
-7.792948659335321437e-01
-1.510292239490949040e-01
1.435540915100497195e-02
-4.589988669584426084e-01
8.498584623554168438e-01
-1.000000000000000000e+00
9.538126614822166616e-01
-5.060151640700373266e-01
2.489526467932201559e-01
-7.964322733047257685e-01
-8.628737385584857034e-01
-3.462139357589197886e-01
6.614321488703782670e-01
6.452316105748939767e-01
-1.556411861366309157e-01
2.234783073674608822e-01
3.918229086644677839e-01
-3.868830209692910582e-01
1.000000000000000000e+00
-6.473183506185591352e-01
-4.686231196964207868e-03
-4.151801837532504980e-01
-4.934326919499274489e-01
1.284623598923988474e-01
-5.784334282482213041e-01
-9.668797508735846868e-01
-8.509330678044907392e-01
4.424124280545649324e-01
-3.992519972549513629e-01
5.048638760127985847e-01
2.085608401838059400e-01
2.792024711607932197e-01
-3.623193218398896853e-01
-2.216260315004145998e-01
3.935663460727046870e-01
-7.370407915975090152e-01
1.000000000000000000e+00
1.245705102420144872e-01
-2.150855724890134990e-01
-5.964553698658270342e-02
2.488157087834179659e-01
-9.580636342220980595e-01
-2.071693901015480010e-01
8.018077787321917782e-01
-9.594918075660701096e-01
-2.738061674868026429e-01
-2.063430192949271547e-01
6.492402113872188796e-01
2.400102376482746713e-01
5.074377738994302334e-01
-5.641775289538633054e-01
2.493392444548476750e-01
-2.315040268419639169e-01
5.203113874189142507e-01
-3.953902810124417799e-01
-9.953315225035217484e-01
-6.824790600037804467e-01
9.644819232461823155e-01
-6.305988604922874163e-01
1.000000000000000000e+00
-4.649608026468299293e-02
-1.926396118289455672e-02
1.868192015285066176e-01
-8.370572832893077297e-01
-3.598423128892843659e-01
9.100461816872926768e-01
1.000000000000000000e+00
-1.061066330379049488e-01
-3.486503567427559069e-01
-4.662105256616786431e-01
-6.493277182783312451e-01
2.622998167781437351e-01
-8.220583120921027831e-01
3.799526673215744554e-01
9.725443741802408670e-01
8.452008577220968544e-01
-5.544118056113427340e-01
-3.785072939580214069e-02
-3.076836068737059948e-01
-9.831601334222757060e-01
-1.260313888155231155e-01
2.794380430284817973e-01
-4.825866990540449153e-02
7.866954841257103315e-01
-5.688281371412424736e-01
4.946735318688588734e-02
-2.525264565888740709e-01
1.237453487357585979e-01
-3.778764464131354472e-01
-6.497696509232413487e-01
1.000000000000000000e+00
8.205369588386794977e-01
9.633565999178221873e-01
-8.432586727824183948e-01
7.525631599310222963e-01
2.858116346216066361e-01
1.000000000000000000e+00
-4.798035053731600219e-01
2.176289403356341801e-01
-3.753544544498552682e-01
3.318554638373283350e-01
2.600738837014926474e-02
-4.431011154980167288e-01
-6.214832957440280525e-01
-7.723072583901855470e-01
-8.348324291579503065e-01
3.035814853055684992e-02
-9.741192956169592021e-01
7.151409855936461391e-01
2.648916279264361684e-01
5.639264236637300254e-01
8.493098879541931545e-01
6.736991872890838451e-01
-6.709543599450304430e-02
8.024939340904533314e-01
-9.705691743573594543e-01
-3.494664595972574173e-01
1.000000000000000000e+00
-9.179366064739090669e-01
-8.310746296842337344e-01
-2.582856740098272708e-01
-5.138955886956402264e-01
-8.930297193225916752e-02
1.000000000000000000e+00
4.723492243271154578e-02
-1.472132804363351088e-01
-8.729430539113871568e-01
-6.934106312133050398e-01
-8.799387626051746736e-02
8.489947023558794825e-01
6.037987438112575322e-01
-1.000000000000000000e+00
-9.673483697672080606e-01
7.819497573642126831e-01
9.167582395236144599e-01
7.916450127118035418e-01
-1.661058335619621795e-01
1.058091686658830799e-01
-1.970818965010296964e-01
1.000000000000000000e+00
-5.475972935836598277e-01
-1.000000000000000000e+00
3.180713455766521758e-01
-7.858029705085358696e-01
8.262629505693668275e-01
8.617499139741855441e-01
4.304909093190329994e-01
-4.131048329939785990e-01
5.053476401043219823e-01
1.595902763570458127e-01
7.514261876373020677e-01
1.495853425113129465e-01
-2.245866647319290088e-01
4.933251734596033611e-01
3.417096580065666078e-01
4.940706470465316968e-02
-3.030082805790774714e-01
-7.282283228739150349e-02
3.469390041074666975e-01
3.753123042629065154e-01
-5.879930753662030440e-01
