5.795567955719279629e-01
-5.362257004831157137e-02
9.869642757210471684e-01
-5.627516913018992817e-01
1.667775806974244185e-02
-8.444868780017096288e-01
7.006022280058907814e-01
-2.730373524204264823e-01
-1.000000000000000000e+00
3.756944858237880602e-01
3.977867624529573543e-01
-1.851339317730355261e-01
-2.184723312374702454e-03
8.104275159439404685e-01
-6.992794358136057431e-01
1.000000000000000000e+00
1.000000000000000000e+00
-6.433666752855152771e-01
2.136751263268232559e-01
4.996139014236649079e-01
-9.181923996215591854e-01
-9.082609220229612701e-01
-2.463491569141301740e-02
1.000000000000000000e+00
-8.556665134493840474e-01
5.817276360409699976e-01
-1.416684180364922163e-01
-7.652726906143348939e-01
9.758577831852641715e-01
-3.620324316249438901e-02
-2.416487094304137218e-02
-2.575144130911992124e-01
2.132167421921774553e-01
1.000000000000000000e+00
3.887712157400122770e-01
-7.851094155250279982e-01
1.708370482891419240e-02
-4.332965538084510571e-01
-5.324120677584678329e-01
-1.000000000000000000e+00
-6.269354709139443038e-01
9.969243522337177810e-01
6.446520006919680412e-01
-1.711714663732099018e-01
-6.945642586496113546e-01
-8.397124537798620336e-01
-9.821306230964682582e-01
3.975583399202002322e-01
-8.251501981937878760e-01
3.361360103361155094e-01
8.167336689861106613e-01
-4.079092016538375942e-01
2.195832885754929117e-02
-1.000000000000000000e+00
-3.860968974030204448e-01
1.248648640790499670e-01
3.094877878738780952e-01
-8.602279140547356429e-01
-3.953809645046428844e-01
7.274146820759513909e-02
-5.605000140729354818e-02
-8.288043955174293487e-01
-3.197741895262973810e-01
8.412908844682155385e-01
-4.965541440591380029e-01
-7.654853654030213672e-01
3.329954813858646001e-02
7.032284261838769313e-01
-1.000000000000000000e+00
-1.167783473966280128e-01
-6.780605272081488000e-01
-3.770011191046206134e-02
-9.323404149393144102e-01
-2.228205870253461285e-01
-3.264621044091289281e-01
8.309612096673357762e-01
8.919837578635703146e-02
-4.256366453562884788e-01
8.657584939908150590e-01
-3.832665117834678226e-01
-6.163987917958782536e-02
-3.631621783948970617e-01
5.831314573467409890e-01
9.688171873953536073e-01
4.027456275168235234e-01
5.148193329087120684e-01
-1.189391161162324240e-01
9.596615369660719264e-01
3.966837065004550356e-01
-5.816398111640243007e-01
-6.497867757251148957e-01
-5.982563691968320052e-01
1.310273983763010630e-01
4.817175506397703422e-01
7.959922945916547699e-02
7.357368741505914134e-01
-1.000000000000000000e+00
-1.000000000000000000e+00
1.249562082702300458e-01
1.936263673000904184e-01
-1.000000000000000000e+00
-8.490057219918967224e-01
2.801724937753500289e-01
3.960665430349044058e-01
7.533238034318969767e-01
-4.833816702330550608e-01
-4.582351310605835004e-01
8.904595751924981872e-01
-8.128518454697353235e-01
1.204855326176109687e-01
1.000000000000000000e+00
8.294753746162092378e-03
4.115747875638033904e-01
-2.116487724701864581e-01
-1.000000000000000000e+00
1.000000000000000000e+00
-1.000000000000000000e+00
8.389274152615505686e-01
-1.959738618351295480e-01
-1.000000000000000000e+00
-1.000000000000000000e+00
2.836646145993724222e-01
4.591304800806775832e-01
-6.510871389115726604e-01
8.555474648634682211e-01
7.235402482885231468e-01
-3.119246173344460971e-01
-1.000000000000000000e+00
6.519494154867047087e-01
3.025233403431619728e-01
-1.201142405999053309e-01
5.445172707563347148e-01
-1.000000000000000000e+00
-5.615249486859789085e-01
-1.000000000000000000e+00
-1.521657456664236296e-01
3.459210268562173951e-02
-7.425396179394172513e-01
-7.481248063986320473e-02
-6.236407480242380785e-01
9.003870570793308659e-01
-4.788671897849178793e-01
-6.507239548662386852e-01
9.972377349076854136e-01
2.637125277601672924e-01
2.854550015863240309e-01
8.558054832520948230e-01
4.764802579962277296e-01
7.254443677642237187e-01
6.713818937126265762e-01
1.000000000000000000e+00
-1.000000000000000000e+00
-2.804396217204860875e-01
-2.834669867423627032e-01
2.898619800943771363e-01
2.644603028671553835e-01
-1.813338860559286225e-01
-6.738869651202015199e-01
5.093155915054183858e-01
-6.536481783359164854e-01
-3.073957542409245236e-01
-1.000000000000000000e+00
7.415842093093549803e-01
-8.916052511678035364e-02
2.768011560586392528e-01
-1.000000000000000000e+00
-1.024052441099650157e-01
6.186368155743912078e-01
-3.148704905891138162e-01
-1.000000000000000000e+00
-1.000000000000000000e+00
9.069005324561572046e-01
-4.054911240985965837e-02
-1.000000000000000000e+00
-8.473307165250518747e-01
-1.335231868011234613e-01
8.831567837319010961e-01
4.262705775708742761e-01
5.968108419302876611e-01
1.000000000000000000e+00
1.000000000000000000e+00
1.000000000000000000e+00
8.646843374315221764e-01
-1.000000000000000000e+00
-1.000000000000000000e+00
-1.189945614957144127e-01
6.623901662427267301e-03
7.154497748056379836e-01
9.851679106438963052e-01
4.718359822604244469e-01
-5.976967597232557550e-01
-7.725363175927443815e-02
-1.000000000000000000e+00
-4.160604986545340389e-01
6.397848318458569938e-01
-7.404991967397318575e-01
-3.055480831669843966e-01
-7.991070236051978082e-01
4.704834607796347101e-01
-4.692971030738520288e-01
2.521264770447090298e-01
1.939602848146672054e-01
-3.939546224997124702e-01
5.997925935722179247e-01
-2.789705645408816492e-01
4.373095273599286736e-01
-7.921736109535665316e-01
-8.271844296967491017e-01
-3.535295824376352147e-01
-1.000000000000000000e+00
-5.130034112363538457e-01
5.731625652358284251e-01
9.461050298879697396e-01
2.888588668701859707e-01
7.453495459952476088e-01
-5.414620659215654275e-01
7.058839639842000580e-01
-2.233089534102579987e-01
-2.684965875828314030e-01
-8.258412632584645197e-01
-1.000000000000000000e+00
-2.955848223128919039e-01
9.955731997467198724e-01
-6.832376105490134410e-01
8.391878684550974077e-01
1.000000000000000000e+00
-8.811105293020546902e-01
7.053097025953156685e-01
2.090043070482893173e-01
9.163833778633398985e-01
-5.171899940164649268e-01
3.873917358597953609e-01
-1.805087382580788935e-01
4.307798462802709949e-01
-7.025594416059528502e-01
9.545202836700128479e-01
-8.575505202027290386e-01
3.442591766296974609e-01
3.719797877253004925e-01
1.000000000000000000e+00
-4.772828065871234093e-01
1.000000000000000000e+00
3.137364331913159443e-01
9.377919921220769783e-01
-4.226698148324503634e-02
1.000000000000000000e+00
-3.510638147661080399e-01
1.000000000000000000e+00
8.694666880667767384e-01
-1.296410900485579498e-01
8.209511143027383717e-01
-8.998004034390069128e-01
8.634642645822548923e-01
1.000000000000000000e+00
2.115740900390612189e-01
-1.000000000000000000e+00
5.200486187186319498e-01
3.834684426633807597e-01
-1.351977796269784315e-01
-4.798170283632994804e-01
3.033258112221105529e-01
-1.000000000000000000e+00
-6.892771096804789499e-01
6.363575713924007893e-01
4.323104130488014674e-01
