1.407733322424741251e-01
1.040250156671315429e-01
7.777681964883529364e-01
5.220946421359018430e-01
-2.344344672402343122e-01
8.484512784464282031e-01
3.255388962112835127e-01
-1.000000000000000000e+00
4.580500092422297165e-01
1.755575961144919539e-01
-8.483874914891369468e-01
6.500800729871695216e-01
4.703634180406917054e-01
6.924150483266224843e-01
1.675786531758022002e-01
-1.000000000000000000e+00
-7.915233003399074763e-01
8.231336154335273658e-01
1.654959934417647993e-01
6.371549819758908217e-01
5.559251212329059388e-01
-4.162588211922979564e-01
-7.426570272570325315e-01
1.166208361903889046e-01
-1.985585706300216358e-02
3.400755435275235050e-02
4.597773091669439260e-01
1.000000000000000000e+00
2.721370591871001832e-01
-5.560383346438299013e-01
-6.967259272530752501e-01
4.218995980596739193e-01
5.984883974999326561e-01
-2.964287161031597950e-02
7.937782622186098092e-01
-1.326207459865825777e-01
-1.000000000000000000e+00
5.083309089062151287e-01
3.750568178266866504e-02
-2.495010936525563494e-01
3.554182953450047977e-01
-1.443572378336056283e-01
-3.950786199689069744e-01
8.014412128434396099e-01
1.617042179747882891e-01
-5.245900151573869019e-01
6.312804050741169792e-01
3.907368101868504695e-01
-8.834051948744007232e-01
-3.253705440731262666e-01
1.000000000000000000e+00
-8.850213080202881111e-01
-3.825622451390331413e-01
-1.467090697465298632e-01
9.256940016499304313e-01
1.349109960015478504e-01
-8.731018578437296229e-01
1.000000000000000000e+00
1.000000000000000000e+00
7.816911025504225119e-01
1.165728260663170257e-01
4.789789429906954887e-01
2.832037534141267354e-01
8.614229675613717108e-01
4.206388557256364735e-01
-2.614260336673610574e-01
2.893664807553222307e-01
8.707846907062264386e-01
1.000000000000000000e+00
3.248628192211164833e-01
-7.801008041072983179e-01
5.503390136241341768e-01
-2.808402728235542822e-02
4.829384896351436307e-01
8.259984523802126333e-01
-4.963923677262065404e-01
-7.420204448897136373e-01
2.950908282340534150e-01
-1.747985054890068835e-01
3.835398858697210978e-01
2.112598589470247035e-01
7.016197730390731913e-01
-5.039550891104407349e-01
3.511413706949368940e-01
-7.429545601557776546e-01
8.339521077866764998e-01
1.275670121286927583e-01
3.686457443521564126e-01
-8.255032982426768751e-01
-5.550777153514561135e-01
9.949293363003888224e-01
1.000000000000000000e+00
-5.057158991673440518e-01
-3.920556585240040359e-01
1.305844001665063536e-01
-4.858930401622048034e-01
2.706551233092415742e-01
7.595723509303877741e-01
-2.288369671121925908e-01
-4.528322850468001204e-01
-2.160565936047156299e-01
8.253053960088296837e-01
1.000000000000000000e+00
9.347847078172832891e-01
8.030742141133777601e-01
1.542759452591371538e-01
3.123791085406921741e-01
-3.259673437720882472e-01
-9.201642561138284604e-02
1.575482226680902098e-01
8.400147586440143144e-03
-7.880549681654910321e-01
9.076789154687916472e-01
5.072218295033912305e-01
-9.270702748395451831e-01
-2.567036947556935456e-01
1.000000000000000000e+00
1.000000000000000000e+00
7.855701842480778962e-01
-6.445361331163574903e-01
8.296619042826414159e-03
-3.354325962028944508e-01
-3.398504574685790036e-01
-5.978714091341608139e-02
-6.306813579369018319e-01
1.215022546776991924e-01
1.529688714015216000e-01
4.874076121603714284e-01
-1.834020005969596578e-01
8.122464878454713766e-01
3.583413490735917750e-01
4.537437475524999098e-01
-1.000000000000000000e+00
-2.254815883695122647e-01
-6.583174642654696651e-01
-6.247284873198279964e-01
4.752852281172612603e-01
-9.074138841845353909e-01
9.891892916909917899e-01
-1.000000000000000000e+00
-6.344305269360615007e-01
-7.513014243686277904e-01
-4.106750577006998970e-01
-1.574407084983251437e-01
-9.959409182447501729e-01
-3.771162847559624831e-01
-7.078279186862035388e-01
-5.300775236942288915e-01
-1.332979960954858850e-02
8.118858988551114209e-02
-9.864293951182592224e-01
-9.892943677773968769e-01
-2.911388082459780424e-01
-1.911681597193370941e-02
1.000000000000000000e+00
-6.176506425288224023e-01
-4.470071971611635497e-01
4.777396063861241160e-01
-2.127617740908704924e-02
-7.898957145181022543e-01
-7.924631814588356526e-02
-7.943905236758720401e-01
-3.166275436696166512e-01
1.086735620925824986e-01
-8.973117176513659699e-01
-6.337422222123059168e-01
-2.590755130837862907e-02
3.582217289788248715e-01
1.000000000000000000e+00
5.764355887609571294e-01
-3.639198135585967608e-01
-5.493713537833482263e-01
-4.722183185514040038e-01
-6.593655569234158076e-01
9.555130897384587207e-01
-8.690654184500632429e-01
-7.223545644300642943e-01
-1.000000000000000000e+00
-9.423000325294150770e-01
-2.672985682331878721e-01
2.493897274162153455e-01
-5.250943525155524760e-01
-7.884923701188503165e-01
-2.226921158674355916e-01
-7.141626973689918501e-03
-3.877620331281516064e-01
1.000000000000000000e+00
6.261120828326256771e-02
7.440128321239813936e-02
4.489133045686085621e-01
-3.136260246741223723e-01
-3.403350471528182597e-02
-1.000000000000000000e+00
-9.624864092412567240e-01
-2.525545610612927039e-01
1.000000000000000000e+00
-4.339658840607829582e-01
8.776264615336407671e-01
9.930683598421352620e-02
6.106400045868056736e-01
-5.540881376525805813e-01
-6.265363308955598232e-01
6.229328922523622580e-01
-7.109435404098694011e-01
1.039650968545818288e-01
5.555670472101807977e-01
-3.184381716847485277e-01
-1.000000000000000000e+00
-1.000000000000000000e+00
-3.308258917136811528e-01
-1.000000000000000000e+00
-4.970064032135290688e-03
-3.006300656717231234e-01
6.497688776171284264e-02
-4.858072190869037743e-01
-1.898430276603568778e-02
-3.621117600033579298e-01
6.430786302565743018e-01
7.866329859471963282e-01
2.432238913402274272e-01
-1.928654923224362161e-01
4.210579935270652996e-01
-4.134999404535861234e-01
2.804768126123715621e-01
-1.517293861888009410e-01
6.155651830771911026e-01
-1.075857642998529623e-01
6.315291587740350376e-01
4.009738950711499994e-01
1.460008733036872730e-01
-9.972145689944670321e-01
3.926851658362198183e-01
-1.619474403594867162e-02
-1.564070515753801516e-02
-8.671596306808686538e-01
-5.719291494660887487e-01
-4.732841202250593349e-01
1.689962555586592696e-01
-1.949021605555265602e-01
4.655834238495890620e-01
4.881853814480807685e-01
-5.305362092064525026e-01
-5.991279203625363703e-01
3.610646373564132539e-01
-4.991609321992827031e-01
-8.364578451922244362e-02
2.699470807398776095e-01
-1.540370392154866153e-02
4.817954494683001077e-01
2.864949399740417402e-01
-8.154236881561691686e-01
2.137718349423847197e-01
-1.323801983230988577e-01
-2.465778842967769613e-02
4.394481026344336794e-01
-1.714163845682354914e-01
-7.448836220515464568e-02
-8.495467517549837311e-02
1.342009392784138111e-02
8.001146085424573062e-01
-1.731401724870667014e-01
-6.409159587987007800e-01
1.000000000000000000e+00
5.753548613772744291e-01
6.925564749547384880e-01
