7.854060439319439091e-01
-9.703903830752198534e-01
-7.131998758539230820e-01
3.185282379548860510e-01
6.584314282735277413e-01
-6.128996674181661497e-01
9.643366334735027356e-01
2.361411582837805168e-01
1.367915419664461618e-01
-3.618871342207673480e-01
-8.243918212636924814e-01
1.000000000000000000e+00
3.305123823214766166e-01
-1.000000000000000000e+00
1.226828994836874909e-01
-5.979863150829256568e-01
-9.176706590504810079e-02
-1.581046715559845939e-01
-8.876947680525275608e-01
4.547286643777189580e-02
2.645121821521232985e-01
4.346667625169887139e-01
2.654284723310009753e-01
4.100952686700701233e-01
-4.715950317910331813e-01
3.259734931015443316e-01
3.947195848017298059e-01
-9.147347606143928500e-01
3.009128717169294864e-01
-8.956916993545844807e-01
7.340865893087037408e-01
4.917708905701752009e-01
-5.319114316368039885e-01
-3.025353749211988630e-01
3.015892701553682040e-02
-5.428070519045696818e-01
1.416319690385530183e-01
9.259275596708923528e-01
-3.285004250558624661e-01
5.719567981723541195e-01
-3.385290016444768568e-01
-4.176860831174641353e-01
-4.274198029971708057e-01
5.638502284118102059e-01
-3.115873535433750230e-01
-8.651641017767675024e-01
4.425016559845454389e-01
-9.144395082489392701e-01
-9.663563899423188719e-01
9.745939403749687147e-02
6.037030810710436457e-02
-1.000000000000000000e+00
-4.309113998149898261e-01
-3.906346578436694639e-01
1.466144490004763490e-01
-9.491782100457258897e-01
1.000000000000000000e+00
-8.718798570165241513e-01
8.394245263227423370e-01
4.572399549865761026e-01
-5.497329720173511625e-01
-4.880151963630395273e-01
-2.182574874222608652e-01
-7.409296751332916653e-01
6.479569386871025793e-01
4.791810763509205540e-01
5.326168642187862901e-01
1.000000000000000000e+00
1.188407870729776827e-02
1.963639826339332872e-01
1.000000000000000000e+00
1.000000000000000000e+00
-1.157146648557076662e-01
8.415491679963148508e-01
-6.049069073748178926e-01
8.983676938189366634e-01
-9.787372369287246077e-01
-1.000000000000000000e+00
-4.574138984780153905e-01
1.382583751658902349e-01
1.000000000000000000e+00
-4.015091537388936205e-01
-7.900869440174597136e-01
6.820473173797079181e-01
-6.888253502695784736e-02
-6.075816642396114631e-01
2.728191869673771142e-01
-1.463993837290682720e-01
9.975601190928905515e-01
1.000000000000000000e+00
-8.705969166387440561e-01
3.854994832488838896e-01
-9.529549136394530606e-01
-7.590539434185882284e-01
-1.980554555185645715e-01
6.039328901181261200e-01
-1.478724231200213568e-01
9.095813635153101595e-01
-3.743608564832576202e-01
3.888589476175818849e-01
7.830317880342975156e-01
-4.511582467313693390e-01
5.072601423851298419e-01
1.000000000000000000e+00
8.988085690099762992e-01
-9.155565607967119934e-01
2.968743806051518663e-01
-6.027686053982982406e-01
-3.871431345632763144e-01
4.868882221091920814e-01
-5.535770586172933383e-01
-1.123995421140957518e-01
6.835202615167312867e-01
-2.389657953286551950e-01
3.768587234070210901e-01
2.999953378712151286e-01
-1.000000000000000000e+00
-8.476565097642667634e-01
-2.336040957249259087e-01
4.919652015253932476e-01
3.973780742450560566e-01
1.000000000000000000e+00
-1.000000000000000000e+00
-2.957651088314028343e-02
-3.181171137260545567e-01
3.873294453166762352e-01
9.763420407837235526e-01
3.287073705993392991e-02
-5.149800760490410578e-01
-9.979682986102823838e-02
-2.025002663005663062e-01
6.681501180418225605e-02
-7.119028285309324522e-01
1.000000000000000000e+00
-1.000000000000000000e+00
1.442105495359131684e-01
7.217663525657372903e-01
4.423362951599194015e-01
1.368968512112593849e-01
-6.311145293418246593e-01
-4.550435965282914053e-01
-6.619749952464776266e-01
7.983487469472585474e-01
3.063086559707184353e-01
9.565200280158370205e-01
-3.628692053376603166e-01
1.974911236700749306e-02
7.047675760485058172e-01
6.179626508737071644e-01
-6.423741201917910759e-01
-2.988739525183249368e-01
5.870356870538578908e-01
5.117098260590053904e-01
2.048629924146813941e-01
-5.457266235024241796e-01
5.095992723079721953e-01
9.179184523387544647e-01
2.126526386834907412e-01
-7.914519751884252496e-01
-4.013267693033617523e-01
-9.909977198298554057e-01
6.636592756026445938e-01
-9.676299248875143144e-01
-7.480613460928708935e-01
2.143628914523691975e-01
-2.627139611534439756e-01
3.673661445895552990e-01
-2.614476278209432181e-01
2.494121397457642608e-01
1.092935976985792146e-01
8.496603445521174747e-01
2.329126870333969035e-01
8.136302527628938019e-01
3.726583722892281569e-01
-4.607382259018309445e-01
-1.000000000000000000e+00
-2.516696107469087451e-01
9.377054672518484457e-01
1.000000000000000000e+00
9.908750390603044966e-01
-2.241128277741525898e-01
-5.978783214375539279e-01
-6.337708386445559672e-01
-4.973844409943447564e-01
9.504986576013956245e-01
9.059994594943042712e-01
9.800561558268764406e-01
6.184551790951903216e-01
2.164755306301990867e-01
-2.066342198781381256e-01
-1.908310661935135044e-01
1.000000000000000000e+00
-5.289957392279301951e-01
-1.154984691924646617e-01
-4.999255203212707999e-01
1.037123396119097041e-01
8.740479753956079678e-01
5.331483073635908676e-01
-2.030619538968931326e-01
-1.000000000000000000e+00
-8.831491379201505953e-01
9.751502521562984693e-01
-1.000000000000000000e+00
8.470910657642725106e-01
8.792846784681846994e-01
-1.553526642284538441e-02
-2.756537211745445082e-01
4.334923166263573435e-01
1.815724915151958607e-01
1.888432208206413110e-01
-5.181830841259853493e-01
6.563656369653644296e-01
9.095739847611421514e-01
8.642424543506336265e-01
1.000000000000000000e+00
-2.565427042687995485e-01
1.211793727818311073e-01
-1.000000000000000000e+00
-2.133078530699438757e-01
-1.006334923760789368e-01
2.315501479674130225e-01
3.833765939774439468e-01
-3.047266919611973934e-01
-9.930748035612465552e-01
2.698507532805175524e-01
5.045985170235079975e-01
-2.104151776606018043e-01
1.000000000000000000e+00
7.857791445188176960e-01
-3.852860596380276448e-01
-7.005935978634252326e-01
-1.848036188529612600e-01
-1.093577325149978352e-01
-1.827748379984051874e-01
-3.578532043064447943e-01
-1.283005523021149563e-02
-5.073589305498923396e-01
5.901116628604514691e-01
1.595823586179669906e-01
3.524721828812706070e-02
3.638610875435637215e-01
-7.868961048802132208e-01
4.938646065690194265e-01
2.023133233931841413e-01
3.275128757131776647e-01
6.803065694501191363e-01
1.198260736795215137e-01
-1.240946391105174351e-01
2.341380046520333269e-01
-1.275109949896935935e-01
-9.592359893913907642e-01
-1.000000000000000000e+00
1.000000000000000000e+00
9.533199036427659756e-01
5.214467337673771574e-01
7.691022160275085007e-02
-7.082294771367169117e-01
-2.229606752758628851e-01
6.326932853808785451e-01
-9.194486888548869530e-01
-8.335661825822504589e-02
-2.021470554410102205e-01
3.882990824563993804e-01
-3.993455385751854547e-01
-1.000000000000000000e+00
