-2.978206905606786137e-01
9.962306378711215382e-01
8.460612072938855643e-04
-5.053364314546769931e-01
3.440301540335075070e-01
-1.958570794493713907e-01
1.000000000000000000e+00
9.578355114286739580e-01
2.693462992714107385e-01
-2.845819554351529668e-01
6.388374011442429223e-01
-5.223268234584527853e-02
6.909291297300519386e-01
6.385524130208384275e-01
7.809689874319286629e-01
1.089289832316708700e-01
-2.663803650256540978e-01
-7.125590253651613581e-01
7.892015320954405277e-01
1.804308813075863882e-02
5.249509895510817703e-03
-2.723888089912504529e-01
-8.522434794124011948e-03
-5.672359396238539908e-01
5.742498361900622017e-01
-3.866156284868039750e-01
-4.429213153423024463e-01
-7.304098068557974832e-01
4.462225291178545383e-02
-1.405753134693844830e-01
1.000000000000000000e+00
1.442513277084541967e-01
5.251907363842420740e-01
1.768410322373692722e-01
-1.054483535682179673e-01
-6.123796493057998003e-01
1.000000000000000000e+00
-9.550280066537132351e-01
-1.231585382130737788e-01
-8.905802460541208943e-01
5.426567914346021038e-01
-2.083474718884724686e-01
-5.269109979351132012e-01
1.999888908557899136e-01
-1.000000000000000000e+00
-2.104139086553309390e-01
2.953144414680343721e-01
-2.352231507446321812e-01
2.719779749766331189e-01
-4.417080699756708029e-01
8.666934589270811617e-01
6.730219764670020144e-01
-1.748305552885815461e-01
3.711985952274849954e-01
-9.108227273611165797e-01
-6.680447681620345080e-01
9.373655862368336367e-01
4.506588924895998383e-01
1.000000000000000000e+00
1.000000000000000000e+00
5.174861277766769074e-01
6.909819622293505992e-01
-9.685933720086870036e-01
-1.471824119814970078e-01
9.356705896467079064e-01
6.627330961945023802e-01
-2.029616680885217850e-01
6.098388755483842294e-01
2.476190013255077926e-02
-6.053935411900869257e-01
-1.942196485731003397e-01
1.091036726879749397e-01
-7.417474864928879086e-01
4.168239706419517576e-01
-1.000000000000000000e+00
-7.193879699193423960e-01
-1.621912831467937632e-01
-9.132261483543975267e-01
1.007475959689871914e-01
-3.368987389149205591e-01
1.000000000000000000e+00
-7.932972373347509931e-01
1.787900099751890681e-02
-5.026348178144526280e-01
1.557034085915948163e-01
1.000000000000000000e+00
-8.205782786328629230e-01
8.330850543255889917e-01
-7.281979251814811871e-01
-5.155533642323514854e-02
-1.000000000000000000e+00
3.819598777581154625e-01
-6.557593578656712996e-01
3.759032664120921519e-01
-1.000000000000000000e+00
-4.682304073833611913e-01
-8.550812780048161477e-01
-6.044791532769963061e-01
3.459176765738442016e-01
-5.179871863841214452e-01
9.701697335782187848e-01
6.191906183720863321e-01
-8.649709618172160552e-02
7.868304332712222626e-01
2.334757094820060774e-01
1.490187433331656985e-01
4.025422528736379291e-01
-3.997579398038277887e-01
2.844162203660008936e-01
-1.749531578736163717e-01
8.720533267915614450e-02
-6.270325839100536758e-01
-4.567274350115457793e-01
9.007109634084026206e-01
5.626204544105151140e-02
9.139813590632983598e-01
-5.863844028196477653e-01
9.670721311211393223e-01
-7.572099588482685828e-01
-3.595011046180283665e-01
1.215111440971834988e-01
7.635111619532740646e-01
-1.000000000000000000e+00
2.672993584025770697e-01
-5.637886976748587298e-01
1.508682374693876005e-01
-3.671496902262507689e-01
1.319630465696553789e-01
-5.518057815570720503e-01
-6.093983459604078723e-01
-1.000000000000000000e+00
-8.819388769193402255e-02
-2.303394886793677654e-01
-5.661880243969170667e-01
1.000000000000000000e+00
-8.841454278179622372e-02
8.992511221613301853e-01
1.693182287739970204e-01
4.470557504974085883e-01
-3.524466427084483877e-01
7.501640414617727348e-02
-2.603830456432030260e-01
-1.984559311088543720e-01
-1.000000000000000000e+00
-3.160926433558764459e-01
-4.997230610100150683e-01
3.345365141464361480e-01
-7.833503744166568916e-01
-7.053488396722171760e-01
-9.553050262040898577e-01
-7.466969583681696276e-01
-1.955580725745886816e-01
1.586741936109697937e-02
7.279530275837458042e-01
6.719712046719696907e-01
-8.448323590810288275e-01
2.888084589983015357e-02
1.796915405559120771e-01
1.095032448588499352e-01
7.542769433039205884e-01
-3.475644882460550145e-01
4.854839669273659508e-01
1.000000000000000000e+00
-2.113772041787126688e-01
9.505638066303138123e-01
9.366053682836082972e-01
-7.301232107958489648e-01
-2.838731950479603805e-01
7.701098001564853357e-01
3.365677976409890415e-01
9.874198832732581366e-01
7.735249484990742719e-01
9.155883009271875705e-02
3.970816980158770049e-01
1.647233688840990529e-01
-2.513444899673933919e-01
-8.552613635982838636e-01
-1.738683576808108810e-01
1.895934487370450339e-01
-2.369939324257569480e-01
-5.163660368913545184e-01
-3.734921797548725886e-01
4.456991900032958309e-03
5.085728686573216528e-01
-1.254127438360012614e-01
1.000000000000000000e+00
1.008210716194286316e-01
-4.492950450038851185e-01
-4.568821932229047422e-01
-5.785315629104513802e-01
8.428529228742666080e-01
5.383717629267921190e-01
4.566676188323164076e-02
7.092987369444616608e-01
-5.843078670843809830e-01
-5.181353973244117173e-01
3.992251682827615000e-01
1.000000000000000000e+00
-8.338026160285180177e-01
6.943314954741727218e-01
-3.499500369550558321e-01
5.211756935066906848e-01
7.933589195098417202e-01
-2.676550965313381769e-02
-1.000000000000000000e+00
-8.689113845034990291e-01
8.572358871932694857e-01
-5.063943908394368254e-01
-6.229993712171768561e-01
-9.803184604768615529e-01
-1.337519609160710554e-01
-6.203860569431458860e-02
7.761014066627466290e-01
1.000000000000000000e+00
-3.742195293019860980e-01
4.308644125891920584e-01
5.436234326972043673e-01
-1.281513280878689987e-01
1.000000000000000000e+00
1.399965177954238249e-01
-3.376700307418840641e-01
-3.132811371924811850e-01
4.469061909485748663e-01
-6.190100798844022645e-01
2.682156295126033596e-01
7.832272474708754650e-01
-5.612019574849906878e-01
4.086197937226281329e-01
-1.605920702375936704e-01
-7.179119649287935001e-02
9.850786686550969673e-01
2.660680548120641364e-01
-7.086400479669331398e-01
-7.066777108218805226e-02
7.608110612225343905e-01
1.000000000000000000e+00
7.617693724617558004e-02
-1.349751467982782116e-01
4.235137660639063939e-01
4.732696712473818401e-01
-5.391049547471401526e-01
4.815824466599574194e-01
-5.995623259474769373e-01
-8.092575827509180808e-01
-2.686207069793390412e-01
-9.723111216908194576e-01
5.219367705325017592e-02
7.874649885382449810e-01
-7.292920933997422139e-01
3.145229874941021797e-01
-4.776444935301489281e-01
-1.000000000000000000e+00
1.188522372758696322e-01
8.419524096727831752e-01
9.703250238161693630e-01
-6.929897608723794011e-01
3.101860979227504811e-01
-5.270745944203183431e-01
-6.961421381735296565e-01
-3.149479156932857848e-02
-6.860838550221006749e-01
-5.930403966693841289e-01
2.630600726228458086e-01
7.807143628170492011e-01
-1.000000000000000000e+00
