9.665537020178621708e-01
-1.000000000000000000e+00
4.083407925637101421e-01
-6.318505484178911225e-01
2.102526944715461255e-01
-5.808194444858456595e-01
1.000000000000000000e+00
-6.613751615420511154e-01
3.824115101870486644e-01
-2.338930788780803627e-01
-2.750144718822445933e-01
1.000000000000000000e+00
-5.593700339823712842e-01
-9.840928582503533084e-01
-7.289013005913902443e-01
1.257085432695846383e-01
-7.094715978910520748e-01
-2.776903438013311742e-01
-1.000000000000000000e+00
-2.359656735061341770e-01
8.734764070289628979e-01
-4.944893617869308144e-01
9.283537575473591597e-01
4.805811161167850565e-01
1.000000000000000000e+00
1.000000000000000000e+00
-6.807907386056211152e-01
-1.000000000000000000e+00
-2.364356008472232040e-02
1.000000000000000000e+00
-3.984880773862917724e-01
4.059259338613870338e-01
-8.710879029585559818e-01
-1.765841794713929325e-02
1.000000000000000000e+00
1.149790966552491356e-01
-1.668345020923164279e-01
-8.636474220133307789e-01
8.598960304639288177e-01
-7.925345322825941841e-01
1.000000000000000000e+00
-6.758818481316397619e-01
-9.396003445163785273e-01
1.000000000000000000e+00
-1.198412372637098766e-01
-1.000000000000000000e+00
-6.107980650611199991e-01
1.000000000000000000e+00
7.112342963549929120e-01
-9.940526277747558925e-01
-3.394905441623140008e-01
9.623240388595766248e-01
-1.000000000000000000e+00
1.000000000000000000e+00
-7.476212054388027273e-01
-5.387913866105253913e-02
5.146931724801164787e-01
-1.104872303720029203e-01
-5.051510820177935734e-01
-7.828618519834212863e-01
-1.000000000000000000e+00
1.362236569175983847e-01
-4.089570127952643630e-02
-2.079239897936392412e-01
-4.645298134361340869e-01
-1.000000000000000000e+00
-8.123405638465658329e-01
-7.248232036037134396e-01
4.300567200625498576e-01
1.775479664144522240e-01
-4.506827684652336963e-02
-8.222586880254564301e-01
1.619996007160587059e-01
-7.879656915606362277e-01
6.279614965528826920e-01
-4.203696907071122757e-01
-9.553002350721516711e-01
4.822670825808657025e-01
3.611020528057938273e-01
-3.531785911697804536e-01
7.861707967024512689e-01
-1.000000000000000000e+00
1.000000000000000000e+00
-5.630596411978330273e-01
-9.906939326027819348e-03
1.000000000000000000e+00
1.000000000000000000e+00
1.000000000000000000e+00
-7.825707358140949754e-01
1.401110550156165480e-01
-5.284679337726548853e-01
2.000979301260162324e-01
-7.314757777313907194e-01
4.733253747295919078e-01
4.034488207777635616e-01
-8.149405333710031396e-01
-1.000000000000000000e+00
-5.277056942404481088e-01
-9.321271140943104827e-01
-3.050426731566960870e-01
8.032674577589888898e-01
-1.000000000000000000e+00
6.015474911166437400e-01
4.521576471585457835e-01
1.342486860049256214e-01
4.270936240582074994e-01
-9.297624010492443469e-01
3.669323346233709926e-01
-4.601414813949700200e-02
-8.732137452347145112e-01
-2.896630554495201459e-01
6.214487660097866017e-01
1.000000000000000000e+00
7.826918408200446153e-01
1.000000000000000000e+00
6.881323389542101099e-01
3.207276508542249438e-01
5.170500025132860333e-01
-4.908834604649336408e-01
6.477695389478759225e-01
-2.353866320991341854e-01
-3.293798439899044972e-01
1.000000000000000000e+00
7.932898005323288371e-02
-6.086300247048354040e-01
1.000000000000000000e+00
-1.000000000000000000e+00
6.684888590766053795e-01
-1.500141949077687942e-01
1.000000000000000000e+00
-1.000000000000000000e+00
-6.866957645828812851e-01
5.004984912596270874e-01
1.927861526795715541e-01
1.351705181818529944e-01
-2.560141623792798193e-01
6.493600186645548389e-02
-4.337334393246967679e-01
-5.523811239279458052e-01
-4.715905911318240551e-01
6.117074608373388456e-01
-6.232691813198167896e-01
5.759119315908164394e-01
-1.139014100484021519e-01
3.633254010485626462e-01
6.175585030440574608e-01
-2.872001494991669457e-01
6.416543581626840131e-01
-1.434918116311843517e-01
-7.751393221457081317e-01
9.829407715829701075e-01
3.801284575697352897e-01
-7.606112957194470781e-01
9.629013641613437535e-01
6.791356408759330332e-01
-3.321817468824904696e-01
5.018723142648361391e-01
-1.000000000000000000e+00
1.450156033909055231e-01
-3.302937898203596734e-01
-2.199136410025115396e-02
-9.504223887501487278e-01
8.352939813587958451e-01
-5.907050353113405539e-01
6.039275863390716204e-01
9.166057508981970692e-01
-1.000000000000000000e+00
-6.932979274285944182e-01
-5.672361935204850436e-01
5.382922561226475278e-01
-1.000000000000000000e+00
-1.422322869222197306e-01
-6.130938802227187123e-01
-1.000000000000000000e+00
-1.000000000000000000e+00
-8.946581869561507361e-01
4.900840273327370378e-01
-1.000000000000000000e+00
-8.353909441526707891e-01
1.198093675447088891e-01
-9.584554581896600478e-01
8.345538273196986268e-01
-1.000000000000000000e+00
9.811546689370273522e-02
-1.000000000000000000e+00
-8.042524084643574156e-01
9.475560880463762548e-01
-1.845685333574316189e-01
9.175917589924192930e-02
3.260176488635951886e-01
6.750828365621845961e-01
-5.321088192357841251e-01
1.000000000000000000e+00
-3.266296007988442884e-01
1.890328514997039466e-01
8.166672880021444425e-02
-1.000000000000000000e+00
2.808160259473551079e-01
8.866802729553660001e-01
-1.000000000000000000e+00
3.456084472354313819e-01
-5.827219699012105014e-01
-1.000000000000000000e+00
6.940602578339639672e-01
-1.000000000000000000e+00
-2.723258793780877207e-01
8.891241492768565680e-01
-9.928567828342591550e-01
1.000000000000000000e+00
-1.227023371235805849e-01
-4.498998817595478705e-01
-1.000000000000000000e+00
9.380246200628550302e-01
4.369787638810808672e-01
1.000000000000000000e+00
-5.089118260422318407e-01
4.005525831130084535e-01
1.673209048142929589e-01
4.169547418169483599e-02
4.823905195434641247e-01
-9.637662739155351543e-01
-1.713398062873206507e-01
-9.646275631235124992e-01
3.411536143200462057e-01
1.512842547329162901e-02
-2.482806404023645275e-01
8.418002317776694943e-01
5.092819112371083090e-01
-1.418994601111476239e-01
1.000000000000000000e+00
-7.524889359947787293e-01
-1.000000000000000000e+00
1.000000000000000000e+00
1.000000000000000000e+00
9.036342584103354558e-02
-4.272924648170525752e-02
4.925951715406755582e-01
9.182910290127627162e-01
7.858021057646571439e-01
-5.615881034817569173e-01
1.000000000000000000e+00
7.645152878897916171e-01
-1.000000000000000000e+00
5.398295604806711001e-01
1.000000000000000000e+00
-6.658824396842694116e-01
-1.000000000000000000e+00
-6.912124808699682266e-01
-2.010988766198128497e-01
-1.000000000000000000e+00
-6.068680868199437528e-01
9.419138924657582956e-02
3.027482770263247858e-01
-5.763705588509452360e-01
8.884364206265072950e-01
-9.179685947400125778e-01
-1.000000000000000000e+00
1.000000000000000000e+00
1.000000000000000000e+00
-5.677312705347248301e-02
1.084214152900436767e-01
1.000000000000000000e+00
1.000000000000000000e+00
-6.894372957545233938e-01
2.735147693620798570e-01
