-1.000000000000000000e+00
-8.256637635225798633e-01
-4.257897400292325329e-01
7.377404422148037266e-01
-3.257718383854155686e-01
7.585938301139538709e-02
2.019625832931708498e-01
9.768745389292288195e-02
-2.320294302797327735e-01
7.655480335830480154e-01
2.890107157660093407e-01
-8.020186354601566148e-01
5.232909823883338252e-01
4.186457530377891700e-01
1.567743055524175588e-01
4.289704308604305183e-01
-6.298138984201633317e-01
-8.642742002665322332e-01
8.213837571802773407e-02
2.568554296836247364e-01
1.009368693370991110e-01
-1.783497059484238090e-01
-6.562579155525845032e-01
-3.342432664744923176e-01
-7.925150382837247154e-01
-3.669466851436296029e-01
2.368505678124043223e-01
-1.938921099643384771e-01
7.712555611810048006e-01
1.000000000000000000e+00
6.984460406992297754e-01
-2.699997151103654680e-01
-7.714353129637243622e-01
-7.826482548324995570e-01
-6.951209703764424375e-02
8.355824861845815299e-01
-6.004520061638540795e-02
2.959093647947819150e-01
7.003391136448220422e-01
3.200741122340005074e-01
-5.218259728175818069e-01
-7.197658651863938495e-01
-2.289134374520689352e-01
3.126801086460695434e-01
1.000000000000000000e+00
1.961446139606435324e-01
8.434986222468441319e-01
3.725235434444607030e-02
2.113890737428033018e-01
-1.860920700433028596e-01
8.846230781079045258e-03
6.925282339945593169e-01
5.833734186800008104e-01
-4.545317988739765447e-01
1.000000000000000000e+00
5.302723649509817339e-01
2.349876434727091734e-01
-2.375079810187761264e-01
-8.078789620744057931e-01
9.777995889766220028e-01
-6.953277777209687649e-01
3.768748297046240481e-01
3.402680882850782629e-01
1.068935838069808159e-01
-6.598316028098438757e-01
4.625051139794065236e-01
4.690710859578577363e-01
-5.476950997997185322e-01
6.992894009613974671e-01
3.515555413925415817e-01
7.261135901437980600e-01
3.006360079829444309e-01
-8.885037566671838416e-01
-8.772712867801868430e-01
3.635593638484537760e-01
1.752194771986126942e-01
-7.720205951080183482e-01
7.428229188512699976e-02
4.724134569805360506e-02
-5.327621030097141608e-01
3.589052231260564385e-01
9.500232922580731376e-02
-7.168471295856692072e-01
-3.944667977748208543e-01
5.288177652334657974e-01
3.948857330472429483e-01
-2.428550579804700238e-01
5.335032419491665401e-01
3.108820050323312101e-01
-9.023544868221511361e-01
4.842627247747089414e-01
2.597412959393377019e-01
-3.267021190885204263e-01
-8.745757984983811850e-01
1.334804287152477897e-01
2.382964615576572687e-01
-2.377704531451654280e-01
2.915744894298653023e-01
-9.473378181088565331e-01
-3.615332591039823185e-01
1.000000000000000000e+00
-2.538509632125005577e-01
-4.359729357375305980e-01
1.690704003714333936e-01
-7.124824245131535783e-01
4.348609943796621913e-01
-1.442431546899534123e-01
2.248996248922798813e-01
6.305231254684766640e-01
-4.207711591089591252e-01
-8.289760867996245342e-01
-7.975026645406375625e-01
2.360610781885949527e-01
-1.000000000000000000e+00
-6.842159204475612988e-01
-8.860081849274275001e-01
5.014331536897214114e-01
-1.000000000000000000e+00
-1.710233300748575935e-01
6.432162250437007955e-01
-2.273042261448978696e-01
-5.624948210693171413e-01
6.960143017087245809e-01
7.294518005669625715e-01
6.884469058310473955e-01
-5.218404089668755574e-01
-2.114954944284063720e-01
-5.149677344729565176e-01
-8.586009950540027802e-01
-6.041301479601829394e-01
1.000000000000000000e+00
-2.543479535848229833e-01
-9.351947942340792519e-01
-2.546233180083097292e-01
5.099064370119936740e-01
1.000000000000000000e+00
8.747752910904562640e-01
6.655211936631338920e-02
8.612437159280668109e-01
-1.193046024976052166e-01
5.539118547020255301e-01
4.579667290967330828e-01
8.005464692930486237e-02
-8.041250208070935268e-02
4.089772836067733230e-01
-8.899946107700176245e-01
-7.982269309312861605e-01
6.362205312059788787e-01
-5.475905019552329556e-02
5.366807324942777235e-01
8.082615964512012141e-01
9.601030708663791380e-01
2.598572755567998271e-01
6.103254630786998369e-01
-8.866716614414272835e-01
-1.000000000000000000e+00
3.591737902441299313e-01
7.689623757986896457e-01
-1.383323331639143838e-01
-8.547123819262540945e-01
-6.065812591178474378e-01
-4.535651865079959322e-01
-7.369382730696317774e-01
1.143628523338939829e-01
-6.896222839181616049e-01
-1.379032743801349437e-01
-9.453591834158280305e-01
-3.186766571058683439e-01
-1.000000000000000000e+00
7.009256026872938694e-01
-3.332150274353226083e-01
4.835416083002657128e-01
-2.794572884067785257e-01
2.015698136068344581e-01
-8.376143990263771322e-01
-7.403463674197348077e-01
1.142422629111972121e-02
5.645463903309015929e-01
-6.042667607099350136e-02
-8.666255360062846691e-02
-6.323698979942824483e-01
-2.825657819192676223e-01
5.679635892840544376e-01
3.249451563513656716e-01
-6.195411020097421062e-01
-1.000000000000000000e+00
6.455930914734642201e-01
-2.720692609641348625e-01
3.248107843086058821e-01
6.582914634477645688e-01
2.295353209551665996e-01
8.672106589517059039e-01
-3.451971952808436939e-01
4.044060389046381654e-01
-7.872745679049542034e-02
9.355621278329300239e-01
5.045848137133597255e-01
3.364732724235061090e-01
-9.683688435913844206e-01
1.298754593313793393e-01
3.814081256004282494e-01
2.765626367354621085e-01
-8.337876912939479190e-01
8.661777701417310293e-01
-8.536900597159183257e-02
7.710411440599349575e-01
8.257875920496642319e-01
7.726739978990254665e-01
9.048522097653444174e-01
-1.000000000000000000e+00
-4.610985615004438154e-01
-2.397464569076770413e-01
4.045038557239298282e-01
5.397728305759577072e-01
3.254986025818018547e-02
-5.428756753619284892e-01
1.000000000000000000e+00
3.369741702995848742e-01
9.477967680583172516e-01
-3.821421825532033689e-01
-7.343340852470483515e-01
5.442470307755231662e-02
1.312434266151800699e-01
8.322763958079986146e-01
7.477598382705414881e-01
-9.857050896541656726e-02
1.629765081605145660e-01
-2.911702949366548054e-01
-5.869242304099395735e-01
6.327470317925911747e-01
7.270690422858692159e-01
-3.705266835559535288e-01
7.928555029747550442e-01
-4.076946606389140193e-01
3.533505873026357436e-01
-1.899716664252790732e-01
-7.258351462721470693e-01
8.350672344980751838e-01
9.196523605852835459e-02
-5.540920679013796590e-01
3.011263190653801214e-01
-7.810454931801127376e-01
6.502395025553884267e-01
8.930184818094988319e-01
-3.234456505386049674e-01
-7.505479032695198116e-01
3.876068811422279659e-01
6.910249458316831683e-01
5.335294413665070401e-02
-1.347394362494573894e-01
-3.552031147758203389e-01
-9.825916295571319736e-01
7.715254910097779639e-01
1.000000000000000000e+00
1.000000000000000000e+00
-1.693097538194576201e-01
9.101186921678160457e-01
1.597791037019003768e-01
3.247243014645297410e-01
7.352276174082632565e-01
-1.112685734580504127e-01
-3.667098963474885870e-02
9.509074438489864001e-01
-8.484310737864542151e-01
4.465657034421195437e-01
