-6.706514261721130410e-01
3.574020446019074981e-01
-1.352005110210640071e-01
4.522604271825714228e-01
-9.796887627858323899e-01
-7.737304613139861509e-01
-9.187782425059891622e-01
-4.853980587827171345e-01
-6.063767708295126901e-01
-2.741273793597000519e-01
3.442090684107771970e-01
-9.125443573982658929e-01
-5.871100462199119185e-01
3.934418071091871916e-01
9.531464479468412243e-01
6.346676957782144690e-01
-3.405178844009069117e-01
-5.882435408854190806e-01
6.063832571095568724e-01
-3.919298202743637383e-01
-9.241197716048676902e-02
-4.804131024820106344e-01
8.574373603835248048e-01
5.156648622128288117e-01
1.732326512185358158e-01
6.269836196880151924e-01
-4.847904903248141384e-01
2.305241024927497384e-01
3.075825309827306953e-01
3.996919945695736054e-01
9.424300475933067300e-01
1.395098891826271892e-01
2.395483844237533688e-01
4.501613511885904639e-01
-9.971183798005172072e-01
4.611681067466823908e-02
-7.519298482202458889e-01
-3.365608290072013009e-01
1.062104861982839238e-01
8.643167843786219162e-01
9.017282127364578681e-01
4.194916635061308186e-01
8.415332429342303744e-01
-3.989988049594084263e-01
3.145753223699609968e-01
-3.292791202416101015e-03
3.303669489842430695e-01
3.555916088860782143e-01
-1.937151795139022692e-01
-6.884897834755503432e-01
9.821990819036959808e-01
-5.246290807106974707e-01
4.664334629233366503e-01
9.715478296947055448e-01
-4.992660637591117556e-01
7.897457404935426251e-01
-8.452888984557422880e-01
-1.000000000000000000e+00
-3.171064508766276990e-01
-1.956827289399316605e-01
1.274077452172839298e-01
5.607430128630666033e-01
-4.578772433380842166e-01
-9.734728817425239988e-01
-6.353632583590445027e-01
-3.985327059342513856e-01
1.841359659790406944e-01
5.355564117515543288e-01
-3.683460238556084398e-01
2.900592340183199003e-01
8.717131673063640562e-01
5.293068246000369736e-01
2.994890642978154105e-02
4.012286603181505762e-01
4.531970843502859392e-01
5.133729678693412790e-01
-3.447174440718174804e-01
1.071381764894663302e-01
-1.503129737156234658e-01
-9.810125016969458711e-01
7.838435895749211735e-01
-6.400238982068118254e-01
3.166487100933275123e-01
2.641635334695779935e-01
1.345686959216119138e-01
7.961415767785826603e-01
-2.362277463188866555e-02
4.565696007648005761e-01
5.238737323525085587e-01
7.632111551696698637e-01
-9.653708207077935644e-01
4.078229069793791739e-01
1.657430031082856026e-01
-6.829570661516963792e-01
-3.465772564547322521e-01
-9.997557716138676387e-01
-3.311676477495149040e-01
5.864018945143736339e-01
7.027052931833184246e-01
-5.306786350326313517e-01
-4.281096942460345112e-01
-1.840976758077679798e-01
8.512535656051052335e-01
8.405596755633486517e-01
-3.743115875822433658e-02
-1.255328106710715819e-01
-2.570255771580400861e-01
8.404428206228189424e-01
4.271093663936518237e-01
-5.046698527147026603e-01
3.438064472050222919e-01
-8.303800404452472694e-01
-1.272040608921147786e-01
6.496446649285713137e-01
1.338119856945032549e-01
2.179511519269285436e-01
6.598191960797701316e-01
-9.360368362234663397e-01
-6.344706856388662164e-01
1.000000000000000000e+00
4.479400852729502613e-01
-7.994700102745888604e-01
9.188876621466190997e-01
9.131781268517344952e-01
-5.694138989458354949e-01
-3.602040119471545676e-01
1.986259841479178778e-01
-1.425120388542178151e-01
7.338729014216374136e-01
-1.177048940240579267e-01
8.051124202403137087e-01
-8.743650054094607160e-01
-1.910054463980070949e-02
-5.306580165411338701e-01
9.182800980671923519e-02
5.054228474800752657e-01
1.000000000000000000e+00
4.814707328769551875e-01
-8.337952551974754378e-01
2.072057414502208594e-01
-9.240916731419779317e-02
9.515911561097492033e-01
9.114148728716433556e-01
6.233774711889670250e-01
6.321444667042137588e-01
-9.292114804863467192e-01
1.570263173189430095e-01
-1.000000000000000000e+00
3.599133828667804291e-01
8.940558695164169123e-02
-2.151247733578067756e-01
-6.264321152847587282e-01
9.643010252445654018e-01
-7.704764628562383866e-01
-9.156170478777605481e-01
5.283753929944623451e-01
-4.937770897309582963e-01
2.667480508241890647e-01
-2.491928230087181451e-01
9.169901282092540740e-01
3.906353657950680791e-01
1.039153345576785542e-01
1.077634974156993497e-01
-5.345332622492349195e-01
-8.440349198329144542e-02
-1.628355399249203916e-02
-9.095081576677270796e-01
-3.069538907661530924e-01
7.839061057816842926e-02
-7.429683226691885523e-01
-8.333749065502260578e-02
-4.497062844182742047e-02
-4.924698110748066959e-01
6.443239590891431945e-01
5.485153660049071345e-01
2.047235021376877795e-01
-5.678593506002996838e-01
-1.914392959904176461e-01
-4.673073531832103722e-01
5.320875331051513335e-01
8.838560262397527900e-01
-6.452915537091572507e-01
3.023259800166948619e-01
-7.423483480113421962e-01
-4.672341626395724035e-01
7.623652381807630718e-01
-7.613542154717394261e-01
-2.358199279275398075e-01
-7.907906673433124922e-01
-5.565486551090108591e-01
9.175910570883434314e-01
-1.044463788145044703e-03
-5.745602483101426294e-01
-2.122164308673355482e-01
-5.253311782632459348e-01
-7.756820520979410549e-01
-8.264226223287109985e-01
-5.791664267172629277e-01
7.495358330940951053e-01
-8.220126185970364485e-01
5.499388129019955329e-02
2.311145589936305367e-01
3.536041140763670487e-01
-1.000000000000000000e+00
9.024027601885276084e-02
2.308033977048098428e-01
-2.310289792089506022e-01
8.046974578542300804e-01
-3.399742336293849476e-01
9.232434792362318454e-01
-9.249447973183624327e-01
-2.037066388528296912e-02
-3.323559487256522171e-02
7.928812668687892362e-01
2.082567997449136232e-01
3.841687048408970462e-02
-5.679922137003077243e-01
4.648774322195008413e-01
7.156483972662983639e-01
3.377040370690687077e-01
-1.075372818707797246e-01
-8.300942815858908252e-02
9.020711171452575616e-01
8.390362048127761874e-01
3.012384881294989381e-01
-9.975279814638933207e-01
5.207050415003846577e-01
-7.616893313666039944e-01
2.558415593374536723e-01
-6.676333201660100691e-02
9.784786418013935450e-01
-8.580941685171565858e-01
6.914083582311654208e-01
9.173891983495896518e-02
3.958584656121539869e-01
-5.054980072948287440e-01
-4.906773729744728918e-01
7.330748685504984152e-02
7.570732940799338451e-01
-1.000000000000000000e+00
7.617425616605237870e-01
-8.305434129662201403e-01
7.828040491393006839e-02
-7.647572988594508736e-02
-8.529644224630295035e-01
1.948149838838517667e-01
1.987414241295892836e-02
-1.239835442662049481e-01
2.583599110330766502e-01
-8.891376164386466385e-01
-5.558604250492429344e-01
9.196418196212319263e-01
-9.735036664026515130e-01
-4.986091058986152902e-02
4.290048478378323260e-01
3.030075559957623454e-02
1.000000000000000000e+00
-1.868477701205792929e-01
8.790906785604413187e-01
-5.026487263387782178e-01
3.701419142674002849e-01
3.743776150159314753e-01
8.950282622128025167e-01
-8.056896882692619055e-01
5.748891557686062193e-01
