9.828235071691340252e-01
-1.000000000000000000e+00
1.666825736492593413e-01
7.518434222578290749e-01
9.339621143710883366e-01
3.602551917834104778e-01
1.000000000000000000e+00
-7.782971106449387833e-02
-1.000000000000000000e+00
-1.000000000000000000e+00
-8.983587964381920532e-01
1.000000000000000000e+00
7.671257797801840361e-01
-3.247882655307078870e-01
-1.445145944521626369e-01
1.000000000000000000e+00
1.000000000000000000e+00
4.076852576177006360e-02
4.571537612001137507e-01
8.553769908335282501e-01
-7.697226964932950555e-01
-8.891803099058751547e-01
-2.812933998259966595e-01
1.000000000000000000e+00
-5.413127698457332881e-01
3.085763481043237721e-01
-1.000000000000000000e+00
-2.169894821783320271e-01
5.087858410806123111e-02
-5.359624367625268615e-01
-1.000000000000000000e+00
7.617760409852557535e-01
5.485282334463562059e-02
-1.000000000000000000e+00
-7.978085717053351456e-01
4.860635534761430510e-01
-1.000000000000000000e+00
-6.835277300199581463e-01
1.000000000000000000e+00
-2.922132853164230437e-01
9.566770227762741996e-01
1.000000000000000000e+00
-6.697549427316278337e-01
-1.591760652057483405e-02
-6.258604830934074714e-01
3.843393023590179758e-01
-9.868582944843276028e-01
-4.558238449893620703e-01
-1.000000000000000000e+00
-9.877853388339106200e-01
3.166498357826146859e-01
5.648233513826111940e-01
5.029073221192483789e-01
4.373071976081971957e-01
9.420514749541986088e-02
1.000000000000000000e+00
8.440472739163344951e-01
4.431594600586402644e-01
7.139079773630441217e-01
5.797153171925037984e-01
-3.170444920826334112e-01
-7.702360657090987495e-01
-8.963274238574139297e-01
6.979987382753202185e-01
7.134248174241681895e-01
4.415533186478209915e-02
6.927668569114343589e-01
1.000000000000000000e+00
9.257643840658795753e-01
-1.000000000000000000e+00
-2.340428303255871478e-01
-1.000000000000000000e+00
-1.000000000000000000e+00
9.988143642588398485e-01
1.000000000000000000e+00
2.185359487054159278e-01
-1.000000000000000000e+00
6.327533805353563467e-01
1.496436300341306425e-01
-2.270839104356738858e-01
-1.839343929943801914e-01
-1.000000000000000000e+00
1.000000000000000000e+00
-3.042719299212996997e-01
-1.000000000000000000e+00
-1.000000000000000000e+00
-6.725381221060758863e-01
-1.000000000000000000e+00
-4.957413722154904168e-01
-1.000000000000000000e+00
-1.000000000000000000e+00
4.773638650091415192e-01
-5.973592132731717075e-02
-1.000000000000000000e+00
-1.826512735527766607e-01
1.000000000000000000e+00
-5.191864622107170701e-01
-8.246324667498020622e-01
-9.359272737832062816e-01
9.185879816433117906e-02
1.000000000000000000e+00
-1.000000000000000000e+00
-1.000000000000000000e+00
8.720052263994314545e-01
-8.813633583440423358e-01
-1.000000000000000000e+00
1.052626366571872696e-01
9.861055976708853477e-01
1.000000000000000000e+00
-1.000000000000000000e+00
-1.000000000000000000e+00
-6.667034309777062351e-01
3.258485202915912260e-01
5.925465439248814858e-01
-1.000000000000000000e+00
-7.496413431883963696e-01
-3.978253127377803233e-01
3.780155994765667105e-01
6.202548235944449484e-02
-1.325045473130388451e-01
1.000000000000000000e+00
-3.686888076899286215e-01
-9.731405892511771905e-01
1.000000000000000000e+00
-1.000000000000000000e+00
-1.000000000000000000e+00
-4.760135374105132211e-01
1.000000000000000000e+00
-1.000000000000000000e+00
-5.193427717787497677e-01
-9.499386275355999887e-01
5.041004857538244899e-01
-2.953968621528169081e-01
-6.906614581035718237e-01
-4.930236377232108946e-01
-1.108064185458495221e-01
-1.479449509106831595e-01
1.828619127832031843e-02
1.428736948385635752e-01
-6.905655715925733684e-01
-1.000000000000000000e+00
-8.420280678885888603e-01
-4.640546483737507111e-01
-6.398037058572937363e-01
5.033894737920631135e-01
1.000000000000000000e+00
7.340786972007983247e-01
9.198385942882374433e-01
-1.000000000000000000e+00
-4.934980368530542671e-01
-1.051968828241805487e-01
1.000000000000000000e+00
1.000000000000000000e+00
-8.034479563810910108e-01
-5.858518459684858293e-02
-1.591992783677872447e-01
1.000000000000000000e+00
-8.224598187153857598e-01
-1.000000000000000000e+00
3.371419649688490172e-01
-1.294159411198490539e-01
-1.238400380110434851e-01
2.471994782713091143e-01
4.113514809213190127e-01
6.870024481070914346e-01
2.323408254326290445e-01
-1.000000000000000000e+00
-5.307770239296183412e-01
-2.552827035767839536e-01
-8.655153364947485439e-01
-5.081187424950314169e-01
-2.686767359459605875e-01
-1.471189567297633838e-01
8.569000093127661088e-01
-4.430520602571901279e-01
-9.846283007727267833e-01
7.242106409659287980e-01
4.798183132032898257e-01
-1.000000000000000000e+00
-1.000000000000000000e+00
-1.000000000000000000e+00
-1.000000000000000000e+00
1.000000000000000000e+00
-5.983256376655383679e-01
-1.000000000000000000e+00
1.649721924207019352e-01
-9.863044692968292448e-02
6.372685383929183045e-01
-3.711911832621707097e-01
-1.000000000000000000e+00
5.799130525853823936e-01
-2.014991028784073046e-01
1.000000000000000000e+00
-9.994611832316002697e-01
-5.643873289487738587e-02
1.665104025129596210e-01
5.952730791163046709e-02
-3.545037500949322906e-01
2.407992651512325111e-02
-6.860261587486558010e-01
4.071189556493682860e-01
8.202319961904824819e-01
1.000000000000000000e+00
3.455389908904626939e-01
8.166588961800282931e-01
-1.697152561189976261e-01
3.914749479333600179e-01
3.944638386184541323e-01
-1.000000000000000000e+00
-1.000000000000000000e+00
-3.380209328769505639e-01
8.870987920410844385e-01
6.709889234148745940e-01
1.000000000000000000e+00
-5.762123754926684605e-02
-1.000000000000000000e+00
2.805140562102141910e-01
4.919486599254685455e-01
2.524214862818932037e-01
-1.203255272869259707e-01
8.318079581894848307e-01
-1.000000000000000000e+00
-1.000000000000000000e+00
-6.987534212900080588e-01
-7.837277449347399561e-01
-2.643271361419617937e-01
-1.000000000000000000e+00
1.000000000000000000e+00
1.000000000000000000e+00
7.915079950690212529e-01
1.314998643344455487e-01
-9.050759905590455290e-01
6.667097899222532709e-01
1.000000000000000000e+00
3.827193751316981807e-02
1.000000000000000000e+00
-5.938405276806696387e-01
1.343980039220962208e-01
-1.374823576742745523e-01
1.185808052951351499e-01
-3.009689152789181144e-01
2.303190977040775467e-02
7.401067251927491153e-01
1.000000000000000000e+00
9.656935456599711198e-01
-7.397019165895908355e-01
-1.000000000000000000e+00
-1.652021220664784407e-01
-2.702045828860557553e-01
-7.840033839882021294e-01
-1.000000000000000000e+00
1.000000000000000000e+00
-4.749692762339190466e-01
3.293056484220009406e-01
1.651158003789793827e-01
-3.695792332296877758e-01
5.407010026451999352e-01
-6.130235714244549605e-01
3.280908709784199351e-01
-1.000000000000000000e+00
1.000000000000000000e+00
9.476093206689198967e-01
-1.000000000000000000e+00
-3.809260647396459087e-02
-5.558719182985816243e-01
