-1.556485448153272499e-01
7.856075614993808243e-01
-5.293638065376975455e-01
8.970425826234573741e-01
-7.009032570320593569e-01
1.000000000000000000e+00
9.694684213839547260e-01
-1.000000000000000000e+00
-2.881836196354775614e-01
1.157051543230755986e-01
3.923830808409113358e-01
1.000000000000000000e+00
-1.000000000000000000e+00
9.187644293156503883e-01
7.069576832567153746e-01
-5.218618036128142013e-01
-7.453810949002257491e-01
-5.115783253158064925e-01
-4.773795101013387360e-02
-5.193019329148170771e-01
4.442309943402097394e-01
-8.432835641381968284e-01
-9.762613110873628042e-01
-5.291125024305041169e-01
1.000000000000000000e+00
8.902013333903975312e-01
-4.125805964244154689e-01
-8.305188532384915057e-01
-1.000000000000000000e+00
-1.000000000000000000e+00
2.725349221064145566e-01
8.134247197297512777e-01
-8.448831091576369801e-01
8.294768250811322963e-01
1.000000000000000000e+00
-1.768897803949891490e-01
6.390041411677153116e-01
9.895891958849308834e-01
5.020459632350959822e-01
-8.419129872703500217e-01
-1.000000000000000000e+00
9.876904965817407955e-01
-6.767263908857578114e-01
-2.508249150019681295e-02
5.031727734733554280e-01
3.735230328023689816e-01
6.250696332549979806e-01
1.000000000000000000e+00
-3.941700450818142465e-01
-6.983601884938487325e-01
-7.946773002150673282e-01
6.275211165640843802e-01
4.779607103648791377e-01
1.000000000000000000e+00
3.290636353277874571e-02
8.433302543043829091e-01
-1.000000000000000000e+00
2.043925530462582518e-01
9.672958073253173916e-01
7.114984397441129205e-02
1.504508386744940474e-01
-3.123191196840914841e-01
-1.000000000000000000e+00
-2.777194546069112757e-01
9.232378293087365462e-01
6.371316101244334229e-01
-1.378134239068651845e-01
6.114771635247406856e-01
-7.571091331623267529e-01
1.000000000000000000e+00
2.713016286678140432e-01
-8.383607379614220756e-01
-8.274565568005223248e-01
-3.433926414122520643e-01
1.000000000000000000e+00
5.629441894525303303e-01
-1.043070212870867985e-01
3.418225224406120089e-01
5.634594640656438447e-01
1.000000000000000000e+00
-1.000000000000000000e+00
9.947622304938623650e-01
-1.000000000000000000e+00
-1.000000000000000000e+00
2.806064582150918918e-01
2.785371664648774725e-01
-1.000000000000000000e+00
9.958360884625968579e-01
8.649498835689820031e-02
-3.641056087642551287e-01
-8.525304796863066858e-01
2.995196808729412297e-01
4.992534075954522255e-01
1.391155451580119440e-01
-1.000000000000000000e+00
1.000000000000000000e+00
8.480722146597838851e-01
8.984810098438729131e-01
9.854529013632242762e-01
5.502424835703649819e-01
3.738408157565741297e-01
-3.622366209712664098e-01
-3.638271782178452707e-01
6.352377430575788519e-01
9.168146192608681577e-01
-7.157866208858997270e-01
1.229357808274322839e-01
-6.115679242761378198e-01
-6.704518112291122378e-01
1.000000000000000000e+00
-8.588212221851631023e-01
-4.838208477369151939e-01
-9.315300749200363661e-01
-1.000000000000000000e+00
2.830347713470099946e-01
4.380812531860472925e-01
4.077720778756839248e-01
1.000000000000000000e+00
-1.000000000000000000e+00
1.000000000000000000e+00
3.385944202272105352e-01
1.000000000000000000e+00
-1.000000000000000000e+00
1.000000000000000000e+00
-4.155734137273937590e-01
-3.426770235957385946e-01
9.119295649863168318e-01
-8.254933798006439671e-01
5.888841513905802572e-01
6.216821549448838802e-01
8.486672359287255052e-01
-3.908043043457348764e-01
-6.945451994778988336e-01
1.000000000000000000e+00
-2.515216156852986273e-01
-1.000000000000000000e+00
1.000000000000000000e+00
-1.000000000000000000e+00
-4.413309158227916584e-01
4.853945274668685084e-01
4.561659012811343228e-01
3.777899406267877791e-01
-1.888542094274076044e-01
-5.077730481274813634e-01
-6.641122851733870514e-01
8.471894206574915875e-01
-1.000000000000000000e+00
-3.936728986459690494e-01
2.174961604155761785e-02
-6.519594265956388801e-01
-1.000000000000000000e+00
-2.775422766339523117e-01
2.682233336137501145e-01
5.417004565507723690e-01
1.000000000000000000e+00
-9.410946173733981679e-01
-7.336012842213102125e-01
-1.000000000000000000e+00
-7.187329153096349010e-01
8.926731676378955871e-02
1.000000000000000000e+00
6.587020805824888026e-01
-4.558968203075742243e-01
1.000000000000000000e+00
1.000000000000000000e+00
2.605951244008298806e-01
-5.392818119629018137e-01
-1.000000000000000000e+00
1.000000000000000000e+00
3.435400812336408261e-01
-1.590409332597378378e-01
6.668448954491241754e-01
2.206643076755437360e-01
-8.190707045369587380e-01
-1.000000000000000000e+00
-9.345466781635349829e-01
-5.473696897099289416e-01
-1.000000000000000000e+00
1.000000000000000000e+00
-9.354646258739061082e-01
-3.378630308940664406e-01
5.691937227313569325e-01
-3.392498109719240817e-01
-9.609936865809466378e-01
-5.894878813063519907e-01
-5.605889547831895969e-01
8.341784017705329290e-01
-7.046271650780511209e-01
-7.597028946437714980e-01
-8.478624100701190880e-01
-1.000000000000000000e+00
8.620396087941379903e-01
-4.064052371423693133e-01
-1.000000000000000000e+00
-1.000000000000000000e+00
6.791579344789753225e-01
-5.691388839099146280e-01
-1.000000000000000000e+00
-8.596745406227912500e-01
-2.699206966622882398e-01
-1.061654431671951448e-01
-3.222852542910384921e-01
-9.902337387139833469e-01
1.000000000000000000e+00
6.042510126449149865e-01
-1.000000000000000000e+00
-9.740990833981562069e-01
1.000000000000000000e+00
-1.000000000000000000e+00
-5.691809020238923766e-01
-6.204703825179772592e-01
-5.153679819731351586e-01
1.000000000000000000e+00
7.523006093847507403e-01
1.316697802697529007e-01
-1.000000000000000000e+00
-3.098954496331872699e-01
9.004624070677276215e-01
-5.581373818419785859e-01
-9.893467072332724488e-01
-3.345451262555111382e-01
-9.271934444029912292e-01
-1.000000000000000000e+00
9.360501399618367246e-01
4.524027425922769741e-01
-6.926253534095668796e-01
-7.818681955315948118e-01
1.000000000000000000e+00
-1.925484017106708912e-01
1.000000000000000000e+00
-4.578008276400541421e-02
1.000000000000000000e+00
-1.000000000000000000e+00
8.052675671115521183e-01
8.835399795062625072e-01
-6.864819708539589005e-01
-1.000000000000000000e+00
9.736817374425782434e-01
2.478600523873970007e-01
2.403505038520776238e-01
-5.120517330857772276e-01
1.000000000000000000e+00
1.000000000000000000e+00
-9.432709533175798189e-01
-3.457033350107858727e-01
-2.292245296848386404e-01
1.000000000000000000e+00
6.385141451081718378e-01
4.247488257364357978e-01
1.000000000000000000e+00
2.031021924524888667e-01
3.707962846746604146e-01
1.000000000000000000e+00
1.000000000000000000e+00
3.622551477958167732e-02
4.072116184154048746e-01
-6.209030676398776816e-01
6.951239821616121972e-01
-1.854684297930687953e-02
5.415190709062643881e-01
1.000000000000000000e+00
-6.554992885878816455e-01
-3.161348666753293624e-01
-5.388034045732084110e-01
3.111546342259032261e-01
