7.839151579480304610e-01
1.000000000000000000e+00
-8.575235323960058720e-01
5.261207025866343479e-02
-4.285323389393549953e-01
-1.000000000000000000e+00
-2.634404201618084085e-01
5.642069527154240927e-01
2.905619483282888549e-01
2.172918466766062262e-01
8.802457913197159201e-02
-6.394651238178770125e-01
5.392506832454033727e-01
-1.000000000000000000e+00
5.469569460912174774e-01
1.000000000000000000e+00
2.584907868920233165e-01
5.368451244486921459e-01
7.943899826651040774e-01
1.000000000000000000e+00
7.425492982254170427e-01
-4.379695394104661244e-01
-3.298485868369483431e-01
9.925952579265991949e-01
4.743712495926333261e-02
1.572993699061933093e-01
6.354013065292555273e-01
-4.630648687823998300e-01
-1.885438506384905510e-01
5.970545840225647272e-01
1.442883802772065849e-02
1.255377362289072929e-01
-1.660043534234052487e-01
-8.970830957595595789e-01
1.827018112491954061e-01
8.500242672026629975e-01
7.568938528499549179e-01
7.319523209171178157e-01
-3.480902079847695285e-01
6.366433090302245912e-01
2.909163254665122489e-01
3.142176355252579434e-02
-2.656387705060552218e-01
7.128971830720248759e-01
3.496117984896569553e-01
4.121769806627220700e-01
-8.449991841609315602e-01
8.851327751242348274e-01
-8.248229772780885094e-01
5.032807359931494862e-01
-6.487449487618375255e-01
-1.736528609864602113e-01
3.998807442530540324e-01
-6.820457684923720842e-01
5.994507129927199029e-01
-1.000000000000000000e+00
8.630729830690642146e-01
-6.887462383226433671e-01
1.950768355660965625e-01
-5.196999022220567532e-01
-1.109051695568956247e-01
-9.740610610841592409e-01
8.761199979522065195e-01
-1.000000000000000000e+00
-7.593161723558540244e-01
6.263679704294169426e-01
-5.267075114789250556e-02
-2.280127828558792258e-01
4.215202568266939176e-01
-9.210426200553073484e-02
4.610384478291695287e-01
6.966343730263578893e-01
-9.546496806966219273e-01
3.519869267037362692e-01
8.658578118440086735e-01
7.337898620575243891e-01
-8.711289384492469645e-02
-4.783992881516232476e-01
-7.053138439813876337e-01
1.000000000000000000e+00
1.645972639926413794e-01
-2.787988257986415697e-01
-2.562026835315328599e-01
1.000000000000000000e+00
-1.584156204087197040e-01
8.495788638345634913e-01
5.911780910859970595e-01
-5.134424624629150280e-01
-6.464887272336838908e-01
4.821363348593736275e-01
-8.346671356387582730e-01
8.853819660148315451e-01
-2.022457470727667683e-02
-9.283279062865915088e-02
5.531701552317120907e-01
-2.904788975688901709e-01
9.686055267559485760e-01
2.945641268075997465e-01
1.099956776482937937e-01
-5.720402867906174693e-01
-5.653810224639577164e-01
4.014855030854005413e-01
-1.963598870680324793e-01
3.347456937978783298e-01
7.874975610181211838e-01
-2.916198771806709500e-01
5.480252262759661708e-01
-4.495343131795380698e-01
4.981582881302281107e-01
1.000000000000000000e+00
-1.000000000000000000e+00
7.547330730660315457e-01
-5.088457641151594713e-01
-1.000000000000000000e+00
-1.883368151650807731e-01
-7.640135724728223110e-01
-1.068976284753094252e-01
-1.788946964498847880e-01
9.545823064084010268e-01
-1.000000000000000000e+00
-9.418211847599192721e-01
-1.000000000000000000e+00
8.036860452933615173e-01
-7.483955502604057175e-01
-1.000000000000000000e+00
4.863383490637784856e-02
-6.030510326678023558e-02
8.126353799898973218e-01
9.331857095035415162e-01
1.000000000000000000e+00
1.000000000000000000e+00
3.474097358458132501e-01
-1.087940729525516126e-01
4.371585868986165302e-01
-4.996671873565715627e-01
-6.853187491234169482e-01
1.000000000000000000e+00
6.646593959889021130e-01
-2.464377288025851598e-01
-7.670066563150462757e-01
-1.454360479682662022e-01
-4.269536614173350397e-01
2.556341277724199501e-01
8.547170145778401618e-02
-3.521995908501900363e-01
-9.464440867825046899e-01
3.514153407224513970e-01
-6.275790660650902852e-01
8.587193473480104755e-01
5.752478176436222057e-01
-9.780888377332672134e-02
1.979481397404437015e-01
-5.846361901021379648e-01
7.816619313317176854e-01
-5.297460761124124229e-01
-1.058977408908922668e-01
8.107073794826230584e-01
-1.000000000000000000e+00
9.120292204125295399e-01
-1.179444030461197362e-01
-4.316226339860324002e-01
4.928953384057783715e-01
2.399911525161186610e-01
9.976566000957404201e-02
-1.500677174419842164e-01
5.259187300071586080e-01
-3.507456502350252414e-01
1.000000000000000000e+00
4.158405197710889345e-01
-9.449047166334249015e-01
5.001042310219853126e-01
1.000000000000000000e+00
3.007561083055076967e-01
9.148950410590277471e-01
1.395469527793244402e-01
6.829529699127361297e-01
9.449358138568604293e-01
1.000000000000000000e+00
-6.295607403613691089e-01
-5.990877608511735453e-02
-2.260823403009236954e-01
-1.487536940191795387e-01
-8.156619959490788441e-01
-7.331408689326376349e-01
-1.741752637497486766e-01
-8.309696929090630568e-02
5.620094226063284681e-01
4.377432898559983077e-01
-1.000000000000000000e+00
3.273563543671156872e-01
1.082554143212290931e-01
4.375458891733664812e-02
8.772728305175307995e-01
1.000000000000000000e+00
-8.405794082247692867e-01
-9.882064667839302041e-02
8.262958364369937803e-01
5.633152937565968355e-01
2.963617150717906545e-01
1.000000000000000000e+00
-9.693133327688205902e-01
-1.892109887611675423e-01
6.871905287622545044e-01
4.149254291982754084e-01
3.637097078340007505e-01
6.303407336959233609e-01
8.652417076811830254e-01
1.000000000000000000e+00
4.223388001864151753e-01
3.073433617091472780e-01
-1.000000000000000000e+00
-6.563387517510927971e-01
2.837319667295797876e-01
-3.280877791734543858e-01
1.000000000000000000e+00
1.000000000000000000e+00
-5.924204699069512969e-02
7.694261577818973796e-01
-3.795654541819086791e-01
-9.130210886266115766e-01
-1.000000000000000000e+00
-2.610724366834294985e-01
1.403127373987306248e-01
9.825043589960475998e-01
3.541607652499281222e-01
-7.127800333224911800e-01
3.344697394757069064e-01
9.073315840161189083e-02
-5.937730093831367073e-01
-7.705698719128994956e-01
-1.000000000000000000e+00
-3.834593665563000853e-01
-3.677120133702930366e-02
-5.195200409728983892e-01
5.091682536964731165e-01
2.090720889417628792e-01
-8.535557677104536056e-01
-8.021195147613287002e-01
2.514743783806413502e-01
-4.681454058805403218e-01
3.240322846946669388e-02
-2.317507889161896095e-01
8.182916995697937790e-02
4.542923464795991378e-02
-4.805455521477459691e-01
-2.620850946822033123e-01
-8.165647138681856321e-01
8.234531992542166723e-01
3.320357133846540965e-03
3.213787223696832340e-01
-1.000000000000000000e+00
8.755127410589842452e-01
1.000000000000000000e+00
1.000000000000000000e+00
-7.632655904745652142e-01
4.114994310283089929e-01
-1.000000000000000000e+00
6.514856348780878603e-01
6.136176519063415435e-01
-3.382710017539429792e-01
8.489469790688941586e-01
-4.691939520034040800e-01
-5.384285977125989886e-01
-7.200574848587075749e-01
8.458412181866802326e-01
