9.611667127216203532e-01
-3.520639848046852594e-01
-1.513325622718924013e-01
3.758864277302153001e-01
-3.801126329469240450e-01
-1.000000000000000000e+00
9.196827097242676885e-02
-1.223517198593532251e-01
1.511563036029560103e-01
4.921988418936651399e-04
1.000000000000000000e+00
9.951782948966411135e-01
-7.894317814070855865e-01
2.652216628167707313e-01
-1.000000000000000000e+00
-7.821837327155928277e-01
1.000000000000000000e+00
3.627710147970802379e-01
1.652808869594805108e-01
7.567915492994974347e-01
-1.225750511907832685e-01
-1.000000000000000000e+00
1.000000000000000000e+00
-7.112656571649844661e-02
6.241906271449521038e-01
5.123716088025003224e-01
9.310893230741690285e-01
-3.482756620504974254e-01
-1.000000000000000000e+00
-7.477670986164544065e-01
1.000000000000000000e+00
-2.402385212562013206e-01
3.009632977379266827e-01
6.947854187671538284e-01
6.830744549498288798e-01
1.000000000000000000e+00
1.081355883180861177e-01
-4.609417367005329558e-01
-5.704467448171762767e-01
4.573773553309354312e-01
3.794701734587468955e-01
-5.034107787909863907e-02
1.000000000000000000e+00
1.000000000000000000e+00
1.000000000000000000e+00
-6.234480358457357152e-01
-1.000000000000000000e+00
6.627913248241538158e-01
9.345263980229852052e-01
1.000000000000000000e+00
1.000000000000000000e+00
-6.366932150828121806e-01
7.840699036509588549e-01
3.332375279070453056e-01
1.000000000000000000e+00
-7.871501571110770534e-01
-6.307251107163107662e-01
3.914715878734826293e-01
4.268413897790295231e-01
-1.000000000000000000e+00
-1.000000000000000000e+00
-2.152241900682148878e-01
3.139969804763222405e-01
3.257385909803954260e-01
-1.273500293603412326e-01
1.344846934535723904e-01
-7.987120652024564116e-01
1.000000000000000000e+00
-1.806277385841490724e-01
-1.000000000000000000e+00
1.000000000000000000e+00
-1.000000000000000000e+00
7.105347339713397048e-02
1.000000000000000000e+00
1.000000000000000000e+00
-4.042621133683423906e-01
1.000000000000000000e+00
-8.748050760908441248e-01
-9.418541279952992173e-01
2.746806180620509075e-03
-4.538004622594271620e-02
1.345404597893308241e-01
1.000000000000000000e+00
-6.914952317771860812e-02
-6.753988250594883391e-01
-5.408990864845235613e-01
8.478985778082122060e-01
1.000000000000000000e+00
5.581359944087267433e-01
-8.673431629081418404e-02
-5.687411127136984268e-01
2.392739871261308771e-01
2.950235670818077693e-01
-4.933475845643142121e-01
2.323290695240816106e-01
-5.330488447026326959e-01
-8.273600769045379444e-01
-3.060172588307880637e-01
1.000000000000000000e+00
1.000000000000000000e+00
9.701868334712370201e-01
8.268726592474366921e-01
-1.129113748432576392e-01
-1.324749604836957806e-01
8.422788455221552617e-01
1.000000000000000000e+00
-2.363563938588782443e-01
1.000000000000000000e+00
1.000000000000000000e+00
-1.000000000000000000e+00
-1.941353886672756990e-01
5.951252157802231491e-01
-4.611085484890053987e-01
-5.433991795478996245e-01
1.000000000000000000e+00
7.654513635589010878e-01
4.334690920603153641e-01
2.347158729505748331e-01
7.639765771313885567e-01
4.933210676907560099e-01
-9.919031058062310890e-02
9.900360058229185078e-01
1.000000000000000000e+00
-3.675764826126761697e-01
4.815939157022587347e-01
7.549961439200308932e-01
2.819342850448173232e-01
6.609189890407465295e-01
5.914316803477539519e-01
-2.009661822363515982e-01
-8.847272804044625794e-01
-3.304162948115344500e-01
6.519190785584514369e-01
2.477479519610494840e-01
-9.511182367266826088e-01
2.560881600721532370e-01
6.556908695286538524e-01
-7.086220728903565025e-01
1.000000000000000000e+00
-1.111437374303035353e-01
4.455104839815978712e-01
-1.320591775480992047e-01
-1.267434728892265772e-01
8.989480724784004728e-01
-7.530292106291520682e-01
1.000000000000000000e+00
1.000000000000000000e+00
4.383365073034372617e-01
-2.488119328841742472e-02
9.512211818503389926e-01
4.534210080152148992e-01
-1.670323652948768611e-02
1.000000000000000000e+00
-9.532191752434057141e-01
1.000000000000000000e+00
5.195096982154306930e-01
-8.375715935509457921e-01
6.664352582681212223e-01
-5.966256580143425303e-01
-1.188404186218601222e-01
-6.154741154354854693e-01
-1.000000000000000000e+00
1.000000000000000000e+00
-6.928508030512728899e-01
4.387070182414279929e-01
-2.886351798554324666e-01
-9.910830105683118285e-01
-8.906607040141377718e-01
4.715092317594299920e-01
-3.637706701601017834e-01
7.099026419718446057e-02
7.419409054096437472e-02
1.573898866910574956e-01
1.000000000000000000e+00
1.000000000000000000e+00
-8.740096507325306741e-02
4.906101084997090411e-01
-4.875481373040875255e-01
-9.308539282296307560e-01
1.724356394420545335e-01
-1.000000000000000000e+00
5.646545582684073805e-01
-8.527488816992370158e-01
-7.791354121333907701e-01
-1.000000000000000000e+00
1.000000000000000000e+00
-5.885746339796927851e-01
1.000000000000000000e+00
-6.599270676374338063e-01
-3.226121601894227364e-01
-6.055926119274166464e-01
1.699320506903850836e-01
-1.000000000000000000e+00
1.000000000000000000e+00
3.793893930708008844e-02
-6.087738033042022767e-01
-1.000000000000000000e+00
-6.206350848900825667e-01
-1.000000000000000000e+00
-1.000000000000000000e+00
1.000000000000000000e+00
1.000000000000000000e+00
-6.760961314975708625e-01
-1.000000000000000000e+00
-1.000000000000000000e+00
-4.436956853749254304e-01
4.225547188797913467e-01
1.614438712376788376e-01
7.352647985376159490e-03
-1.000000000000000000e+00
-1.000000000000000000e+00
1.291093912511448449e-04
-2.498884560254000242e-01
8.605765697080596244e-01
3.442683524172841514e-01
-8.835767645925980407e-01
4.479861721667020014e-01
1.000000000000000000e+00
7.147964096424735958e-01
8.093876698589781427e-01
-3.180736856721865236e-01
3.560730986069881032e-01
-4.668472875139365597e-01
1.833796985697044857e-02
3.221184283541073112e-02
-4.191181064601768869e-01
9.760998498431479042e-01
-1.000000000000000000e+00
7.389334150599422557e-01
-6.951766158769664417e-01
-1.000000000000000000e+00
-3.739173101026832535e-02
1.000000000000000000e+00
3.199129146283149483e-01
1.000000000000000000e+00
8.081127055906116574e-01
-1.000000000000000000e+00
1.000000000000000000e+00
7.888547966070953432e-01
-8.921282581562922642e-01
4.492275166644823514e-01
-3.656506088761672935e-01
9.665580561616706756e-01
6.780011169622784939e-01
1.000000000000000000e+00
-1.000000000000000000e+00
-1.000000000000000000e+00
1.000000000000000000e+00
3.116075036654664121e-01
9.294483069065327951e-01
-1.973782079983082416e-01
-3.253937823886501324e-01
-6.142168776881431480e-01
-1.578359745323713870e-01
1.000000000000000000e+00
2.031828933637053192e-01
-1.000000000000000000e+00
1.000000000000000000e+00
-6.992160295162863637e-01
-3.724099775755274067e-02
1.000000000000000000e+00
1.000000000000000000e+00
1.196572609255705522e-01
2.169485856089541365e-01
8.288374830325067055e-01
