4.213720767309939719e-01
-1.124759929266480329e-01
-2.281804240247431448e-01
-5.683087132007258457e-01
9.041754033560583936e-01
-9.062940601052726919e-03
-3.903832348747166558e-01
2.607826363476898335e-01
2.264831306060376415e-01
1.000000000000000000e+00
5.773381639228003515e-01
-9.202669700634619199e-01
3.728399486072973557e-01
-2.695133686992752242e-01
-6.358166102598057368e-01
1.000000000000000000e+00
1.370283769623811820e-01
-8.496993230841048961e-01
6.451012048952541322e-01
-4.067312499066388365e-01
2.387991977432565582e-01
-6.465015366187820689e-01
-6.206214087773475052e-01
-3.276372302848483686e-01
7.759042600816918878e-01
2.426904270370648931e-01
-4.056124116444870253e-01
-1.526620423322859466e-01
-8.084107175813606272e-01
-5.322875007610367026e-01
-2.667839655775093299e-01
8.836620225761664393e-01
-3.401635188789199904e-01
3.953103571148723350e-01
1.705719235046639914e-01
7.518134302864136753e-01
8.831598706319478964e-01
1.036342753280261042e-01
-9.858523470817248668e-02
2.005232764396218670e-01
-1.073694604330320823e-01
-6.449364465182251260e-01
6.774254953176507277e-01
-1.334813575369511729e-02
-1.000000000000000000e+00
-7.269820369034066809e-01
1.755836859974912734e-01
-1.196494114675977771e-01
7.530033209528554927e-01
8.658367892660817633e-02
-9.250050621734864364e-01
-2.578690567231058939e-01
-4.384421982041069032e-01
9.053859702902108397e-01
-7.774936893980304298e-01
-5.059796901554598492e-01
1.573217758091698670e-01
3.211149907764714734e-02
-1.000000000000000000e+00
-6.840080268392189078e-01
-5.685615014541007817e-01
5.650310355655643324e-01
-6.865739538720042612e-01
-2.476168437951489776e-01
-3.773043412934888319e-01
-3.944734641734376490e-01
9.213553848627623610e-01
-2.397941772968624763e-01
-3.140328464996631208e-01
1.833932595091276874e-01
1.000000000000000000e+00
-7.247670282962254129e-01
-4.617743249464287270e-01
-7.290868751859848063e-01
-7.103695092604306316e-02
5.900889233538816336e-01
5.446741187791378502e-01
1.000000000000000000e+00
-3.004197139021301810e-01
-4.879668423247788267e-01
1.000000000000000000e+00
-2.181825056259490969e-01
-3.564686067059531505e-01
2.212014221554634008e-02
1.676545986811381062e-01
8.990701629547781515e-01
1.000000000000000000e+00
-3.952316315909714106e-01
6.971560775410376443e-03
-8.340338372990845350e-01
1.000000000000000000e+00
4.868318626572877283e-01
-6.155812370113937781e-01
4.155357492508644501e-01
1.000000000000000000e+00
6.507869556912698750e-01
8.880332786428121183e-01
-1.694520911399105545e-02
1.000000000000000000e+00
-1.000000000000000000e+00
1.076877364289403477e-01
-3.845114039142449175e-02
7.515929030929957566e-02
8.815126138319520077e-01
-8.541254237040074582e-01
1.373425122433525047e-01
-4.482161060373937578e-02
-6.853921301874303929e-01
-3.378739234604760666e-01
1.590863438765791615e-01
2.368870995862490392e-01
-6.880411550969466328e-01
-7.238501564358454932e-01
4.085286325210086833e-01
7.760190831397488775e-01
-4.164314694014301099e-02
1.581797616772817605e-01
-2.157153227016976038e-01
4.886655914580690929e-01
-3.344198001430908618e-01
8.351344816165082729e-01
1.000000000000000000e+00
-6.851138312100474304e-01
-1.391357970093459739e-02
8.809682647726054805e-01
-6.471033557129124425e-01
1.000000000000000000e+00
-1.000000000000000000e+00
7.815022522102714753e-01
4.985714790722738932e-01
2.853983662759087547e-01
4.820132739628151253e-01
4.029074684251854332e-01
-1.000000000000000000e+00
9.524241384976803726e-01
7.232031852678051376e-01
2.687522152782781393e-01
6.232313852733539772e-01
7.579557658718107938e-01
5.635533592369692535e-01
-4.415758071216985270e-01
9.276532785790582158e-01
9.262946018115316704e-01
-1.000000000000000000e+00
1.068259157813099686e-01
2.221666895723322654e-01
1.000000000000000000e+00
6.339718789630410800e-01
1.000000000000000000e+00
-1.000000000000000000e+00
5.914777128996778766e-01
7.694678471842893996e-01
1.000000000000000000e+00
-5.152992937076937841e-01
1.000000000000000000e+00
2.115829929705829726e-01
3.469910664476901774e-01
-4.647472982913892769e-01
1.821789765381302828e-01
1.646897418388995893e-01
-8.306799594700717826e-01
7.039543751415271444e-01
-6.001276935653003797e-01
7.638085624547737984e-01
-1.275824963598045092e-01
-7.241496680325255619e-01
3.239446951942775987e-01
-5.594409473002145972e-02
-1.501549106163045932e-01
7.333248400351044527e-03
4.602726173062461346e-01
-7.363212239771831369e-01
9.872104598692825750e-01
-6.222782586377788583e-01
-3.374443696396711712e-01
-9.741432613165137977e-02
-3.956762188753469300e-01
2.144547712886986091e-01
4.426142490828172127e-02
-9.995748565863327162e-01
1.000000000000000000e+00
8.870864130857034624e-01
-1.000000000000000000e+00
-7.866653337574631699e-01
-3.039649055159831526e-01
7.618809505342332145e-01
-1.226273808546656380e-01
-6.847611350106596051e-01
-3.618906484463849105e-02
-8.815507675656911735e-01
4.447530284029339032e-01
4.822875866513928189e-01
-6.708520400817051810e-01
1.225408045713976268e-01
8.400262704831036320e-01
-1.033682094460472434e-01
-8.089405748320857015e-01
-4.562291634151021125e-01
-1.764219655520823937e-01
1.000000000000000000e+00
-8.369803716927155524e-01
6.034889829748582568e-02
-2.054082392292076453e-01
6.103494991888158694e-01
9.146355006155544309e-01
8.885091559954486073e-02
6.676496672735330318e-01
-3.999138040565138885e-01
-1.000000000000000000e+00
4.865500024227552567e-01
-6.697882594753655772e-01
9.238058234222590315e-01
4.118156800640040416e-01
-7.444882809406627722e-01
-5.226320553040904038e-01
-8.527851972371793821e-01
6.696942924943130593e-02
-8.068654764060059215e-01
7.363622032736835132e-01
1.000000000000000000e+00
-2.634224652555510193e-01
9.766866468138094559e-01
1.864048728272782174e-01
6.334638720635021869e-02
1.968830866693468407e-01
-5.423470267405601231e-01
-6.466475354429020994e-01
-4.752840848064824875e-01
-2.369479532023746338e-01
-3.373217901508497873e-01
-8.299307285928129163e-01
-1.054149360928582912e-01
-1.830774731695666568e-01
-6.140091062525636634e-01
1.000000000000000000e+00
4.320731850149501230e-01
-3.681437396983064936e-01
7.424291685746625680e-02
-2.238572152594933140e-01
8.673935878116271203e-01
-3.425509072538882593e-01
2.589925207857901035e-01
7.091060185995611276e-01
9.923088671052885390e-01
3.670712523031531838e-01
-5.585944605363108995e-01
-5.530226662038201929e-02
1.615325895874727691e-01
-4.482556325893312654e-01
-2.655434962449781944e-02
-8.606414089819849345e-01
2.449179471504080163e-01
7.607718572994437434e-01
5.079268717740634820e-01
-3.930783746997358330e-01
-4.825487996367542332e-01
-2.438537575776509869e-01
1.000000000000000000e+00
2.769035463182663304e-02
-5.204004769082437587e-01
-1.326098683177444615e-01
-3.711868135585049688e-01
-3.599936517393406143e-01
-1.000000000000000000e+00
-1.000000000000000000e+00
