-5.569981057538859748e-01
-2.972583788703242469e-01
7.394082062000788547e-01
6.670002938355956701e-01
-6.784705368460334229e-01
-9.673996719716064785e-01
2.289350027201004778e-01
-3.504392158449534111e-01
-3.134283434684338732e-02
-2.255099240551560191e-01
4.291826582873112805e-01
-4.936530770818510494e-02
4.117336371475388557e-01
2.589180569353259909e-01
4.186226971508461014e-01
-4.495945825973750587e-01
-7.504983879850029016e-01
-4.175804721411457976e-02
-6.369533694354128084e-01
5.448346293900994119e-01
3.448370462883720844e-01
8.629743965303185438e-02
8.515933773317385658e-02
-9.662888666457400966e-01
1.889574595808534152e-01
1.667754266826653176e-01
-7.775714991202528070e-01
-4.509583545342351479e-02
-7.422574817934821101e-02
-4.662677880825961962e-02
-2.112406534186952178e-01
9.596037189000156120e-01
5.439872196449060393e-01
1.287726145235587871e-01
-6.907990454033801075e-01
-7.440972318418943576e-01
-4.097401540093612016e-01
3.024759377865642307e-01
-1.545548136718457033e-01
-5.729352263090168318e-01
6.050915670063569118e-01
-3.592675771161099596e-01
-6.389687017983859407e-01
-7.548937801196382580e-01
5.382488908289275731e-01
8.229051283091435298e-01
8.912683913244985323e-01
-3.471811492282025468e-03
7.387352094819443771e-01
7.495466168814678143e-02
-3.705593890317896433e-01
4.189567278500441194e-01
3.964875754030575822e-02
-4.193824478370393738e-01
-3.786905660017911290e-01
5.577433792255840350e-01
1.000000000000000000e+00
-9.689477642615751396e-01
-7.094867715872431591e-01
-2.043009470435424024e-01
-7.350548708237984730e-02
8.565110860551395922e-01
8.582574334038529651e-01
-3.991221234840446330e-01
5.512099975521270734e-01
-2.473020169810010160e-01
-4.605601302191326685e-01
1.120972338899616227e-01
-6.283051775340504630e-01
8.098050062790824732e-01
4.689768895297183882e-01
-2.494315861301378556e-01
-1.755340680194435454e-01
1.809191378542907014e-01
-9.642462947921170979e-01
7.541019829911335126e-01
-4.001935351816393593e-01
-3.525549581662257292e-01
9.246393261977450262e-01
-8.826063563567100312e-01
-4.514388983230486208e-01
-8.050423148582609434e-01
1.288046848298831648e-01
3.671104131306272000e-01
1.880926941152875898e-01
-7.464016230075124492e-01
3.257101634035121651e-01
-8.994475524698370972e-01
-2.182710686625202734e-01
-7.745127629473275155e-01
-4.636702877091876118e-01
8.935846291005283826e-01
1.711772487415281208e-01
7.693294807471796892e-02
-4.612965715685077295e-01
7.869368240652341306e-02
-5.299007442705319093e-01
9.817317772363588491e-01
6.074636355873793692e-01
-2.120360292668964086e-01
-5.268278667733047316e-01
-9.636703165725625242e-01
8.415314181773017044e-01
-3.649539540036351171e-01
1.000000000000000000e+00
-3.361997291440399493e-02
-7.293862494453697831e-01
-7.616108632850340232e-01
-2.238013119961570485e-01
-2.380274356692804738e-01
-2.322096589321992477e-01
-9.044618806897031238e-01
-1.706341014876328888e-01
-9.598408546692631660e-01
-8.510041289086475169e-01
-9.900197685738993947e-01
2.929404339879281838e-01
-4.700653132617439445e-01
8.736091972398951633e-02
-6.997662830986696170e-01
1.698350330261233498e-01
3.902300728434449084e-02
1.328394145982052521e-01
9.422917322147421615e-01
1.541811541391712725e-01
-1.873376992455316192e-01
-1.456091474902487803e-01
-5.846456558736234932e-01
7.576209590573637631e-02
7.459185722616090697e-01
-5.470116247110806684e-01
-9.753261918226362459e-01
8.889388392342870704e-01
2.827237248599759889e-01
-5.708732301153213173e-01
-5.264062419207162780e-01
-9.714016851326858770e-01
9.954608722243083463e-01
3.604095530521453927e-01
-8.815411879203278733e-01
8.834406298057225770e-01
-2.489359789121636801e-01
1.429624926335498203e-01
1.729258215741065752e-01
6.509235890889840670e-01
9.328102032237852725e-01
1.000000000000000000e+00
2.898253748312846767e-01
2.305944418970520271e-01
-2.625336808618357054e-01
6.931607055609213530e-01
-8.944477767222801523e-01
5.061752533314505254e-01
7.228265229856196683e-01
6.520343600843020448e-02
2.122538209101910156e-01
-2.051186573214214270e-02
-4.502917716645193913e-01
2.137730404336624923e-01
7.421908825952896471e-01
3.494954275419031031e-01
-4.981232979147457440e-01
8.649374157494803539e-01
-8.526392832980270731e-01
4.454294967144638573e-01
5.504644032963610378e-01
6.499837632944616139e-01
-4.681648843772688862e-01
-9.870059792811811672e-01
1.078159259641593426e-01
-6.053246911630258964e-01
-5.368960272352526486e-01
3.197885787252250367e-01
3.594451006246057734e-01
-8.753809179521867545e-01
-2.736623424911344138e-02
-2.179692235087162533e-01
-4.409675639780435974e-01
6.471892329287942669e-01
1.000000000000000000e+00
-2.889175699328916380e-01
-6.059574423754114925e-01
1.867531759449820861e-01
-4.501367357845931227e-01
-4.336900792413274086e-01
7.107509807118637113e-01
-9.186476791717919088e-01
-2.031982792583177932e-01
-7.849726715034714974e-01
3.160209014683590389e-01
4.106930077566692261e-01
-4.966620891080029132e-01
3.187444984471762832e-01
8.909532503693098349e-01
-7.343484635646588821e-01
4.220874317439393675e-02
2.016715678976410686e-01
-2.416405812182970819e-02
-7.183001278041545312e-01
8.368557516592931567e-01
2.678198238960771693e-01
-8.670106020073020670e-01
-4.821603270292329491e-02
7.353152594205913939e-01
-5.527745694935646270e-01
-5.525418192503155357e-01
3.775855325760177350e-01
6.119734916710399819e-01
-1.668600110670656056e-01
-1.000000000000000000e+00
-7.450283599743753316e-01
7.367896845622623481e-01
-1.000000000000000000e+00
8.970293652351977176e-01
4.270839158482964137e-01
4.806808666534572172e-01
4.878822503108819486e-01
-3.046623341554877129e-01
3.912232233126939490e-03
4.282008895178566199e-01
-4.130753760912648787e-01
-6.913404385784376327e-01
-4.093149202372516338e-01
9.469097131608243956e-01
7.282337056463201730e-01
1.408067192717135652e-01
-4.783316937299479932e-01
8.101568387550330819e-01
9.318625431372591361e-01
-8.295116758815908042e-01
-8.398087031574635875e-01
-4.756491742798611422e-01
9.388468734761590273e-01
6.582219471953090206e-01
4.799090168802169210e-01
-1.779992329348788482e-01
-7.690726088483714751e-01
3.213109946416039531e-01
2.788138099993220376e-01
9.838211836966662682e-01
-4.365014131821018939e-01
-1.959956748377133240e-01
2.762922862672223534e-01
5.131743511818155357e-01
8.142502108977764941e-01
2.170101112291543954e-01
-8.559074686054489733e-01
1.973018271980209182e-02
-2.934769759615976636e-01
-4.117019250040468981e-01
4.704813615157929507e-01
-1.671657779606041672e-01
-3.840874823122817916e-01
8.072065964180676900e-01
-6.597136941799937038e-01
8.738916695708214277e-01
-2.238000033300311664e-01
4.529944565405613632e-01
-3.737110106034347567e-01
-4.010127715482987298e-01
-5.405435810212337877e-01
7.075045066034566510e-01
-8.053790053092311219e-01
-9.670041668970841275e-03
9.550308315589195463e-01
