4.188767618159131012e-01
4.626247393882533809e-01
2.947313671748896802e-01
-7.560682911009490859e-01
3.586743296806303438e-01
1.973583642686143058e-01
4.681197948691681598e-01
3.504533144482674389e-02
-3.141558001361324792e-01
8.091529024449797269e-01
2.790215765159195227e-01
1.000000000000000000e+00
-7.924030128561247999e-01
-7.125931115739987387e-01
1.919219911848102644e-01
1.000000000000000000e+00
-7.563605785600230336e-01
-1.000000000000000000e+00
8.751485309616822139e-01
4.476188131024211314e-03
-5.250480310254602712e-01
2.713123866352417091e-01
-3.024976423228770139e-01
3.344162197543755211e-01
-7.420383074447854943e-01
1.000000000000000000e+00
-5.505157357073678925e-01
8.700319140797513340e-01
-3.221634187596085774e-01
9.824866695142346895e-01
-5.642623311236997230e-01
-4.541628811051136583e-01
-4.994156295631435039e-01
-3.709175395254054597e-01
3.722038938397396746e-01
-4.692926323321022775e-02
4.054955259605304008e-01
7.634961571425986637e-01
3.968580536979576107e-02
4.362609213990187307e-01
-2.523103140422078283e-01
-2.798627844376087026e-01
5.399922182039225138e-01
-3.088059507721271357e-01
-1.000000000000000000e+00
2.993622070141611635e-01
3.695410579774334181e-01
-5.401819809718060306e-01
-9.088179557179382195e-01
2.691354989359064365e-01
4.914630534812255425e-01
7.909295481412070838e-02
9.046436109649268476e-01
1.508220302545082436e-02
-2.937461454549658013e-01
8.781855754411651560e-01
-3.386745156942780333e-01
-4.777139644996701850e-01
9.676276697133643356e-01
8.356344132870592301e-01
6.057465385176975525e-01
9.439690584321185352e-01
-4.290162191558668514e-01
-1.761005872309069353e-01
-3.564964128791669462e-01
6.153908626694383210e-01
-4.196851639096936815e-01
1.564404016916713935e-01
-2.798380224519872450e-01
9.679163895731832667e-01
4.061596332724366487e-01
-2.767547131100970281e-01
-8.627824589104834407e-01
7.051504153088320459e-01
5.601754893965216198e-01
-2.046213478607820657e-01
-9.259843115814998527e-01
2.887762640940687991e-02
7.605752127166531817e-01
-1.000000000000000000e+00
-5.724708185068629884e-01
3.950275422613935827e-01
2.103379192574922896e-01
-2.069064998805587030e-01
1.001170216853475292e-01
-2.378941075009990691e-01
-1.000000000000000000e+00
8.356932317928345011e-01
-4.740552594055129632e-01
7.626446365728435373e-01
-7.303399840607077698e-01
-8.795181475900674117e-01
-9.640796277971261929e-01
1.325760728326036142e-01
6.650650532831049733e-02
-5.922007034625922373e-01
-2.492649368072061278e-02
6.305313949930679840e-01
-1.734881062517342198e-01
7.715453622394952138e-01
1.803354834945134488e-01
-9.727932482431317363e-02
-8.940256425375586735e-01
-8.181699207021347897e-01
3.426504446122757286e-01
-7.874201835632648194e-01
-4.517820980239329876e-01
-4.761758092481984672e-01
2.954949610393173831e-01
-3.376181291914379656e-01
-8.121658549492359880e-01
-5.630858634462396761e-01
9.750258653871909376e-01
-1.000000000000000000e+00
-7.484511461737810567e-01
-1.000000000000000000e+00
-2.764396108921622353e-01
-1.000000000000000000e+00
-4.837500554761985372e-01
2.784815506130686735e-01
6.093012914438030725e-01
-6.241510798508413949e-01
1.840109068562294503e-01
-6.311308089344057626e-01
-3.580982824068675852e-01
4.831394973488997713e-01
6.130057346384862882e-01
-9.409924265221417672e-01
-4.788511640346807541e-01
6.428828503980096309e-01
-8.332265734201503848e-01
-5.093898801684301203e-01
-4.303751520014272303e-01
8.933210630137583541e-01
3.896603676049716358e-01
5.352495930860419193e-01
-7.931736391212320658e-01
7.498356951298350559e-01
-9.516683425429246501e-01
1.000000000000000000e+00
-1.000000000000000000e+00
7.181884232088922015e-01
9.267357945341948844e-02
-5.634245692257815463e-01
8.809686602445685466e-01
2.823951141138681953e-01
7.240679373448712930e-01
-1.577211587597593390e-02
8.408052291919410060e-01
6.563294154908485556e-01
-5.963692464241063806e-01
3.067663172098558100e-01
6.449339327142264988e-01
-1.000000000000000000e+00
6.773933827841900346e-01
-7.359226718240297060e-01
-8.096280383433067662e-01
-1.000000000000000000e+00
1.125934655832991627e-01
1.278683807800693739e-01
1.000000000000000000e+00
1.000000000000000000e+00
1.200144958602831213e-01
-6.616839399179808012e-01
4.645108607658652300e-01
-4.609641234157741962e-01
9.516876406151892898e-01
-3.763570978269354939e-01
-1.896483387392863262e-01
1.041736682912980660e-01
9.263974456848373951e-01
-3.722945253986021941e-01
-2.185506229397116140e-03
5.517929901723190866e-01
6.045029216417383555e-01
-4.370858627783996697e-01
4.875744277405558158e-02
-1.000000000000000000e+00
2.779073791801541793e-01
-9.046600448390849092e-01
1.000000000000000000e+00
-1.000000000000000000e+00
-6.625314159944124537e-01
1.000000000000000000e+00
-4.386471206945286583e-01
1.398392874561576182e-01
3.183442226405710507e-01
-1.311806889120576969e-01
-8.366973971334329407e-02
-5.322033947193905989e-01
-9.082672606908324120e-01
-2.035167223561602512e-01
1.134170529511957515e-02
-1.403341833309240116e-01
7.855342323359338907e-01
-6.060580869680523008e-01
4.359944911907318588e-01
4.129938367875753968e-01
1.373374612758384294e-01
1.296680938293853780e-01
-9.785615852045558283e-01
-1.000000000000000000e+00
-7.661622281235787035e-01
-1.019648752330074015e-01
-2.850590763354755031e-01
1.000000000000000000e+00
2.905434635224815598e-01
-6.728488490159864055e-01
-1.026288630197380591e-01
1.000000000000000000e+00
-1.000000000000000000e+00
6.543500583846701968e-01
6.886951654952592206e-01
-3.233323647229962017e-01
4.134966077129946238e-01
-1.338880388508701946e-01
-5.780865341532021029e-01
4.090361164644360503e-01
1.000000000000000000e+00
2.165495984876932845e-01
-7.117603037623132511e-01
5.236552634611940649e-02
-6.979001753092797244e-01
9.354685639547299925e-01
-4.692024156160714554e-01
-9.571825653817287449e-01
-1.000000000000000000e+00
7.783136457078786430e-01
5.848952794759036955e-01
7.252304661217260362e-01
-6.032230567909995234e-01
-1.000000000000000000e+00
5.024455218267225298e-01
-9.670589623613186081e-01
1.000000000000000000e+00
-9.500781877691515109e-02
5.792938698578369294e-01
8.308204612081040441e-01
1.937285900612568390e-01
-2.805207029525011997e-01
9.524295152978538015e-01
-3.702189704239965962e-01
-9.710505858992590777e-02
1.000000000000000000e+00
-1.000000000000000000e+00
-9.804849945396952871e-01
-1.922131316401256285e-01
-1.726770373788043822e-01
9.448393191150867843e-01
5.848217923686015451e-01
-8.441306910557573318e-01
-9.189257533419914470e-02
2.267479110831469857e-01
-9.142649500012324237e-01
1.000000000000000000e+00
2.462005365855057804e-02
-3.364622089762240309e-01
1.000000000000000000e+00
6.422161124590477499e-01
6.503880635071859206e-01
-6.577371001437343212e-01
-2.977844477044984117e-01
3.994033953536701431e-01
2.682985734387831056e-01
5.521814395461218661e-01
