-3.394530488253400535e-01
-1.000000000000000000e+00
-8.176080497640035583e-02
9.993050433511826425e-01
8.243912504639452354e-01
1.514182462466686641e-01
-6.459938201626491683e-01
-7.104410519782056177e-03
2.318002303598087899e-01
1.838949476837347108e-01
-6.165903659703382278e-01
3.057516584525891146e-01
-9.385044516590481667e-01
-4.088452654372614070e-01
-5.475031195581334664e-01
-1.801889461736952691e-01
4.273308742617449307e-01
5.718642542296098474e-01
-8.463691519771875393e-01
-4.792533583323149715e-02
-5.317832820460475229e-01
-2.757271784977663454e-01
2.352890851473614653e-01
-1.993564671122620147e-01
5.735116835841694849e-01
-1.046375071400126588e-01
-8.665544831566777129e-01
-2.435514625055713311e-01
-9.397830056303160817e-02
1.000000000000000000e+00
-1.000000000000000000e+00
-7.965007565500707987e-01
1.000000000000000000e+00
1.000000000000000000e+00
4.139509319823306277e-01
1.639309496699516422e-01
1.000000000000000000e+00
-5.634047254389941140e-01
9.315340185770738524e-01
-4.588159807362466314e-01
9.814841092687902335e-02
-4.344292298257633744e-01
2.129270058101749297e-01
3.461656009104662202e-01
-1.000000000000000000e+00
8.716299931117549304e-01
-4.300768003180871490e-01
1.072346441744574941e-01
-7.221365719497192526e-01
7.596748867758783552e-01
6.276297607820483515e-01
-9.058656478154284430e-01
-5.619549368377136922e-01
4.005161537701881214e-01
-7.138410568404575107e-01
-2.390461897581053208e-01
4.944631834016357530e-01
-3.174757905210301434e-02
6.674278429224947407e-02
2.885829969219855240e-01
1.000000000000000000e+00
6.962410009333672711e-01
3.977147964781305722e-01
-1.000000000000000000e+00
-4.592185219733583290e-01
3.311167266965747147e-01
-2.072874308260933551e-01
7.431260575700057158e-01
-1.487589292281776832e-01
-7.510629799740815571e-01
-4.934433926875466669e-01
1.000000000000000000e+00
1.068066851877079726e-01
-9.149847360253634543e-01
1.000000000000000000e+00
-1.730722940386977549e-01
-3.415213548585935843e-01
-5.824783448470608471e-01
-3.777238347453406586e-01
8.972404556671564890e-02
2.933063036728759121e-01
-4.319601054672532192e-01
3.827856804251455469e-01
-1.000000000000000000e+00
-3.341862071030707315e-01
-3.348184969067383721e-01
1.123528829031102960e-01
2.485586038868349279e-01
-8.310423094353325268e-01
3.548137341698498481e-02
6.928486591379932058e-01
7.296457713309784099e-02
-1.000000000000000000e+00
-6.499594885380645115e-01
-1.000000000000000000e+00
5.799786964054669536e-01
1.987789610940480234e-01
1.000000000000000000e+00
-7.142848222395322688e-01
-8.335760643220001542e-01
3.487825163951010499e-01
-8.067325461783401153e-01
-7.784069513347003921e-01
-3.718873738238887561e-01
1.755728287017265798e-01
-1.000000000000000000e+00
1.000000000000000000e+00
2.629195921435013572e-01
5.562773840782517798e-01
3.275776235220317911e-01
-7.732785831005857258e-01
1.000000000000000000e+00
-4.594469426626625053e-01
3.109462284606271387e-01
1.715744067088348646e-01
1.000000000000000000e+00
3.678115752122233517e-01
9.872966639515465825e-01
8.222014986655148405e-01
5.120188746232480215e-01
-3.116865885668318459e-01
-3.453168280802730861e-01
3.045851016157541391e-01
9.940719645556420625e-01
-7.647590068469034552e-02
-1.926416126932232464e-01
3.804029122163074539e-01
5.994108462406796400e-01
2.476286974173164124e-02
1.000000000000000000e+00
6.095876401262156907e-01
-6.595271554067723141e-01
-7.652585880004623142e-01
-7.770932338683137486e-01
-1.000000000000000000e+00
6.979319355766988586e-02
1.000000000000000000e+00
6.545841069237597898e-01
3.665283865030928290e-01
-3.469722201487835944e-01
-8.022792965193895620e-01
-7.988646787775712799e-01
7.123076380987138911e-01
-3.598437280963573404e-01
4.436006344166425475e-01
-2.527457619530087407e-01
-6.937900429681211900e-01
-5.707875884980362358e-01
-9.057789076895764180e-03
8.130695982028901536e-01
-4.714930154828247399e-01
-8.162132588079869244e-02
-4.513498817401333518e-01
-3.090409766208408460e-01
-3.296749558699533789e-01
-3.648885709917957243e-01
1.039867510445886545e-01
9.682942691186506856e-01
9.700895150817372414e-01
1.000000000000000000e+00
-8.504093381439256083e-01
8.611176664842269679e-02
7.407044080309994893e-02
8.874304680731149864e-01
-6.240930982859274057e-01
2.816436944827533928e-01
-4.414244213732213540e-01
-7.725973577539229087e-01
-1.000000000000000000e+00
-8.937269544421633238e-01
-1.000000000000000000e+00
9.589355110108224167e-01
7.073595012551027184e-01
1.000000000000000000e+00
8.412111817740168807e-01
-3.001490595844598652e-01
1.000000000000000000e+00
2.484151287394784635e-01
-7.852894275102606514e-03
-9.441624865584625770e-01
-9.398215017809223859e-01
-8.200002186343631205e-01
-1.000000000000000000e+00
3.255249472192982552e-01
-3.392496807571175887e-01
-3.028759477698915181e-01
-4.657606681426429418e-01
5.145657314265055238e-01
3.784097299177832108e-01
1.484280909865464404e-01
7.383314822808864086e-01
-9.537122976433769495e-01
9.430210693111816811e-01
8.022346807536605562e-01
2.839997581814930339e-01
-9.585749365401463606e-01
-9.220357058772630232e-01
1.242014695321043416e-03
1.369772229926436435e-01
-1.000000000000000000e+00
6.131276640190488347e-01
8.417606860707149696e-01
3.906639753913145330e-01
8.746705261361160666e-01
-1.000000000000000000e+00
2.651267234039633713e-02
8.494738094645569726e-01
7.083887457573490032e-02
1.000000000000000000e+00
9.530267050401248774e-01
6.683931100123254865e-01
1.991937525616910010e-01
1.581539821331913176e-01
4.213251212173951821e-01
-7.962726003529727592e-01
1.000000000000000000e+00
-1.000000000000000000e+00
-3.786007793307510916e-01
1.000000000000000000e+00
3.352854284373361082e-01
-4.424664319335016582e-01
-1.116737980807237796e-01
4.448824946916878909e-01
-1.000000000000000000e+00
-3.468612839471568732e-02
-7.231355656804218102e-01
6.891109134367547906e-01
1.000000000000000000e+00
5.227663195050984424e-01
5.146283345427900002e-01
-9.047508788143893144e-01
1.000000000000000000e+00
-4.149157944067014547e-01
7.646612506527876718e-01
1.000000000000000000e+00
-9.009810400476736536e-01
-3.730701783696417362e-01
6.739608349602029813e-01
-1.934266973172433512e-01
4.493456113364421300e-01
3.428032166314085583e-01
9.849982940417376653e-01
1.000000000000000000e+00
7.069368606134129873e-01
5.808264264007017008e-01
3.425529366190065983e-01
-4.768823953791551107e-01
2.647701462501836911e-01
-4.754963850658397440e-01
-7.125082923719243677e-01
-2.444514755002896444e-01
-1.000000000000000000e+00
-2.258806099571162296e-01
3.206552587658077491e-01
2.890647000434873326e-01
-1.848699683336498256e-01
-1.063693303734575824e-01
-4.999405256409121534e-02
5.683351111647491072e-01
5.327738729201134671e-01
-1.000000000000000000e+00
-5.587520924834709080e-01
8.879393829822384010e-01
-2.133594876284888864e-01
-5.412665232762003953e-01
