5.174236615820649865e-01
2.450678693216623572e-01
3.820942741178507962e-01
5.715392632708864162e-02
-9.041965655281667402e-01
-6.303738573604726891e-01
1.248965294456726161e-02
-1.000000000000000000e+00
8.526059855371439511e-01
-3.296791246787263985e-01
8.069818669303263636e-01
8.080631674732043912e-01
9.706428604487661316e-01
-1.004469970394383238e-01
-1.000000000000000000e+00
4.163363549563030563e-01
-9.543484870498281092e-01
-6.625471025894595911e-01
-9.324213045283400447e-01
8.126905291851340696e-01
9.747720966526198794e-01
-5.767462560957486994e-01
-3.316740556660657813e-01
-8.649266738285332767e-01
8.327758765382741180e-01
-9.720865627212565974e-02
-8.709063325342567552e-01
6.450829787030073481e-01
-8.830132658890986752e-01
-3.017337534518438336e-01
4.045446637138006007e-01
9.344691772426664267e-01
-4.932176784258139601e-02
1.000000000000000000e+00
4.526221787164764754e-01
2.318654816607489677e-01
9.909313552746363829e-01
-6.137288679541776926e-01
-7.479564531219760060e-01
9.271616249305634216e-01
-8.078390436370872507e-01
1.000000000000000000e+00
4.482760049668881724e-02
-2.104849746938962374e-01
-5.992772943193185320e-01
1.000000000000000000e+00
-1.056567375750910864e-01
7.030244741302957845e-01
-2.995632684721343253e-01
-4.653132989250380325e-01
-9.051317459107978136e-01
2.741894847870675056e-01
-8.376758014368611560e-01
6.056339333097389144e-01
6.458244126537566743e-01
-2.663002189713414847e-01
8.429085587575958494e-01
3.519025166259073245e-01
7.125831102581308141e-01
1.000000000000000000e+00
6.214658262601830963e-01
4.972598067202345651e-01
3.336619492071996040e-01
6.165490886658481218e-01
-8.051672050297755678e-01
6.694621481044473743e-01
1.347366663482108817e-01
-4.000011226949289345e-01
4.857734985910996950e-02
-9.286385278804774879e-02
-5.347548826390839949e-01
-6.969000529323318149e-01
-1.000000000000000000e+00
-1.000000000000000000e+00
2.602557491318189808e-01
9.933803871202453450e-01
-5.969063070699007906e-02
7.127101444192039670e-02
7.292460547026269335e-02
9.635896760053765109e-02
7.869179880844833219e-01
7.797350676511652923e-01
-4.632670412867483378e-01
1.781821674270181455e-01
-4.772389002316011486e-01
3.011948706597492587e-01
8.547086401223147334e-01
-6.121434275503281897e-03
8.918198558875415349e-01
-6.764351473863930986e-01
-8.166788876240440587e-01
-1.007124133592109116e-01
2.655113237680113425e-01
-3.759745281022380814e-01
-1.129703005567748442e-01
-8.385753561058449934e-01
-9.517581814547018126e-01
8.747665793074121954e-01
-4.896905186596725024e-01
4.239487119134457971e-01
-1.966759975836725460e-01
-5.597105449816224265e-01
-2.778745753976989419e-01
-2.216306430206329281e-01
-5.970516923721377323e-01
2.267618677462912846e-01
4.768719509107551824e-01
-6.701442130752666149e-01
3.128716852127358949e-01
3.207828857955805080e-01
3.667969997696064466e-01
9.721432908286996577e-01
-5.261526521493464781e-02
5.503946077190792208e-01
6.000060179085185963e-01
-8.370375650338643947e-01
-7.777110274912059085e-01
2.179506066163417466e-01
-2.201732149172452857e-02
-4.265306325897468831e-01
1.000000000000000000e+00
8.734934967407481654e-01
-8.406556929111298482e-01
2.225042629851209652e-01
-1.000000000000000000e+00
-4.506654822815067685e-01
-9.865963801934559685e-01
-1.000000000000000000e+00
-1.000000000000000000e+00
-9.329482978838468110e-01
-3.381597722519432137e-01
7.613551935974520735e-01
-4.845629689440725252e-02
3.238758608114759019e-01
6.296411891628667101e-02
6.308622020933637442e-01
4.771325235291526412e-01
-6.386162209161472259e-01
-1.000000000000000000e+00
1.000000000000000000e+00
4.088381093178877213e-01
-4.459790469059264906e-01
1.000000000000000000e+00
-8.086858164661410164e-01
4.934190942562681759e-01
7.910587782331768292e-01
9.420243610602704321e-01
3.586243049431975249e-01
-7.300062775435404161e-01
3.637124706867220225e-01
2.203412072163365709e-01
-1.658920630754261993e-01
-1.000000000000000000e+00
-5.895308293623100493e-01
3.372300555836110769e-02
-6.215628158823329752e-01
-2.572889526729812970e-01
-6.098111284138897359e-01
1.000000000000000000e+00
4.865101938882063215e-02
9.925370630496642699e-01
-8.825917243711626226e-01
-9.344909296002016363e-01
-1.016028497563122024e-02
8.571896532115657052e-01
-3.398674404791995896e-02
6.935302378612101526e-01
1.075561258806557730e-01
4.670474291432599179e-01
-4.069567747120275136e-01
4.394623842687140902e-01
-1.000000000000000000e+00
-1.000000000000000000e+00
-6.234383161158751907e-01
-1.822837546822875521e-01
8.390044449730926779e-02
-9.270275932202017843e-01
1.000000000000000000e+00
3.744992098814186043e-01
-3.544287567047106347e-01
-7.384004714815203263e-01
1.000000000000000000e+00
-1.139618859516057237e-01
-7.669090213128358924e-01
8.406378969725314398e-01
1.000000000000000000e+00
-6.247218617297620735e-01
3.603710313563965317e-01
9.990379299485627751e-01
7.167508496561232345e-01
-7.734663068226588223e-01
7.528857449459992746e-02
1.000000000000000000e+00
-5.544078238140223713e-02
4.797147708215544482e-01
-8.253209004183639230e-01
-2.869715115896499524e-01
9.716123702191701295e-01
-2.462329172441368175e-01
3.044206373481076477e-01
-9.094719458332849449e-01
4.180699209685109219e-01
-1.875093270810763990e-01
4.562497339209860558e-01
1.604727096087194826e-01
-4.153859961354934294e-01
-8.132150094463577727e-02
5.333029679265800516e-01
-2.429355262138848115e-01
-1.000000000000000000e+00
4.441162438410327651e-01
2.042185620502078303e-01
6.472192479639504725e-01
1.000000000000000000e+00
4.759203682544234648e-01
-9.900055957481992408e-01
4.258334384758252766e-01
6.437750436942484278e-01
9.424674860213130279e-01
8.737418200273361357e-02
1.858529782460569824e-01
2.488998716168748515e-01
-6.314965994775141311e-01
-2.689171893065868679e-01
1.620526712582296969e-01
-8.436259435318536060e-01
-9.492932666529789731e-01
2.155961253977245473e-01
-5.596092189305237330e-01
8.576479224586034400e-01
-7.067464952244244536e-01
-2.564895719306937161e-01
9.036147770554001646e-01
8.368456965294027716e-01
-2.609863698743150051e-01
-1.027040822287177690e-01
-8.873037756124482200e-01
-1.000000000000000000e+00
-5.778472027193781724e-01
5.729055213249500955e-01
1.181390855689180702e-01
4.948830161707998276e-01
1.000000000000000000e+00
4.219296644531942420e-01
-4.157499506571299963e-01
-3.173867884913182946e-01
-1.868413444161359238e-01
-2.056315407274903473e-01
-4.195435513117279913e-01
-9.564932712381718494e-02
-6.801103575229058285e-01
-8.612366410571562492e-01
9.267235058384993840e-01
-5.861707362955042022e-01
8.343864399508839069e-01
6.036722835978882706e-01
-5.973977018050845578e-01
6.853100750763274629e-01
-1.000000000000000000e+00
8.252628379073988496e-01
-1.000000000000000000e+00
-3.108785150940070463e-01
-1.388636435253417512e-01
1.981227519677732918e-01
7.264449796897405331e-01
