-7.901975253356097184e-02
4.371202985811782904e-01
3.195419248543212021e-01
3.516147614839890689e-01
-3.331322784584115348e-01
-9.724331702308635084e-01
3.313483114272419705e-02
1.000000000000000000e+00
-2.274409523352478868e-02
-8.617679783258731518e-01
4.898216796067578205e-01
-9.775866885751443025e-01
-2.589630018813233736e-01
3.134072624885642089e-01
-5.076511719806962031e-01
5.386147863209451714e-01
7.712706010463814543e-01
1.000000000000000000e+00
-9.420187959391892463e-01
-1.355929939855535782e-01
-3.899065538072823411e-01
-3.374515195564349312e-01
8.580611943590339408e-01
1.469128428374810724e-01
7.628069584072919018e-02
1.000000000000000000e+00
-2.289344813746231333e-01
-9.502809563404370774e-01
-6.556026411393462983e-01
3.387856447716568464e-01
7.192262524323240758e-01
8.080952700141299516e-01
-1.000000000000000000e+00
-2.229972447779609013e-01
7.590379061522414261e-01
-1.090423111463771910e-01
-7.292990941140331529e-03
-2.993501651680041675e-01
6.536778404384884222e-01
6.432007058468787175e-01
7.595148290202826669e-01
-2.259031107091031831e-01
9.122693864818824938e-01
-8.964359893213589281e-01
1.000000000000000000e+00
-7.037394065196689308e-01
-4.206038054384615976e-01
3.107092694408686295e-01
4.493878822887628632e-01
6.536388771288250688e-01
7.019741976276190343e-01
8.899381330546443092e-01
-9.944972848860578196e-02
-2.822475711034704293e-01
6.792471186335407030e-01
5.910945614135743043e-01
7.011164862444838608e-01
6.684710165589304864e-01
-2.541395228122391714e-01
8.268898814224967531e-02
-8.255954129810554321e-01
1.000000000000000000e+00
-2.695922203649732674e-01
1.034259192758157225e-01
3.498385556871910218e-01
5.382294187193796819e-01
8.115338375691663053e-01
-2.259219483660905858e-01
-8.252004295740948958e-01
7.670715139158663654e-01
4.211313780651135819e-01
2.368766946431986042e-01
8.907425712772421011e-01
-6.675263305263767766e-01
1.605820050502280161e-01
2.293679931609734490e-01
5.687991950803314989e-01
6.928565572512601634e-02
-4.339299200108293064e-01
4.030499183945411290e-01
-6.652047366719104904e-01
-1.000000000000000000e+00
-8.049469499383592463e-01
4.054389890307465993e-01
9.367711749214702177e-01
-4.837897913111059989e-01
1.844211159200015993e-01
-5.150709495996935727e-01
-3.122461504170492841e-01
6.816970645538167339e-01
2.779384348873378263e-01
7.044369129160970022e-01
7.308105880050401737e-01
-1.000000000000000000e+00
-9.089951782472376340e-01
6.711256608462262685e-01
-3.902610290550414529e-01
-3.268465378132834331e-02
-6.406741316517368112e-01
6.103951905383466769e-01
-1.000000000000000000e+00
-1.000000000000000000e+00
-4.542884648163489358e-01
7.632576321380866169e-01
-3.173376193918251431e-01
5.480437957988677500e-01
-4.660988887556034577e-01
9.926428512579166252e-02
3.192918499295962498e-01
-4.860147346474701369e-01
-8.403875870295218764e-02
1.000000000000000000e+00
5.791062204109675982e-02
6.403800363895978398e-01
4.238797621754113454e-01
-4.931899640529078255e-01
9.086324395939080478e-01
-2.174758866353767583e-01
-3.529229448398946145e-01
8.412040449991367019e-01
-9.948659700823321295e-01
-5.339293502769090205e-01
9.482172828513210083e-01
1.000000000000000000e+00
7.313232129386055824e-01
3.669839611072915897e-01
-5.916074036106611089e-03
-4.882366348137967549e-02
-8.058816577970853157e-01
-6.033574369069947263e-01
-4.072883818560599223e-01
-1.748078038165652159e-01
5.392478936897484587e-01
-1.000000000000000000e+00
7.258573652626800765e-01
-9.133655027252132186e-01
3.932803757710756631e-01
6.411600120072595832e-01
-2.481971349690514916e-01
-6.481575423430027127e-01
7.086317376204296359e-01
-7.903406855710659595e-01
2.412654008327987931e-01
7.480109319797121348e-01
-1.983444456409300116e-03
-2.517907768020229975e-01
9.145768943240653037e-01
-6.098146792607368472e-01
9.608479525510689179e-01
1.000000000000000000e+00
-8.548618281070887726e-01
4.187981379267506910e-01
-7.071116503779977247e-01
3.460255104670841853e-01
-5.632473429275961507e-01
1.436414202579473220e-01
-9.506647963473833229e-01
-4.775131349086425558e-02
-4.366371590952500270e-01
5.331862787779948487e-01
3.603661719081288628e-02
2.751030600866475329e-01
-3.007106162623554013e-01
6.075461962127641780e-01
2.158834510047034083e-01
4.822169609645641231e-01
3.714254006340571568e-01
2.623212515060158179e-01
3.222751183610030878e-01
9.252922770953579956e-01
5.427707086010901127e-01
-9.485888492732565958e-01
4.806584315975994670e-01
6.752304511775664153e-03
-1.683071118309544811e-01
-1.083435379934933884e-01
-8.927847618260891238e-01
-3.332679646796499751e-01
-3.107460267906367868e-01
2.494011061845446964e-01
7.366123277573095596e-01
-9.380476842128404602e-02
-2.597473024633605299e-01
7.075704991425948442e-01
-5.578905462345211674e-01
-1.089372431308729960e-01
-4.808007294358092043e-01
-8.850970376106531701e-01
-5.346085938175699770e-01
-8.455589040002786660e-01
-4.608886657018249622e-01
2.387869352060922878e-03
6.135740285622737211e-02
1.079646346912992438e-01
-4.225939523110711082e-01
1.443327938670126154e-01
-1.845263687092870697e-01
1.130816579941198441e-01
-9.649770524816265738e-01
-3.949744526139049028e-01
-1.000000000000000000e+00
6.830013335572733268e-01
3.825917087775094760e-01
1.000000000000000000e+00
-2.631843058022219628e-01
8.136617798424199410e-01
-5.866595448952764968e-01
6.842391105824665587e-01
7.090735593246355606e-02
1.811074057540729143e-01
-7.147576776351709515e-01
9.526482832835636572e-02
1.471232380113067784e-01
-8.231186040017610672e-01
-9.860580373470595461e-02
8.035059729355431557e-02
-6.693042885265265696e-02
-5.221579548103636448e-01
9.312630960149403947e-01
6.840921232727217305e-01
-4.630112486256354742e-01
7.829275035187670539e-01
9.809730470544655301e-01
-5.762920225709027289e-01
-1.000000000000000000e+00
-1.517098587385290465e-02
-3.864036921839280048e-01
5.083424034511614398e-01
1.000000000000000000e+00
8.866229570556924955e-01
-5.880999840122302924e-01
-7.623834449788067236e-01
6.089644404609366735e-01
7.822614465752433244e-01
-3.666953907553910930e-01
7.091616856177356265e-01
-5.143399756595411487e-01
2.863502504215382771e-01
-1.656861303892895876e-01
4.322138353023282087e-01
-4.218293963246222411e-02
-1.643685935129386433e-01
5.180147742395897481e-01
-1.000000000000000000e+00
-1.000000000000000000e+00
4.930218324597235302e-01
6.837038475767593937e-01
-6.332674505154365363e-01
1.000000000000000000e+00
-9.103713915337448004e-01
-5.531686601708258877e-01
-1.000000000000000000e+00
-6.054873350758847028e-01
7.581560191984321184e-01
8.224326358920281965e-01
2.288490005831855800e-01
-7.727284275224288734e-01
7.384380862617361263e-01
9.015937493456996910e-01
5.345217307168286247e-01
-1.168641208559397793e-01
-6.432904283751079699e-01
2.711212334289594406e-01
-3.105285544207595505e-01
9.250985910945338508e-01
