-6.557118795693571700e-01
-6.047931301909963142e-02
1.000000000000000000e+00
6.627892098603780369e-01
-4.280906424243436925e-01
9.990361730470620483e-01
5.428091098979992424e-01
-1.081427685379721115e-02
-5.371716137524578105e-01
-8.811296305082584324e-01
1.000000000000000000e+00
7.928648259159055689e-01
-1.000000000000000000e+00
1.979510315932027642e-01
-1.000000000000000000e+00
-3.055374546602084851e-01
6.527547422302590885e-01
-6.406401987222873906e-01
7.358694886833075932e-01
-5.310060914751295602e-01
-4.980811036754106413e-01
4.076564118138625847e-02
-5.251381211689578610e-01
2.588667902657927899e-01
3.005461123458263994e-02
1.000000000000000000e+00
-6.706628674604867557e-01
-7.703025855860781146e-01
-1.000000000000000000e+00
-9.649944353718102885e-01
1.000000000000000000e+00
-7.637175370900637361e-01
-1.000000000000000000e+00
3.722272364101170683e-01
-3.092884847257603709e-01
1.000000000000000000e+00
-3.525363103435322776e-01
-2.779398564986653164e-01
4.139707838424433461e-03
-1.000000000000000000e+00
-4.926015065073695576e-01
7.211364739332648544e-01
-1.983600647941461959e-01
-2.811492361448336696e-01
1.000000000000000000e+00
4.947699204927238914e-02
-2.150398138653174529e-01
1.514719408217472529e-01
1.000000000000000000e+00
4.655143280618969648e-01
7.152628455008565034e-01
-1.000000000000000000e+00
-1.851779026989439081e-02
-1.990444127726749279e-01
-4.232952314944198879e-01
-1.000000000000000000e+00
-1.000000000000000000e+00
-1.000000000000000000e+00
1.922688882850155934e-01
1.887590200036493027e-01
3.582544770935572331e-01
7.432327339120767817e-01
-6.812348663731198073e-01
-9.834458805615509114e-02
-3.505131493219874050e-01
3.927028440477359217e-01
-3.420789303182559249e-01
9.662390377646326023e-01
-8.358385664112917279e-01
1.000000000000000000e+00
-4.604058617936052089e-01
1.232751848813849471e-01
-9.889296895548641553e-01
3.854437244830243303e-01
-3.469437329121036750e-01
-2.606111345354307773e-01
-5.131680761827772663e-01
4.090092681104471328e-01
-8.049154196642768211e-01
7.270416878000370842e-01
-6.513899077780258562e-01
-5.998346082154613068e-01
4.554396351726774927e-02
-9.211283083298049679e-02
-1.000000000000000000e+00
7.671084447627521952e-01
-1.903877353359425539e-01
-6.216119526331909118e-02
-5.794150112246330142e-01
-1.946818319351808213e-01
-9.360922099060595691e-01
2.849274157514437578e-01
-5.713984949994089790e-01
-1.000000000000000000e+00
2.997124513210414065e-02
1.000000000000000000e+00
-5.691456751999591779e-01
-1.000000000000000000e+00
-4.754655870996689071e-01
9.917064761325904421e-01
-1.000000000000000000e+00
-5.871726806602988180e-01
5.785075928020648739e-01
1.000000000000000000e+00
-1.000000000000000000e+00
-1.000000000000000000e+00
-1.000000000000000000e+00
-5.177594250281974952e-02
2.493650754835475269e-01
1.000000000000000000e+00
-1.000000000000000000e+00
-3.409419269001944253e-01
-1.000000000000000000e+00
6.988448882330531298e-01
5.354212457844813589e-01
7.838504998345110497e-01
-6.598458138218125102e-01
-7.400929391893998899e-01
6.436782442706596719e-01
-4.710750025981052524e-01
-5.909794021381102880e-01
1.000000000000000000e+00
4.434561990459074954e-01
-4.511914473437235173e-01
-3.593114522449120107e-01
-1.000000000000000000e+00
5.496917361195186036e-01
8.287205026670166896e-01
1.599668764119280551e-01
3.091591060216214437e-02
3.807375411267250875e-01
2.136637836540866697e-02
1.000000000000000000e+00
-2.208402143153227470e-01
5.042529584899236861e-01
1.551614705861669163e-01
-1.000000000000000000e+00
4.443017979866644152e-01
-3.699262948415997787e-01
1.000000000000000000e+00
1.000000000000000000e+00
4.877318293725648179e-01
-4.253025853331678929e-01
-3.314974585096396309e-01
-1.000000000000000000e+00
5.376647052183076703e-01
-8.338151980434773680e-01
-7.376408558830793716e-01
-9.666819854745544172e-01
1.414641522501133286e-01
2.124048413052298523e-01
9.090740570510019714e-02
-4.201214061309110348e-01
1.556168344692132610e-03
-4.486552047391794140e-01
3.284790142713728267e-01
5.214174739625455635e-01
-6.197241392809625937e-01
6.380844581891554901e-01
4.661955528879474508e-01
1.000000000000000000e+00
9.207178853657148609e-01
5.569503992403508352e-01
7.116755379786965374e-01
5.549055542980712019e-01
5.385993090095222424e-01
-3.591516760519317120e-01
-6.127095015064807360e-01
-1.178822986929911609e-01
9.581596764263931032e-01
5.875686458106254006e-01
-1.950662508762852632e-01
-3.578503204178384856e-02
-7.633138772416769857e-02
-5.403015749626658426e-01
4.576758430576489678e-01
1.000000000000000000e+00
1.351227170395118832e-02
5.924062664822399293e-01
-6.975242463566433404e-02
-2.211492377379700447e-01
-2.286781687045810196e-01
-1.191901158882427425e-01
-2.118678571485242967e-01
-1.048472503589585880e-01
1.763462850674005211e-01
-3.860680840343510556e-01
7.268504390916810110e-01
-5.974109056756284897e-01
8.320264906147942785e-01
-1.898649158166177409e-01
-1.000000000000000000e+00
1.475494157906140913e-01
1.068788080406535279e-01
3.997381304148402981e-01
-7.612145255283857548e-01
2.579681042042080708e-01
-3.964349979335543006e-01
-1.000000000000000000e+00
6.381903996670250656e-01
5.016979293024936837e-01
-5.245563669710751054e-01
-4.694840321411637429e-01
5.106432726188465943e-02
-3.248609746104054730e-01
-3.457992895701386127e-01
1.000000000000000000e+00
3.416495053483727951e-01
4.060524824300363878e-01
4.049037338272469255e-01
-1.478068940820576049e-02
6.041600640497120089e-01
-9.103034632146203009e-01
4.389692265159615969e-01
4.270829244636492050e-01
8.659832852665354519e-01
1.000000000000000000e+00
7.947487153041029595e-01
5.305737240431562807e-01
-1.000000000000000000e+00
-3.904679005024022098e-01
3.284307922207533315e-01
6.802435107056483687e-01
4.667144155288638352e-02
-5.766263462955787400e-01
-1.000000000000000000e+00
-5.174469281852944746e-01
2.027578261215327027e-01
-1.000000000000000000e+00
4.446247781725740644e-01
1.378665216512383052e-01
8.321316163207619354e-01
-1.267643655740901820e-01
-2.465203133312062200e-01
9.351655173229047602e-01
-4.304692443077748898e-01
-1.000000000000000000e+00
-6.051401849213167150e-02
-2.386477807116543504e-01
1.000000000000000000e+00
2.613531419701570213e-02
-2.173913402287140917e-01
8.793719387068275051e-01
1.000000000000000000e+00
-5.159011343131172378e-01
-1.000000000000000000e+00
-3.938887132582626904e-01
-9.491165366892613253e-01
-3.478950312237837905e-01
-1.429022311800272060e-01
-9.675727508682652189e-01
5.304868621606788626e-01
3.208446019454895826e-01
-8.613270800187211584e-01
1.000000000000000000e+00
-2.163196212939947349e-01
-6.646168536379416514e-01
1.000000000000000000e+00
-9.734615314796177810e-01
-5.240036011794706461e-01
8.797415420507441741e-01
-1.000000000000000000e+00
9.373795537257867405e-01
-3.137128237287335475e-01
-2.159834877296261391e-01
