-5.468315921805414481e-01
1.000000000000000000e+00
5.960334396901635357e-01
-1.931654383080567694e-01
6.624434950687511092e-01
7.967889344328075163e-01
9.971672475763984078e-01
8.243158130199852440e-01
-2.598712073032159453e-01
-1.955339013219773714e-01
-1.000000000000000000e+00
-1.000000000000000000e+00
1.000000000000000000e+00
5.917575747007604026e-01
4.454870307198962598e-01
6.724543419385202725e-01
1.000000000000000000e+00
-5.773816265041171736e-01
-5.133633607787776443e-01
9.953947168917537391e-01
3.457586553939531182e-01
-3.132261466738535116e-01
-2.957682919082217921e-01
3.413820631045724197e-01
7.398512276119534326e-01
6.772979208186019617e-02
3.667778579754457646e-01
5.759637497545910811e-01
8.417395899460928810e-01
-1.000000000000000000e+00
-8.801327273558924302e-01
3.084425741135763399e-01
7.800674322622780377e-01
5.029113107001637051e-01
-9.096568683538118760e-01
7.035133086492821874e-01
9.266343639585836733e-01
-7.411890691169727985e-01
-7.082165509501532341e-01
1.308583492858408359e-01
-6.033161569457472506e-01
-4.000608861439931552e-01
-4.123273573559289584e-01
-6.408466811033873833e-01
-8.945483288462787730e-01
-1.668185418079587423e-01
-7.849307200443931265e-01
-5.547868702062853652e-01
1.000000000000000000e+00
6.320454086864889520e-01
-1.000000000000000000e+00
4.085660654942158132e-01
1.000000000000000000e+00
-4.846031687780312236e-01
-3.746102187806411160e-02
-2.882388893943714225e-01
-3.249183429830367897e-01
-2.580820947695575129e-01
-4.905936318168624410e-01
8.397150031497691014e-01
6.035036507742451706e-01
3.500959482670157330e-01
2.273899137411002913e-01
-1.200068615144350703e-01
-3.065146202376077891e-02
-1.000000000000000000e+00
2.960870560983820399e-01
-4.486213149174823611e-01
-7.064897269257294776e-02
1.766355022884913417e-02
-2.027939095728039931e-01
3.398027488431271115e-01
-1.675210742959354626e-01
-5.916182247321306598e-01
-4.113236993578416045e-02
9.832909001231610047e-01
6.340270308835458390e-01
-8.430588129229484029e-02
6.153029781191075021e-01
-8.833101727037360185e-01
-3.006256412689834595e-02
3.747623011029168616e-01
-1.449841442481459297e-01
1.000000000000000000e+00
-9.252334678822276004e-01
-2.697388376823492973e-01
3.373145093021482910e-01
-8.365660447751827045e-02
-7.376346497971262295e-01
-8.371326999013153358e-01
-5.547545032467368076e-01
-5.147694744083942675e-01
9.355835492774209339e-01
-6.361913515736143943e-01
3.116399220156019223e-01
8.168008045213085433e-01
1.000000000000000000e+00
-2.804202277745698191e-01
9.333035565129891298e-01
1.000000000000000000e+00
-1.959891387513673644e-01
8.673915704761635537e-01
-6.248986262402212999e-01
1.000000000000000000e+00
4.850963774921339677e-01
6.323011860502116832e-01
3.327016323117882313e-01
4.314011826503426628e-01
-3.698659103490160582e-01
-1.000000000000000000e+00
3.899964726634891909e-01
-4.746159482167632282e-01
4.264685559651149038e-01
1.000000000000000000e+00
2.105963406787889625e-01
-7.871584805231097715e-01
-5.459991067895508809e-02
4.046109490399428799e-01
4.028149347431464466e-02
-5.451207764987782145e-01
-3.568460478487052723e-01
-5.400527140501478751e-01
2.276630191559754490e-01
1.026214158604954463e-02
9.133252767895909674e-01
-8.158464980029114799e-02
7.742468723054070079e-01
-3.935658431854648365e-01
3.079595495041159148e-01
-5.462687978123420551e-01
6.978716442380212825e-01
2.126720337557431312e-02
1.534553117677958135e-02
3.766811798636821029e-01
-5.227266471005086457e-01
9.622203832191573714e-01
-1.834379684019264711e-01
-1.391898802075426933e-01
3.877917008319445857e-01
-7.861357111022286848e-01
9.758115164070019221e-02
1.928702622417484136e-01
-9.902023183060724154e-01
3.558144937103363548e-01
1.185905555824160462e-01
6.586659315829187511e-01
4.441783565275357892e-01
1.000000000000000000e+00
9.995413388795950649e-01
-6.412839394468792253e-01
-6.176562073235353223e-01
-5.323462691599887275e-01
-1.958884286585990675e-01
6.693423298466557592e-01
-4.405405130282810666e-02
8.871540313708838887e-01
-7.593979872818180654e-01
-4.139786845971427653e-01
4.925880941962568760e-01
3.368562263880389152e-01
3.656360549315861297e-01
6.950724529323631939e-02
2.293760112406030560e-02
9.916540496380639169e-01
-3.917639055870786313e-01
-2.051946540725482770e-02
-9.398180855623460284e-01
3.439518169015098881e-02
-7.080762521896218908e-01
9.230868399924058165e-01
-7.657219735377809311e-01
-1.553139667360357024e-01
1.060631197933792347e-01
-5.454516565705511688e-01
2.497038100999797172e-01
6.865450270491157969e-02
-2.247533614598438145e-01
-2.163323381819934887e-01
6.580117462983250398e-01
8.585086393051436504e-01
-2.726038861364346033e-01
-9.683760461657834329e-01
1.000000000000000000e+00
2.911662020029004982e-01
8.328315968603038078e-02
1.352183856069004153e-01
-3.572472001569665379e-01
5.692606424991866199e-01
4.044902531855956718e-01
1.251113804088042070e-01
-3.209748516764949766e-01
-2.451862968770571749e-01
-1.000000000000000000e+00
2.610126614176004889e-01
6.068337907480769733e-01
1.145443475386497961e-01
-4.624502258721769898e-01
5.908380840831082281e-01
-7.211569396106443097e-01
-9.197921970282565973e-02
5.786183453555622247e-01
7.686098314132093767e-01
5.839142907739607313e-01
2.237441278232865649e-01
2.322111902437241637e-01
-4.653595894496800889e-01
6.559751947481868850e-01
-1.000000000000000000e+00
8.663512804902204767e-01
2.893391745203734988e-01
-5.267200641995717358e-01
5.165943482395930486e-01
-1.000000000000000000e+00
3.416832308406980712e-01
-8.547327059742374500e-01
-2.847641897324728610e-01
3.470972585817755918e-01
-1.562243164672718621e-01
8.987473956002671738e-01
-1.347430762257024739e-01
1.002748548486205593e-02
-1.000000000000000000e+00
-7.612381367214138272e-01
2.358731018314300099e-01
5.854447840097730671e-01
-1.000000000000000000e+00
5.174061676180619074e-02
8.636535166694607746e-01
7.628789847926982226e-01
6.172894010508621632e-01
-3.705977681792780309e-01
9.352924326908453878e-01
-1.875548950638844248e-01
-8.016201617385575462e-01
6.838682380244177628e-01
2.697757190016409901e-01
-1.020531822611649431e-01
-7.777442586887989284e-01
-1.402484852660592085e-01
-2.148211240446882275e-01
2.239198557018906577e-02
-8.776131635533765962e-01
-6.228629460482004720e-01
5.867612481591535367e-01
1.091765873715073443e-01
7.744737022303366247e-01
1.376259735072970225e-01
7.967406743382379197e-01
1.000000000000000000e+00
1.000000000000000000e+00
-6.711026641037159957e-01
1.451570649750095476e-01
7.741381129783971859e-01
1.097625566147830689e-02
8.244851336152432264e-01
-1.000000000000000000e+00
8.539600438770958424e-02
1.000000000000000000e+00
1.928965071624043626e-01
1.000000000000000000e+00
-9.816269386463197799e-01
-1.000000000000000000e+00
1.000000000000000000e+00
-4.410331883667322206e-01
-5.037728628594426716e-01
