-6.104364700901692142e-01
-6.661205634660329888e-01
-9.235134104948959921e-01
-8.337319263569024086e-01
3.814533974414427986e-01
-3.941553324664102131e-01
8.139062695941752246e-01
-8.824768372109585979e-01
-9.996156017760446932e-01
8.377993354300884432e-01
1.219443129162984807e-01
4.136538716692514939e-01
1.040795766927072874e-01
-9.932025013370232580e-01
-2.345568746074171429e-01
-6.558118931854375333e-01
-7.597803069998358971e-01
-2.949171872225573310e-01
-8.935873279206968389e-01
1.009950530164369642e-01
-3.873738922628949810e-01
-6.956275077219371550e-01
-5.861130823592076711e-01
7.027017742863210792e-01
-6.767090439313552253e-01
2.725371447916018486e-01
3.266467296870361192e-01
-2.477354479608037119e-01
-7.566112963976914241e-01
-7.899251240098781324e-01
-3.255880434372970811e-04
-5.839758707759119538e-01
-2.914411224115540655e-01
1.151291329245526796e-01
8.003108228793254231e-01
2.037284882254415397e-01
-3.675761589811556984e-01
5.923233583786751133e-01
6.806643475441664926e-01
-9.989541105931796228e-01
-1.423153320822562740e-01
-5.921974402732761433e-01
4.737895634286384272e-01
2.160024035761610173e-01
6.711987213970580513e-01
-3.430234737349557861e-01
-7.156354250113219351e-01
7.100287292258856686e-01
3.478180521682988080e-01
-9.430234806330575204e-01
1.000000000000000000e+00
-9.105583262198808647e-01
-1.000000000000000000e+00
-8.884992982486341617e-01
6.418320678045788541e-02
3.414596009005009258e-01
-8.497140911483261894e-01
-8.739925387001770130e-01
-7.981663892620775858e-02
8.446004642176536681e-01
8.377778217139253414e-02
-7.011071523460641330e-01
-1.169092183410944674e-01
1.000000000000000000e+00
-5.103141362221079724e-01
1.723710919809362530e-01
1.085170962525269373e-01
6.711436093410757531e-01
-3.394202754855317750e-01
3.268637966502689896e-01
2.562793158568439367e-01
1.462429788846502654e-01
-6.129132785724888954e-02
1.000000000000000000e+00
-4.715349023626536074e-02
5.485838592268654779e-01
1.702897528293192408e-01
8.513645942327539018e-01
-3.608611594047352877e-01
8.766162724582289290e-01
-4.023789086207175125e-01
1.697159272426279064e-01
-2.929567033783319618e-01
-6.773513455896822411e-01
2.657841651420622675e-01
5.578592988187364154e-01
-7.363963421916492891e-01
8.882736004066853486e-01
9.103986259312566443e-01
-1.863743979552148211e-01
-8.696260450337252035e-01
7.000832094002302775e-01
-8.789446137230240153e-01
-8.457839294525669738e-01
-9.283499850385378283e-01
-8.263935528672678998e-01
-1.596795762592754797e-01
9.573299440530176341e-01
2.067472436165143090e-01
-1.000000000000000000e+00
2.759668978150506824e-01
2.052011720194633071e-01
-8.091306122421595415e-01
6.692980344146099991e-01
9.838044137970891612e-02
-7.267453582397147560e-01
-5.291896793353172423e-01
3.391524771605074484e-01
-8.161843772765289273e-01
-8.803295524801409144e-02
1.000000000000000000e+00
-8.477938249005260163e-01
-5.649791544216220540e-01
2.929060752863952288e-01
-8.823105186005678058e-02
7.182694748298342757e-01
7.670903551321648361e-01
-1.000000000000000000e+00
8.487675829184379572e-02
1.509884477328427010e-01
-6.599533763189251445e-01
-3.386944763503896283e-02
5.626884885436141959e-01
8.564281053353433038e-01
5.764292844109097924e-01
4.725761058211269683e-01
-6.167419701553372713e-01
6.236952956927492853e-01
4.008552120434423216e-01
1.135280515910964266e-01
-8.648583653104999769e-01
-1.051761193727962507e-03
8.680219456088573704e-01
4.370556776432603652e-01
-3.647603628924287467e-01
-8.865152170245660379e-02
3.659881657501152796e-01
3.473940172076530608e-01
4.281347525373473406e-01
-8.296627023133693601e-01
-9.300305776272972391e-01
7.146120491898588778e-01
6.410197242689736896e-01
7.454184016876052032e-01
-3.065189347041896717e-02
2.140362255225634891e-01
4.677618724394625449e-01
5.757407311670748040e-01
-4.331856284600836826e-01
-4.806779944460574938e-02
8.131136724575934727e-01
7.628421391812076902e-01
-6.813118865982220607e-02
9.432594704758029414e-01
6.826462743280670153e-02
7.606130705598341812e-01
9.241140220763144342e-02
-3.594056682637296607e-01
8.592458685116344252e-01
1.552090507656604945e-01
-5.198906030635812581e-01
-9.664808186987625671e-01
-4.953922324727300097e-01
-9.779980129561685054e-01
4.747298645885335566e-01
3.245734942717799776e-03
-6.479318636365374307e-01
4.189743707321649246e-01
-6.360487008709141410e-01
-7.748324806481321492e-02
5.014432010970870657e-01
2.565353892559729676e-01
-7.114449742309516544e-01
9.971847540350675665e-02
-8.416682124126417808e-01
-4.630805214204226083e-01
-6.512209852850467939e-01
6.983810430470396291e-01
-2.254180986847598156e-02
4.981046006404945548e-01
-2.691551163976415584e-01
-5.682139962640178066e-01
-5.349314429943001770e-01
4.172205534680509809e-01
-7.727868369515202840e-01
6.430046910086170131e-01
8.322674070134994384e-01
-5.232059947958306312e-02
1.514043580975021897e-01
-6.629056452284801115e-02
-6.882954119724528086e-01
-5.961700205225759497e-01
7.791401618046127631e-01
-3.302239658339305439e-01
-3.842948357990358943e-01
-6.855006481152956521e-01
-6.241530795409147014e-01
-6.321094213510012327e-01
4.418869425170961485e-01
-1.985111918137725251e-01
-7.386685097262295496e-01
-9.627041956072679429e-01
7.394057893662793202e-01
2.177552489880263398e-02
9.998008093787413841e-02
-7.723527963560201659e-01
7.428603766352608329e-01
6.603167481862313171e-01
4.649620786801800243e-02
-1.280100456028591405e-01
-9.480232773040218053e-01
-2.233422624027205927e-01
1.698807092007161845e-01
7.386973471964388693e-01
-2.611221611113668795e-01
1.762898529828582639e-03
-1.204197203421419893e-01
-8.120030410780707530e-01
2.558101487229932913e-01
-1.385940988909507565e-01
1.000000000000000000e+00
7.499776066368120109e-01
7.017944181577280283e-01
8.970533995814031214e-02
6.081783232166796394e-01
-7.849976093650181674e-01
-3.764429427252400373e-01
-3.548550855642227386e-01
-4.379063193883379057e-01
9.872895803713059859e-01
2.416916341141628344e-01
8.852311252861356783e-01
6.576729262238074636e-01
-5.512602866580513794e-01
3.942989431716725224e-01
5.713490498463340561e-01
7.200393657627168764e-01
4.394100010927514677e-01
3.850688868639113860e-01
1.000000000000000000e+00
2.960898699025729108e-01
-6.850024962839296183e-01
-9.399185980263280449e-01
4.581353108364942806e-01
1.807818875689837235e-02
2.499465012068574354e-01
-7.817443514716233555e-01
2.258485971005164128e-01
1.000000000000000000e+00
9.566071785738112787e-01
-3.365112200830924771e-01
-3.456882574557262888e-01
7.396656668241269328e-01
1.186915083817630112e-01
5.266702792648310094e-01
3.775730129486229991e-01
9.032559978860668082e-01
5.272302788127849471e-01
8.201193788422015407e-01
4.872842237347114747e-01
-3.174388874624742840e-01
-1.000000000000000000e+00
-1.257302122539070144e-01
5.383645565493915264e-01
1.295915250594519286e-01
