-1.000000000000000000e+00
-1.304152306778482706e-01
1.000000000000000000e+00
1.000000000000000000e+00
-3.448355161406913005e-01
-1.000000000000000000e+00
-2.472647943121950576e-01
-7.180747355686406541e-01
-4.020389070545478671e-01
4.725801071208599602e-01
2.279355099460734224e-01
-5.266751467436963097e-01
9.313036408892672036e-02
3.465622469345552847e-02
-8.378949856779713268e-02
-1.000000000000000000e+00
1.000000000000000000e+00
1.000000000000000000e+00
5.719855508355753404e-02
1.000000000000000000e+00
6.472578580161886252e-01
-1.000000000000000000e+00
-7.421757546829693686e-01
-5.313037103128808170e-01
9.133256407142352762e-01
2.271511337097437133e-03
-8.567027917986913543e-02
3.750405592281155220e-01
-5.638056705781199218e-01
-1.000000000000000000e+00
1.381581032312649004e-01
-1.000000000000000000e+00
9.955058873558355614e-01
-1.949956384170789536e-01
3.484030367696343555e-01
-6.330825488569216120e-01
6.341077645386089534e-01
8.411163494105686755e-01
1.289918610050451164e-01
4.416530646180905073e-02
-5.349514598186755343e-02
-2.770124190447322277e-01
-7.970862973630954418e-01
-6.798222767171638314e-02
-3.031381827835159526e-01
-8.793049496366358575e-01
-9.213934573281008511e-01
3.972432717926434043e-01
-4.332022842355936487e-01
-5.404587801699295424e-01
1.128617036646272359e-01
8.461096794973357316e-01
-8.474762988276495213e-01
-3.515707977931735173e-01
-9.389497511645482630e-01
9.919758072648787728e-01
-1.000000000000000000e+00
-6.544868029798167619e-01
-5.937857307800920026e-01
-1.000000000000000000e+00
4.597068770394084347e-01
-7.200146470887269778e-02
-6.003871701884697654e-01
1.000000000000000000e+00
-1.000000000000000000e+00
6.801124001289152732e-01
-5.671264908111168790e-01
6.715215906865661388e-01
1.000000000000000000e+00
-3.819057387659818836e-02
-7.402429769747478905e-02
-1.000000000000000000e+00
3.715780664529527710e-02
-1.000000000000000000e+00
-7.131354235131491803e-01
1.000000000000000000e+00
1.038053798093921953e-01
-2.307125492579772952e-02
-3.944290594427552477e-01
-8.668222929881872485e-01
-1.000000000000000000e+00
6.795460960141758155e-01
-6.223629733207787229e-01
-1.255064118915205640e-02
-1.502715402743401985e-01
8.575036290732263033e-01
-7.465639103890481243e-01
-4.951696501312592424e-01
2.956525844430064054e-01
-9.668984186694723482e-02
1.000000000000000000e+00
1.000000000000000000e+00
-1.000000000000000000e+00
-1.225365512848987232e-01
-4.107765976908315797e-01
1.806212646821384049e-01
1.706461710980582414e-01
4.693312510416508543e-01
-8.911860633600917625e-01
1.634305198457023378e-01
-8.161159573822298618e-01
5.852484912314369625e-01
1.000000000000000000e+00
-3.417933479191024304e-01
-1.697588063172437156e-01
-3.535212644839450524e-01
-1.941732053553469894e-01
-1.000000000000000000e+00
1.654812786015784076e-01
-1.000000000000000000e+00
1.797698082138357023e-01
1.476090308012726338e-01
-1.000000000000000000e+00
4.410420750372988641e-01
-3.763986155957613766e-01
8.575724190280806791e-01
-7.024754771258190367e-01
7.785057180131702559e-01
9.237400870900827621e-02
-6.971872821637817297e-02
-2.999059252844521462e-01
8.295608324774379483e-01
-9.854730524823136495e-01
-1.000000000000000000e+00
5.928926213784182497e-01
-4.533833232288325688e-01
-8.055444706503852581e-01
-1.000000000000000000e+00
-2.662699167283685830e-01
3.477078763812305739e-01
1.174295211250415139e-01
-6.969820826505985778e-01
8.207877237058265329e-01
-1.000000000000000000e+00
2.891592767354095317e-03
-1.000000000000000000e+00
1.000000000000000000e+00
-4.771581635351747064e-01
2.403469732222697219e-01
-5.392646286099178621e-02
9.694639452862856555e-01
-2.658210101080104026e-01
-1.000000000000000000e+00
1.000000000000000000e+00
5.060043720166070846e-01
-6.357488322760833643e-01
-1.000000000000000000e+00
8.673233588956366091e-01
-1.000000000000000000e+00
-3.008903855304637109e-01
6.771067302588352765e-01
-4.098275662259098784e-02
3.329873446456769193e-01
-4.878990738445661557e-01
-2.314553941792572012e-01
-8.459143356109761758e-01
-4.346548739462940958e-01
9.240605992305388483e-01
5.779383947514245001e-01
1.000000000000000000e+00
-1.000443780929784199e-02
1.000000000000000000e+00
-1.000000000000000000e+00
1.000000000000000000e+00
-1.000000000000000000e+00
-1.000000000000000000e+00
-4.494463270542484734e-01
-7.358145610207267318e-02
3.821895395564335884e-01
-1.000000000000000000e+00
-7.321910411579041211e-01
4.878620723802740144e-04
-1.000000000000000000e+00
5.760860820805585591e-02
1.369949738826053975e-01
6.723740377556930436e-02
-5.452562683159350998e-01
-8.597553963023945034e-01
-5.885300209300176055e-02
1.607082970973844893e-01
-9.439804833075056134e-01
7.405861427696798505e-02
-7.267060157111250307e-01
-3.562008273899396338e-01
3.220229735782998981e-01
-8.286817679166931239e-01
9.182583306989804406e-01
-6.107607027422998769e-01
2.460519594230613505e-01
1.000000000000000000e+00
5.083943676453925864e-01
-1.000000000000000000e+00
-1.000000000000000000e+00
-7.744183253631775621e-02
4.664434768519691299e-01
1.194180449098714847e-01
-1.846300852192078734e-01
2.200694437388213687e-01
1.000000000000000000e+00
1.000000000000000000e+00
1.433659752885410588e-03
-1.000000000000000000e+00
7.526841617483447378e-01
-9.616282734767734874e-01
2.460237243557209519e-01
-2.682838455780269249e-01
-7.062794579820929064e-01
5.896699849839404095e-01
9.793098830338982097e-01
-6.446108110908171929e-02
-1.288630155975659664e-01
-6.503737008096432959e-02
-3.959530893966520804e-01
3.276573603503759591e-01
4.241213246176486762e-01
-1.000000000000000000e+00
-1.557022307413724604e-02
5.170974658596751983e-01
-1.450198508350264426e-03
6.214044017735531611e-02
-1.000000000000000000e+00
1.000000000000000000e+00
-2.285540131560673816e-01
1.699433571031118695e-01
1.000000000000000000e+00
-1.967304475131036456e-01
-1.000000000000000000e+00
-5.718203812154488697e-01
1.000000000000000000e+00
-1.000000000000000000e+00
-5.560389687378948231e-01
7.463573094714737177e-01
-3.109884389605332977e-01
3.107586577132682992e-02
9.807857845637568683e-01
1.622877431901086354e-01
-4.960734645998808312e-01
1.000000000000000000e+00
-9.529412659386657936e-01
-4.463775093423019147e-01
-1.000000000000000000e+00
-6.271128438757112011e-01
-2.281967069910899315e-01
-8.825250456622730777e-01
-5.431766953411970578e-01
1.000000000000000000e+00
-8.289975919671778160e-01
2.166814296995202560e-01
3.425861689926727460e-01
2.438862598068053389e-01
-7.250532191141600968e-02
1.000000000000000000e+00
5.526926596471566366e-01
5.404523035820244514e-01
-1.178916662049125236e-01
-6.652514861065124130e-01
-7.968379352024244078e-01
9.317261604920578089e-01
-1.000000000000000000e+00
7.584626930013123047e-01
1.000000000000000000e+00
-1.000000000000000000e+00
-9.070733943767007590e-01
2.469404927215704260e-01
1.000000000000000000e+00
