-4.486345921179906160e-01
-9.342660011646897189e-01
-1.000000000000000000e+00
1.394019366070422261e-01
1.000000000000000000e+00
-6.156684429166967565e-01
7.581476975149925579e-01
-3.999523212284827878e-02
-3.480886005320154020e-01
-2.208516039585124435e-01
-5.486975257720807519e-01
-6.038533522746850624e-01
5.039251351380213961e-01
-3.137703345640543429e-01
7.260159811389943485e-01
-3.080947073628849675e-01
1.252606508124372020e-01
-1.537824231464024471e-01
3.408934495307904822e-01
4.142645795704424927e-02
-7.425435741215975494e-01
6.972055245374146892e-01
-4.593845442334179574e-02
-5.421007377964919272e-01
2.443702070577620233e-01
3.053754068004721489e-01
-2.310908729715113186e-01
4.906824451724954295e-01
8.380869088957190183e-01
8.452410284475979640e-01
-5.611087103371543705e-01
8.122833793794639323e-01
-2.292821309532795393e-01
4.831444405074361570e-02
-9.970643011611744766e-02
-8.816996339340994471e-01
6.021742029505471328e-01
-3.217184630191336492e-01
7.919226820518729948e-01
1.513176397981226273e-01
-1.071831632848962990e-02
-1.390969919605755667e-01
-4.568831380385938168e-01
-4.461958710171617937e-01
4.941301769962349599e-01
-3.875386533135983247e-01
1.169517301835630435e-01
9.183094085797369743e-01
3.347061293292297179e-01
-4.891135560454413778e-01
8.353675042533008632e-01
-7.774475128665030432e-01
2.919794041776095916e-01
-1.230267162608158493e-01
3.544713576712541503e-01
-2.203468648325381807e-01
8.893468503402156555e-01
-8.261040390886966733e-01
2.764243434544395028e-01
-6.383147943230227384e-01
1.844029696051862621e-01
-4.682127123119814716e-01
7.891971747442181329e-01
-1.960795898641063406e-01
9.884702742488871152e-01
5.954120838977514651e-01
-5.260228624864968783e-01
6.870979382369597488e-01
1.000000000000000000e+00
-4.789301972914483674e-01
3.059722354723922177e-01
-2.665004038559193322e-02
4.816657264300003849e-01
9.474646474426797749e-01
4.507111679798971871e-01
-5.389217397696404177e-01
-5.045849082722497769e-02
3.572007536491713653e-01
2.466189072046551800e-01
3.286991944915462760e-01
-1.000000000000000000e+00
-4.719152215696214014e-01
9.824553613454463097e-01
8.303476062076131647e-01
-4.246844031766281446e-01
5.102339757147358323e-01
-3.354829973712245561e-01
-1.000000000000000000e+00
-2.758409208178125294e-02
8.039562274445597456e-01
-5.517300582113821017e-01
-1.677544840970874862e-01
-2.315529177848940634e-02
3.908659520419371924e-01
2.564630332347681563e-01
-7.475599873909986037e-01
7.087971576115158490e-01
-8.611268360452704052e-01
-9.684190855750089977e-01
-1.387897321381472149e-01
-3.945232732218899585e-01
-9.441216116298061234e-01
8.885794153405016799e-03
-1.000000000000000000e+00
1.960378954271329022e-01
1.000000000000000000e+00
5.987730046612884660e-01
8.524535397978141305e-01
-3.877975606843686585e-02
-7.272719754006451431e-02
-1.000000000000000000e+00
1.000000000000000000e+00
-1.973332421523179558e-01
-5.714893116800823236e-02
6.849098778205868765e-01
-2.676799309732099119e-01
6.319789548042056282e-01
7.472883435859218881e-01
-2.105892609112075542e-01
-1.873566458155218051e-01
-4.074279940574374592e-01
6.266484425100879441e-02
-3.381811414813338246e-01
9.545644859359154744e-01
-6.517016875352836802e-01
-1.382144669600278153e-01
-3.612431086966083615e-01
-2.936441851332591835e-01
9.300519850428510260e-01
-6.057156857892718183e-01
-2.432426558989659315e-01
-2.939363654640274603e-01
1.976808539351977423e-01
2.399837416388020672e-01
-7.633618695919066610e-01
-3.791546051205829659e-02
4.338492113694132346e-01
4.949523813365748759e-01
7.926616926354266290e-01
-7.885771176069817923e-01
-6.429409885812287229e-01
-2.553633412329929797e-01
-3.952578508479130948e-01
4.377585771878882426e-01
3.982025538318951785e-01
-2.886340609202042717e-02
-8.393534765780557017e-01
-4.225981361355266586e-01
1.840330642177951948e-01
-9.427453414838440904e-02
5.695712266926794554e-01
3.618991765097529512e-01
4.984818577503886683e-01
-1.214764095757661089e-01
-4.436978079564269928e-01
3.964568135831088025e-01
-9.629530913525887748e-01
5.750118908662613659e-01
-1.000000000000000000e+00
-1.731335201428518822e-01
5.519978184392082543e-01
-3.764934581324450580e-01
8.981976552071568864e-01
4.622201994385530810e-01
-7.693789316068899709e-03
7.143516940996799125e-01
-8.745058244825065774e-01
4.159266907129617330e-01
8.651721033127661720e-01
3.919575016800036504e-01
3.770446689086319747e-01
-5.053478539714175710e-01
1.346688558819386650e-01
-6.219882316039093695e-03
-5.991415134208177840e-01
5.220877414854731002e-01
5.110431687671461720e-01
-9.766825740205287154e-02
2.023454207333865718e-01
7.455865853577425817e-01
4.880133790423517581e-01
4.788876245552329269e-01
1.676947973757947352e-01
-5.015658983004461779e-01
-8.596038474254374950e-02
6.613767681835147627e-01
1.157260447177160811e-01
-1.000000000000000000e+00
9.673883996646266414e-01
-2.302122782207025598e-01
-6.106198117700645245e-01
2.232275696823436961e-01
8.493621716693537937e-01
1.261546250462963759e-01
4.512769302619223932e-01
-2.521863538935353866e-02
6.803764559054270578e-02
-1.000000000000000000e+00
-1.484364800588129363e-01
6.095521212757866181e-01
-6.257826380078986839e-01
-7.909986416351669769e-01
9.747902836634336765e-01
4.107784260517459707e-01
-1.768741858839744108e-01
-2.599216742601615504e-01
-5.015890473993040999e-01
-1.507622924203833592e-01
-1.000000000000000000e+00
-1.000000000000000000e+00
-5.187321144451675359e-01
-9.969544101058440688e-01
1.990285449817852381e-02
7.195370704182324495e-02
3.987143899252238999e-01
2.898999006245945864e-01
1.921185451335416516e-02
8.972610269073897360e-01
-9.812667572161870577e-01
1.000000000000000000e+00
1.320086210598381271e-01
-4.853486995545539529e-01
-1.760346529196048504e-01
-6.249134881586475565e-01
4.935775173106657920e-01
-4.022895052027422036e-01
9.982035926498662448e-01
-5.283849945526235548e-01
-4.138830359145808657e-01
5.577223875059296176e-01
5.399832625925158336e-01
2.095639267219007174e-02
-8.457358293380872194e-01
3.502839231611980519e-01
-5.052728943154369823e-01
-5.168919989805706994e-01
8.830351497653263770e-01
5.593196209002222474e-01
1.039302283452518405e-01
-4.079210609186713077e-01
1.902138408097173716e-01
-1.000000000000000000e+00
4.358755811822820903e-01
6.739167276989568300e-01
2.147814158528398298e-01
-4.197454497946511154e-01
-7.364727049369261813e-01
-6.926593399400506057e-02
7.883875198372158888e-01
-3.477872425894505959e-01
-9.757474007227333601e-01
-2.290423260486345036e-01
1.000000000000000000e+00
8.873723916978494275e-01
7.041827754359808456e-01
-1.826766188567834348e-01
5.161066715318538556e-01
9.732434243322596323e-01
3.968934600894852283e-01
4.747448260074789150e-01
9.178959336958518733e-01
8.733230741476805115e-02
4.455725130800736178e-01
-5.490469990307733639e-01
6.068012897631047675e-01
