-5.154085271146502389e-01
2.903601473022842105e-01
3.417166530787323353e-01
-1.097633174125943745e-01
-1.158640268588331801e-01
-9.398615692619844975e-01
2.461013750825126745e-01
-3.378975807730141834e-01
-1.650779722185575782e-01
-1.000000000000000000e+00
-7.819562142335034771e-02
8.942162389057376481e-01
4.041238640922530934e-01
-9.005305145121816901e-01
1.134470161606658672e-01
-1.000000000000000000e+00
-5.105917634034866648e-01
7.631904200309826969e-01
-1.757513554212404849e-01
6.454571908290044346e-01
7.960976528677011776e-01
-1.000000000000000000e+00
4.501848123194079343e-01
-4.305149140635006200e-02
-1.000000000000000000e+00
9.914586143341330704e-02
8.030483619102062320e-01
-3.144614533241135712e-01
-3.823189828708453142e-01
1.000000000000000000e+00
1.438520757062919375e-01
5.848175341099181024e-01
-9.425932941388820430e-01
-1.000000000000000000e+00
-8.914615016085947197e-01
-2.985082941608037110e-01
-7.889058066547212089e-01
-6.924935093312378775e-01
-5.901182253870934646e-01
-2.638691004744747604e-01
4.881202967396578440e-01
-5.308285551393275847e-01
-2.713016431611597334e-01
6.945204510793890895e-01
4.314920649010837717e-01
9.852733774898878583e-01
4.440275029209019841e-01
3.579271315700899292e-01
-4.508415984476268901e-01
5.668330323197996456e-01
1.205612120777941887e-01
5.224411211746674555e-01
1.000000000000000000e+00
3.442560805625053399e-01
1.000000000000000000e+00
-1.000000000000000000e+00
-7.252148533717597267e-01
-3.958362156288602329e-01
7.411079054359528406e-01
-1.000000000000000000e+00
6.052006266576743787e-01
1.000000000000000000e+00
-4.692414358297141153e-01
-1.000000000000000000e+00
-1.000000000000000000e+00
-6.666929933690509680e-01
3.145431349263593246e-01
1.000000000000000000e+00
1.000000000000000000e+00
-8.044160790621750490e-01
1.000000000000000000e+00
2.112573108919491016e-01
-6.120819840863118699e-01
-1.000000000000000000e+00
2.299418497327697375e-01
4.082198994074970333e-02
8.633859632693693387e-01
1.000000000000000000e+00
2.058268714986732362e-01
-1.627639617861555976e-01
-4.434173414893871623e-01
-8.829854948865043518e-01
-2.650869903593841004e-01
-6.859508335065914730e-01
3.546705378367179251e-01
4.030824850123378988e-01
-7.348963262546275299e-01
1.000000000000000000e+00
2.123549503197025290e-01
3.565623543510781923e-03
1.000000000000000000e+00
-7.194480480494009900e-01
1.000000000000000000e+00
-1.000000000000000000e+00
-1.000000000000000000e+00
-2.604343281096552221e-01
-1.000000000000000000e+00
1.000000000000000000e+00
5.861963831235462719e-01
-9.298271923325819310e-01
-3.174902802962180637e-01
1.000000000000000000e+00
-8.140341485397140087e-02
3.143390262563749982e-01
-1.000000000000000000e+00
1.941774992368355823e-01
-8.092423237672610181e-01
1.000000000000000000e+00
-7.219696101997796767e-01
8.229584244038722352e-01
-4.052320924991933415e-01
1.089668361338449465e-01
1.000000000000000000e+00
9.097034898493602251e-01
2.099691790521737711e-01
-2.060467733436640581e-01
3.527569549848868502e-01
-9.882350681878648846e-03
1.000000000000000000e+00
1.446628354639680758e-01
-1.873316982275058107e-01
7.123193032466623720e-01
1.000000000000000000e+00
2.685541205382295793e-01
-2.803941465865620875e-01
-3.774935027547934308e-01
-9.853593284538872954e-01
-1.000000000000000000e+00
-7.515642962759311319e-01
-2.898484281034718335e-01
4.725987112327566519e-01
1.000000000000000000e+00
-1.000000000000000000e+00
-9.466097734215532800e-01
-5.787350172968651618e-01
9.541788428007634826e-01
-1.000000000000000000e+00
5.400070768482168049e-02
-1.000000000000000000e+00
-1.000000000000000000e+00
-5.528794176549771677e-01
-3.181264648594854805e-01
-4.692152616597652370e-01
2.231686911181687272e-01
1.000000000000000000e+00
-9.734232928408306229e-01
-1.483284414771152693e-01
-3.786979453788985595e-01
2.544835953483771673e-01
9.676503321601696017e-01
4.000095918930224315e-02
7.271693229502409483e-01
-1.000000000000000000e+00
-7.955661671942144686e-01
-3.853859883137317199e-02
-6.440410922261960991e-01
5.852487891760249639e-01
-1.000000000000000000e+00
7.131015832856251180e-01
-1.804405864165251616e-01
4.298610718016253607e-01
-8.443144157723190268e-01
-7.586343874496416229e-01
1.000000000000000000e+00
9.994932190817353845e-01
-1.000000000000000000e+00
-1.000000000000000000e+00
-1.000000000000000000e+00
-1.665409617063795880e-02
1.000000000000000000e+00
-6.737418826090102453e-02
-1.978947768909977700e-01
-5.664181885445094267e-01
-6.827095164331520305e-01
-2.175914813439212558e-01
-1.000000000000000000e+00
1.000000000000000000e+00
-8.851799397191717489e-01
5.148202206188233765e-01
-1.370063594841079979e-01
-5.573829358676209988e-01
1.652414254083860723e-01
2.449245893037224064e-01
-3.848860856450013190e-01
1.000000000000000000e+00
8.934879192618755406e-01
2.298921268052974698e-01
-2.675278425089505085e-01
6.459017709448151567e-01
-1.375655192068104826e-01
1.000000000000000000e+00
1.000000000000000000e+00
8.162575714031592433e-01
7.701596460730384397e-01
-1.000000000000000000e+00
-6.240339085171089373e-01
-4.185050395972703119e-01
-7.981937343673917162e-03
9.074886368820949123e-01
-7.963254857936917785e-01
-4.065740391742692639e-01
5.287695895189614692e-02
5.011125649900267653e-01
5.159684325185500686e-01
-4.375794947076325214e-01
6.716160069444379044e-01
-8.405371784247581690e-01
-1.672256717525411052e-02
8.432331762758301652e-01
7.720412503350124744e-01
-1.000000000000000000e+00
-9.409820629245907453e-01
-6.549730895532772657e-01
8.718352385476146882e-01
2.980412399309712579e-01
2.012852385538741462e-01
2.380847848475087236e-03
-2.253612444633429357e-01
-5.614901958880491595e-01
3.952047588540542195e-02
1.274804688720554413e-02
-1.000000000000000000e+00
-5.814606476778210187e-01
7.305995616789381364e-01
-6.474332253503861656e-02
3.132551127246202549e-01
1.000000000000000000e+00
1.000000000000000000e+00
3.094850622616706071e-01
5.616925407335271458e-02
1.455061914186520089e-02
-1.000000000000000000e+00
1.231448414634990773e-01
1.000000000000000000e+00
-2.115415537231978838e-01
-1.253342197903648536e-01
9.563890925879500737e-02
1.000000000000000000e+00
-1.000000000000000000e+00
2.879878381926704312e-01
3.249335305775083449e-01
1.000000000000000000e+00
-5.265924101844507987e-01
-1.000000000000000000e+00
1.000000000000000000e+00
-3.997738117711198136e-01
-1.000000000000000000e+00
-3.311733652653867654e-01
9.995879599672792271e-01
-7.530351120460302417e-01
6.889329332550312435e-01
2.429679101395245677e-01
4.803452628981546013e-01
8.780958751787804051e-01
8.935375179908352505e-01
-1.000000000000000000e+00
1.000000000000000000e+00
2.906668222464594553e-01
-3.025393871330188666e-01
-3.788059307482034566e-01
-1.000000000000000000e+00
-1.147424016757025989e-01
-6.362528643431979436e-01
1.000000000000000000e+00
1.000000000000000000e+00
