1.151814381336300902e-01
1.000000000000000000e+00
1.641396212214238648e-01
6.665598195456149400e-01
-6.753015614846424874e-01
-5.015242968793717226e-01
-3.688062389789378837e-01
5.817694040089049778e-02
-2.393816728276136896e-01
3.567136507316845395e-02
9.971155733435728141e-01
-6.153874532232831429e-01
-1.247192754833500727e-01
-6.283497102326693895e-01
4.588367566859398172e-01
1.000000000000000000e+00
1.000000000000000000e+00
-1.027971723606099230e-01
-6.568981582610342596e-01
-8.043379878574438702e-02
6.346769779281176138e-01
-2.617234505381427767e-01
1.000000000000000000e+00
-4.080241310500035135e-01
-6.975463809600279674e-01
-2.391829118767772877e-01
2.707334195132360954e-01
-3.951332052617018142e-01
-1.000000000000000000e+00
1.000000000000000000e+00
-6.462843397828682557e-02
6.964665486585980281e-02
-1.031356323043690071e-01
-6.322475939669719436e-02
7.299772901392412860e-01
4.444337365011802321e-01
-8.741440120952859161e-01
-9.567307907663515909e-01
6.676902350006364006e-01
3.287007670199388887e-01
9.734045625030918192e-01
-2.824399156110123932e-01
3.407483500584803648e-01
-5.897860069417353301e-01
-2.221489376213701683e-01
-1.571162518368595939e-01
-5.912806939326572531e-01
-6.122041882625951503e-01
-7.186562007834025601e-02
3.307151312540852484e-01
-4.492377203693398435e-02
3.196406979248164193e-01
-1.170053393491204963e-01
-3.511082506509941581e-01
7.829093173712846632e-01
-9.819919413999881330e-01
-3.900330267259231043e-01
6.989289307118841110e-01
-2.394672216395087871e-01
3.222080502728907891e-01
7.588739313863729352e-02
2.069534713298506468e-01
6.874237916022586381e-01
2.497816479714285443e-01
-3.616960203882960134e-01
-1.000000000000000000e+00
-7.033129975995588978e-03
-6.677073914542090982e-01
8.336372175660747841e-01
-9.912965065560312983e-01
-5.693781818564169761e-02
-3.558237255723809556e-01
7.358658391759467232e-01
-2.673195285128246446e-01
5.512205654993371784e-01
-1.367866995192006663e-01
1.000000000000000000e+00
1.951793035245310559e-01
1.381408756017965533e-02
-1.720606755588949821e-01
-6.262119764646614239e-01
-3.701481889291281524e-01
9.799244662748911594e-01
5.117576987690424239e-01
8.709027214784011983e-01
-5.210038273259939290e-01
-3.735466141585609967e-01
-1.888320180333469822e-01
-7.134380236877648773e-01
9.621934125909303859e-02
1.000000000000000000e+00
-2.746238247802351151e-01
3.519729080094817775e-01
3.979928860434389648e-01
4.031819561686218467e-01
-2.372258354954077109e-01
-1.000000000000000000e+00
5.979046475916379721e-01
-3.400631882185368160e-01
-5.941085823742184857e-01
5.621335340541380177e-01
3.228622250777946068e-01
4.413131202720486090e-01
5.874735314420915372e-02
-9.988263178327699832e-01
2.296254338832571518e-01
-1.000000000000000000e+00
3.413547727313911984e-01
4.299921421691416112e-01
-5.865015525734471047e-02
-1.072572638372923937e-01
9.403328296559669841e-01
1.000000000000000000e+00
9.576112540178705057e-01
1.155901070479842252e-01
-1.259493734219988004e-01
-1.000000000000000000e+00
-4.755288400300730633e-01
-2.021033803166382148e-01
-2.252871604792308635e-01
-3.621882112048390723e-01
-8.340081710576433549e-01
-1.653887461870724995e-01
-1.000000000000000000e+00
-2.851739870435870960e-01
1.000000000000000000e+00
-6.083343713630524896e-02
-8.432110252126350236e-01
2.057140700913523967e-01
7.232792607539861862e-02
-4.756788528873583943e-01
-7.487991971171699124e-01
-1.000000000000000000e+00
4.488417633490991432e-01
5.820927824966172226e-01
-3.733803177615582225e-01
-3.748734558530180672e-01
-1.654989937016525525e-01
-6.081611016231207589e-01
-5.792339178684147161e-01
-7.494539623339231404e-01
2.612014021675765907e-01
-6.398656294419869939e-01
2.141913434693217683e-03
4.593795141764296375e-01
7.823553876927212825e-01
9.866436945123856495e-01
-2.976666300904269868e-01
6.249979006082935218e-01
3.866792743809509547e-01
4.967436239697006761e-01
-1.346321952287203860e-01
-5.316042042293092629e-02
-1.429130013365249585e-01
7.986076203393643880e-01
-1.000000000000000000e+00
5.660519456406982730e-01
9.953307524018306651e-01
2.705578312904396432e-01
3.375475571738470459e-01
-1.472441027487187137e-01
-7.600991544883435314e-01
-8.129678246321675461e-01
-7.399102666113496207e-01
-5.212333796953305676e-01
-1.000000000000000000e+00
8.671551417649852045e-01
-5.837060167322790649e-01
7.725187559873407661e-01
-3.593241028014753091e-01
-7.636127220496635726e-01
3.591418808367036197e-01
4.811589161621132593e-01
-2.546719660946766273e-01
-8.985461131540242175e-01
2.258919321395120583e-01
-1.446036486867085802e-01
3.321277276604542306e-01
2.059019094787930271e-01
2.222379199865448518e-02
-8.631363377202931897e-01
1.000000000000000000e+00
-4.354855484406481292e-01
8.957115072193712058e-01
8.223799628394539152e-01
1.148050358319008257e-01
9.515715932072589256e-01
7.596782110613904404e-01
1.000000000000000000e+00
4.363973419368804563e-01
2.535037142704225088e-01
1.000000000000000000e+00
3.822238753025298807e-01
3.130690434602599881e-01
1.000000000000000000e+00
9.289226965638022748e-02
9.252932885350160230e-01
-3.817296049523550838e-01
-1.561272623417089833e-01
7.281483677136120491e-02
4.500411355271081160e-01
9.782101874219734094e-02
6.098477600119336373e-01
3.176209909686105726e-01
-7.720125490181717343e-01
-8.746762836509621719e-01
7.603562592941386367e-01
4.386509013806821899e-01
6.035365457723177451e-01
8.273867129169061307e-01
-8.378100713661815746e-01
-1.880487118095170440e-01
4.230079664511319226e-01
-9.749947869895227992e-01
7.742758846266586392e-01
-6.426611932548248474e-01
1.000000000000000000e+00
8.749427266917932933e-01
5.865816211113239476e-01
5.277116460356045050e-03
-6.417012397755860187e-01
-3.408067250297601714e-01
-2.370842388576943904e-01
1.000000000000000000e+00
9.336591144310457668e-02
4.341237963516721976e-01
-5.724003944441259373e-01
-5.004028378972324997e-01
9.897085852931641892e-01
6.610365765322646636e-01
2.505941370727107209e-01
-4.427220022887754514e-01
1.000000000000000000e+00
4.936037258002012873e-03
1.000000000000000000e+00
-1.338818814673660151e-01
-7.512707444279589919e-02
-1.346214259312036865e-01
1.000000000000000000e+00
9.760985698113919806e-01
-1.000000000000000000e+00
-2.249966622601489163e-01
3.702785294865283405e-01
-6.484349164041635083e-01
-7.538324281238568680e-01
-3.691610673905890705e-01
8.457413544517644599e-01
4.682200408614457521e-01
-8.119963033635139160e-01
1.908898355517977263e-01
7.654539257101000693e-02
-9.988655065110453313e-01
1.880194456685113369e-01
1.669404438754994169e-01
4.724924211613425462e-01
-3.408051561560960785e-01
1.000000000000000000e+00
1.798833621933436377e-01
6.562912273505454586e-01
-9.239944085858475820e-01
-1.211379035931646336e-01
-5.611380357234621030e-01
3.426561092431369970e-01
-4.286636637010323714e-01
5.643234265087917478e-01
