-7.168962796922198066e-01
-1.000000000000000000e+00
5.664402492634652564e-01
-6.696542134072652752e-01
2.786441875788864264e-01
-6.570711831955728943e-01
-2.384490518476060639e-01
3.475468569063026869e-02
1.000000000000000000e+00
7.243322468717519058e-01
1.132260758001031320e-01
5.958354846027060781e-01
1.000000000000000000e+00
2.998447955115263186e-02
8.782507518918791778e-02
-9.004857424315768633e-01
-5.393938584409337933e-01
-2.461312069406649539e-01
7.506935589263972197e-01
8.666820513023896222e-01
7.724261875932013632e-01
3.678709847339076133e-01
-3.321773793508030481e-01
-3.468753031726604097e-01
-8.784830393216869204e-02
1.000000000000000000e+00
-1.312068878712891185e-01
3.836931573819489794e-01
-6.594033550926268195e-01
-6.905040364528896024e-01
-6.620399854175507137e-01
1.968398628559891450e-01
2.378813707781725073e-01
-5.030400132110173228e-01
2.859012077705909149e-01
-4.132244732492994510e-01
-6.075436761917210049e-01
-3.642678860356614035e-01
-5.021175412680454198e-01
2.998701032176642745e-02
7.597340097473238574e-01
8.803320441965751808e-01
7.285177288080855185e-01
-7.143350902583009976e-01
-2.209381318388503046e-01
-3.144992257885244058e-01
-1.210392199334654334e-01
7.224420464331309244e-01
7.173903449924465825e-01
-3.264252678035769462e-01
1.000000000000000000e+00
1.910308093799700790e-01
-1.550991806283180674e-01
-9.950882071528287520e-01
-9.743123963299327173e-01
7.650137379696819728e-01
7.088734669328776716e-01
-5.712970755300412762e-01
-9.848457974154336547e-01
7.935116871482382761e-01
-2.686551942203377341e-01
1.000000000000000000e+00
1.389359733732568880e-01
2.412414160159870313e-01
2.151556180201724677e-01
8.177047195511206734e-01
-8.433521482429707783e-01
6.760971424720946255e-01
9.879667083332520638e-01
-9.345244857449499509e-01
-4.794428401989014876e-01
3.835190118028755646e-01
7.813052544614180750e-01
-7.852202631303575320e-01
-1.000000000000000000e+00
-3.300287855414157923e-01
-8.706865176320831567e-01
-1.000000000000000000e+00
-4.690280927127018495e-01
-8.457565338768673335e-01
-2.498379730697294077e-01
3.291154479365637209e-01
9.801670073950021767e-01
-1.000000000000000000e+00
-5.530929968434907806e-01
-2.695754255973260571e-01
-6.646681048352187648e-01
-1.000000000000000000e+00
-9.698944496736229270e-01
4.935214747774609445e-01
1.500498740835353728e-01
1.000000000000000000e+00
7.525504986910438454e-01
2.196661650967942636e-01
4.718435236338801020e-01
-1.000000000000000000e+00
3.983386554582799555e-01
6.535774512825520688e-01
1.000000000000000000e+00
-2.054842527315761114e-01
3.842842919113640399e-01
-1.870595010464592423e-01
6.035096996948034753e-02
-3.461560580414438926e-01
3.471211836886400892e-01
6.039375589063925576e-01
1.882962646992242250e-01
1.994788645302661978e-01
7.143384129665267812e-01
8.351113607903565272e-02
9.849665856382040507e-01
-4.386215139986384681e-01
7.496170886491201335e-01
6.400371556791759620e-01
2.031607404145669149e-01
6.031073490514484714e-01
-1.877437186453911888e-01
-6.970754137800139194e-01
5.279727524770218006e-01
-7.406443780691594758e-02
-8.514194892472567444e-01
1.000000000000000000e+00
-3.875544458116659263e-01
7.124583975647827971e-01
-4.025120025543342805e-01
-2.131444740110293723e-01
-1.000000000000000000e+00
-1.596024387980847781e-01
7.618794251126861372e-01
1.000000000000000000e+00
-6.412874255161731263e-01
-2.855177879895921533e-01
-6.720639533756209705e-01
1.645570805651948576e-01
-2.438701085336523744e-01
-7.735066920011614000e-01
5.164826479334659604e-02
4.535032897948140795e-01
-2.867414525548370174e-01
8.271156925089906409e-02
-6.840261004070875561e-01
-2.568062681047558193e-01
3.867284369849151027e-01
-3.186518619127124419e-01
1.825273950837353887e-01
4.959332237894330531e-01
-5.416059240506264638e-01
-8.816905433552436611e-01
-6.152322271989223434e-01
6.401003073474426097e-01
7.730018286337714262e-02
6.861303772204543350e-01
1.000000000000000000e+00
3.330605292900086223e-01
-6.076304687498002011e-01
-9.057088048674449832e-01
1.000000000000000000e+00
-1.858994349673001034e-01
-3.951362266015032154e-01
8.530661723387482631e-01
5.419624786860157695e-01
-1.000000000000000000e+00
1.954883682875996342e-02
7.296050056402036965e-02
-2.146206132701133917e-02
-2.041634907745510097e-01
8.515117394828219943e-02
6.360487617137178251e-01
8.038090334505509915e-02
9.218214358066565417e-01
-4.612295284328338796e-01
-7.021301422158424677e-01
-1.126848096071013661e-01
-1.092318864219467833e-01
1.000000000000000000e+00
4.580464738217244758e-01
-9.361978681750008358e-01
-8.664411833467101642e-01
3.809218242785575304e-01
-9.133281536912616350e-01
3.559327719964685555e-01
3.958052887767850025e-01
2.148238915170466723e-01
-2.841587947758509869e-01
-8.097451681308691640e-01
4.049412651676297936e-01
-1.973075347602250562e-01
-7.854329798740821156e-01
-1.000000000000000000e+00
6.085143440626283873e-01
1.647965042553320991e-01
-3.812150741049574743e-01
6.550917356602777852e-01
6.973781257087718899e-02
9.748435036751955662e-01
6.105604128671000552e-01
-7.942763054836015080e-01
-9.396141096072705423e-01
8.777380579763963686e-01
-5.977861206499108793e-01
8.912967777777469625e-01
7.619484922526651438e-01
4.005612801185307603e-01
7.057782877520757392e-02
9.315194883944509785e-01
-1.935109745487488889e-02
6.121082383915913416e-01
-7.441527070645024278e-01
1.000000000000000000e+00
-4.383651954299100373e-01
-2.842733692822084768e-01
-2.806372093054352868e-01
8.771175569152809270e-01
6.075539087198431609e-01
1.000000000000000000e+00
-5.402147001420931627e-02
8.967996566687486126e-02
7.578474800865346861e-01
-2.795450597581529695e-01
-1.654548726221887200e-01
1.307189923261563025e-01
6.395455944357283373e-01
6.338888935764674937e-03
-9.149770453142193061e-01
4.647558716918211846e-03
-9.327123334357545481e-01
-7.437855795245909007e-01
4.500081399427335871e-01
6.059785537578458170e-01
-5.069848563079727422e-01
-1.000000000000000000e+00
-2.478096450980183940e-01
1.781585378039967360e-01
9.247657811440550546e-01
-1.000000000000000000e+00
-1.402614907122259891e-01
-5.648467172449634921e-01
7.222901641737722311e-01
9.699406848616231036e-01
-3.772575828759985872e-01
1.000000000000000000e+00
-4.876284580233205546e-01
-1.185766886837202883e-01
-3.024969805015001456e-01
-5.829331118737837159e-01
6.547780839209361714e-01
-9.146236148818619460e-01
7.562516140723913871e-01
-5.917252246854821651e-01
7.368014846267378903e-02
5.832802175709682624e-01
-4.116646656964109696e-02
-6.416611665989098157e-01
6.415516855823844011e-01
6.241086602001451045e-01
-1.000000000000000000e+00
4.664105947856358458e-01
-1.631865044480146354e-01
9.145818172296187321e-01
7.071898645871522726e-01
-3.696732784889733558e-02
6.922995794296455951e-01
-1.000000000000000000e+00
1.181109817253086502e-01
1.000000000000000000e+00
