-4.984959848837704488e-01
-1.000000000000000000e+00
-6.356576684284966916e-01
1.000000000000000000e+00
-6.217484543718250212e-01
-9.574171127419385252e-01
-1.000000000000000000e+00
-1.000000000000000000e+00
-1.000000000000000000e+00
-3.637988312399499935e-01
6.038806993024981029e-01
3.395491943840076021e-01
-8.656056523661785906e-01
6.155713418866111120e-01
5.280274321687778993e-01
6.436757472338767716e-01
-1.000000000000000000e+00
-1.616689837806624952e-01
-4.251390548288528359e-01
5.752958074948312239e-01
-7.488962126396606633e-01
7.061783170484083882e-01
-1.000000000000000000e+00
-1.507547754128467921e-01
9.161975090344116890e-02
7.944256703126013619e-01
5.417038380636493011e-01
8.615661370159648502e-01
6.212768049412911164e-01
-8.629357132000224917e-01
-8.205270732376400700e-01
7.580387890042659116e-01
9.089775961911958913e-01
-1.000000000000000000e+00
-7.401361728478220159e-02
-7.462544263851789150e-03
4.818660775886415282e-01
5.685095537366442464e-01
1.000000000000000000e+00
5.333683493450939173e-01
1.549365470357600416e-01
6.668558113643485719e-01
5.239024100033348175e-01
8.278826504560196642e-02
2.146354419062187491e-01
-3.464918473311632829e-01
2.702637570722258298e-01
-1.364492615319872759e-01
3.232954182136688615e-01
1.385451621179626946e-01
4.831923182748483481e-02
-6.949545156630736464e-01
4.690048154557703852e-01
9.412910431137107015e-01
-1.918530051633164368e-01
5.768437805829064458e-02
4.910658435039841896e-01
-8.713646633491090032e-01
1.144032324578427573e-01
2.828361765052432308e-01
-6.270939252921271523e-01
-1.000000000000000000e+00
7.264185934969755731e-01
-7.899773713435512268e-02
-8.521784461323586024e-01
-3.924103220334307363e-01
-5.311761094040092779e-01
-7.597801488908307865e-01
6.441443772874624329e-01
1.197925234037730824e-01
5.316303054937487893e-01
1.691966554320775001e-02
8.695639121627953827e-01
4.156300291451734963e-01
3.328657890959890175e-01
8.174270059404153965e-01
-4.103088842866768338e-01
8.496349359588554195e-01
-1.961351410931429506e-01
-1.000000000000000000e+00
4.041694912226627134e-01
4.327214258506000277e-01
1.000000000000000000e+00
2.750449257626562671e-01
1.000000000000000000e+00
-8.319813935082722711e-01
5.761611275429776580e-01
-2.977645937088789774e-01
-4.481059790181132207e-01
-6.646515152267469251e-01
-1.000000000000000000e+00
-8.348482755200173910e-01
-1.000000000000000000e+00
5.657246141965510677e-01
7.553454453977848093e-01
6.105644418541642526e-01
1.000000000000000000e+00
6.199595333972272027e-01
2.950160124814596996e-01
6.096552399813426337e-02
-1.000000000000000000e+00
2.176538969040605620e-01
-3.207438494302379262e-01
8.133433290661483683e-01
1.000000000000000000e+00
8.998319158852028377e-01
-9.867213344714190204e-02
6.842350707827995482e-01
4.045983473763509197e-01
1.657251845918455979e-02
-5.527213309923620921e-01
-7.612622257190200248e-01
3.160600554635456527e-01
7.790788035753912766e-01
-3.977252489174628591e-01
-6.969190428543945437e-01
-5.039689918580035899e-01
8.177897037795445190e-01
-1.000000000000000000e+00
-1.000000000000000000e+00
-7.066652409023751469e-01
-1.000000000000000000e+00
3.800014981397876190e-01
-1.000000000000000000e+00
-6.377447753276082043e-01
9.701968583416483716e-01
-7.070843364959900068e-01
-4.166562669379023087e-02
-1.000000000000000000e+00
-9.246155562136421091e-01
4.693084530320791870e-01
-1.832955389509327571e-02
-1.000000000000000000e+00
-1.000000000000000000e+00
4.135602662418538800e-02
-1.000000000000000000e+00
7.950485767007381410e-02
-1.818044213979128632e-01
6.830445215284814964e-01
-8.817176672302590168e-01
-6.758624453823419698e-01
-3.781444939254917093e-01
8.272421828293435864e-03
-2.389070014153125976e-01
3.755055617364523313e-01
5.238440502807106824e-01
-7.838058460026851026e-01
9.390492161070935762e-01
-1.000000000000000000e+00
-1.000000000000000000e+00
4.911201490526393432e-01
6.278600526009919802e-01
1.000000000000000000e+00
-2.474244572715233736e-01
-9.080720009737388576e-01
-7.844285223624808401e-01
-4.817701858506522883e-01
-3.718615006324141325e-02
1.000000000000000000e+00
9.593012262803565227e-01
5.472465648286564122e-01
-1.000000000000000000e+00
-1.000000000000000000e+00
-7.504323429535646461e-01
2.909815555750162042e-01
1.883752424484010368e-01
3.517148417471021027e-01
-7.745160045777367275e-01
-1.000000000000000000e+00
-6.394390489223871210e-01
9.699415653811636062e-01
6.971823075070815445e-01
4.858267338283646097e-01
-4.487826192036885598e-01
-8.425633100923195506e-01
6.507815621839264653e-01
-2.513643751454132103e-01
1.521042309006320759e-01
-2.523174552152212535e-01
2.281236983002321583e-01
-7.703520567901828153e-01
8.059752849016649234e-01
1.000000000000000000e+00
9.975031433301995154e-01
-4.410562679576618406e-01
-5.424194822002958993e-01
7.146027313288008109e-01
-4.726661389542943792e-02
7.657841715698597840e-01
-4.875280862902579559e-01
4.808450917142159109e-01
-5.632996271494131735e-01
3.871231159383378140e-01
-8.838195892931929309e-01
-1.000000000000000000e+00
-8.008544594627613478e-01
-7.302258606933682561e-01
5.452284087456946704e-01
-3.967647767172464146e-01
-6.523642774033705516e-01
3.350769764472802947e-01
-4.249590162903338908e-01
-7.480585088782985004e-01
-1.000000000000000000e+00
1.000000000000000000e+00
8.176973439176127290e-01
8.995355177153845361e-01
5.725068249907534490e-01
1.000000000000000000e+00
1.000000000000000000e+00
-6.105281891142328998e-01
-7.954743317153744053e-01
-3.726666377433267979e-02
8.823107688714929564e-01
7.457467203737844219e-01
3.701386161676183950e-01
2.570080833642425233e-01
8.702704619797363428e-01
-1.988979189797171476e-01
4.621106493380865432e-01
2.257710649327946961e-01
1.000000000000000000e+00
7.200999762429521889e-01
-3.649908020563393807e-01
7.040194306831057958e-01
-2.708162423673611263e-01
-2.225308458708111781e-01
1.000000000000000000e+00
6.025153551638875449e-01
5.431915332396231033e-01
-6.230128191789336967e-01
-7.848793977344913353e-01
-2.471972101673325373e-01
9.524305745371699494e-01
-7.728605389582184904e-01
-8.768124551779306053e-01
6.450878058190509523e-02
8.706672638284587706e-02
-5.957679806657794064e-01
6.325140759679563907e-01
-2.783766773965929975e-01
3.187715709961913557e-01
3.218112124739241908e-01
-5.194744655904802721e-01
-4.265938171458283357e-01
4.895763162661194157e-01
-3.508478957953142796e-02
-4.956254854399362864e-01
2.678282659450135217e-01
8.452558067949753617e-01
8.846379812704583401e-01
9.886173381237978175e-01
8.799774452171752470e-01
7.180530965775187013e-01
1.000000000000000000e+00
1.721610725548938792e-01
2.132913483408857003e-01
-8.771649284954861070e-01
-4.382966931168124081e-01
1.000000000000000000e+00
-8.177844984959833363e-01
-7.918322655236209595e-01
-6.764139748084305737e-01
-5.737511837458348918e-01
1.000000000000000000e+00
