-1.745914454199468113e-02
-9.053856227245679067e-01
-5.688836082759527457e-01
8.441963867047037606e-01
1.675440034986507842e-01
-8.669441520608117679e-02
1.000000000000000000e+00
-1.000000000000000000e+00
1.152846790547459033e-01
9.216013740531087128e-02
8.471707534602460621e-01
-6.029632837078124918e-01
-5.744628155981506001e-01
5.858054432353103635e-01
5.040027243696008075e-01
5.906484932644990860e-01
8.644650608117637747e-01
3.761319405355667000e-01
1.000000000000000000e+00
-1.852593691861606218e-01
9.903418793562947242e-02
-7.960948086980691452e-01
-1.000000000000000000e+00
-2.901849185230875525e-02
6.513285942194186884e-01
-6.296554123637359002e-01
9.676456915689475302e-01
-9.096139138717458383e-01
-5.961059065350137187e-01
-8.276171843361718183e-01
-3.752957161877459313e-01
-2.131853234887581272e-01
-4.087645001364177966e-01
2.565472911242045462e-01
4.003213835601849291e-01
-5.762459012548064585e-01
8.107979331522544575e-01
1.957322502599422309e-01
1.000000000000000000e+00
-9.623246947111522287e-01
8.795827857509668224e-01
-4.286622954092721843e-02
8.467734640303794524e-01
8.179181136554330989e-01
1.000000000000000000e+00
1.194227036850203927e-01
-7.207193449226069193e-01
-2.267829051387519612e-01
9.597065689080891415e-01
-1.000000000000000000e+00
-2.500353232616028820e-01
9.139975409689227170e-01
-1.000000000000000000e+00
6.439828302576453556e-01
8.598638863322426440e-01
-6.756340281130356340e-01
1.340963227031713167e-01
-8.964936402146816974e-01
5.662296143640624946e-01
-7.595685198403415717e-01
7.109825652656347472e-01
-6.939119314487042223e-01
2.475748713988379368e-02
-7.111630042443990440e-01
-1.226022509996633758e-01
3.176625652191209515e-01
-7.605498538067043124e-02
1.000000000000000000e+00
4.757060149109880731e-01
4.028500496976054057e-01
-1.000000000000000000e+00
7.204238161857479117e-01
-9.803645684413064831e-02
-1.000000000000000000e+00
-1.489186384931071028e-02
9.840818074653314707e-01
1.331156979889892289e-01
-8.587964466207037573e-01
5.529941811181320332e-01
-3.017594867251377488e-02
1.000000000000000000e+00
1.897051081880563039e-01
-3.924622460518920608e-01
1.868488029576998444e-01
5.125807453106776546e-01
1.198875143745579686e-01
5.328052627035677613e-01
-1.000000000000000000e+00
8.578680846237146662e-01
-4.895503269867116369e-01
4.038629706026783950e-01
8.020553188622017160e-01
-8.118424407004775079e-01
-8.400862367044594770e-01
5.853599501862621901e-02
1.481260804815667104e-02
3.622339709632250715e-01
8.511254026883197099e-01
-5.880703049935635807e-02
-8.371456287740620672e-01
4.229355236709710919e-01
-1.309511322784112641e-02
-3.113028493668105745e-01
5.514659408062656532e-01
-6.092418547032241172e-01
3.813770406962055937e-01
6.392141224818185252e-01
-4.374137872378210390e-01
8.886488624931441205e-01
4.247589712023383535e-01
-5.194009581461416225e-01
-1.255980228839142787e-01
-3.320527353618922262e-01
6.663472456457046889e-01
6.387776608638134901e-01
-3.251512799363944772e-01
-5.630897877456875200e-01
-3.993060101371206372e-01
-8.544566745457985446e-01
-1.344264067093354775e-01
7.414061460793233138e-01
4.269411739926611826e-01
3.022518706131762656e-01
4.549434742592407543e-01
3.754845445248894964e-01
-2.908441392435430206e-01
-8.647605540176244165e-01
1.000000000000000000e+00
7.719360988434438298e-01
5.212860474036515868e-01
-1.000000000000000000e+00
-1.000000000000000000e+00
-9.121418579264127802e-01
6.689077477975646779e-01
3.601765896979659126e-02
-3.506676439581570826e-01
-6.203877476540307079e-01
-1.809235427823772113e-01
-1.316555682127760196e-01
-1.696349555398160014e-01
2.057413874792380359e-01
-2.697648659640286550e-01
7.183577714688113014e-01
8.075422972821362233e-01
2.249288633523114644e-01
9.085843806431023184e-01
2.380616599274376632e-01
-1.000000000000000000e+00
-8.655540007293255345e-02
-8.774089091426141573e-01
-2.253930378763979725e-03
6.444280315739565612e-01
1.452151116370131168e-01
-2.689732293216269277e-01
-1.000000000000000000e+00
9.347614620781919959e-01
5.339397315374212472e-01
1.000000000000000000e+00
-1.461526953706291931e-01
-8.690001676913305939e-01
-1.083481380966984237e-01
1.483009907441242836e-01
-8.252150471852688352e-01
5.138914882120756422e-01
8.463126108279246385e-01
-2.535789494930437149e-01
-3.527268979494228018e-01
1.666401240810235773e-01
2.822204846510774079e-01
4.247488481506925817e-01
-5.068977273363665104e-01
-5.785047840963850607e-01
6.884584377894082952e-01
-4.038542767351244178e-01
1.000000000000000000e+00
5.941859899610814066e-01
6.589541825534899200e-01
-6.610525322956408711e-01
-1.000000000000000000e+00
9.438808422053357461e-03
-9.158072228498748135e-01
-5.633227338066213452e-01
6.614673290271247952e-01
-3.869922860520975672e-01
1.085971955465210859e-01
1.381026519568935296e-01
5.900091482410360633e-02
1.000000000000000000e+00
-4.915449417024047030e-01
7.074035062799111095e-02
-1.000000000000000000e+00
1.000000000000000000e+00
-2.081730062228560607e-01
1.000000000000000000e+00
2.110483661685784718e-01
4.698094772582007972e-02
-4.305243478245440736e-01
-8.389420823287048190e-01
-4.034605922194471339e-01
3.205028431709505687e-01
1.000000000000000000e+00
-3.455168826803589610e-02
1.080451849189617564e-02
-5.613420491339546348e-03
1.000000000000000000e+00
6.637076641405855737e-01
-2.892501248279303327e-01
-7.650232509099311184e-02
7.431861282263201307e-01
7.438330908965724575e-01
4.812702304743886605e-01
-4.004527755788711008e-01
-7.129973154041687744e-01
4.170367692528219594e-01
8.598181312431121825e-02
-4.632090797392127146e-01
6.119798812033714341e-01
-4.936052230913029470e-01
6.836578853009460666e-01
-3.199032717973920859e-02
-7.104009199885137349e-01
-3.327191672948855983e-01
6.604872993581063501e-01
-2.707887390137185268e-01
4.308254191320830540e-01
7.317804650591555604e-02
-8.065915705253212664e-01
3.323432157274331944e-01
1.050640376001188009e-01
-2.350500608341074549e-01
-5.171036461198832979e-02
-9.908359590480911305e-02
-5.081940203430290737e-02
-4.186756548996927174e-01
-4.330954120174919098e-01
-5.122941608136950542e-01
-5.163770728035540492e-01
2.175550263891634084e-01
6.110039161933626950e-01
3.066505441086442296e-02
-2.625439263719783201e-01
-2.597935027803615071e-01
6.055472917645363662e-01
-1.705783393014100313e-01
1.159478879368519844e-01
2.648196450652919864e-01
8.800048729930390889e-01
-3.695341957780216013e-01
9.344895679395138766e-01
1.000000000000000000e+00
5.976067348394260570e-01
-5.949616749595779686e-01
1.171235121926894607e-01
-4.481010722579418792e-01
5.829316208107094832e-01
-9.799641334521973501e-01
1.076240084539245578e-01
8.203766070249440823e-01
9.747276453194114731e-01
6.483358452266155814e-01
8.614245311519606041e-01
4.437916333908716870e-01
-1.000000000000000000e+00
4.761837074996361774e-01
3.447154189577774641e-01
