1.000000000000000000e+00
-8.541600248301766118e-01
-3.142909188234208617e-01
2.819634020317873802e-01
5.223217868545464437e-01
-8.166012331297194393e-01
-6.982392844483932548e-02
-1.803898698210554263e-02
-5.300923539692258268e-01
-5.962794435378060420e-01
-2.162059671210005835e-02
1.000000000000000000e+00
3.179596734629522858e-01
8.032323612221524689e-01
-6.434865013516137822e-01
-3.007401075154887415e-01
2.304010538604941427e-01
-1.000000000000000000e+00
-4.990055011459564871e-01
6.241461685622492483e-01
9.975990946933144254e-01
1.000000000000000000e+00
-9.465344207536967314e-02
1.383906405943900464e-01
-4.888171358425135726e-01
5.303780793229899704e-01
5.720632833905303638e-01
9.384393106783147642e-01
-8.312037032097931988e-01
6.070599631594190138e-01
3.535917193334130459e-01
6.654984340944914978e-01
7.206996212282579251e-02
3.303279525261255678e-01
6.822629293508931658e-01
-2.129428966591901951e-01
-4.006177860794731260e-01
9.251414480702409016e-01
1.000000000000000000e+00
1.179713749611366186e-01
2.498509530609896445e-01
-9.481631479141685581e-01
2.395699414341532774e-01
-4.690434255798581753e-01
-4.496463867758403454e-01
-1.387633318117563741e-01
-3.578223245022583709e-01
-9.701197540722543700e-01
-5.623848419558586942e-01
6.465153011807278638e-02
1.000000000000000000e+00
-7.751126562845500612e-01
1.130234229497323328e-01
1.000000000000000000e+00
7.695377076204764633e-01
-3.269726070355280512e-01
1.000000000000000000e+00
-2.112352286222179409e-01
-6.319038171592425979e-01
-7.646756945493066171e-01
4.562815543932829399e-01
1.083212079067685796e-01
-7.344616376901652588e-02
-2.595134277830534186e-01
2.615927648717246701e-01
5.369871426067462927e-02
-3.183355033714835303e-02
-1.000000000000000000e+00
2.089104850884466180e-01
-1.611990199156945192e-01
4.063195721955921713e-01
2.570460694843457183e-02
-4.904738128548563059e-01
4.832005793343318034e-01
-3.566429403653368913e-01
9.940809144033979639e-01
-1.169170056228999860e-01
-5.271582828413062805e-01
-1.000000000000000000e+00
7.645701839224644525e-02
-7.137892289380384225e-01
8.586300890216063131e-01
8.654454794442234533e-01
2.259373893916941656e-01
7.531274166270729431e-01
9.309682539327951423e-01
9.473911752906134520e-01
-2.672415021641191823e-02
1.000000000000000000e+00
-9.778455978212077238e-01
-6.427483596574451452e-01
-1.000000000000000000e+00
-8.614937678050622605e-01
-3.031247543730424265e-01
-5.104512632266392513e-01
9.928408987930524843e-01
5.144366858284779020e-01
2.097034200322981934e-01
9.546122279655715470e-01
-6.384107506952272360e-01
7.743999305002002842e-01
5.377898738311344129e-01
7.554539846341703502e-01
2.681963611707515183e-01
-8.128536640400201296e-01
3.586712086742365191e-01
1.000000000000000000e+00
5.282690582846583105e-01
4.080467774585243013e-01
1.266598645249113475e-01
3.061276970465225400e-01
-3.865981191044086107e-01
5.889767013762619019e-01
3.292061495222856071e-01
5.423625851082973792e-01
4.720910620828180360e-01
-3.706106418557903459e-01
-1.000000000000000000e+00
-8.269539868035133967e-01
-1.341923676931738307e-01
-2.327175038985208055e-01
-2.891268826172777029e-01
5.434057075941995940e-01
-6.322714180475179635e-01
1.407300691629268796e-01
2.861385750568702369e-01
1.117241649737969883e-01
-2.276315665697448698e-01
-7.638660837023995009e-01
-7.290136419086684638e-03
1.816819308577422853e-01
4.663214925928956256e-01
-1.000000000000000000e+00
-9.485207647525900621e-01
8.901840383315364758e-01
-7.271525815483541599e-01
4.426567798740428938e-01
3.031003309358709097e-01
-3.699023146591280953e-01
4.213631898087911720e-01
1.185382702350760153e-01
-1.000000000000000000e+00
2.058682196398196607e-01
-9.744654149749136518e-02
2.249591132509354829e-01
-8.338163791495065702e-01
-6.782230255910314254e-01
7.578863509028244128e-01
-1.610887042062590091e-01
4.521868892343913204e-01
7.018175230414720467e-01
-6.625979541101932879e-01
-8.980619214904950187e-01
-1.000000000000000000e+00
6.463876276425780665e-01
6.791673593717773016e-01
-1.000000000000000000e+00
-1.000000000000000000e+00
-1.000000000000000000e+00
-4.558807682737742728e-01
7.199504517458364949e-01
1.000000000000000000e+00
5.485981362871985567e-01
-9.556315696002664062e-01
-2.875793744383495221e-02
-2.550151953336410315e-01
-9.894871351618326205e-01
1.000000000000000000e+00
-7.174952784570778341e-01
4.152935778001871220e-03
7.042779657950564154e-01
1.000000000000000000e+00
-1.843150669642509842e-01
-8.190833670816325407e-01
7.244727745478062308e-01
6.062219307469278728e-01
4.181626628766471621e-02
2.808585403062760499e-01
3.775943179164432117e-01
1.439465051922949324e-01
-1.000000000000000000e+00
-8.820361553527589216e-01
5.564756988565546791e-01
4.224477672228919567e-01
-1.000000000000000000e+00
1.000000000000000000e+00
-3.723869824024004793e-01
5.393681515969835916e-01
-1.134677244849301436e-01
4.065157393516728446e-01
6.032788367635220084e-01
-1.000000000000000000e+00
-1.662517655032049735e-01
4.146341054942637161e-01
-5.544930170389537061e-01
-9.825225817634235526e-01
5.360946688337304700e-01
-9.330641155616828941e-01
-7.369951828693175333e-01
-6.190402670518312389e-01
1.000000000000000000e+00
6.785450238418436752e-01
6.004977513530668221e-01
1.012109942838305965e-01
1.000000000000000000e+00
-4.462635912147903117e-01
-1.000000000000000000e+00
1.000000000000000000e+00
5.737899444312527519e-02
-8.926285081800349186e-01
3.051025634284982302e-01
6.344900432071631791e-01
-5.103460989034827033e-01
1.000000000000000000e+00
4.639554867772847646e-01
-9.396142248578454037e-01
-1.000000000000000000e+00
-1.040222543351319029e-01
1.000000000000000000e+00
8.576867368879764753e-02
8.950948220316465864e-01
3.522205429989424541e-01
2.261998004441521104e-01
3.544581709148106330e-01
7.512826676525463654e-01
-7.156575915999620341e-02
1.000000000000000000e+00
8.500482707838301621e-01
1.310866178437413987e-01
1.402452559759961304e-01
8.751563813864962071e-01
-1.757691538330027337e-01
5.288805406851802005e-01
9.276068128386049105e-01
3.276362088202094958e-01
-7.286877335352541785e-01
-7.600489310715242697e-01
3.656395434022360336e-01
-3.041352856939600890e-01
1.170340531842300608e-01
-6.400561292443012196e-01
5.129401327933023058e-01
9.223939163398786611e-01
5.797956073392281917e-01
6.405381126911324774e-01
-1.000000000000000000e+00
-7.418746415798949112e-01
1.799239698696692979e-01
-1.964729802995041352e-01
9.777114393101334899e-01
-2.010994769024676554e-01
6.978266059973758928e-04
3.962258386830265211e-01
1.000000000000000000e+00
-3.056825636811062452e-01
-6.494573307776917437e-01
-1.375187976121862998e-01
-1.847201058427160592e-01
-1.000000000000000000e+00
1.508079017450184578e-01
-1.000000000000000000e+00
1.086525041559795457e-01
-3.777320751025020629e-01
4.329659746278854415e-01
5.861349280984747834e-01
