-1.000000000000000000e+00
-8.678754133492718736e-01
-9.614032909478964495e-01
-1.000000000000000000e+00
9.148541427631585732e-01
-1.000000000000000000e+00
-1.000000000000000000e+00
7.643905639156081122e-01
-3.982868044334316182e-01
9.417745204418980220e-01
6.716098392262725980e-01
7.282549352440012558e-02
4.144740260903441720e-01
-1.000000000000000000e+00
1.000000000000000000e+00
8.273260121915216869e-01
-4.370292123860205491e-01
-1.000000000000000000e+00
2.068071835836129413e-01
1.000000000000000000e+00
1.000000000000000000e+00
-8.387816239432941412e-01
5.498971391408155052e-01
1.000000000000000000e+00
5.004761548777059144e-01
-7.549430754782773811e-02
-1.000000000000000000e+00
4.346197937635276065e-01
3.631125251029103107e-01
4.044369752751452718e-01
1.000000000000000000e+00
-3.640168982571546641e-01
-1.000000000000000000e+00
1.370250030218311266e-01
5.964568476873477465e-02
-1.099854743632580067e-01
3.547982319293740971e-01
2.365859937827015091e-01
1.000000000000000000e+00
9.494217060838534561e-01
-3.651297061991584103e-01
-3.100174128512612759e-01
1.359316156622466798e-01
1.526188032736209288e-01
4.654805973498198357e-01
1.000000000000000000e+00
1.000000000000000000e+00
1.000000000000000000e+00
-3.307824049315404857e-01
2.951431938545090450e-01
1.000000000000000000e+00
8.369541679665613021e-01
6.171936676374791819e-01
9.596354039508077083e-01
-2.587173682486876292e-01
1.000000000000000000e+00
1.412533655126591570e-01
1.738204583759510036e-01
-1.677851874281069966e-01
-1.000000000000000000e+00
-1.000000000000000000e+00
6.999709008968260093e-01
-9.788248195584218214e-01
-4.303796956892164682e-01
-9.913396518087533305e-02
8.907386861053696592e-01
-1.000000000000000000e+00
-1.000000000000000000e+00
5.758073423912142275e-01
9.460916473129702409e-01
-8.094808272965220430e-02
9.956639290834281564e-01
-7.637628588871046009e-01
8.752315753299142465e-01
7.251721923062147586e-03
-1.841314842366303939e-01
-1.322786628856384428e-02
1.000000000000000000e+00
1.749110976168035125e-01
2.569138413102097784e-01
8.930083250448371812e-01
-8.886885141727625115e-01
-2.133269453181649289e-02
1.000000000000000000e+00
1.000000000000000000e+00
1.000000000000000000e+00
9.467502293271734537e-01
2.160558761180900733e-01
1.256314998750863721e-01
6.278222173230766368e-01
-9.918251405114397734e-02
1.000000000000000000e+00
-5.952368747302378971e-01
1.015579734056651223e-01
-1.000000000000000000e+00
-6.675227626918870394e-01
9.330649345654038473e-01
-2.938051611553783582e-01
4.931829501714470321e-01
-9.828632184823042905e-01
9.490544944791416970e-01
6.943666113408792917e-01
1.000000000000000000e+00
2.951843843419879043e-01
9.679622728923009678e-01
-6.842173708901204687e-01
-5.477846296186868191e-03
1.000000000000000000e+00
1.000000000000000000e+00
5.244185560706622617e-02
-8.102009454831511359e-01
1.000000000000000000e+00
7.941310178134094455e-01
-1.972732153789834852e-01
-1.000000000000000000e+00
9.945461707449476663e-03
8.980520229870820881e-01
-3.017815518449363799e-01
4.912042213986273498e-01
1.000000000000000000e+00
-1.000000000000000000e+00
2.534648226180549746e-01
1.000000000000000000e+00
-9.909966704245775082e-01
1.000000000000000000e+00
-4.001433685428783527e-01
3.581519814479532382e-01
-4.992379965659748398e-01
-5.788143986172630262e-01
4.370632808226344035e-01
-1.000000000000000000e+00
-1.000000000000000000e+00
1.000000000000000000e+00
2.213819023356957683e-01
-6.291707154570271854e-01
-1.000000000000000000e+00
-3.573421998930377264e-01
1.000000000000000000e+00
-6.020650515710819217e-01
-3.821170041401369399e-01
4.826776966400151553e-02
-6.637449839266509333e-01
6.846813011913084335e-01
7.310870691236630581e-01
1.000000000000000000e+00
-3.231729305044858114e-01
5.721080179417881162e-01
1.000000000000000000e+00
-7.422687423991423117e-01
-1.000000000000000000e+00
-1.000000000000000000e+00
-8.877579303850963166e-01
4.061486664773935606e-01
1.000000000000000000e+00
1.000000000000000000e+00
2.212043641802052818e-01
8.149257858398827326e-01
9.795490535851039127e-01
2.717580885679153901e-01
-9.574385521862198711e-01
-1.000000000000000000e+00
1.000000000000000000e+00
-7.619910284836827197e-01
-1.000000000000000000e+00
-5.551876572014546873e-01
-1.000000000000000000e+00
5.469583995818727562e-02
-1.000000000000000000e+00
-1.750275722495842068e-01
4.668504608241517140e-01
-2.457687558678267603e-01
-1.844152563419637902e-01
-8.525946552943903800e-01
-9.522306263688175010e-01
2.583107295093517997e-01
1.268673752327034165e-01
1.000000000000000000e+00
-6.350411025949260768e-01
8.894177041769009140e-01
-1.695319516188114051e-01
-2.947757212901250257e-01
-4.356143362194566659e-01
2.795179839184762649e-01
9.888724630336388488e-01
5.612893800647629217e-01
-1.000000000000000000e+00
-5.779946153917844276e-01
-1.000000000000000000e+00
6.955127109301287858e-01
-1.918752071551488303e-02
-3.642454139135506419e-01
-6.838660061750521102e-01
-9.758033874668226026e-02
9.275248247269126667e-01
-8.630538550230717476e-01
-9.095992743445543427e-01
-2.787041309846184922e-01
6.520672810803274100e-01
1.476103520848641715e-01
-9.757021842939744838e-01
9.530604938734995590e-01
-1.000000000000000000e+00
9.085908162602162053e-01
-7.902158495915023728e-01
9.897663248642857292e-01
5.887878364142553611e-01
-1.000000000000000000e+00
-7.686991250381686180e-01
-1.380393062298963525e-01
9.296478314561457124e-01
-5.217649940366673178e-01
3.779828403125606306e-01
6.897814217027269379e-01
4.644042847807325902e-01
-9.018195324933984125e-01
2.359538105860524149e-01
-1.000000000000000000e+00
8.032482956969786425e-01
1.000000000000000000e+00
9.587326837868611618e-01
-1.000000000000000000e+00
-1.000000000000000000e+00
1.000000000000000000e+00
5.233957478017525755e-01
1.000000000000000000e+00
1.000000000000000000e+00
2.130018844931427235e-01
1.000000000000000000e+00
1.000000000000000000e+00
2.307303750391773711e-01
-6.534625118535365429e-01
-1.000000000000000000e+00
5.980246995175364511e-01
2.005310083989748637e-01
6.195903431070286516e-01
-3.692583778860389909e-01
-4.488445519447692433e-02
9.176478309813080880e-01
2.034884488292570681e-01
-8.091296379834571617e-01
8.895906582422357101e-01
1.000000000000000000e+00
-8.291125986794758429e-01
9.689179165062852261e-01
6.068974071145818439e-01
-1.000000000000000000e+00
-1.160507850186321827e-01
9.976132190239206388e-01
4.348286196585122165e-01
5.112412684156558695e-01
-7.454349339428960608e-01
-9.761471304153993556e-01
-9.345558484904306074e-01
1.000000000000000000e+00
-6.911137337051493912e-01
-9.910562883696678593e-01
3.339840581418679344e-01
1.000000000000000000e+00
-1.796211847669166861e-01
1.000000000000000000e+00
-1.000000000000000000e+00
7.144928059998434389e-01
-3.774959423053196872e-01
3.157115182214015325e-01
9.679449181760069187e-01
