6.565380134304747983e-01
-7.359162898597265690e-02
3.027796805482702025e-01
4.661703347875515990e-01
-1.000000000000000000e+00
5.608465853503826759e-01
8.429816450437332964e-01
9.854852235265937344e-02
2.026226859358721821e-01
-5.777117476896395654e-03
-1.000000000000000000e+00
-5.358861816551775403e-01
2.019633642203799706e-01
-5.586567841535561296e-01
5.299457655041615034e-01
2.175713104819691490e-01
-1.714368750357349036e-01
1.000000000000000000e+00
4.860204203081870400e-01
4.768437916736149029e-01
5.168225381458438905e-01
-7.367673986618163973e-01
6.723627631839369789e-02
-2.441299071754416961e-01
-1.000000000000000000e+00
1.000000000000000000e+00
9.594036061239208379e-01
-1.000000000000000000e+00
-4.473681210597930669e-01
8.604947976546664101e-01
1.000000000000000000e+00
-3.567367367900506903e-01
6.379423130479006110e-02
-1.628863535716542077e-01
-6.727725408898287407e-01
-4.869736719675769043e-01
4.105164876123745810e-01
-7.958078829943292520e-01
7.427200647482232743e-01
9.237783454845773790e-01
1.374588899482377113e-01
7.650935075521841933e-02
8.947037305457234968e-01
-5.538749199739674278e-01
6.509810592398989071e-01
-8.595744189274774349e-01
-1.000000000000000000e+00
-7.363599589883049745e-01
-2.622846192763303441e-01
-1.858881122518675488e-01
-4.108751723451250504e-01
-1.015813821275017570e-01
4.219520484011443084e-01
-1.000000000000000000e+00
1.000000000000000000e+00
1.000000000000000000e+00
3.766525951293082652e-01
-1.000000000000000000e+00
-7.697274365389552564e-01
2.839437454373091585e-01
5.579800327092664380e-01
1.000000000000000000e+00
-6.403565648198129567e-01
-9.350368556703634315e-01
1.000000000000000000e+00
1.000000000000000000e+00
1.000000000000000000e+00
-3.765548130735724142e-01
-1.000000000000000000e+00
-8.663675386341895823e-01
2.914279068501847147e-01
-1.000000000000000000e+00
9.868172117117307574e-02
5.894822087067467242e-01
6.368345903920276108e-01
1.861098916924200930e-01
-1.590443855378031179e-01
5.395440391545006653e-01
6.366893032296886412e-01
-6.987283478642524193e-01
2.563186159745056703e-01
1.000000000000000000e+00
1.000000000000000000e+00
9.035359068669874816e-01
1.206191551383775651e-02
-1.000000000000000000e+00
6.924830990606073433e-01
-1.000000000000000000e+00
-3.232359256372527301e-01
1.822207476684362115e-02
-7.090004054376229936e-01
-2.922477598975162794e-01
-1.000000000000000000e+00
-4.190820558744173252e-01
-2.344814509658679769e-01
7.961643829213151946e-01
9.467896790150491793e-01
-3.337624693933529674e-01
8.275969205140382146e-01
-9.696247729155308415e-01
-8.224341711506191199e-01
1.000000000000000000e+00
-5.158520203636174362e-01
-4.505880790013766513e-01
5.174246165318313606e-01
-2.684912033739959569e-01
1.000000000000000000e+00
4.597019860760088172e-01
-3.713095464570982385e-01
-5.210264310947866351e-01
7.531928261428982863e-01
-4.020518308067427826e-01
-9.856661432333063688e-01
-8.570084688929019423e-02
1.000000000000000000e+00
4.780518936529448704e-01
9.457929941087496184e-01
-9.504450222694201811e-01
1.000000000000000000e+00
-8.312633187727812567e-01
-5.267510197944087480e-01
8.713609448316459449e-01
4.869774250738467813e-01
-2.270556287025873310e-01
2.159291599662009342e-01
-1.000000000000000000e+00
7.681244351266297565e-01
-2.619151147949152492e-01
-2.590212856713559053e-01
-8.040236871749164571e-01
-1.000000000000000000e+00
1.000000000000000000e+00
2.392450563612417147e-01
-6.460230595334238712e-01
8.672925709015086859e-01
3.177479659660403799e-02
4.911102426577681479e-01
-5.631366493403193452e-02
3.370263366818675999e-01
-7.460028074580871138e-02
8.910937324104193369e-01
-7.500284321085854966e-01
-8.543900937636212944e-01
1.000000000000000000e+00
-5.290575490769688916e-01
-1.699607168877147467e-01
-6.527266773460432825e-01
4.858204969819811536e-01
8.490988705737987363e-01
3.700790872031638479e-01
1.000000000000000000e+00
6.786756270396631097e-01
8.400261811264603251e-01
7.140570252402012041e-01
1.000000000000000000e+00
4.249923662489234477e-01
-4.973611502853808597e-01
2.230320974857787908e-01
-8.698281269174654717e-01
2.947762942721808832e-01
4.571703492065563590e-01
-1.000000000000000000e+00
8.278197996843306150e-01
4.467680705447687473e-01
-1.720337526846599241e-01
-9.443250042509653275e-01
-4.831099276807416798e-01
7.634350987623585993e-01
4.960991045889384665e-01
-7.559785567994519173e-01
-2.479102695486885555e-01
-9.912418119584902598e-01
1.000000000000000000e+00
6.052480405776915484e-01
3.556171703218759528e-01
1.000000000000000000e+00
1.000000000000000000e+00
-6.795119514402283567e-01
9.203852976423121390e-02
-1.459819675227918001e-01
1.000000000000000000e+00
1.000000000000000000e+00
-3.168148073012854171e-01
4.471628284664284081e-01
-2.627652028058949374e-01
8.765143655440688075e-02
8.783124774837478554e-01
-7.433355668091842228e-01
-4.757518624968515852e-01
-1.000000000000000000e+00
-3.084277250950909766e-01
5.213975377505384312e-01
8.135831760070676433e-01
5.172638151207040735e-01
-1.000000000000000000e+00
4.401593012729665411e-01
-8.842771520281369479e-01
3.989920045554863348e-01
-7.828539118895693205e-01
-2.031464023574840461e-01
-1.000000000000000000e+00
-7.474499830481450280e-01
-1.427275356581443333e-01
1.000000000000000000e+00
-1.215855237128483229e-01
4.787938105075529860e-01
7.084244372306154336e-01
-8.938993588155017544e-01
6.587098252084457872e-01
1.375779198867252417e-01
-1.000000000000000000e+00
-6.542366225809128633e-01
8.249263612224776443e-01
1.000000000000000000e+00
1.000000000000000000e+00
1.000000000000000000e+00
-9.200785223250518285e-02
-7.505050501456913548e-01
-1.853318465917062619e-01
5.137752214177435661e-01
1.061754625114679218e-01
8.265101313995766308e-01
-7.659873226559184012e-01
-3.028057248787108802e-01
5.551276747557897240e-01
-9.403694703230542906e-01
-2.799711613093459617e-01
1.000000000000000000e+00
2.843177906339119931e-01
9.929741578723407791e-01
-2.160955201820169425e-01
-1.794716043264574790e-01
9.968139937968394371e-01
-1.000000000000000000e+00
5.048616134170812453e-01
1.013650554150372085e-01
9.292909394568794612e-01
-2.610738563315894711e-01
5.648452718671049810e-01
-8.039106631828438210e-02
-6.940592003806294041e-01
-9.752842416650919777e-01
-1.081759066490165927e-01
1.000000000000000000e+00
9.761055849735069678e-01
-8.309698398792143559e-01
-1.436683403891531041e-01
8.060248881167555446e-01
9.976670385464468938e-01
-1.000000000000000000e+00
-4.960419701947085258e-01
6.502776212989216376e-01
-1.000000000000000000e+00
-6.098253401912335780e-01
9.185141294700618353e-01
-9.994513640623551298e-01
3.546192326014640517e-01
-5.975488818926939505e-01
8.334505368446671891e-01
1.000000000000000000e+00
8.911823420562784426e-01
-1.000000000000000000e+00
1.000000000000000000e+00
-5.014964054083707046e-01
-2.521164516424296842e-01
