9.186472834743516502e-01
2.311797192361693121e-01
1.376096313860463161e-01
5.665059736504858279e-01
-2.925946882611918376e-01
-5.173046590437100356e-01
4.195696102872028543e-01
-2.265316970302938271e-01
-2.703161474400532227e-01
-7.720170797167824617e-02
4.420882695047811950e-02
-9.514867229294236006e-01
9.869283285546130990e-01
3.297636030286301700e-01
-3.254719124721852097e-01
-6.424427984840538342e-01
-2.863764375432320541e-01
4.404843504388392672e-01
-3.437192573329799772e-01
9.026053916317485770e-01
-4.138358116800784359e-01
-4.880222965237599464e-01
-4.695509805390480906e-01
-2.239476048651218298e-01
-2.580685759145605607e-01
-4.125665850645311439e-01
-8.677378844716430173e-01
-2.049109108286697456e-01
3.411192755860890102e-01
-3.716867948532391885e-01
4.819384098177435100e-02
1.000000000000000000e+00
-9.423852701921062724e-01
-9.255678750693698831e-01
-2.220994149614923252e-01
-8.328175302324185569e-01
1.000000000000000000e+00
-8.418294472980905052e-01
8.574287859365170572e-01
-4.744352680322975746e-01
2.530409005394373967e-01
5.742755086343173665e-02
-1.291788292031493812e-01
-5.629948223414141806e-01
5.925908263223227390e-01
-7.913267032563073844e-01
-6.656122096089265305e-01
4.339077401190495342e-01
7.382087145418734231e-01
-7.621376008370885913e-01
8.302786210851736959e-02
8.950810113642160282e-02
-2.641445261994451732e-01
-1.000000000000000000e+00
-6.832366249562826788e-01
2.000771875825644308e-01
1.000000000000000000e+00
-5.940438344426917094e-01
-5.929858114997106355e-01
-5.405601529909179748e-01
-9.399117927975100262e-01
-3.458127818062983749e-02
-6.462259378013468503e-01
-9.701567989238859546e-01
8.522213647543308568e-01
9.161376866237166405e-01
-6.010323038606402157e-01
4.845831998984712063e-01
1.928430491217275611e-01
-9.769461074448704263e-01
-8.621742814746874428e-01
-1.000000000000000000e+00
-6.641687590867593194e-01
3.426782502181990320e-01
9.759076757758489151e-02
1.348032111729159099e-01
-1.353499624928450884e-01
1.268474046406309341e-02
5.462036591331084212e-01
3.557641386258872385e-01
2.688754496223877410e-01
7.008232407271264286e-01
-4.831760612498148255e-01
1.216323041311991385e-02
1.000000000000000000e+00
5.964386970131403398e-01
1.000000000000000000e+00
2.945899089219314870e-01
8.819845506599182094e-01
-5.460139261742922301e-01
1.427663671853703353e-01
-4.886869790709932326e-01
-1.246389934518743470e-01
-1.030026181819971853e-01
3.999355485406290711e-01
2.919337995500337346e-01
-2.522960401406205699e-01
-1.145802082077707063e-02
-6.763386333369254544e-01
-7.265888626363881109e-02
5.190697962130426113e-01
-5.099968469213876920e-01
8.757165927355847757e-02
-6.899066002939825415e-01
-4.300654320741008063e-01
2.937843917328930576e-01
-6.513237455492799644e-01
-9.473018877688479389e-01
-3.844679818814042971e-01
-1.780722164257251272e-01
-7.949226809808609961e-02
-4.067767616742478110e-01
5.509373583356973469e-01
-8.569487010521510406e-01
9.926717041137331776e-01
7.609442765642562279e-01
-7.530538520879702657e-01
-5.210309448833041479e-01
5.951231926712010623e-01
8.291719446796999016e-01
-5.128929671675942492e-01
3.516208674874706785e-01
5.721396240545293388e-01
-4.951821158158646874e-01
-1.275311450230909305e-02
-2.956261195740507164e-01
-1.000000000000000000e+00
1.981970730631008593e-01
-1.128971336166331163e-01
8.871387404058239667e-01
4.680127599725804610e-01
-7.799859380463820546e-01
-2.620286290175677726e-02
-5.722054910468439282e-01
2.966205487650777073e-01
5.927171659614494104e-01
8.400047590648175300e-01
-1.022968580880873612e-01
6.583956914895141566e-01
6.127268123636315789e-01
-2.454935766660796548e-01
3.155355755332717727e-01
-8.854402189658752143e-01
4.683108584372224215e-01
4.454193187269370191e-01
-1.648411601086694489e-01
1.264668530650578937e-01
-5.216206001243983703e-01
-1.512916246527706843e-01
-5.011156567974457410e-01
-2.783337133469154789e-02
2.973866537307017222e-01
6.583265146808822132e-01
-4.461564406496109081e-01
-9.756454092283926016e-01
-3.337068724034375489e-01
-2.105710796459772105e-01
1.000000000000000000e+00
-1.825664200072121268e-01
-6.534721518561198428e-01
4.666244693562414114e-01
-7.509305086658821793e-01
-1.000000000000000000e+00
7.730023054786232528e-01
-3.177798112144111231e-01
2.126074444166704130e-02
9.355854023837624212e-01
-3.070622235166176051e-01
7.757629262651115631e-01
1.000000000000000000e+00
-7.268370572066449320e-01
4.214004339164236779e-01
-1.000000000000000000e+00
-3.790433322877519440e-01
-5.188112503356547833e-01
-1.000000000000000000e+00
-9.443293316411294214e-02
-5.025413071060644832e-01
-9.586272509762280292e-01
-2.933867883285137812e-01
-9.728706798105981601e-01
2.378228509324158413e-01
-1.151913731360332260e-01
-1.000000000000000000e+00
1.477207578587681480e-01
4.457251972810370444e-01
-7.879719852531463786e-02
-6.969319807389877663e-01
-9.990735083426994789e-01
1.000000000000000000e+00
2.584912102472110562e-01
-2.251387898130303711e-01
1.196666945889865996e-01
-2.783397650522088096e-01
-3.321509570720551641e-01
8.602571200124338180e-01
9.743438167190983101e-01
-9.016577485279686499e-02
5.990961879487333164e-01
5.821570712059929154e-01
8.752430506183203063e-01
-1.000000000000000000e+00
-1.000000000000000000e+00
-7.638585773427517545e-01
-9.223298695239781075e-01
-2.478939611136303511e-01
-2.708764965346722731e-01
-8.732324202163972426e-01
-4.215204171837415581e-01
2.203107620099365449e-01
-8.966112202022309408e-01
-6.686444818041545890e-01
7.964417664239787920e-01
-8.539833150278164364e-01
9.559996847591069047e-01
4.820566495638458626e-01
4.292473693437962035e-01
1.579114685756362046e-01
4.902355719476032547e-01
6.119837226078099768e-01
-9.281769209746211224e-01
-2.308210756650650453e-01
8.623666910419796050e-01
7.366916631050324238e-02
9.536492796703877062e-02
1.000000000000000000e+00
-7.968979071981308060e-01
-1.000000000000000000e+00
-8.538368590528002677e-01
-6.798511032773780771e-01
1.540165267990243614e-01
-9.274740748815623048e-01
-3.504234283958019280e-01
3.689440472272114135e-01
1.482970814174142116e-01
-9.192964243030701255e-01
9.845851012596154028e-01
-9.492879829507268052e-01
9.185092443238196402e-01
3.045655533405104975e-01
9.726600057283323331e-01
3.947905191118634693e-01
-1.000000000000000000e+00
9.837044020722074400e-01
1.000000000000000000e+00
-1.047791964794979602e-01
-7.931429765955160249e-01
8.022561818458990857e-01
7.075166805877197707e-01
1.000000000000000000e+00
4.546143316306854310e-01
1.000000000000000000e+00
-8.667696601971652814e-01
-3.245392441116945470e-01
-6.533596463886637284e-01
-6.355291398397101554e-01
1.656650849618794830e-01
4.709127024891848201e-01
2.236975236925382027e-01
-3.884999249612526295e-01
1.000000000000000000e+00
2.517443332377896636e-01
6.831573435435465136e-01
6.827839349433724170e-01
-7.220658883754103030e-01
