-5.414654750034942898e-01
5.586479086617153200e-01
-3.528248315605873042e-01
3.241717431624237533e-01
4.596892272593813278e-01
-4.189367896258939794e-01
7.541352484179002502e-01
4.193455070315199595e-01
-1.944298262626065199e-01
-2.091918785956929927e-01
-2.497967497448898566e-01
6.232898222334990468e-01
3.904740653325533550e-02
1.000000000000000000e+00
-7.531155028726466139e-01
6.626831105582435821e-01
-9.735323604777712525e-02
2.200225384800802431e-01
3.874393818202317430e-01
6.003261477445926975e-01
6.043543868923055840e-01
-1.000000000000000000e+00
5.896011050892973060e-01
5.035518221390655746e-02
-8.181889919531837307e-03
3.899510857010399789e-01
-8.427414763647120832e-01
-9.150622691529169961e-01
1.077840169854471508e-01
8.061130043634139319e-01
7.738514104923730486e-01
1.000000000000000000e+00
6.290618974970074717e-03
8.248627983021097343e-01
-2.767993748849986169e-01
4.316863594283584238e-01
3.430316323946356327e-01
-4.845931573627975109e-01
-1.277514720517107794e-01
6.593639572304670349e-01
-3.107288147699057701e-01
-6.238781241181703408e-01
7.455284331149989452e-01
5.818228730193535370e-01
9.840957411269812827e-02
1.639087196764922316e-01
-6.945617054597352791e-02
-2.538522301965955297e-01
-7.761458831798424551e-01
-3.174039129462344344e-01
4.552602938193079929e-01
2.242264351688665336e-01
5.149192275652598738e-01
-1.171176170544185879e-01
5.166156317352643690e-01
-4.968456705160344544e-01
1.710707522885578369e-01
-3.845421823695092112e-01
5.431952043149352871e-01
1.245402064776188755e-01
-9.481829190851820410e-01
-3.143652563583194670e-01
-6.749741342825839041e-01
4.841411975169174209e-01
9.644125989069787241e-01
2.185596930283558725e-01
2.070729836157347847e-02
-1.000000000000000000e+00
-1.419986670864661904e-01
-4.739203214467919700e-01
-3.220914331482863102e-02
1.282773962943317692e-02
-7.778103010561474573e-01
8.512246142432813301e-01
5.085771581046754086e-01
-1.014054481830495291e-02
3.022145040680304096e-01
4.222403781011574431e-02
1.647135840377778049e-01
-8.139538357397629875e-01
7.852646879375433375e-01
1.918745642082764213e-02
5.046465034745222233e-01
-2.371116504187602558e-01
-1.422891398509973371e-02
-5.038956399779976891e-01
-3.621531374538223269e-01
-7.805154716809947768e-01
6.168159156578629787e-01
2.552157496907989653e-01
8.120293980565129743e-03
4.049761565653064999e-01
-5.428578177155818363e-01
3.018529869716231051e-01
8.571326962599745691e-02
-1.549726080818247809e-01
-4.508935695728699677e-02
-3.931996330473142010e-01
-5.769408546825296469e-01
5.839795238664982069e-01
5.498361404908003180e-02
-7.529821836396002332e-01
3.445040883633261330e-01
6.800163061109549822e-01
-8.219584525112799689e-01
-9.281954683322997113e-01
3.780069920717741838e-01
-5.234772607865685323e-01
-9.389282476443006065e-01
-2.904632982599920643e-01
-6.424734052964005127e-01
-5.374667216458728358e-01
6.471713417586790751e-01
6.618936160465827001e-03
-1.000000000000000000e+00
-3.163516579539851215e-01
-4.851147064118426222e-01
-8.995094722161978140e-03
-8.467977730158982030e-01
-1.769897566764717656e-01
1.000000000000000000e+00
-7.895834047043047699e-01
8.247820911572667502e-01
-4.162500271284015341e-01
-8.063189880745822435e-01
9.942177496513943113e-01
-8.911037271363552170e-01
-4.361484293131570045e-01
-8.411402512554024824e-01
-9.011750926947794671e-01
-2.857899074164292896e-01
7.483236755676654361e-01
3.523045509456512736e-01
9.096407448723196065e-01
-1.228252970064791505e-01
-4.699101623954747287e-01
8.380139531953583187e-01
4.197588375519254456e-01
-9.892350028500558334e-01
5.958428252052589968e-01
-1.288159056924795820e-01
7.791186547928428130e-01
-4.912342305734127557e-01
4.407418578997410741e-01
3.138310630999401329e-01
-7.669117576501982558e-01
-5.423919054056214328e-02
-4.024397785614672873e-01
-2.889769672082811436e-01
6.826380291114020338e-02
5.004283848815145319e-01
9.440075063432560309e-01
-1.912880338761499266e-01
-6.362151530058233195e-01
1.778602880450752544e-02
-3.629426197980191726e-01
-7.457617154128741710e-01
8.999496238083701805e-01
1.115361577294446960e-01
1.530274419966541899e-01
-4.566544274245847301e-01
4.103602026467176866e-01
-1.000000000000000000e+00
-9.301057190933510466e-01
-6.942054353521633914e-01
4.045727190174228105e-02
7.657898360401367288e-01
1.690127935666621561e-01
-7.669431650813189894e-01
5.605626180364433608e-01
7.550915776809958846e-01
1.000000000000000000e+00
7.952428767922701258e-01
-6.155062801617641188e-01
-4.020953834956035866e-01
-2.516096578812785367e-01
-6.204398934333277271e-01
-7.759651469101394028e-01
-2.565088841664500130e-01
8.416484332227680554e-02
-2.546602750704965445e-01
-3.147402168932738054e-01
-4.117296150515742381e-01
-5.600257815650080406e-01
5.049460540860721824e-01
6.080419393211684564e-01
-9.044560032979029884e-01
5.819860097813507327e-01
5.578785398205312607e-01
-7.066877234265638297e-01
-3.045821500408116833e-01
8.143522995324592451e-01
-5.170574609139813038e-01
-4.874233945012818037e-01
2.122859503435919615e-01
-2.413557502593755011e-01
-5.095024054140691039e-01
-7.088973259878608157e-01
5.171998833826576547e-01
1.411650753444659845e-01
5.863065472774806608e-01
5.484446893663507128e-01
-5.709757132432027316e-01
-3.888602256322168382e-01
-6.857961968320097634e-02
-4.403132330964971697e-01
8.082766801075862428e-01
2.154598198391322050e-02
7.619904651337636725e-01
-9.506751351395876792e-01
-7.651056596332672655e-01
-6.020081678805286884e-01
-1.000000000000000000e+00
-6.651055367725096090e-01
8.936905684639879777e-01
3.267967095680255341e-01
-9.305927720588489382e-01
5.701144531702420082e-01
6.858762092734802529e-01
2.746296624207443249e-01
3.174765360285047855e-02
-7.883547916192856775e-01
2.550461280528124597e-01
-9.220375589734001176e-01
-4.477941036464565538e-01
-6.209801370764065354e-01
1.943028979485208474e-01
4.299596969976904326e-01
9.927242120390202818e-01
-9.011735472807884673e-01
-6.952426796496689043e-01
6.512288524936502565e-01
8.242926080685708534e-02
7.134349389312002465e-01
-1.638481654669687870e-02
2.551798469464003905e-01
3.119437614671938253e-01
6.128758259172351064e-01
4.249199222452000324e-01
7.614608842375124587e-01
-1.000000000000000000e+00
2.276446277009779307e-01
3.776198078211345788e-02
-8.291159340666205413e-01
7.097838847635069559e-01
-8.686356871464326890e-01
1.188321670090117244e-02
-3.881568795976018116e-01
5.900192461352149476e-01
9.737081843611645748e-01
9.402682228972383260e-01
-7.370040654410945358e-01
-1.954741667444113151e-01
-7.166652741572154817e-01
-7.470260982150866980e-03
1.000000000000000000e+00
4.774820685442893176e-01
-1.910031155233180566e-01
-1.000000000000000000e+00
7.233750927860027602e-01
-4.662776269147554942e-01
-2.984832432909706457e-01
8.262285684263694918e-01
2.043735856330504141e-01
-5.640621632689237774e-01
