3.579728283163605140e-02
-9.946391653733547278e-01
8.400467799743690511e-01
-9.654231369506022231e-01
-9.726157015018528640e-02
-1.000000000000000000e+00
-3.260517532821399778e-01
-4.930002811855449529e-01
1.151256955135392251e-01
8.633766181560633690e-01
8.213022420112707778e-01
-8.575203216412782270e-01
-1.623949663160707546e-01
-1.983042682501833243e-01
3.575710450143682051e-01
-1.000000000000000000e+00
1.000000000000000000e+00
-9.632415557224223157e-01
8.650605327187982363e-02
-2.814003052180096276e-01
1.000000000000000000e+00
-4.114550967536367287e-01
-4.819428717146766461e-01
-4.662109154894998886e-01
-5.032281410674177557e-01
-2.423823706375133058e-01
1.000000000000000000e+00
-1.424676901454491884e-01
-6.856355688215631794e-03
-4.490358842910925907e-01
1.369867898286224739e-01
1.000000000000000000e+00
1.000000000000000000e+00
6.480269327635772569e-01
3.812502832806869968e-01
-6.580872720807772192e-01
-3.964500672130276127e-01
3.398455665786981328e-01
-7.892802604920154952e-01
-8.474266992975987289e-01
-1.459481113785189577e-01
2.870240261218164890e-01
-1.000000000000000000e+00
4.077722620889049354e-01
-1.000000000000000000e+00
4.130307172945526517e-01
1.000000000000000000e+00
1.488889595161110579e-01
4.427410468636826524e-01
-1.000000000000000000e+00
-2.642400348689735168e-01
-1.308690938333638698e-01
-4.672022538126695546e-01
-7.646997168946330081e-01
-1.000000000000000000e+00
-1.066987579339203351e-01
9.823028007350337321e-02
-5.606391360118259115e-01
6.058108499917821410e-01
-9.863975401648369390e-01
4.095312325322260083e-01
-1.000000000000000000e+00
-9.170689468072181771e-01
1.000000000000000000e+00
-4.316393706183108137e-01
-6.519132718933269288e-01
-1.828259014537265692e-01
-4.215714459169578321e-01
-4.706655396002622505e-01
2.097236989144986019e-01
9.397865827270961425e-01
7.438963289379321164e-01
4.514027183687346345e-01
-6.700139794650123992e-01
-2.760676464714762468e-01
8.670902038867444039e-01
7.473564837782319392e-01
-3.281945299362089008e-01
-4.191112832725578108e-01
-7.449434979400360035e-02
-2.688284750053715477e-01
-1.000000000000000000e+00
-1.000000000000000000e+00
-7.235780762133048327e-03
-8.989985615775559769e-01
1.785093342435184471e-02
-6.293139385485090331e-01
9.847354184330816551e-01
6.847725339764627606e-01
-9.063092258972494930e-01
-9.842776359740008640e-01
-7.865741906509396975e-01
-5.341294992013613241e-01
9.772477533429099750e-02
-6.969914708152242788e-01
-5.293847585079274332e-01
-1.851509156441208948e-01
-5.513481872247547599e-01
1.066646495720112581e-01
-9.677627046036862968e-01
7.628175737670732648e-01
7.007692140515725532e-01
-1.000000000000000000e+00
1.000000000000000000e+00
-5.988892535032033226e-01
-1.000000000000000000e+00
-5.757658806487959691e-01
-8.040940163481726799e-01
-4.603247192940793098e-01
-9.516591180424331942e-01
-9.347256500151183145e-01
-6.635532776033027380e-01
-1.000000000000000000e+00
-2.728347305461060746e-01
-6.638771666119849257e-01
1.000000000000000000e+00
-6.657986343745517233e-02
-9.253539699042812039e-02
4.547007606552722070e-02
-1.000000000000000000e+00
2.296772551926300199e-01
8.726188324506284344e-02
2.963561197718135864e-01
9.701292537639005786e-01
5.786859804249604444e-01
-1.000000000000000000e+00
7.371173690525411049e-01
-6.852117591053485945e-01
-5.452268339085531990e-01
-3.618293104224343804e-01
2.000596108929240113e-01
1.000000000000000000e+00
-4.296839606751398088e-01
1.000000000000000000e+00
-8.292029251774107879e-01
-1.508161847179790849e-01
3.803456340946593794e-01
1.581536674569229417e-01
-3.030952352483999301e-01
9.999897502339950561e-01
8.425317553716128449e-01
-1.000000000000000000e+00
-2.032426147493033297e-01
2.753253347242412552e-01
2.760038790536101239e-01
-3.674837837564095544e-01
-4.976102033187799201e-01
1.000000000000000000e+00
6.127828744991332677e-01
7.311516329898501976e-01
-9.159978804155683996e-01
3.559723790017582656e-01
1.000000000000000000e+00
-1.645274785722782851e-01
-5.693627973993585778e-01
-1.000000000000000000e+00
-7.946620277024191159e-01
-1.000000000000000000e+00
-9.557498148557358464e-01
9.543128769596050942e-01
8.351796753759006542e-01
1.000000000000000000e+00
2.812466985358582083e-01
8.038379037985003972e-01
-5.840930979691238978e-02
-1.000000000000000000e+00
1.000000000000000000e+00
-2.371072751526661637e-01
1.000000000000000000e+00
-4.317380445112298792e-01
-5.147474450556492886e-01
-9.273561381657694502e-01
5.561727177019506474e-01
1.000000000000000000e+00
9.329668435215549005e-02
-8.507593721528189379e-01
5.520502651707333286e-02
9.547590577397823131e-01
-6.596904843086961456e-01
-1.254040874841244602e-02
-1.000000000000000000e+00
2.351232048891472859e-01
2.498683504801640365e-01
-3.122063157253565646e-01
1.000000000000000000e+00
-1.000000000000000000e+00
7.608032480130657582e-01
-1.000000000000000000e+00
-8.128192174878159371e-01
6.978059598161823196e-02
-3.584067291002934752e-02
2.592590860285430843e-01
7.415812934934307155e-01
1.400596248306104075e-01
-7.206573789023864585e-01
1.965020256180454172e-01
-3.500897787592694432e-01
1.000000000000000000e+00
-5.234125951794960097e-01
-6.186985006842891099e-01
1.500553495648759283e-01
-8.996610135425681110e-01
9.052421304897649845e-01
-1.000000000000000000e+00
-9.733200386154283734e-01
3.124572655765391893e-01
9.027294884388006313e-01
7.302863730152613364e-01
-1.000000000000000000e+00
-1.000000000000000000e+00
-4.368268118297114477e-01
-6.423805445216858034e-01
9.324498945161643348e-01
1.000000000000000000e+00
7.228703940477454459e-01
2.254226830371354184e-01
6.660370173470848698e-01
7.362477806006048064e-01
-3.797063706319704357e-01
1.457024726240984114e-01
1.000000000000000000e+00
3.786081980270264991e-01
3.115168599583121312e-01
6.291110294711905748e-01
-9.520002439013002249e-01
8.190319639348044856e-01
-4.434985386549016306e-01
-9.919464895156827611e-01
1.000000000000000000e+00
7.106938802905754526e-01
-6.172472032536048259e-01
6.699579086792595284e-02
-5.716536694867324631e-01
-1.000000000000000000e+00
-1.061249083848189861e-01
9.942986385777463632e-01
1.000000000000000000e+00
9.741831578559694282e-01
3.162237854987389740e-01
6.063295908354251473e-01
2.422159848538378568e-01
-1.000000000000000000e+00
-9.427513022938903697e-01
-1.000000000000000000e+00
7.488381431382138409e-01
-8.670429673344671739e-01
-9.568473832505159926e-01
1.000000000000000000e+00
9.113621087058166870e-01
-1.000000000000000000e+00
-1.559450786323069993e-01
-1.000000000000000000e+00
3.202760985911843328e-01
1.000000000000000000e+00
1.000000000000000000e+00
-2.945154523497502952e-01
-1.000000000000000000e+00
3.136301840519203354e-01
1.259660870685485046e-01
3.622910075208525260e-01
1.000000000000000000e+00
-3.149651408694574828e-01
1.948263487297975660e-01
-8.073519790698258092e-03
1.000000000000000000e+00
