-6.849071583844860978e-02
1.000000000000000000e+00
3.342631047516497200e-01
-5.150202126397075419e-01
-5.621518867781921669e-01
3.056000862119019335e-01
1.000000000000000000e+00
7.195828452413312037e-01
-2.016894544528634314e-01
2.493981383274083696e-01
-9.755568037751906063e-01
8.344962760567620208e-02
1.204355038445657500e-01
1.518245573108960023e-01
7.791596933343960529e-01
7.843642424922225853e-01
2.638563753011787805e-01
2.283942922374253004e-01
-4.777127882305774453e-01
2.830739680280773829e-01
6.799898688038590044e-02
2.460147224491548990e-02
-3.858591102815028817e-01
4.963794790622914066e-01
1.000000000000000000e+00
-3.256502376433623169e-01
5.883587148258859756e-01
1.000000000000000000e+00
5.004061301612557910e-01
-6.361926585905873510e-02
7.375369391968872312e-01
1.239712329470949448e-01
-3.249980573887565338e-01
-1.615867590911145013e-01
1.000000000000000000e+00
1.077614452746178397e-02
-3.981872651067457913e-01
-1.376559894638208492e-01
-2.056357137158139337e-01
3.525315444449534374e-01
-7.927763971244546903e-01
6.241913595948592186e-02
1.892784896649375714e-01
-3.363577696042366894e-01
3.554275176042565043e-01
6.361326551775120519e-01
-8.838469841642225822e-01
-1.160625035984044484e-01
-6.915385946243435278e-02
-2.649351105919389715e-01
-4.101663252536992821e-01
-2.412027044893765571e-01
1.000000000000000000e+00
8.987526576527237188e-01
1.000000000000000000e+00
-9.960178964018192582e-01
-4.216825998692808608e-01
-7.644874369988435836e-01
-4.963859073079060491e-02
-3.659331144838637306e-01
1.922835122996996993e-01
-1.453639450128404453e-01
-8.846083998754801225e-01
-4.526242983114846519e-01
9.203577251740133747e-01
8.213527229182084888e-01
5.417815474350554661e-01
3.256248491674591516e-01
8.518704848956484277e-01
-1.000000000000000000e+00
5.526537602113111847e-01
-9.516278131347348790e-01
-3.881349575851611999e-01
-1.302746619971922315e-01
-4.518039093155322150e-01
-5.665024609439962555e-01
4.503113362534768571e-01
-8.542223616237283323e-01
6.188808065714662687e-01
7.582644857703477737e-01
5.190100159832384402e-02
8.319267944132971992e-01
9.261163910333020111e-01
4.610790773121173913e-01
-8.336720524525347287e-01
-1.506036114320938868e-01
1.000000000000000000e+00
-3.270743454104095838e-01
3.675886208171275094e-01
8.845128806966995327e-02
-4.031467658665180975e-01
-6.174636179562986715e-01
2.808321137212377305e-02
-9.551160251301163973e-01
-1.056173702076566301e-01
6.139037363606454356e-01
1.000000000000000000e+00
2.813823264952700631e-01
-7.903986946647539868e-02
5.907949794431460733e-01
-3.808073764476681972e-02
-4.320376442485042157e-01
2.077266829672382853e-01
-2.493500718125112314e-01
6.781424186114246577e-01
9.766896789195059769e-01
-9.692775327453549972e-01
9.268556711932177672e-01
2.814004063163770830e-01
-1.000000000000000000e+00
-4.670015988337591351e-01
-7.375128143503667522e-01
1.000000000000000000e+00
2.600811300861844977e-01
-1.661830515007623188e-01
-6.157439105920069489e-01
-9.697892295545246233e-01
6.370383145908855571e-01
6.541079895501434871e-01
-3.407648127002150806e-01
-1.002056046729526417e-01
4.536171919429788368e-01
-1.000000000000000000e+00
2.618343602324255670e-01
-1.000000000000000000e+00
8.450835475702803135e-02
3.808596176531145461e-01
2.813598826650877127e-01
-7.691313501301008104e-01
-8.553806657921090295e-01
-6.283093696496349079e-01
-7.312012742424354172e-01
-9.527553675868776217e-01
3.214352808775530757e-01
-8.882449498360115436e-01
7.270316473234905708e-01
-5.190553060920614081e-01
-3.885007225215131865e-01
-4.971734468543519414e-01
-2.455643177975881941e-01
-8.485514174046964175e-01
8.833494362002032307e-01
3.053290772963059840e-01
6.646667097189104534e-02
1.000000000000000000e+00
5.097319100643403766e-01
-3.312316067561920097e-01
8.198456477432322642e-03
3.740619831632066017e-01
-8.391924981974716591e-01
3.551330497384704854e-01
-3.857694808182172697e-01
8.080571800062408272e-02
2.579559749035548744e-01
1.228698896203623131e-01
1.152197511214886894e-01
1.983648020938426626e-01
-7.072846348489080226e-01
-9.997235840659476347e-01
7.216177426848702225e-01
-8.376261665628557118e-01
-8.917878320543976001e-01
-2.656334551918122511e-01
-6.179342446438208514e-01
2.121156164202157302e-01
2.830017915170192078e-01
-3.631021881837997456e-01
-5.533438792783368365e-02
-3.435525614166597408e-01
5.223426171556824205e-01
6.652030983817913690e-01
1.964462196787505333e-01
1.000000000000000000e+00
1.000000000000000000e+00
-5.315284631692589468e-01
8.963293927383166881e-01
-1.921862229372175712e-01
-2.709250225891077779e-01
1.000000000000000000e+00
-1.000000000000000000e+00
-1.000000000000000000e+00
7.020444428697174555e-01
-7.564922266068763168e-01
-3.928894550160964005e-01
9.270219412632950684e-01
9.043111756960973135e-01
6.131354462491993562e-01
4.110749333362530566e-01
-1.530187394424679381e-01
-3.747641701225109534e-01
8.256657630132924197e-01
-1.605562609195587687e-01
-4.793697503663885695e-01
-6.386623068810722004e-02
6.265007126606604304e-01
3.302426295153643165e-02
-1.769503162912965388e-01
-2.878350179572617407e-01
3.422560403939302054e-01
5.133943173504953439e-01
8.525975654216143562e-01
-9.979395917448505848e-01
-4.051647497383169261e-02
8.057663873725707804e-01
1.000000000000000000e+00
-8.302752267506496864e-01
5.227774441612285938e-02
-9.840449062653988666e-02
2.967773851599497803e-01
6.243556664897017550e-01
-6.103487718231179748e-01
-1.759646700711954004e-01
8.571010367965145038e-01
3.875123502100209505e-01
6.458443737524042216e-01
-6.635142729356976465e-01
-5.073012821211446699e-01
8.566673502846468002e-01
-2.850972740977030240e-01
3.149354272372433816e-01
7.548887781306236333e-02
6.422709617924715619e-01
-7.316544499657261225e-02
-9.831275069535230782e-02
4.542109789171409062e-01
-1.345598001924173670e-01
3.310191218020610004e-01
-6.657697449665461731e-03
1.524240994417301598e-01
-3.498379476170865865e-01
8.533468037730179701e-01
-9.715278747566887807e-01
2.613653968094342347e-02
3.859520789182396827e-01
7.741953890635593361e-01
-1.000000000000000000e+00
-5.660372074386208485e-01
2.504683475145972893e-01
-2.967094654923019270e-01
-4.205328722174740963e-01
-2.395836937492139829e-01
1.000000000000000000e+00
-4.401339122639725404e-02
9.188279947797974856e-01
-7.402117015750561690e-02
-9.308537234673723848e-01
-2.363616716018845376e-01
3.809649880878174799e-01
4.156847241841732932e-01
5.750512866752478525e-01
9.748941440288049209e-01
7.935171750259073509e-01
9.045897816203252173e-01
-4.224907445778242621e-01
9.970962335042795610e-01
5.694805123051863704e-01
-7.076501554980001440e-01
7.789531489375287610e-01
5.494132254402098736e-01
3.732507024478027291e-01
-8.558161729628798176e-01
-5.782552370672734421e-01
2.350048639144255991e-01
-9.252529686355477345e-01
-1.000000000000000000e+00
