-3.747663838890520349e-01
3.893689340111805008e-01
2.911878360825921330e-01
5.906502795022393615e-01
2.372776782904437720e-01
-5.510249785329084382e-01
2.666642057989250872e-02
-5.609033095988349427e-01
-2.223821512788143606e-01
5.363962554243950631e-01
-8.905660176743159795e-01
8.115217492869035709e-01
1.000000000000000000e+00
4.434036446525418951e-01
5.489351166970968254e-01
-3.031572457182672986e-01
-2.286290114367555137e-01
9.468362568115595845e-01
4.276075587680157053e-01
2.402824894718722515e-01
1.282344735012579395e-01
9.173206409334699885e-01
-3.929318271061830736e-01
-3.868883035493335676e-01
-8.512564152391417505e-01
1.707833920584895526e-01
8.137274864152252984e-01
1.110198633076719954e-01
1.763994111973863355e-01
4.861513176719098328e-01
5.417194687860764635e-01
-8.407814180023709394e-01
6.176063247742729079e-01
-2.921466403137089607e-01
3.084006168836965767e-01
1.861465537133939474e-01
1.083651136206442711e-01
-6.680099853513692398e-01
7.727879688077921028e-01
-7.448776552930476136e-01
-4.678556594784000211e-03
1.278432010256251861e-01
-2.588322369248248767e-01
-1.146005828393852344e-01
-3.588349042173932801e-01
-7.307190689359344127e-01
-1.000000000000000000e+00
-1.000000000000000000e+00
9.349876577207116846e-02
5.357074983437404292e-03
1.680320354632114377e-01
4.842176140632902803e-01
-1.031847715374864527e-01
-8.967347886189798167e-01
4.171966577048573099e-01
-3.849754773445503986e-01
-1.495070403744439003e-01
4.396689772939050833e-01
-2.033592962937316173e-01
6.766332209922337748e-02
5.092405949802758514e-03
1.578285377038546322e-02
9.705754359780980334e-01
-7.590352768199786215e-01
3.707997556302295994e-01
4.067454406440532133e-01
1.767316315208804500e-01
2.940229770719593461e-01
2.047760478186766431e-01
7.708105572334953415e-01
4.133529309271453123e-01
6.699424616928486564e-01
-6.193764496087302840e-01
6.170640582103077421e-01
-9.736449374850599803e-01
-4.669579251607609560e-01
-2.222858868126282861e-01
9.342754830074888606e-01
-3.093553746950030714e-01
-4.066288373573463399e-01
-2.091046387680572244e-02
4.768891412300658994e-02
-2.303911207879163481e-01
-1.414195239759665768e-01
-7.090174638057491485e-01
1.647598845251816435e-01
-9.458728736393302583e-01
-9.603400238944548306e-01
7.397574477429430528e-01
-7.272958038793542190e-01
-4.360644500729818351e-01
3.331020612573750705e-01
-8.568254651838191904e-02
3.357667339133652007e-02
-7.716564955130916781e-02
-5.923869683796546548e-01
8.492953715746233423e-02
-6.280957833131639578e-02
6.120882888604202154e-01
5.231320267487176157e-01
-7.432567484212395659e-01
-1.621313052132296040e-01
-8.640023553061757511e-01
-2.228344638238439757e-01
4.114829593753718817e-01
1.381533825678256111e-01
-5.081902198408895233e-01
2.864497237961516340e-02
8.867286744275082455e-02
-8.165011931799690537e-01
-3.142320561469431617e-01
-6.371198800607085211e-01
5.937340518469154116e-01
-1.000000000000000000e+00
-7.444923362846761483e-01
5.424288285210714378e-01
1.628928571056257324e-01
4.212976651006030693e-01
-3.643542395785548393e-01
-6.614066105418984209e-01
2.384031199980955751e-01
8.201737045611383614e-01
6.963667283393024654e-01
1.358048532407241105e-02
9.995587268730803387e-01
3.693385290001247601e-01
5.576428351753850432e-01
1.326292701991624856e-01
-9.341044914109173369e-01
-7.972479229839180004e-01
9.721323697559091093e-01
-6.071188546743737646e-01
-4.443955717376435466e-01
-1.000000000000000000e+00
1.445369124744562417e-01
-9.499923464387122207e-01
-6.706696677320523881e-01
7.204507547140261980e-01
-5.757603655776732943e-01
-3.351264014064485597e-01
2.389431224177784863e-01
9.625858177361186208e-01
8.978802545539863456e-01
-8.048954994300960841e-01
1.147780087647569114e-01
-7.062931339263757158e-01
-5.538435660311787911e-01
-3.901036255916128237e-01
6.142210780805568149e-03
9.357700827363251150e-01
1.000000000000000000e+00
3.495123644596422885e-01
4.539063332460747113e-01
6.935287848398716815e-01
-7.445549487048281900e-01
-2.609347991154231106e-01
-2.485963432961826869e-01
6.987896780481814840e-01
-5.807048383018340587e-01
4.225857222257108775e-02
6.541092235955956458e-01
9.061247118944485424e-01
3.194113733918853004e-01
7.896305305198436653e-01
-7.436940343333819925e-02
1.398866185859748423e-01
-7.046356200654595447e-01
6.215603246443728302e-01
-7.647309056012331629e-02
6.735399022065329255e-01
-6.649447026452310894e-01
-7.060904522100233116e-01
8.095403968540773043e-01
1.990754802754095831e-01
-9.955226808454349374e-01
5.889786068513671591e-01
-1.948513248913008589e-02
1.562519768728575231e-01
9.791989376735020789e-01
-6.056961788329383589e-01
7.481891953930493999e-01
6.467015302531367582e-02
-3.866301133240575005e-01
-1.574818116733978646e-01
1.639604406364822964e-01
-6.090304303579046064e-01
-2.543006073412381607e-01
1.107180663935270759e-01
-2.772192798110316159e-01
1.237204901500390530e-01
3.422242861543138837e-01
-3.296571204016197632e-01
2.760814947063681690e-01
-6.557682904597733620e-01
2.060973303082028196e-01
8.631031920632307175e-01
2.219479923072760208e-01
-6.512678655116868054e-01
-5.755531164120106791e-01
-6.161617393474155824e-01
-7.049221272051452436e-01
-3.939917793537071056e-01
-8.251284950858292500e-02
-7.012144836695007877e-01
-4.511892423471020042e-01
5.503226984340769956e-01
7.238097214038794469e-01
-6.544248306070926668e-01
-5.480189519737829196e-01
1.769732654264641880e-01
2.969652478574948962e-01
5.218246953014535894e-01
6.004398489265694305e-02
1.983833486958713754e-01
1.948808597856008795e-01
-2.394568277070339146e-01
-3.806710884496435909e-01
2.615686321368446143e-02
2.969351756375260276e-01
-8.019519180377358003e-01
6.677419339395107567e-01
5.495276571897862450e-01
-3.558533162239716496e-01
-5.522799819954782308e-02
8.915742284549859065e-01
-8.226754621462442074e-01
3.147223994068828468e-01
2.173173690383151668e-01
-3.173763040914338029e-01
1.961702615861077859e-01
8.694754251944625256e-02
8.217345593664677761e-01
7.975970568765504698e-01
-9.648950710855697110e-02
-1.701332919453875658e-01
8.029311315524247927e-01
8.302548090016512727e-01
-7.412327254725498138e-01
7.114542580274512140e-01
9.545514928483247452e-01
-9.485898619011440269e-01
2.928566542228796532e-01
2.191879119993545011e-01
5.125122844679816936e-01
4.842860431676504485e-01
3.639104608675115538e-01
6.940981410463216150e-01
1.382816867547891349e-01
-3.440501830825778984e-01
7.724331615700142928e-01
-6.576275960427452327e-01
5.079836320635077174e-01
1.866316869689055302e-02
4.000317132437751777e-01
-7.987280249603161408e-01
-1.079008987015324106e-01
7.235007814551119854e-02
3.629208463282722619e-01
5.968767265376767606e-02
1.098035920757587935e-01
2.577513571870606590e-01
3.394144939763275026e-01
3.534705087142702151e-01
7.334156352847363003e-01
9.503614896877146112e-01
