-8.421395290067169581e-01
-2.594461843714231386e-01
-6.151513516170159512e-01
1.018927769302979403e-01
9.385941727127644629e-02
8.928883772634975680e-01
-1.000000000000000000e+00
-5.999218555424143950e-01
1.000000000000000000e+00
1.000000000000000000e+00
1.445364710384757778e-01
6.927984627000804974e-01
6.910297514783169115e-01
1.000000000000000000e+00
5.242245399705625086e-01
-1.511548185328671079e-01
-9.886333791624648537e-01
-8.057629142076130346e-01
8.170369225505695887e-01
-4.380247556686371890e-01
-5.239840133120757804e-01
-4.791641070286830617e-01
-7.649875865206241521e-01
8.117143221182632207e-01
2.891236315072845953e-01
1.000000000000000000e+00
6.223330609036634709e-01
4.324873994469612404e-01
-4.825432378787272159e-01
4.880673764982416674e-01
3.057349556844507488e-02
2.160603944670347332e-01
-1.000000000000000000e+00
2.064236536557400303e-01
-1.000000000000000000e+00
-6.866419139460633314e-01
-8.575470482155895802e-01
8.502854108458816063e-01
-9.755556406204202169e-01
-1.000000000000000000e+00
-9.447825352291390200e-01
5.082268255133655099e-01
1.000000000000000000e+00
1.000000000000000000e+00
-3.203581540848428055e-01
5.335334405701337435e-01
-1.000000000000000000e+00
-1.000000000000000000e+00
-1.000000000000000000e+00
-1.000000000000000000e+00
8.525654645300594081e-02
5.465642523740011915e-01
8.661138884411913041e-01
-4.553477833183891543e-01
-8.388380625022204828e-01
-5.960410255076294961e-01
-1.832056943037582708e-01
5.303029215835418642e-01
-2.555336091936025733e-01
5.884202556132829276e-01
-7.841499746864762921e-01
-6.866250160211940790e-01
1.000000000000000000e+00
1.990448033828615126e-01
8.573592203236782838e-01
3.747175115390377620e-02
-2.758377483998554758e-01
5.531309439062551681e-01
5.885078948466390125e-01
9.602169904221978802e-01
1.629576399049288693e-01
1.119307496984184302e-01
-9.655831784189472522e-01
5.654482539225113014e-01
-8.232427224667324683e-01
-1.000000000000000000e+00
6.681524982684831082e-01
-1.578549092213292759e-01
-5.790301659557008929e-01
9.879389577894130969e-01
-3.722351942564849914e-01
-8.564433201702459364e-02
-1.285220160663681499e-01
2.491385377680004898e-01
1.000000000000000000e+00
-2.676291580019209970e-01
3.318086751909483656e-01
1.000000000000000000e+00
-9.712022493510142906e-01
-5.907644444805006945e-01
1.000000000000000000e+00
1.000000000000000000e+00
-6.105439756375884430e-01
-1.604378147014547396e-01
5.110310084703950650e-01
7.396259296751135359e-01
-6.144984432205300440e-01
4.439666836105186087e-01
-1.000000000000000000e+00
-9.411199288414908715e-01
-1.000000000000000000e+00
8.231573333298373152e-01
7.794471933215030290e-02
1.000000000000000000e+00
4.495346948057172831e-01
-9.829626480136159916e-01
-3.233360526695180370e-01
1.000000000000000000e+00
2.762244212740063709e-01
4.544549211133313005e-01
-5.424957632086604281e-02
8.265176179486725117e-01
-2.622386196792425572e-01
4.430748658504207738e-01
-3.401594945803095849e-01
-5.267414331008550832e-01
1.894807882655800135e-01
1.339857045323331053e-02
-8.230322926509593406e-01
8.804837752421645902e-01
1.000000000000000000e+00
-7.867520064796429402e-02
-8.732968774604874529e-01
1.142387660686284556e-01
6.661191270699637901e-01
8.341339608006768103e-01
5.517193752642343130e-01
-2.770355824378291018e-02
6.288873605432876435e-01
-9.137936578450395197e-01
1.783351654086876570e-01
1.752553136283050983e-01
4.272349936552792826e-01
9.054945789377941701e-01
8.895538242763032510e-01
-2.966535074430139973e-01
-6.716052425707954576e-01
9.664803574887079196e-02
-1.000000000000000000e+00
-1.000000000000000000e+00
-4.473690297719998266e-01
-9.148796272567251142e-01
-1.000000000000000000e+00
9.551436643608627319e-01
-3.526730299197895491e-01
9.570845559385752210e-01
-1.864734538413928555e-01
-4.711275120842096653e-01
-1.000000000000000000e+00
1.813583134003595720e-01
-4.183109862004258384e-01
-3.244262597762140321e-01
-1.000000000000000000e+00
-7.795141698816464570e-01
-8.603664837526071585e-01
-8.551135997194131422e-01
8.531719057237491244e-01
5.443241373466625177e-01
-1.227241975833206489e-01
-3.331413699085490343e-01
-2.505954805554774234e-01
6.209279262502043206e-01
-1.000000000000000000e+00
-9.062137423579101903e-01
-1.343584120616497235e-01
-6.921978635848282657e-01
7.054733356026240410e-01
-1.377271699124248405e-01
-2.805635735631807903e-01
-9.176937799387908656e-01
-3.286685831137353686e-01
1.000000000000000000e+00
9.219069982320632350e-01
-4.899276098122859469e-02
1.000000000000000000e+00
4.291444365608942935e-01
-1.929367922338925401e-01
4.307852124191963172e-01
1.620468575685030665e-01
5.650107266875352696e-01
-6.489949272474762054e-01
-3.883676345705107114e-01
1.000000000000000000e+00
1.832252399359144551e-02
-6.855719951741120477e-01
-2.350066849436122374e-01
-2.819876154707806060e-01
-1.000000000000000000e+00
1.000000000000000000e+00
-1.000000000000000000e+00
7.653222987819173762e-01
8.707874385666882766e-01
9.153391171873416221e-01
-4.150862476200356532e-02
-1.000000000000000000e+00
1.078949117536849231e-03
1.257039362265188753e-02
-9.654212343942749630e-01
9.563069188623934958e-02
-8.798066145918544967e-01
6.260148713273578913e-01
-1.775672735924767043e-01
-6.250911533799285991e-01
4.832834924077999972e-01
3.484107672731255878e-01
-5.590315840755618604e-01
6.794383459529895752e-01
-5.383950677082036118e-02
2.012836003110615168e-01
-5.342160202411434522e-01
9.075741153884361867e-02
3.825577748825692570e-02
4.641653218175847417e-01
6.789266159233731113e-01
1.000000000000000000e+00
7.565408633076633471e-01
8.218413137175369920e-01
1.000000000000000000e+00
1.000000000000000000e+00
2.176889547121991786e-01
-1.000000000000000000e+00
-3.204095004375289157e-01
7.625636965823923141e-01
2.535106609947528344e-01
4.055609035210307467e-01
-6.473144376344709405e-01
-1.611541556396162145e-02
-1.000000000000000000e+00
4.388167540903564756e-01
-5.684315804462463095e-01
-1.000000000000000000e+00
5.561745939554763041e-01
7.401844761208409285e-01
1.000000000000000000e+00
3.436755211652674502e-01
-1.000000000000000000e+00
1.000000000000000000e+00
8.559663238922283757e-01
1.958089205796404164e-01
-9.021032620550019088e-01
3.029154469381108439e-01
2.188386580414554139e-01
-9.554769676646037713e-01
8.535991666631307373e-01
2.190068902025223974e-01
-5.835817041446020870e-01
-4.751247415650670103e-01
7.862366200595790611e-01
-1.699568301637710555e-02
-2.972326796509793256e-01
-9.765230212395473730e-01
4.728791472356311254e-01
-7.543135381253531779e-01
-2.720125196340419382e-01
-8.265029874775863261e-01
1.000000000000000000e+00
-7.253958858900637630e-01
5.665078355747421579e-01
-5.405498361707384847e-01
8.851261032316952715e-01
-5.870587920637050372e-01
-9.194017597320792712e-01
1.000000000000000000e+00
-8.209339122251869680e-01
6.419382658010930331e-01
