-4.784278746341054100e-01
3.824369427783732567e-01
-4.114843062443601096e-01
-4.947993078221870483e-02
-1.240043809907092481e-01
-7.660784747870603706e-01
-2.309245632503133527e-01
-5.896606129202324187e-01
-3.754773766333276419e-01
9.182750225651464815e-01
-1.727866357102728623e-01
-8.994325641534585136e-01
-3.592194923086770575e-01
8.913813293448502595e-01
7.387099981105983426e-01
4.954343573148073943e-01
-8.646165138410305540e-01
-7.690354980332898549e-01
4.856286941773639843e-01
6.206526520955378545e-02
5.645194041304775479e-02
8.292572362758233728e-01
2.330604954624204139e-01
7.432745789875525588e-01
2.194252545477982930e-01
-1.000000000000000000e+00
2.573296553662249853e-01
-2.487304554858549843e-01
7.365313799098917036e-01
-5.401792606071298408e-01
7.995855701440672814e-01
1.000000000000000000e+00
-8.342794383148803838e-01
-7.312721337557195334e-01
-1.000000000000000000e+00
-1.477536654658787585e-01
-1.000000000000000000e+00
-1.585706785858810863e-01
5.252387299051441971e-01
7.496499651563902356e-02
6.064359179471779937e-01
7.817286818783727442e-01
3.223517240823432495e-01
-4.057265470286518516e-01
-9.350159771602888359e-01
6.548593840976237868e-01
-9.307747022965494610e-01
-3.968126008557283924e-01
4.391645363083279130e-01
3.192587374814200851e-01
4.723324310989630570e-01
-1.876062669880951550e-01
6.138141358393733871e-01
-4.662803680600779987e-01
1.949096834981379478e-01
-4.349562611813775348e-01
3.872129928522252684e-02
1.961996862638995809e-01
8.082387832359474444e-01
-3.898675435777427256e-01
3.508553039932046369e-01
-9.928826748209707009e-01
-5.307999976462376424e-01
-7.159510195455107695e-01
7.503760315461567298e-01
-1.000000000000000000e+00
4.486583913027720749e-01
-3.911571570223740801e-01
-7.393528789488663655e-01
9.087989162559044765e-01
-2.104389252919813824e-01
-4.044803607622682318e-02
5.782727622507278786e-01
-1.876325787450818239e-01
5.682257594075479368e-03
-7.438063946875252963e-01
-1.000000000000000000e+00
-5.352730151206921416e-01
9.386356283361970698e-01
-8.897323220808042166e-01
6.424620965851532972e-01
5.185077386817534828e-01
-8.897595655380062807e-01
-1.000000000000000000e+00
-1.029797014971783609e-01
8.923949921560503373e-01
-9.523117582637012912e-01
-6.199537118204285768e-01
3.023416683561203078e-01
9.936055825879732684e-01
-1.000000000000000000e+00
-2.958533085660150844e-02
-6.720971608757897453e-02
-3.138856621037611205e-01
-1.000000000000000000e+00
4.074398327779443774e-01
-4.708587022373486031e-01
2.435922341622140941e-01
-9.119187524093906871e-01
3.298636159960336434e-01
-5.365532832699374532e-01
-8.418366341126345409e-01
-9.834579900241076089e-01
-8.968293912102983656e-01
7.917996144380785584e-01
-7.404752487093334279e-02
8.047890215076622944e-01
1.000000000000000000e+00
-4.880935948278637415e-01
9.173664372950086632e-01
-5.201586671006713791e-01
-2.161613097437471431e-01
2.077800765355570789e-01
-6.691859252090293086e-02
-8.160094882993381704e-01
-6.173091371525291082e-02
-4.283116489045038847e-03
-1.000000000000000000e+00
-3.684606914216973506e-01
-3.255818702165007572e-01
8.912508445078533015e-01
-1.000000000000000000e+00
-5.015161153492173618e-01
7.744597671956707785e-01
2.003322024968533788e-01
6.850974862106335994e-01
9.017444086330499153e-02
7.511155176222004126e-01
-4.634216346382745710e-01
-2.118179840523312374e-01
-7.859619174772819461e-01
-1.775649155610088403e-01
5.316102456516121899e-01
-5.015850399239668578e-01
-9.223027051978817392e-02
-7.489047607318011224e-01
6.340646229730744210e-01
-9.148953196975884161e-01
7.356334422348578261e-01
-1.579565619000116994e-01
-3.699798669136817875e-01
3.818578727763402569e-01
9.406584484817612779e-01
-9.501591230298748192e-01
-1.000000000000000000e+00
-2.222437483125491997e-01
1.692760842227737650e-01
-5.523661083545817752e-01
1.000000000000000000e+00
7.985264199910709904e-01
-7.229143103846433771e-01
1.316466030793465025e-01
8.451449589803330387e-01
8.782398012733030335e-01
7.080575363041362591e-01
6.320869158419121225e-01
-5.230154822312489404e-01
-1.000000000000000000e+00
-9.611846828812561361e-01
-9.851249791065155303e-01
-5.237924761451254740e-01
9.342931551912527777e-01
8.173613315249494971e-01
1.000000000000000000e+00
1.899849053874635707e-01
4.484736863760147574e-01
4.885348164845433883e-01
8.745977344196487202e-01
3.196308390578896375e-01
8.701319108670355629e-01
-1.555023263760060004e-01
1.000000000000000000e+00
2.623464781705549531e-01
-8.174118981912081860e-01
-2.966153197383259998e-01
-4.273421789494616374e-01
-3.929155780326314962e-01
9.550364254581196199e-01
2.904452219997119000e-01
-1.000000000000000000e+00
-6.105844561536518667e-01
2.315615009674740765e-01
5.345141420861048154e-01
-2.953764184855170449e-01
-8.273047106781981075e-01
6.769160751802368869e-01
5.670784583940379209e-01
6.881343732583605766e-02
3.064933248324421683e-02
-7.144236781275729031e-01
6.400357592675711693e-01
-1.958526105254447258e-01
3.096674291315174576e-01
-9.518282959475382610e-01
-3.988956489603586730e-01
-1.203581833696402009e-01
9.187773803017628138e-01
5.098647528345732205e-01
-6.317535575627958311e-01
5.949425293120477187e-01
-5.236032660140241823e-01
-7.519772808049908219e-01
-1.000000000000000000e+00
4.723182681113387016e-01
-5.317450029643997489e-01
-8.529866365481146850e-01
-2.272573942457792873e-01
-9.944945696472070606e-01
-1.038692926756742962e-01
-1.668124200942909252e-01
-9.361414372746971191e-01
-6.758607837165305776e-01
6.513537768743991041e-01
6.135971156476547339e-01
6.928990302421982328e-01
8.537950789826069808e-01
-1.000000000000000000e+00
-3.196540353219766151e-01
6.643691037801560118e-01
3.930233188743166850e-01
5.190284462224636908e-01
8.505611464602983451e-01
-4.134922431178036928e-01
4.286408348600648788e-01
-7.354452104565970538e-01
-9.480938216460663703e-01
8.676299171971860735e-01
7.495771894319631645e-01
-5.109916905669805720e-01
7.291707115314929322e-01
-6.348576879973908405e-01
-8.370062328048002431e-01
1.000000000000000000e+00
-7.590319123150617298e-01
2.830417801240781017e-01
8.177842358832055902e-01
-1.000000000000000000e+00
-3.446312512058778976e-01
1.000000000000000000e+00
-1.000000000000000000e+00
3.260487770565831944e-01
9.423257324926603840e-01
4.663574459930450167e-01
9.557374426795856026e-03
8.182238173296368933e-01
-9.628198466717746706e-01
-3.383445186333166044e-01
-1.918097829100573470e-01
3.664384889996006311e-01
4.670675130612026438e-01
-4.793704088114464912e-01
-8.022025011110595072e-01
-8.250481987001941908e-01
-9.944113123518260045e-01
1.000000000000000000e+00
1.237323834512713550e-01
5.334645197769084524e-01
2.861225364744611754e-01
4.029677908076741977e-01
7.905676901794447820e-02
-6.770945349331752849e-02
-5.805974702772018770e-01
-3.043998161117492662e-01
8.300111187109505684e-01
1.000000000000000000e+00
