3.194025208417479167e-01
7.669065472426795926e-01
-4.937512332374242030e-01
-1.000000000000000000e+00
6.174999004676542946e-02
2.917664444976151294e-01
6.646796245302515338e-01
7.200770563946229386e-01
1.000000000000000000e+00
-3.223290184096710420e-01
4.537015138352072929e-01
1.000000000000000000e+00
3.774466783512475665e-01
1.432171836390655761e-01
9.750094254795910187e-01
2.742587101689730189e-01
6.619723120631493263e-01
3.772403376412677423e-01
9.713532718820769296e-02
1.847952752031152557e-01
-1.565938842888289495e-01
5.728232028327988612e-01
1.769500606280673960e-01
-3.730440487853027565e-02
1.463602318461482976e-01
-1.000000000000000000e+00
2.025433747441674481e-01
4.370344300019038952e-01
5.098371883213872469e-01
5.143385624185956573e-01
8.222673733033184496e-01
-5.703906186115464960e-01
4.100207543520306697e-01
2.630344509478306780e-01
-4.135428298458653784e-01
-5.538531936376533960e-01
-9.728440598081397606e-02
1.564254267838165735e-01
6.356219776407970867e-01
-1.337709827920405548e-01
1.281672861495444793e-01
-1.000000000000000000e+00
-8.736936158206777270e-01
-6.366049649900066276e-01
1.000000000000000000e+00
-2.044472064818509960e-01
-8.724303480496111707e-01
-5.675805823874987555e-01
-8.242043553384106325e-01
-5.375475768975164492e-02
-5.974153404716208149e-01
-1.000000000000000000e+00
5.827390255437507882e-01
1.000000000000000000e+00
-1.000000000000000000e+00
-7.617209433977548683e-01
1.749081387014980449e-01
1.000000000000000000e+00
-8.142756237936638053e-01
-5.818387163505682746e-01
1.083285861532818223e-01
-7.276924167672409460e-01
2.667728352107432421e-01
8.261041900979668728e-01
-7.844011691470916814e-01
-2.319375038096734287e-01
7.237721616646597411e-01
-4.347552083387229427e-01
7.888030710481053198e-03
-4.657094734309420447e-01
-6.563614086037752871e-02
3.022801339512250496e-01
-6.609224925330817735e-01
-9.185783718197633174e-01
-1.723664730967000569e-01
-2.927592539256476112e-01
7.136219446462331861e-01
7.433289074470981195e-01
-6.273566107159486704e-02
-7.346942521485257949e-01
-1.980662577499678334e-01
-9.743222194750527088e-01
9.073094783165052135e-01
-5.477265242127056510e-02
-2.966815744603005234e-01
7.089409872021370518e-01
-2.923455466944708259e-01
4.889141630603537902e-01
7.941337599497456656e-01
6.455213856702843311e-02
8.169621576922895256e-01
3.479751566308397770e-02
3.263779594069494694e-01
-9.893898536496150697e-01
-8.381075803034822025e-01
1.592722202876459270e-01
-6.712657269471034027e-01
3.443496456477471712e-01
-9.137290011839171999e-02
6.971027189350551545e-01
2.726032195288553561e-01
4.273558828127446696e-02
7.212871407939441815e-02
-3.722560238595781779e-01
4.003664478494963763e-01
-8.850584713393601366e-02
-7.019032042055736165e-01
-3.460383490326840450e-01
-4.303521844083202930e-01
-3.703677693620701650e-01
8.080726676829219635e-01
8.394072752140333549e-01
1.000000000000000000e+00
6.122502049868723262e-01
4.505027148302112039e-01
-2.385529873770152187e-01
-3.151336625455565810e-01
-5.911103355881847099e-01
-7.347802736401287671e-02
-1.000000000000000000e+00
9.642373365659437923e-01
2.278201796823567660e-01
-1.078550016222953323e-01
-1.000000000000000000e+00
2.347215239486006300e-01
-6.153463479695403526e-01
-8.584335072295156133e-01
-5.445602439008414564e-01
-2.756986365889391166e-01
4.107756305269441022e-01
7.569638865174890263e-01
4.681096842580623751e-01
4.121674262622897489e-01
-1.000000000000000000e+00
7.643360293342873479e-01
5.121991157202534506e-01
-7.927261790765700589e-01
4.305742291951190071e-01
-1.000000000000000000e+00
2.457649216065193598e-01
-2.043158135743127768e-01
6.555985097662041516e-01
-1.000000000000000000e+00
-6.230419941889932256e-02
-4.535023223012346616e-01
1.356816258989317070e-02
-2.233561539485889869e-02
-9.068468210623884529e-01
5.898228774538882835e-02
-3.466581790405753871e-02
6.820339634938831219e-01
9.873995858650332913e-01
8.119836242888781586e-01
2.357905098345604022e-01
-3.646496930453457797e-01
-8.684407824475199877e-01
-3.321611532475262640e-01
2.625614112612846274e-01
-9.380545371351741712e-01
4.487847092040734287e-01
2.842343698845677391e-01
-7.263022421349476510e-01
-1.000000000000000000e+00
1.529661874746096606e-02
3.382863750920089840e-01
6.852515790250049976e-01
-5.622299095614153863e-01
2.363814054895788108e-01
3.544925215119387185e-01
-5.814629552829995163e-01
-7.698649921368923010e-01
-1.000000000000000000e+00
-3.411453890193586469e-01
-1.000000000000000000e+00
8.952376245489658546e-02
3.281019902735191618e-01
-1.404063443055729166e-01
5.915130307165872292e-01
-2.122168353357092585e-01
-6.121986528755322121e-01
1.982867933733200028e-01
2.287966979232348430e-01
9.367988455070541676e-01
5.511096455250150683e-01
5.682367604573248521e-01
-4.978654790518128870e-01
-2.119303407746693790e-01
-1.000000000000000000e+00
5.637039485815950601e-02
-9.354553216390015802e-01
-1.349871626752530973e-01
-5.677650091525918707e-01
7.371287427171935303e-01
-6.637073644036696196e-01
-4.031629684721682594e-02
7.095488083863402684e-01
-8.853288218595343206e-01
-3.734490958199008781e-01
-4.301948426417657179e-01
-1.000000000000000000e+00
-3.059359522693419486e-02
9.731212385234075946e-01
6.984470111552186500e-02
6.731488864641954617e-01
1.713315471141437230e-01
7.150669558431610451e-02
-4.103049542772226332e-01
-5.063393257213669729e-01
8.350613153751245132e-01
6.674590976459910951e-01
-8.338183732736366149e-01
-5.409530612707889041e-01
-5.731189328192538568e-01
-3.414514535830860398e-01
-9.014805168961488313e-01
-8.641027604010798058e-01
-4.633044113535880748e-01
5.616631363202632121e-01
8.469121197978111137e-01
-5.709106232425123495e-02
2.101040485108544020e-01
7.316299901137404138e-01
-1.959478280486245949e-02
2.492322081084349106e-01
-4.829197143125080749e-01
-8.266917600351901818e-01
-1.249214353917527803e-01
2.862923345048735690e-01
3.403385664372704511e-01
7.130996042607702368e-01
-2.365134671536960331e-01
4.891307090911521938e-01
1.000000000000000000e+00
-1.000000000000000000e+00
-9.941756832821408985e-01
2.454565210051238844e-01
-2.577948418253712681e-01
3.141406851113748289e-01
1.089571101741370618e-01
1.833330143803240941e-01
1.026587973998670522e-01
-3.396909427348319688e-01
-6.597044064171633249e-01
-4.770726875037034631e-02
9.189916024345938794e-01
-2.356171667089291821e-01
-2.187354371209049853e-01
8.804821982807529146e-01
-5.554448644293872306e-01
-8.270530510775300215e-01
-3.916423138021297157e-01
-5.031106902969281203e-01
5.907703603080531884e-01
9.611045040705121778e-01
5.692464386623956596e-01
-1.000000000000000000e+00
-3.896499855263342305e-01
3.040810545214008842e-01
-6.441818235905575341e-01
7.428958389968830511e-01
-3.333089644357653536e-01
-1.047790544061949491e-01
7.107589150591071547e-01
-3.124078446512991714e-01
3.287097525315855751e-01
