-9.886690396857905627e-01
1.000000000000000000e+00
1.000000000000000000e+00
4.981677750419366002e-01
-6.991733109425516401e-01
3.104599400483533667e-01
1.000000000000000000e+00
1.269196335998088454e-01
3.615025865809656791e-01
-2.493850435622396722e-01
-2.538407747652993152e-01
-3.292057773422981670e-01
-1.000000000000000000e+00
1.000000000000000000e+00
9.635941894214812287e-01
-8.485830857459475407e-01
7.622825817669945936e-01
3.054760613763799482e-01
1.000000000000000000e+00
-3.867708831721211049e-01
-2.306239335857059591e-01
-2.971349078736718607e-01
-2.914305804339190620e-01
9.835446919612080841e-01
-7.086441657636721736e-01
1.376369827122160272e-01
1.072337788287783811e-01
4.524942503487289769e-01
-5.907679153904439318e-01
-1.000000000000000000e+00
-1.000000000000000000e+00
1.131376985529142232e-01
-2.407444366995128704e-01
1.000000000000000000e+00
6.277605598222738559e-01
-2.111445930780329605e-01
-4.829020488901066832e-01
1.847562095117769587e-01
4.270251139326517453e-01
-7.887784370350301444e-01
1.023232064362493698e-01
1.000000000000000000e+00
8.516357035949455589e-01
-1.000000000000000000e+00
-2.780383430851362525e-01
8.516687736311776558e-01
-7.818098666295953958e-01
7.309693654313932365e-01
5.015981170601871986e-01
4.296790303660863453e-01
-2.958234402902704119e-01
-1.000000000000000000e+00
-3.027370376702687160e-02
1.096191364469888962e-01
1.459141712675657843e-01
-3.960299650154054385e-01
1.000000000000000000e+00
-1.588235249014408046e-01
6.879018103060150491e-01
2.920816318564478653e-01
5.177555434596183837e-01
-5.172870249454786240e-02
4.019313134646829155e-01
5.173919281439376405e-01
8.284610990520331342e-01
-8.810840783944009491e-01
-5.352869418621253317e-01
-6.802529584137037011e-01
3.617730136453256584e-02
-1.000000000000000000e+00
-4.427045414980015359e-01
-4.681672284348217250e-01
-2.413171296133688193e-01
-8.943514674793313635e-01
-9.220834602070271391e-02
4.972022763916043031e-01
-3.215497721848328272e-01
6.961424603273584921e-01
8.744965129266955017e-01
1.000000000000000000e+00
1.254877735280185425e-02
-9.360191151847940816e-03
-1.000000000000000000e+00
-1.000000000000000000e+00
-7.806578724456259000e-01
1.460930559017144525e-01
8.179663390374650733e-01
4.293643622475243893e-01
4.368448186807424860e-01
5.197685916000472917e-01
2.675922842745759311e-03
4.522561555747350304e-01
5.039396427640828735e-01
1.758203226791064111e-01
-1.000000000000000000e+00
-5.333743877677391554e-01
2.065091592031890189e-01
-8.921670413788589382e-01
-1.000000000000000000e+00
-1.981856541853934672e-01
-8.315561913635689528e-01
-3.749386394371143627e-01
-5.571442448221527455e-01
-7.699500341946915460e-01
-1.000000000000000000e+00
9.582092615757574761e-01
3.579308297240613168e-01
4.113413034902427823e-01
5.583734853732963410e-01
-5.326940132698474439e-01
3.438160048879358444e-01
4.426047302608226985e-02
-1.000000000000000000e+00
4.851952584248050981e-02
9.639251594155157088e-01
-5.101206438268629517e-01
1.000000000000000000e+00
-9.200133647524005864e-01
1.000000000000000000e+00
6.782359613837498635e-01
-1.000000000000000000e+00
-3.937399641909663517e-01
-8.507320267205703557e-01
-1.079682837702530124e-01
-5.559396782553002181e-01
-1.000000000000000000e+00
-7.796616010918209216e-01
4.556037375697835068e-01
-9.158500084993674850e-01
2.557827274344031676e-01
4.304159408726041525e-01
-6.580328376114451538e-01
7.423801627294392969e-01
8.008687498930998627e-01
-6.947915066926290129e-01
-6.976864929708137542e-01
1.000000000000000000e+00
-2.482758179858146619e-01
-5.606907880855107607e-01
-7.074207585730689640e-01
9.993343241903682728e-01
-3.561637116699727379e-01
4.905463286213334051e-01
4.026072716565471943e-01
-2.766806021389988657e-01
-5.797873841472261924e-03
1.819029148863696155e-01
1.000000000000000000e+00
-1.833003940860927494e-01
7.477839498224465586e-01
4.548408743950802524e-01
-4.632679651801487886e-01
5.576996191540775083e-01
-1.000000000000000000e+00
8.671634401849251383e-02
-1.550701319492150676e-01
1.000000000000000000e+00
7.815153366270910507e-02
-3.534995258787454464e-02
-1.370158068233867932e-01
3.817006439806351903e-01
-7.232350855789857480e-01
1.000000000000000000e+00
-6.730202036734928006e-01
2.029406742133243458e-01
-1.000000000000000000e+00
1.079221008347397426e-03
3.006844808981720130e-01
1.523021786109229336e-01
6.026832870168052914e-01
-5.207541237180097760e-01
-9.478300280137859080e-01
9.381054473487426826e-02
4.061653513403811755e-01
-5.178575015539979010e-01
-5.073318889499783824e-01
2.790047223146918665e-01
-9.846998392674034539e-01
5.236686051020570387e-01
8.797125559206953049e-01
4.948422532129697626e-01
7.347042327348084212e-02
3.104506732329431751e-01
-5.508935517793254188e-01
-6.351190358858128659e-01
-7.211006860513879957e-02
7.404438654834104572e-01
-1.000000000000000000e+00
-4.925216131283323140e-01
-2.086021746988059866e-01
6.641131862070297487e-01
1.943981127979722556e-01
-3.324707697428471165e-01
-1.000000000000000000e+00
4.311094541406189640e-01
-1.000000000000000000e+00
-5.103872547869491294e-01
-2.673646340391254150e-01
-1.766310648828743890e-01
-1.000000000000000000e+00
6.864190635757290437e-02
-4.602318033404642628e-02
3.894889903262235276e-01
-1.000000000000000000e+00
9.159900935380483888e-01
1.000000000000000000e+00
1.567554018211454736e-02
1.000000000000000000e+00
2.303137101232155537e-01
1.000000000000000000e+00
-3.519327381512323827e-01
-9.022750687432413708e-01
7.125244614968726520e-01
1.000000000000000000e+00
5.337085387989185525e-01
-2.798561741013891324e-01
9.661900068491831028e-01
-2.602024187327337534e-01
4.173209049127203640e-02
9.309148595092981981e-01
-8.319019800524389829e-01
-8.015970743005218502e-01
8.588585390214928394e-02
9.401807440828884310e-01
7.817693624452166645e-01
1.759738825000659590e-01
-6.055641486313675381e-01
2.244218753729009252e-01
3.027299696841009302e-01
-8.545883013877568768e-01
2.425235824728106948e-01
-4.879765765111975795e-01
-7.278505280151081891e-02
8.585647340631661351e-01
9.598691636470457755e-01
1.000000000000000000e+00
2.495675261642027465e-01
-5.734438946954563132e-01
-3.002158966922552352e-01
-4.696525796076636006e-01
-6.546209606414234994e-01
-8.686088248533581080e-01
-1.000000000000000000e+00
6.822064981168901587e-01
1.774430353898500679e-01
-1.000000000000000000e+00
-5.069767045323809729e-01
1.607622314672624286e-01
1.966758327137203000e-01
6.736747809857164260e-01
-2.817107619747121205e-01
-2.904986896709516042e-01
9.665783298201405804e-01
1.000000000000000000e+00
-1.622295573882335529e-01
-5.219213850508144237e-01
-7.495406063350773529e-02
7.868052317447656874e-01
8.788002713090270479e-01
5.525969750006095582e-01
-7.011568732879398524e-01
-3.412540379208012231e-01
2.359784776868092404e-01
-1.581404985944314667e-01
-2.632834906974343969e-01
