-2.726239341870105859e-01
3.540237431543611923e-01
8.579838110762195713e-01
7.902449022706953263e-01
-1.000000000000000000e+00
-1.000000000000000000e+00
2.097210717862828810e-01
-5.771020636478620958e-01
5.142755991574019525e-01
-5.751964773672626485e-01
1.000000000000000000e+00
-1.885858731691409940e-01
-4.323401991043538395e-01
-2.441837156242355200e-01
1.000000000000000000e+00
5.603377055575670118e-02
-5.376722392521365856e-02
-5.035591097875240507e-01
-2.339919051087825386e-01
1.409975810214144920e-01
6.575332697756850475e-01
3.534320887325831384e-01
1.619537913884817326e-01
1.968136986730344429e-01
4.434072016729112553e-01
4.204000135245231640e-01
2.514473709416776837e-01
-2.660014309764023310e-01
1.265980899821113892e-01
4.615019855811977045e-01
-6.527699394958599299e-01
-1.000000000000000000e+00
1.000000000000000000e+00
-9.860711340808921976e-01
-9.904907525338294549e-01
-3.906639183045497177e-01
-1.000000000000000000e+00
-7.404614594222409529e-01
5.237456978000482044e-02
-2.619377606613966236e-01
-1.000000000000000000e+00
1.000000000000000000e+00
-1.367945280100431038e-01
1.000000000000000000e+00
9.614178868822986779e-03
-1.463625471188319538e-01
-6.968282259466753725e-01
-5.744322818017570942e-01
-1.000000000000000000e+00
1.244363701622279161e-01
6.437741593560117326e-02
-1.000000000000000000e+00
1.000000000000000000e+00
9.066038306381676293e-01
9.751033265209990697e-01
-9.565435336534872102e-01
1.000000000000000000e+00
-6.580287429481065375e-01
-6.804057456329408726e-01
-3.374490164997627772e-01
1.000000000000000000e+00
5.262436498553911823e-01
-7.922908659036784762e-01
1.000000000000000000e+00
-1.000000000000000000e+00
-9.944191056329483303e-01
-2.925030759383064893e-01
6.179060183937277184e-01
-2.219206469257575254e-01
-1.000000000000000000e+00
9.956039893058630241e-01
2.033282928286730407e-01
1.000000000000000000e+00
-9.491643701366238028e-01
-4.061737751384607020e-01
-4.606211320553219579e-01
-4.665929333195473205e-01
-8.104696546362202270e-01
5.634182620936829533e-01
8.950318670235198892e-01
-1.000000000000000000e+00
-2.286971958513467351e-02
-4.385633373521019562e-01
4.302384405192921091e-01
-2.683288344435284523e-01
-8.643185020293371323e-01
4.458917980212031007e-01
-8.879818157912596766e-01
-3.724100503506422299e-01
-5.362732202373072798e-01
-1.000000000000000000e+00
-7.183918660512508270e-01
-1.548794009346857181e-01
-6.584531917569869108e-02
7.073649665840371359e-01
-8.890327023246749061e-01
-1.000000000000000000e+00
2.414277751693600649e-01
-5.420207668416825442e-01
1.000000000000000000e+00
-1.000000000000000000e+00
4.373599673949822852e-01
2.499150060493647851e-01
-1.000000000000000000e+00
-1.496210170358082125e-01
1.000000000000000000e+00
5.102638116363585885e-01
-7.655629786890476574e-01
1.000000000000000000e+00
4.532372640407718034e-01
4.824168843211947832e-01
7.756546492227123224e-01
4.457793170582812214e-01
3.031098927174213919e-01
4.635044616069811108e-02
5.832464862518378368e-01
-9.996004618911052964e-02
-1.100464760936788466e-01
-2.995622844932266382e-03
9.522587879744301986e-01
-8.779365750938683544e-01
1.656661367446399247e-02
-1.000000000000000000e+00
-8.505538385146227398e-01
2.704654117727504081e-01
-2.043640588982907902e-01
-9.617713988826417371e-01
1.000000000000000000e+00
-1.000000000000000000e+00
2.491215446119822707e-01
6.383407218180592313e-01
-8.967700101746167718e-01
-9.522626992489692244e-01
-5.813264130179022215e-01
7.608301004394337763e-01
-8.759921934289069956e-01
-8.839400052081118897e-01
4.867513237822601035e-01
1.000000000000000000e+00
5.392490045773573604e-01
9.906369375013912570e-02
-4.160921749986215556e-01
-4.611530163893801104e-02
1.559112544122703836e-02
1.000000000000000000e+00
2.787127928558341683e-01
-3.812742332767600217e-01
7.181545616568471013e-01
2.841644855238953937e-01
1.000000000000000000e+00
1.000000000000000000e+00
-3.304320028087533445e-01
1.000000000000000000e+00
3.316264953822894435e-01
-6.830758744042947361e-01
-7.300823668367495412e-01
9.819332098269967224e-01
-1.000000000000000000e+00
-7.337463884795247804e-01
-1.000000000000000000e+00
1.000000000000000000e+00
-9.653851423182602254e-02
2.007101579791908952e-02
-3.189869166434269321e-01
7.324090269873373416e-02
-2.012759479350497149e-01
1.756579302172994739e-02
1.000000000000000000e+00
-6.146932812935105295e-01
1.000000000000000000e+00
-2.143342867203104074e-01
-2.319138946355577824e-01
5.048854041463066711e-01
-5.516134902840730270e-01
-1.000000000000000000e+00
-7.019815114700126424e-01
-1.964477055703106601e-02
3.213001900165461944e-01
-1.000000000000000000e+00
-2.640409349969202735e-02
-1.000000000000000000e+00
-9.688298424736828673e-01
-6.700631831737314803e-01
1.769042286571649303e-01
-1.000000000000000000e+00
-4.207148351971363720e-01
-2.939907414850997242e-02
5.603404268735405758e-01
-1.000000000000000000e+00
-7.994971954954108728e-01
5.692813416333017962e-01
3.023239531317637452e-01
6.682244815524665538e-02
-1.629863135443926359e-01
-7.079943485653710233e-01
3.177151002758376030e-01
-1.000000000000000000e+00
2.599195922471310150e-01
-1.000000000000000000e+00
3.043541225901352232e-01
-8.483458107763637290e-01
-2.760217546958941282e-01
7.511109811232988820e-01
-5.620967123153619571e-01
-1.784717863503146318e-01
-4.032418245340626539e-01
-4.237716118859059522e-01
6.628766347109029677e-01
3.297638437687559487e-01
-5.327051216638889475e-02
-1.000000000000000000e+00
1.375387049759473346e-01
1.881100936527840828e-02
-1.000000000000000000e+00
3.415523245695517573e-01
5.075133535859559508e-01
-1.000000000000000000e+00
9.967070815682190776e-01
4.335700471926209332e-01
-4.557733307493063712e-01
1.000000000000000000e+00
-9.710453669003191735e-01
7.899197035272796930e-01
5.641128833352717642e-01
-6.757338877743247485e-01
-2.627878569390174612e-01
1.484940464819287653e-01
1.070339150092315395e-01
5.757677229085480519e-01
5.989187546406485874e-01
-9.071256927967658035e-01
-7.285866708737764874e-01
2.674953486885628395e-01
-8.971176028747257503e-02
-1.884504983873170891e-01
-5.849360874747868699e-01
-9.695454928288050889e-01
-3.412648135984148734e-01
-5.951749861722867019e-01
-9.640959668893817058e-02
1.086655233948619487e-01
-7.888372877038586362e-01
9.770138128311890435e-01
8.610067423797956865e-01
-3.193961226839191481e-01
-1.000000000000000000e+00
-2.585953281627983991e-01
-6.328797009950480890e-01
1.000000000000000000e+00
2.342136295204994001e-01
-3.604309247924409321e-01
6.748152544897795257e-02
5.266488550258735524e-01
-1.450428375095094147e-01
3.922893474336909270e-01
1.000000000000000000e+00
-7.716622792487308757e-01
-3.223822668259924140e-01
6.944878452049996209e-02
6.298449265721228763e-02
4.367040414938832549e-01
3.415380769165008989e-01
3.419712091348533489e-01
1.000000000000000000e+00
1.000000000000000000e+00
