2.226074862090539341e-01
2.739537846108783259e-01
-2.987449637585095630e-01
3.762368642639077332e-01
2.198569842616469872e-01
5.908830272195776390e-01
1.000000000000000000e+00
-2.949053997327437393e-02
4.433728610304230600e-01
-3.697162563423612713e-01
-6.694481997104924087e-01
-8.558259459075765463e-01
-6.175784775862550591e-01
1.000000000000000000e+00
4.127594662409152237e-02
-1.717383408278830292e-01
-1.000000000000000000e+00
1.000000000000000000e+00
-2.701274904959103385e-01
-2.027112337672665465e-01
6.211990560285569202e-02
9.941582586348579609e-01
1.000000000000000000e+00
-4.372195557465585747e-02
-9.788719174576453463e-01
7.486215498713397198e-02
8.938409271289715630e-01
3.233878065343412933e-01
2.071066587659680380e-01
5.527280452559845125e-01
-7.702337944361505873e-01
5.501248374238456584e-01
-3.963178289464572845e-01
-7.969023443184633515e-02
5.381143159409662591e-02
1.320610769160477371e-01
-1.242961452407117529e-01
-3.387657182968583092e-01
4.103482908388919048e-01
-3.140305381657754191e-01
-3.426003826193694257e-01
-1.000000000000000000e+00
-6.285062713371106780e-01
1.000000000000000000e+00
4.985089951262380858e-01
4.464995624992217360e-01
5.421707514695300878e-01
8.794179210862519414e-01
4.990604542428218049e-01
2.712502770223528814e-01
-4.481801517274505708e-01
-6.805646250165116040e-01
1.000000000000000000e+00
-3.338967542264603128e-01
-3.432866902068049675e-01
-4.470811831214900334e-01
-1.000000000000000000e+00
3.724773329717525616e-01
-8.099714706963361266e-01
-3.329425435177572057e-01
9.548789082527251448e-01
1.000000000000000000e+00
7.280641858963914359e-01
-3.518698029323624743e-02
4.534042324700386928e-01
9.949570601847082529e-02
-5.344669556168246682e-01
-5.061910480210075197e-02
1.852246718953780569e-01
3.617723615277302907e-01
-7.102931824625484669e-01
7.007224190195693314e-01
1.000000000000000000e+00
-3.741677696077932991e-02
-2.264852184697536686e-01
-9.961475440891600641e-01
-3.212078618088767268e-01
-6.102232465880073065e-01
-5.133481936120340428e-02
5.716095324116592380e-01
2.464590885714854629e-01
-7.231023754116960855e-01
-3.130412751798004045e-01
3.429073579707895281e-01
1.000000000000000000e+00
2.726662952483136504e-01
-8.009052406659330492e-01
1.000000000000000000e+00
-7.370194767563977845e-01
-3.074440782840640596e-01
7.095752677292586075e-01
-6.128129832323223614e-01
1.000000000000000000e+00
4.031747268355460601e-01
-1.230780905235402956e-01
-3.616290022222162781e-01
-1.000000000000000000e+00
-5.972438813493110565e-01
1.000000000000000000e+00
-9.221764359503573649e-01
-1.000000000000000000e+00
4.299357710308554514e-01
8.216901130421777610e-01
-1.000000000000000000e+00
9.765901578601876576e-01
-6.574111797888289033e-01
9.017240545292185550e-01
3.662096832904795374e-01
-9.503213711091795801e-01
4.484971783490221409e-01
5.549674803258248801e-01
2.883071100922307561e-02
8.623677327906205115e-01
1.758853787393218071e-01
-3.683519246912210221e-01
4.229466849530963413e-02
-2.523344499255864015e-01
-1.075771723981762962e-01
-1.289198075514082498e-01
2.685458679683062622e-01
6.549119509661612826e-01
-9.496975522433576122e-01
-7.557394817287501620e-01
-2.072720756286363653e-01
6.153147991844309939e-01
-7.269101277433762665e-01
-2.370335519407226199e-01
-2.275087687967987937e-01
8.023051237890751475e-01
-7.426936216920909661e-01
-2.269630728412557752e-01
9.910723703241715032e-01
3.574422940422652961e-01
-1.000000000000000000e+00
-5.260910284108000212e-01
-7.089172514936938896e-01
1.265052716213887485e-01
-3.869598619492109481e-02
3.308265874138197615e-01
5.901811543358095324e-01
9.428045267082294512e-01
2.557513462259533021e-01
-1.245926716379474886e-01
1.000000000000000000e+00
-3.957165381898792300e-01
4.542298509370321091e-01
-7.080354315147169286e-03
-1.000000000000000000e+00
1.000000000000000000e+00
-5.570471343586100854e-01
-1.359463845298299611e-01
-3.511159327499710492e-02
-2.452135240165922436e-01
-3.788651193884866042e-01
-8.957971247216935939e-01
-1.050629482516470814e-01
-5.811293214831997345e-01
-1.000000000000000000e+00
-8.821335250426816099e-01
-7.553317156815393396e-01
4.009964199227389892e-01
1.000000000000000000e+00
-5.235732597404659794e-01
8.554057427853116735e-01
8.912891722995350818e-01
-7.765831924383664875e-01
8.258308144114568927e-01
-3.016106546774972585e-01
-8.081738592758231920e-01
-8.982307716798437758e-01
6.608928992994556051e-01
-7.440445840773778352e-01
-4.324620433201442071e-01
8.453737494274912168e-01
-5.938456249343946336e-01
-2.263547775972244575e-02
7.492407845448845194e-01
7.249389131041682477e-01
4.308344420171049405e-03
4.654496751058201376e-01
-1.333334723749877715e-01
8.388373578693635313e-01
4.317318929918149695e-01
-7.226915477379290964e-01
-5.257284160854156507e-01
1.000000000000000000e+00
-5.816913651358407433e-01
1.000000000000000000e+00
3.166927830873800254e-01
-7.112552854202508490e-03
8.445059277167261680e-01
-1.811304914246472664e-01
1.000000000000000000e+00
-4.365208248917833989e-01
-5.597721404608674289e-02
-6.689231441492582420e-01
1.000000000000000000e+00
-7.523632941449767686e-03
6.635830672323518309e-01
8.471936247671372211e-01
-3.514041335717345560e-01
1.000000000000000000e+00
-6.582761167336083075e-01
1.000000000000000000e+00
1.000000000000000000e+00
-4.787564455525504248e-01
-7.070109331197683700e-01
3.092530388013948750e-01
8.131930413172381300e-01
-1.813355174377480616e-01
-8.409389755186114090e-01
3.692302140915329489e-01
1.000000000000000000e+00
-3.588522010334991297e-01
-2.510742007418414468e-01
-3.273466339931024871e-02
-1.000000000000000000e+00
9.940278538619521376e-01
8.130499995694185911e-01
7.226455014625740025e-01
-6.976916861548965176e-01
-8.118911493463147888e-01
-1.000000000000000000e+00
9.350136990689741356e-01
3.333699592601437889e-01
6.367150719087260047e-01
7.928664747719004202e-01
1.958183869456792681e-01
1.000000000000000000e+00
-9.812037968869639082e-01
-9.817722686841809931e-01
-1.000000000000000000e+00
2.408872007406051008e-01
-3.261607884790058698e-01
-1.000000000000000000e+00
-1.906116039428318309e-02
-4.010606056041978174e-01
1.000000000000000000e+00
-8.809099854377079319e-01
1.000000000000000000e+00
-8.917458775542785876e-02
2.293309606443693499e-02
-4.122827623281758447e-01
-4.897750968868498367e-01
4.103720808511901463e-01
-2.968700118554412626e-02
-5.873675155951505467e-01
7.979875112570653517e-01
-4.389778244999617551e-01
6.183547105339197714e-01
-8.498676759873824427e-01
-1.509641252194939554e-01
-5.251483932955438583e-01
1.968559365270702854e-01
5.987069509222123775e-01
6.629277247866428580e-01
5.212070714128632654e-01
-2.321201285560518524e-01
-2.216465793424022279e-01
-3.398618345243271666e-01
-1.016579313619905833e-02
-9.684296706466239968e-01
-9.202029655014674070e-01
1.000000000000000000e+00
3.887711053303115061e-01
