-7.647549708325557249e-01
-4.995590850962570162e-01
-6.315439972562799653e-01
-3.089518968272133570e-01
-8.543333368529002492e-01
9.886513141368458157e-02
-6.483368989687288142e-01
-2.595465612862541960e-01
7.539798859235781192e-01
-5.680864504580566965e-02
-9.460340834058069692e-01
-1.849144421054447346e-02
7.749129703960380700e-02
-2.083406112608221228e-01
-1.000000000000000000e+00
4.522420132079828237e-02
2.157164112749710427e-01
-1.111988755140401047e-01
-4.281349727022621954e-01
-1.937440397329759367e-01
-8.012091754693846379e-01
-2.493567585007359089e-01
-2.899153070847075298e-01
8.824224469172161633e-01
-8.605472087228394074e-03
4.346564753623282096e-01
-4.070400045995835603e-01
7.343554448018323466e-01
-3.622157954607574393e-01
5.640704612696165743e-01
2.805714366852898323e-01
6.075023110504554902e-01
7.899145847484683181e-01
-4.294917935725516278e-01
1.036626323383155190e-01
-9.170316941870428895e-01
-8.796134646105423505e-01
6.556683844500712510e-01
-3.651379432307760298e-01
3.853245934394514127e-01
-4.576117647679603939e-01
-2.983688899298063690e-01
-4.393146514025780824e-02
-5.049863246656042248e-01
-8.548580525173088418e-01
-3.772319995845373475e-01
-6.845481012448556557e-02
6.103242550520446841e-01
3.950006252551757635e-02
-6.589350115130396812e-01
2.475259522330731099e-01
-5.850827137762411034e-01
-7.240846747232632108e-01
1.000000000000000000e+00
3.015229759466828696e-01
-4.603943875349666981e-01
-3.282295000055804879e-01
-4.157505183704890417e-01
1.798027499547705244e-01
-3.233257630971736463e-01
1.178635574429043320e-02
8.354378238959893066e-01
4.678377154079671474e-02
-6.099269439047475677e-02
1.000000000000000000e+00
1.195609204556146166e-01
-8.364393505382121674e-01
-5.517812355741309460e-01
-3.118806509679676875e-01
4.842560751004624797e-01
-7.464443939120236626e-01
-5.471853733760390082e-01
-8.292974397929696317e-02
7.224368122618657351e-01
4.636363359833735598e-01
-6.574005165310266019e-01
4.578199201503331539e-02
-6.620559854609928685e-01
6.817819464044320987e-02
-6.678872646844766781e-01
-5.874412056602231758e-01
1.806444809514018146e-01
7.183522424260353478e-01
6.500103462796658071e-01
-8.258972840025646800e-01
-1.447972980796213560e-01
-2.074977904294362796e-01
1.423280273879319602e-01
-3.795019201284720589e-01
-8.238351043766527493e-01
1.771756820558533230e-01
-3.626292925228962183e-01
8.524418387127195018e-01
-3.303540212737629544e-01
-8.501282669020265859e-01
-1.264181931251391333e-01
-2.503935903746593583e-01
-9.048743909203014191e-01
-1.976825943127056562e-01
-2.008682219134221847e-01
3.343127195776458560e-01
8.210706451532843175e-01
-5.139254301206783726e-01
-6.854358094998994622e-01
-6.429842041755785553e-01
-2.667744630758963620e-01
1.935594063704715317e-01
7.309615970154459408e-01
6.489998389316604666e-01
-8.036164726316397111e-01
4.440748572265988958e-01
5.307891014182650746e-01
5.675244081245701677e-01
-8.869640027425477191e-01
4.148384339581447922e-01
-9.386598002198343060e-02
-3.904267903176956711e-01
1.522719932868585868e-01
-1.773819833476197594e-01
3.306667503452924706e-01
-1.000000000000000000e+00
1.153330608134501833e-01
8.607058481462346311e-01
3.163738164775722894e-02
-4.383858333083417436e-01
-4.128793299182359489e-01
-2.821639323195290414e-02
2.321353298282980704e-01
4.509047124050702404e-01
8.203881832778093797e-01
-4.213632071422924313e-02
8.117603063972145261e-01
-4.668807262582312934e-01
5.044415130382802204e-01
-3.496964951124499343e-01
-6.342643725634250496e-01
5.829383580379369212e-01
5.243392938154517458e-02
4.904454703617779909e-01
6.293166380109256330e-01
-3.598485833201358064e-01
5.517524204519890230e-01
9.509983942753288400e-01
-4.904905316778188779e-02
-2.102294836963525260e-01
-4.501707640341525707e-01
1.734708965038285478e-02
2.621562451215675438e-01
-8.412320844667321440e-01
3.104448570202364595e-03
-7.160680233676966489e-02
-3.617291118369744263e-01
4.744751780138461439e-01
-1.239272777212717114e-01
6.058912979537116605e-01
1.719193910576821693e-01
-1.719111553716804464e-01
6.324334063858132460e-01
5.701979001587632601e-01
4.747270989002843056e-01
-9.400004393520411394e-01
-2.125716575749464488e-01
-5.648351522384146284e-01
8.977086601966068891e-01
-8.067009388298888029e-01
-1.021882460201243951e-02
6.324566115423342350e-01
-8.152686083924347571e-01
7.099356561884943018e-01
-2.620422570892649849e-01
4.401576287022855860e-01
1.517928992140640809e-01
6.712317514914603045e-01
-7.415897546017411468e-01
-8.062624825054186539e-01
-4.579428776166086790e-01
4.997883662349908995e-01
-4.557909199090955932e-01
6.312619982328628865e-01
2.375580178486388916e-01
2.171150777801347243e-01
-8.243899100934992674e-02
-5.553599340829353803e-01
8.907557172252502653e-01
-1.721912897630883954e-02
7.518450805829071104e-01
8.070467827144759410e-01
3.069021094841040131e-02
-8.521897202654113990e-01
-4.100887872896221698e-01
1.127132513404288106e-01
-5.906301120251999243e-02
-9.305312546691317799e-01
-3.004444489691708853e-01
8.694489863500208804e-01
-8.512386984669121359e-01
5.053906736979248832e-03
-9.832309655359264822e-01
3.706717895743450453e-01
9.705004631910254531e-01
9.427326441117142020e-01
7.811402216935773302e-01
-7.756515776989384436e-01
1.307279537116110557e-01
4.801188355694414600e-01
-1.681859501050612105e-01
4.932574872283154166e-01
-2.396854129886065721e-01
-3.399910207671555940e-01
2.656817524277208520e-01
-1.000000000000000000e+00
1.450551774381744763e-01
1.000000000000000000e+00
4.086904574469852891e-01
1.020753962082547178e-01
-8.455337752884083402e-01
-6.804757120076961874e-01
2.361616935454834976e-01
-5.737967169857578487e-01
2.448782623178000772e-01
-5.208227324423893023e-01
3.570547986813013552e-02
5.850380082557981032e-01
3.087256180582134135e-01
-3.536762896318879079e-02
1.000000000000000000e+00
3.218308592082007591e-01
7.695407341389454148e-01
-2.523313505152800507e-01
-8.983064118861159297e-01
5.345773868391345829e-01
-8.831841425310400506e-01
2.239409230857219990e-01
4.094922852181825945e-01
1.673116976271505907e-01
-5.086959984758177011e-01
-8.380206165395408524e-01
-6.196430572190796404e-01
-7.033706544057768961e-02
9.031142117974653161e-01
-3.717264139161606251e-01
-7.789449217335103759e-01
-2.201216847174706781e-01
1.108576090949758980e-01
3.908769808244148547e-01
-9.297444218330013221e-01
2.349470037759401331e-01
1.400077197498811599e-01
-2.101035484575165535e-01
5.132428508548994017e-01
-5.018696943994246373e-01
2.343657688505345060e-01
2.908983998007063677e-04
1.000000000000000000e+00
-2.611052154909371259e-01
-1.000000000000000000e+00
2.499596989125451030e-01
1.708411664442891498e-01
8.652317875879431686e-01
-4.263336822820636418e-01
3.541288106743303299e-01
-9.896235633568650769e-02
3.312739383274354021e-01
2.560453073597114271e-01
9.269780834437143513e-01
