-3.593328338744601336e-01
-4.208409491811511138e-01
1.045819573989590356e-01
5.590764972168543734e-01
-2.613557318213853287e-01
-2.853179731502533123e-01
1.000000000000000000e+00
-1.226439208303815170e-01
8.362302981906868382e-01
2.309290701330690698e-02
1.000000000000000000e+00
-3.611546939403336154e-01
-3.407902155515252218e-01
-6.880959177414385231e-01
7.230012827281991905e-01
-8.203806687425239108e-01
1.000000000000000000e+00
6.701041730143408870e-02
4.629861539068145238e-01
7.331709203512482009e-01
-1.000000000000000000e+00
1.139182053965437369e-02
-1.095620726599584316e-01
1.774425134367011991e-01
5.433774715084798146e-01
8.800423325192818780e-03
-2.043111728311659547e-01
-2.472675063755224167e-01
-1.000000000000000000e+00
-8.034087504746780795e-01
-6.269666749340473411e-01
3.331256865658216437e-02
7.594037112022901104e-01
5.973398684400477165e-01
-7.428409378734102120e-01
4.781422063713844928e-01
-9.155790819617763976e-01
-3.472919835470003602e-01
-3.032033537469940310e-01
7.859897693360988757e-01
1.910733289136241631e-01
-6.839994612084838721e-01
-6.052884126891426853e-01
-7.325514975693167008e-01
1.855270336207739401e-01
-4.485700925829960717e-02
-1.000000000000000000e+00
1.000000000000000000e+00
6.599531657651044325e-01
9.532732772407492838e-01
-3.319987493922058608e-01
-8.616969293147866971e-01
-3.410256387482162310e-01
3.742141988294833688e-02
-5.415948545799792457e-01
-7.403247006143582887e-01
2.879259082140666060e-01
7.499403173292120695e-01
-9.019981189020760404e-01
9.110862260179459771e-01
-3.026141032442075107e-01
-8.765661507616913095e-01
5.924839049258964208e-01
1.000000000000000000e+00
1.000000000000000000e+00
-7.138453700871374430e-01
-4.211355432119392450e-01
4.512069927003888870e-01
6.922849870387577376e-01
7.113133663008031071e-03
6.588843065156375634e-01
-2.002266305859750073e-01
5.317234236686672055e-01
1.711814012842279853e-01
5.879625846601167494e-01
-3.326119379601080173e-01
-2.904673780526820792e-01
-1.621304525371107808e-01
6.395246108674348395e-01
-1.000000000000000000e+00
1.950395965437810020e-01
-9.761654062323381620e-01
-1.000000000000000000e+00
-1.000000000000000000e+00
-1.000000000000000000e+00
9.616939396859267575e-01
-1.408501331428870795e-01
-7.078705699452210176e-01
2.384441687077676342e-01
-4.744527552972329643e-01
-1.022660023915753502e-01
5.913295131546482120e-01
-4.226376481056060008e-02
-2.820810190799895034e-01
-9.010692457201699979e-01
-9.948602791532145107e-01
-5.462562097345813328e-01
-3.879191215249466751e-01
-8.426462082176890966e-01
9.199426080424788488e-01
-5.819345489072813571e-02
-9.926432880144963056e-01
-7.298179163602580566e-02
-1.000000000000000000e+00
-5.934837913243480312e-01
-6.252021246074241922e-01
-9.181737126935167748e-01
-1.000000000000000000e+00
3.673463971556688579e-01
-1.000000000000000000e+00
-6.672534129528640001e-02
4.679529839373535172e-01
-2.233845245996487761e-01
2.664874487634015798e-01
-8.697460644305331501e-01
6.111721039190363136e-01
6.342539830475523166e-01
3.841342084018979364e-01
1.000000000000000000e+00
-8.242158556491638866e-01
9.023331173936358640e-01
-3.553523917105325669e-01
-3.599589005991612467e-01
-2.976659545972769605e-01
2.426872250754553151e-01
8.570182881733368063e-02
7.164631156759257991e-01
6.709742994629762647e-01
7.632044070985660733e-01
7.054610829907379532e-01
2.698083649527853733e-01
8.097823268469344082e-01
-9.690312105508325224e-01
2.940908011251233134e-01
1.000000000000000000e+00
-9.572408773528051640e-02
1.505565433034756762e-01
1.000000000000000000e+00
5.234516570551916992e-02
-2.417466873565765340e-01
1.000000000000000000e+00
-8.444279421207644409e-01
-9.601611220307209038e-01
-9.630556974710332563e-01
7.841802915694587872e-01
-4.715630435925078912e-01
-9.348480479015439659e-01
-3.747884676759647427e-01
9.775313531765905672e-01
-7.901909731204863618e-01
-9.895173489481001727e-01
7.656365928197197412e-01
1.000000000000000000e+00
-1.000000000000000000e+00
-1.809881481218798827e-01
9.407113889362954673e-01
-7.924341520486215540e-01
-3.129573012609015992e-01
-8.863243187137919143e-01
1.000000000000000000e+00
6.357359943791767165e-01
-2.289593309887112960e-01
-7.689102459429899561e-01
-6.140812042806189641e-01
1.000000000000000000e+00
-1.000000000000000000e+00
-7.984466932488856195e-01
-1.000000000000000000e+00
-6.466904242788282242e-02
1.096333034459711087e-01
4.361929766184010626e-01
-6.333842321739893144e-01
1.000000000000000000e+00
6.522277650513061964e-01
-3.333919787018851943e-02
-5.651333341870943272e-01
1.038924281432682672e-01
6.279795166050217148e-01
9.028614528315537235e-02
6.944199303332414530e-01
6.077332021819388252e-01
3.482321372550338801e-01
-5.398351862031336434e-01
-1.778543090817774619e-02
-1.162515437928224316e-02
-5.517024535228227666e-01
-1.072151025628416132e-01
1.000000000000000000e+00
-2.793907406690011030e-01
3.268065101379897808e-01
9.167957401980604271e-01
-4.985207394991890140e-01
-1.444202699370239484e-02
-1.000000000000000000e+00
1.000000000000000000e+00
6.493820591021903788e-02
-9.201717247388767618e-01
-1.000000000000000000e+00
7.385588350565835958e-01
-4.533078339694589509e-01
8.832103245770788202e-01
-7.393713683872785714e-01
-1.000000000000000000e+00
2.951754301604365693e-01
4.121031741217472955e-01
5.100726818858603018e-02
1.000000000000000000e+00
-9.022704251261903785e-02
5.978604422141375885e-02
-1.644485138141655867e-01
-2.023173369480435468e-03
-3.315491334586335714e-01
1.218502046742022671e-01
3.015135547755213863e-01
1.000000000000000000e+00
-1.000000000000000000e+00
-2.134592667222646734e-01
-7.396694090540778532e-03
6.181812716058318058e-01
6.650930681789046783e-01
1.000000000000000000e+00
1.138006526451960099e-01
1.000000000000000000e+00
-5.775437358930141096e-02
8.376988867536974137e-01
-3.152616567953618887e-01
3.426936631954696777e-01
-1.553523218837555842e-01
6.800034004195816273e-01
-2.532348610274302025e-01
-3.593125506498562882e-01
-9.174702963311529569e-01
-3.719092497934611830e-01
-7.151708800387301945e-01
-2.118400489107337137e-01
-4.714392622293592794e-01
2.548590771134727206e-01
4.112222808082399705e-01
9.856685191322984707e-01
8.016971635199091617e-01
7.509069021766311414e-01
-4.908550405145870599e-01
-4.424837306218278865e-01
3.652663781497863527e-01
2.918676691747246199e-01
-2.149213232541698493e-01
-9.724966573786852919e-03
-1.000000000000000000e+00
6.815445848568326692e-01
-8.686703376841879987e-01
-1.667409080398994659e-01
-5.255552826946743306e-01
7.673961918493208412e-01
-8.463382128123055903e-01
3.556785817113817805e-01
-8.878673175682300078e-01
6.679829257862518466e-02
-3.996509730325985554e-01
2.794678848148544059e-01
-8.521996282261379285e-02
-1.000000000000000000e+00
8.889813730807278880e-01
7.295157049657241544e-02
9.192271164546244044e-01
-4.842676744366877783e-02
