8.534698433139422669e-01
1.001848633439760827e-01
2.572364317185373839e-01
7.740819413512488589e-01
-6.160835389471472912e-01
7.263189905395650570e-01
8.473277022985367113e-01
6.826221421708906778e-01
5.449569544870862536e-01
-2.634515870859889253e-01
6.560637506367066329e-01
-3.205408776282982486e-01
1.000000000000000000e+00
2.417137281908576796e-01
-2.395291174607437346e-01
7.007178802225264569e-01
4.695260891710062445e-01
1.000000000000000000e+00
-1.000000000000000000e+00
-5.999632829786158972e-01
-1.219228678528954668e-01
8.067002810031086435e-01
-3.445135069935719163e-01
9.786774952524266435e-01
5.867294130897783289e-01
-5.174391210239535077e-01
-8.988388778068494567e-01
1.000000000000000000e+00
-2.134064183261373537e-02
-3.476074522555545054e-01
3.286637906586415969e-01
2.328481975165395124e-01
-9.849652308611116514e-01
-5.390998695430144760e-01
1.496483885651069268e-01
-7.655852465667198903e-01
-7.393852124242056290e-01
3.965521667560193975e-01
2.944179983985039106e-01
-5.585086840182529322e-01
-4.955740341744445665e-01
-1.000000000000000000e+00
-6.435736701900058865e-01
-9.041113950854223758e-01
-2.246192490815897558e-01
4.931882647840934997e-01
9.982282594864960723e-02
-2.918470057095017833e-01
-1.756236082283358368e-01
-8.348927942118155032e-01
7.545812599666423814e-01
-4.357196023313260058e-01
7.049983913745705433e-01
2.333743715910781558e-01
-9.927318533889791796e-01
1.000000000000000000e+00
-5.265680392185496661e-01
-2.181616868467713966e-01
3.019147264312752599e-01
-1.000000000000000000e+00
-1.000000000000000000e+00
6.756010466529691616e-01
-3.384843609107498485e-01
3.377590547044309610e-02
-9.793139737945856238e-01
4.300065189286752521e-01
-2.065220399221520120e-01
-1.259009446225657358e-01
-7.953185197166450227e-01
-3.729743600185868313e-02
1.916664101794020303e-01
-1.876518828180174792e-01
3.324211455056014231e-01
-1.671521775135847987e-02
-4.099845523836355143e-01
-3.860561518792035018e-01
4.472107047641575850e-01
7.021908247554393689e-01
7.695301326136745612e-02
-8.278046424660701064e-02
3.854735758945282420e-02
1.000000000000000000e+00
-6.041965457880142942e-01
-4.380746513647378049e-02
-5.023095526685841250e-01
-4.866688077101233856e-01
-4.718048461762194279e-01
2.289679637043272875e-01
2.265029911281145614e-01
7.544648985584071488e-01
8.044185198270359383e-02
-3.462296768318784412e-01
6.770645866428942616e-02
5.408305117419465180e-01
6.897097352086338784e-01
-7.042591801340933877e-01
4.356823051183315587e-01
-1.895242142935715246e-01
4.784457454558820322e-01
1.094452882007134753e-01
-1.000000000000000000e+00
4.980135779338299429e-01
-5.116782064315117395e-01
4.328553495122479111e-01
-2.055403148997049234e-01
-4.661551912077455118e-01
2.212170419843073610e-01
2.729929158460969729e-01
5.797275444560838764e-01
1.661033890990443462e-01
4.807755577084308896e-01
-1.000000000000000000e+00
3.950076306503513823e-02
-1.000000000000000000e+00
-3.450243081403431833e-01
8.407324044690951403e-01
-2.147349820423527511e-01
1.000000000000000000e+00
-5.216881411453901940e-01
-3.257173900471417860e-01
2.255577121281873987e-01
-5.717807928142463192e-01
-3.819472221101540832e-01
-3.508642075885004541e-01
-1.341944634704285433e-02
-2.993156134743246710e-01
-8.987674703572071100e-02
-7.889969323964227677e-01
-5.365499805572175873e-01
5.641575755137415715e-01
8.082157508417320280e-01
-5.944829594199613210e-01
-6.376018269968202201e-01
-5.772864380266677919e-01
-5.758344148687279951e-01
4.136827842941190880e-01
-1.000000000000000000e+00
-4.343594555803638180e-01
4.139689820725269698e-01
-5.412544642634050662e-01
-6.098878139987351510e-01
-5.136198667172261478e-01
-1.635404314516668567e-01
2.396560010941206076e-01
-2.679669606358946465e-01
-5.875995339679704887e-01
-1.000000000000000000e+00
-1.000000000000000000e+00
-4.229353611599337426e-01
-7.712644248363075272e-01
-9.558153432610079214e-01
-2.772373256359163540e-01
4.829096697965272189e-01
-3.618388598615351892e-02
-5.674949338872942173e-01
3.970847677238107387e-01
-9.206825645055424778e-02
-4.449959549146517701e-01
-2.869931534980395549e-01
4.261712124855588368e-01
-1.129867603914074259e-01
1.996981466269881211e-01
-5.170007755261476490e-01
9.611641701174447050e-01
3.036131143565540813e-01
3.107175164148924806e-01
4.694841192093852089e-01
-3.674116750853174684e-01
-8.577566947694643673e-01
-2.344762460738397669e-01
-5.022552103446092930e-01
9.045597890469964097e-01
-5.827413073903986440e-02
7.921621516371016858e-01
-6.025454356184534177e-01
4.091767229855916566e-02
-3.460614557850361095e-01
-8.156388498397275644e-01
1.371842039804986868e-01
2.668968869527428844e-01
2.408794651588813118e-01
8.000395080136328829e-01
3.280263499649169745e-01
-5.220707990187746228e-01
-2.773668769947885693e-01
5.829873641007224938e-01
1.974002409794740620e-01
-5.102382498563664548e-01
1.107073202557449232e-01
-1.596262085005417664e-01
6.414369133971634662e-01
-6.127196529474271403e-01
8.320788371411540485e-01
9.096122565373984115e-01
4.675143158794726195e-01
-1.000000000000000000e+00
7.938360390276687495e-01
-1.033510783531284005e-01
6.574845417590776675e-01
5.966814124755375204e-01
-6.701038602550486445e-01
6.048400734313972293e-01
-1.000000000000000000e+00
-8.029114196274804716e-01
1.000000000000000000e+00
1.000000000000000000e+00
2.955595107370070362e-01
-2.181230119274968904e-01
-6.561735787119307162e-01
-3.295642280577040228e-01
-1.000000000000000000e+00
8.664601021359374933e-02
5.710353274803625645e-01
9.565747429109279221e-01
2.440523118162196692e-02
-6.934025332896609495e-03
-1.298638414078028269e-01
-9.483006988676764282e-01
7.144880028965481245e-01
-1.000000000000000000e+00
1.000000000000000000e+00
-7.107400682261876268e-01
2.262596892342553789e-01
3.402372346195853270e-01
2.864290513961713636e-01
-1.000000000000000000e+00
3.344384835258401578e-01
6.684743188585759999e-01
-2.098214372663359528e-01
-3.814362333887777456e-02
-4.542601750193177024e-01
-8.679849321332706868e-02
1.178263888370309764e-01
-1.000000000000000000e+00
-5.197921765413957007e-02
8.657107733073315936e-01
-4.693018568909512744e-01
-7.976885390963566191e-01
-2.707817721526247778e-01
-7.399786318601098145e-02
-8.637954756719957716e-01
1.091794624075565212e-01
9.483694683455620167e-01
3.125624384766783614e-01
6.902363019179571513e-01
-4.623996703391639596e-01
-1.815385116625923834e-01
-1.931737238188115102e-02
-2.749812013055713544e-02
6.324790714694571436e-01
-2.565537816216693634e-01
3.972011727295388095e-01
1.465973022705844286e-01
-1.546296022600054387e-01
1.000000000000000000e+00
9.805884872128389773e-01
-4.017425441244671380e-01
3.918445652085369435e-01
3.428150892640494662e-01
8.024060027505249826e-01
2.026455258143033122e-01
-5.684144919653731920e-01
1.000000000000000000e+00
-1.746089156932525976e-01
-5.618514861609034128e-01
