8.208929412340641996e-01
-3.516797311220236644e-01
-1.000000000000000000e+00
-7.951851764194327599e-01
2.802463321175785449e-03
-5.032777592805101619e-02
2.709660771168485027e-01
-7.163511973007685718e-03
6.437939281900488808e-01
2.545001360878687557e-01
4.165688328847507726e-01
-7.467683497460331221e-02
4.148792723688599082e-01
-9.886618817476624521e-01
-1.000000000000000000e+00
2.735934047434755989e-01
2.438156708725293664e-01
4.698750629641830212e-01
4.213606005105978158e-01
-9.998308138769501641e-01
3.542476421946670895e-01
-2.590682420210775327e-01
8.239816921315041842e-01
2.931979086217818553e-01
8.751429888876515184e-01
6.923353694009387604e-02
-4.843407117448347288e-01
-5.636728757398337120e-01
7.928093244576989163e-01
2.985492776989048247e-01
9.452037446022251710e-02
-4.015572344205590172e-01
-1.352684813775349992e-01
6.324037314121573328e-01
-6.551493573786584257e-01
-2.154545598968416742e-01
-8.752770139474508326e-01
4.973805605279729702e-02
1.282800838163133950e-01
8.022439981362956551e-01
6.816714732259226972e-01
7.936447797404974636e-02
1.000000000000000000e+00
2.430731216245732018e-01
4.961430614025111874e-01
4.536227259656269717e-01
-1.822083200741551889e-01
7.956602136580368523e-01
-9.807392538080034194e-02
-5.309917555473038231e-01
-6.859259218559508042e-01
-9.162986169595429553e-01
-6.159770004668556342e-02
2.544259852463300331e-01
2.163360657131195852e-01
3.671223529719255252e-01
5.926243248350285819e-01
5.278756948615934697e-01
6.210376277818810964e-01
-3.918139664652389720e-01
-6.692053055479399992e-01
6.347758934455021151e-01
6.918684171032820629e-01
-1.000000000000000000e+00
-8.749055906568679042e-01
-3.952925882192058205e-01
1.799447368976731521e-01
6.490448220062512430e-01
4.883603587493494103e-01
3.098305369469904758e-01
-5.772599593863738665e-01
-2.855945385366280287e-01
-1.222010195036525859e-01
2.473586976086261102e-01
1.000000000000000000e+00
-5.549559504225980433e-01
6.748046533138620795e-01
-1.063180729272250047e-01
4.471731057117307728e-02
7.701870636578757034e-01
-6.165524955949992503e-01
-8.973570519033218229e-01
6.219345349104172804e-01
-1.451902089890731717e-01
5.439222229253363183e-01
-2.050656504595823049e-01
1.383869605970066974e-01
-1.000000000000000000e+00
-7.303573276363320987e-01
7.092871889172773503e-02
-4.018047277452616584e-01
2.747646036518997525e-01
7.712609003934536300e-01
8.690663208713535204e-02
-7.494676297825184630e-01
-6.332244442584811228e-01
8.422414283564304549e-01
-2.054316497091024374e-02
-1.999986580387994595e-01
-3.302305439036251622e-01
9.091561400729928355e-01
5.513954551530895198e-01
-8.611494529146325461e-02
2.029957768851670674e-01
-2.244669067038475296e-01
3.367425082286936711e-01
-7.802081720357036954e-01
-9.999089541804064840e-01
-4.344040939585942507e-01
-9.859485378762617991e-01
1.991996501220132110e-01
8.982846707251672669e-01
-5.754014394226528717e-01
-4.702686181396812937e-01
-6.946867788625984419e-01
-8.001948849101193639e-01
-1.000000000000000000e+00
3.570996380077140486e-01
6.505868424595067090e-01
8.186902288775362857e-01
-4.216091959405737777e-01
-8.219110603685645389e-01
-2.968131975908450682e-01
-9.683790531804805646e-01
2.851684508306170929e-01
7.015525133350219988e-01
-1.000000000000000000e+00
6.744603102122993521e-01
1.038492470333855777e-02
-1.000000000000000000e+00
-2.206148295293695882e-01
-5.095597273946963490e-01
-1.790177440044699031e-01
1.000000000000000000e+00
-6.627707248241641036e-01
-2.541550762093083837e-01
3.279667389244449865e-02
-1.166331746194409075e-01
-2.887707195980208086e-01
5.935450738131987647e-01
-2.004948858516042431e-02
2.650962016111438335e-01
4.418547558188735680e-01
-1.000000000000000000e+00
-2.448820586713209568e-01
9.069697826018151554e-01
-1.603473541478728226e-02
-1.000000000000000000e+00
9.784803175350504922e-01
7.268945578188120704e-01
-8.304708565066671877e-01
-6.417889841590467270e-01
1.000000000000000000e+00
4.425768822982151240e-01
1.484425147315182048e-01
-5.330612872228739363e-01
-2.223942948320436486e-01
-6.677552918250094782e-01
-2.958902369930943577e-02
9.903815569530464158e-01
7.604296672504442522e-01
1.124110356951448231e-01
-2.869043067895410415e-02
3.955476650734612298e-01
9.071456505359374312e-01
6.234860754422508755e-01
-5.121023755264308974e-01
8.315130027699980664e-01
1.000000000000000000e+00
-8.395328815174033510e-01
-3.980804647391839035e-03
-6.437565995243540451e-01
8.619724452435549855e-01
3.768945796283082461e-01
-1.520332208725150847e-01
-4.324530325183086887e-01
7.165551053468265374e-01
-4.187199751570975792e-01
-3.707598308804965215e-01
5.947818416090990823e-01
-5.637885075424061698e-01
8.837489574631740563e-02
-1.713746992457884644e-01
-2.415835680447017408e-01
-3.391146393354304012e-01
-2.215475677207531247e-01
-5.143788973683712795e-01
-9.489431293428317593e-01
-1.417515853348145782e-01
4.124800047452203411e-01
-4.930950063784661497e-01
-1.000000000000000000e+00
-5.004517962106914686e-01
-1.000000000000000000e+00
-6.602662224825849302e-01
-5.940008027957872638e-01
5.733536553330013108e-01
-1.130436628050723036e-01
-1.695829392093650412e-01
8.837309674679795501e-02
2.072564106048362109e-01
-8.181743024579940515e-01
5.628314580031465453e-02
1.197088919752234554e-01
-5.841045481788519345e-01
1.000000000000000000e+00
-5.326192459832695958e-01
-8.625992767447141496e-01
5.590261587146156952e-01
-3.928406403236892608e-01
-3.682060078183568841e-01
6.955243636396668538e-01
-3.304698366976600021e-01
-3.148232695050038887e-01
6.125727876831501550e-01
1.843892745381829623e-01
4.452330281463307560e-01
4.007637654012679018e-01
5.545177789619885056e-01
-2.496490751956371712e-01
1.000000000000000000e+00
2.756691450485029282e-01
-7.167199685830136779e-01
-1.080720019517089625e-03
4.054460905431704898e-01
-6.376524849897026170e-01
1.715067721659453981e-01
-4.884844575708910397e-01
1.163486147138453886e-01
-7.454657303376764910e-01
7.750057821689266824e-01
2.259855804227201559e-01
-2.268701512411098742e-01
5.814143522579532375e-01
-1.000000000000000000e+00
6.820122847689878975e-01
7.666139254576351814e-01
1.000000000000000000e+00
-4.436498359535557823e-01
-5.900540405988026205e-01
-2.530453303270636112e-01
1.000000000000000000e+00
9.171929530150066956e-01
-1.968537893894670987e-01
4.907076581145913829e-01
1.000000000000000000e+00
-5.248107102040355798e-01
2.854746083192527539e-01
8.551155383681637856e-01
-7.136398418517236886e-01
-4.331369859036506842e-01
-4.704987805371432241e-01
6.488708599339880756e-01
5.602534331981758875e-01
4.244283475357743529e-01
9.817751619313079825e-01
-1.000000000000000000e+00
9.776960241394477835e-01
7.459640741402773223e-02
8.002786167286823904e-01
-6.506044304057243544e-01
8.757845496505825000e-01
3.662280130685638957e-01
5.094309284953686401e-01
7.970962735654003595e-01
