-6.148565648695000219e-01
-6.371852104581535725e-01
6.496378405083670371e-01
-4.297924423748125111e-01
-4.630582693975591191e-01
1.000000000000000000e+00
-6.210236892039335821e-01
6.635069128943515970e-02
-6.754205160928075102e-01
-8.020625719359953942e-01
-7.171159968028767429e-01
3.003783908750138898e-01
-2.387339999331852813e-01
7.673947649470047594e-03
1.000000000000000000e+00
-9.289328138916153055e-01
3.473853939415713632e-01
-5.631655285304071334e-01
-8.120279447864557909e-01
3.515997779938632717e-01
5.821537189419290215e-01
1.000000000000000000e+00
-6.300503284394782799e-01
1.000000000000000000e+00
8.912742928993535596e-01
-1.000000000000000000e+00
7.699749249018656982e-01
-6.937619713157777701e-01
-6.524621157595552612e-01
-1.000000000000000000e+00
5.974376692251451848e-01
5.134065683448746364e-01
-1.000000000000000000e+00
6.823213678901702828e-01
-6.817924909353174634e-01
-9.644688647063127673e-01
4.713171285613457218e-01
3.115778564978801124e-01
1.000000000000000000e+00
-3.060852276623682311e-01
-1.449201009007028418e-03
9.865188008159496702e-01
-3.170536553734175089e-01
-8.972044907847920303e-01
-5.338542136208285216e-01
-1.000000000000000000e+00
6.771502600277834460e-02
8.065896878372482703e-01
6.775948079601812335e-01
-1.012974900550313029e-01
-1.000000000000000000e+00
-1.000000000000000000e+00
-3.506569625539310842e-01
8.449575875160294514e-01
2.054119605398473936e-01
9.126080046282907254e-01
-1.000000000000000000e+00
-1.219496850106737140e-01
3.538893514617711955e-01
1.199675294071035903e-01
4.699344062333807859e-01
2.262616900944403042e-01
-3.587401154803586678e-01
2.963666706585910138e-01
9.602141685458182030e-01
6.138895713845329283e-01
-9.801710207880764969e-01
5.882206848119476694e-01
7.884713508353534683e-01
6.311211433107635216e-01
5.123311782741843401e-02
1.657463657863892381e-01
1.635029746687375329e-01
-8.566053776162565470e-01
1.432409713981876165e-01
-9.909136703902015064e-01
-5.679797076060790761e-01
4.357817386909417223e-01
9.430115149933244734e-01
-1.000000000000000000e+00
-4.569983359965771319e-01
5.969470473615432482e-01
3.534428539091680754e-01
9.431007473497587945e-02
-6.419887120101709366e-01
-5.504086580530116457e-01
1.000000000000000000e+00
5.890762163306163535e-01
-4.616793854983901602e-01
3.774762580938992307e-01
2.239222566624472083e-02
3.244103892220637220e-01
-7.709986475909577641e-02
-3.048100913500224607e-01
1.000000000000000000e+00
-7.175029878790063487e-01
5.259299604936228389e-01
-1.000000000000000000e+00
5.461810572876133474e-01
-9.642141609082077736e-01
-6.822299404188576499e-01
-7.407338086898671570e-01
4.841399713275560401e-01
7.336827507619011479e-01
-8.149176137295527367e-01
-3.576149854415943130e-01
-6.121608123702836357e-01
1.031953401987562025e-02
7.028696415147519527e-01
-4.042544149027278433e-01
-9.267406707656226095e-01
-6.702564783933784298e-02
-5.522295903866658584e-01
-9.667549091731394428e-01
2.207404268488449006e-01
-1.000000000000000000e+00
-9.434667583916170885e-01
-1.149708222953435000e-01
-4.234697328588040155e-01
-4.661501937226425474e-02
1.000000000000000000e+00
2.367690269559825644e-01
1.000000000000000000e+00
-3.946908229830720094e-02
-1.000000000000000000e+00
5.950203327056569069e-01
2.558891717085216011e-01
5.472943803058591961e-01
-8.509292490199689141e-01
8.885003955012504839e-01
6.178011491569541658e-01
-6.855361079380376532e-01
5.619048778492228280e-01
-6.826431150129149694e-01
7.866496837385674734e-01
4.543041820589321933e-01
8.415135048010992103e-01
-5.689480915800015914e-01
9.729941912960613504e-01
-3.615619774600060676e-01
-8.723684847839620060e-01
-9.486729014045247599e-01
-9.089401774096117492e-01
-1.000000000000000000e+00
-1.040986776975945660e-01
2.020993152320066377e-01
4.505843460247300203e-01
-2.889590443467136005e-01
1.652987165869234110e-01
-2.540144610780496470e-01
-1.000000000000000000e+00
5.323139054921988134e-02
2.060473927573047981e-01
5.190121331758043022e-01
-9.374674635998617722e-01
-1.525583067352646038e-01
2.664526097543667982e-02
3.525283173833226869e-01
6.753896211951967432e-01
5.044065758010731759e-01
-9.964331568554365415e-01
8.262076006149753349e-01
9.688949997106923728e-01
9.826926256169149498e-01
1.000000000000000000e+00
-6.358068281772922825e-01
-8.919749634537674776e-01
1.431658263886234905e-01
6.948855385321331402e-02
9.646571869459719117e-01
5.055403227611652284e-01
-5.012371861179691912e-01
2.534409388105315353e-01
3.034686775438588113e-01
6.475047983037482968e-01
-6.177029049893394408e-01
-3.632740872588607894e-01
1.000000000000000000e+00
8.692633444648295571e-01
-1.000000000000000000e+00
-4.796091377829093116e-01
-7.447745867217385740e-01
7.733727805235390829e-02
4.689243885365144138e-01
8.812984243016672714e-01
9.406013324614779236e-01
9.927163447751621295e-01
-7.388973602724095979e-01
5.858260065460390020e-01
-4.830000177925919402e-02
2.976406375156030459e-01
-1.892432378338232413e-02
-9.340926543253168512e-01
-6.380743687259737840e-01
1.000000000000000000e+00
-3.682217849451973057e-01
4.450103915606031801e-01
-2.236198830621704547e-01
1.268303159673622726e-02
-9.514753270338234259e-01
-6.197743251856602242e-01
-3.604707611562900649e-01
-4.950947456074748509e-01
-5.374332632884614158e-01
2.122662949021216772e-01
1.582493508271869687e-01
-1.958043738311991341e-02
-6.142556565970821447e-01
-1.000000000000000000e+00
-2.286861892217078029e-01
-6.807234578694050242e-01
-9.991205384302479509e-01
9.459898280885631339e-02
1.000000000000000000e+00
-3.056768072413513782e-01
-3.366784928428567247e-01
-3.899493915892233709e-01
2.527666046791227084e-01
7.747002047285926896e-01
-1.929659839839992230e-02
-3.053364364890600591e-01
7.573143055021602787e-03
1.758526770208812262e-01
2.195203517403910842e-01
3.216941126557602004e-01
-8.380258253929006029e-01
-4.241625349951892998e-01
3.936153652233699285e-01
-2.915251528605522502e-01
-1.000000000000000000e+00
-2.373613875294637854e-01
-5.323441542960677397e-01
1.000000000000000000e+00
6.613766746590995504e-01
6.773410352923032729e-01
-9.124275511730246535e-01
9.873498238793928516e-01
8.260146258252776263e-01
7.130644201795030002e-01
-5.319091307234249943e-03
7.454671369569997319e-01
-4.903710094812282483e-01
1.000000000000000000e+00
1.673798876923345003e-02
1.000000000000000000e+00
-9.905010559207165777e-01
9.395464830079203189e-01
-1.060619123255222007e-01
4.890626105610939023e-01
4.723523894718630878e-01
-9.665790743591082812e-01
-7.237949420058463756e-01
2.482188558908089426e-01
-1.588028244679815515e-01
6.794815137851359932e-01
8.450701838617792339e-01
5.058745063402451114e-01
1.000000000000000000e+00
8.226534455870776474e-01
9.466234352299587318e-01
-6.449982059254983913e-01
-1.000000000000000000e+00
-6.727552347198517690e-01
-2.521346066486145898e-01
-6.646744133258738474e-01
