-2.574452559754165648e-01
1.000000000000000000e+00
7.528335146085403107e-01
-7.687459827924620903e-01
9.629211413248373042e-01
8.998461449556913738e-01
-3.017248711129972283e-01
2.524577675069730187e-01
9.259147370153999468e-01
5.405602712899229001e-01
-6.764816064185465994e-01
-5.571602064191012449e-01
-4.707231142039217664e-01
7.405730199043748518e-01
6.168109141217905655e-01
5.410494990199778975e-01
6.087365820944667938e-02
-6.772975737476595592e-02
-1.680604699502656896e-01
2.756096429838259532e-01
-8.914434896115950302e-01
9.351583903443951851e-01
4.663199442683378937e-01
8.542644681414257590e-02
6.719139030503629151e-02
7.683447548283233175e-01
4.954214564060141490e-02
4.705311088227694949e-01
2.718407803742450835e-01
5.210806860769343629e-01
-2.860683932083252223e-02
4.556997528265103181e-01
9.773529588533170775e-01
-6.698056092165778352e-01
-8.464554404915687336e-01
4.847704599444289109e-01
9.914093124246514677e-02
-5.726071230895108943e-01
3.682944089020949718e-01
-8.294315068730635510e-01
9.868857538715003486e-02
-7.764326635600633519e-01
9.746684323577438080e-01
-8.745267479637752750e-01
3.222785042793137045e-01
-8.855627642470225158e-01
-4.996910743528548138e-01
7.851938568037813981e-03
6.897424933358919930e-02
4.897245648259145323e-01
-5.122949409335497695e-01
7.071669598336636220e-01
-6.633136214842656475e-01
-1.527289758339261949e-01
-4.238899046258794989e-01
-7.078082877820628394e-01
8.735157373509909728e-01
-3.960533288032704324e-01
-2.710081801064134766e-02
3.873161369750497407e-01
-6.442591999383344703e-01
-5.684566203567693599e-01
1.066799871638890451e-02
2.647301065391467478e-01
-9.144667152458170190e-01
6.820944946216404015e-01
9.586785408539999498e-01
6.672581684980385397e-01
2.148378017232434045e-01
-2.503388482512263202e-01
8.877799622399371593e-01
-2.100502550705170002e-01
-7.723717068106386030e-01
-8.953818821548464868e-01
-5.230967440360132503e-01
8.202042533710209860e-01
1.248862084785749005e-01
-9.092651795062338671e-01
4.274010627089153136e-01
-6.428155244780342503e-01
5.240017194136205037e-01
-6.561879416579786684e-01
1.971540650511061088e-01
-3.525285162350633716e-01
-6.294301701796967130e-01
2.079367970942529453e-01
6.682577214709226610e-01
7.227340408018587681e-01
1.682999386776624640e-01
-2.339973211646484419e-01
-9.308873109978903493e-01
-6.861836941163090842e-02
7.364884436888049501e-01
-5.067557014359884704e-01
-1.509050648369749670e-01
-9.567507785552868960e-01
-1.376442784007512188e-01
3.069880196855470089e-01
-3.245706498688094577e-02
-5.962988295724898080e-01
-9.649812601159193370e-01
-1.685323602717021529e-01
-1.362167723673202158e-01
-9.730706580433143849e-01
2.359709727566325910e-01
8.442018569157823116e-01
6.317371428732463379e-01
-4.537893330911004774e-01
-5.770831317600535471e-01
4.755950160793354087e-01
7.874137558556859595e-01
-3.323842118459832129e-01
6.631586134370255348e-01
-8.844088083024690405e-01
4.865507325374853753e-01
6.139149847629232770e-01
-7.151972940046635863e-02
-1.494494595306785634e-01
-1.998981567929978831e-01
-1.271046567383988801e-01
4.657817168987328227e-01
3.021802487369988910e-01
5.812473375347983889e-03
7.710341941555276524e-01
-7.383750593575473253e-01
-4.014607594489039144e-02
9.223380320958165512e-01
9.275336934766500452e-01
-3.164691699511441580e-01
5.593381748862298330e-01
2.408971554432044471e-01
-5.788751551749202751e-01
-9.625002099899910846e-01
6.963153226136253870e-02
3.405385156225722021e-01
7.221328551315939759e-01
-9.202575746435071036e-01
3.224119175867059539e-01
-4.127174953488217390e-01
5.028282295331569784e-01
-4.184018125970732083e-01
4.876302111461430222e-01
6.962377947084015251e-01
-9.216975606853973213e-01
-1.698232981449390167e-01
-1.000000000000000000e+00
2.790033902048444370e-01
6.155573660136446357e-01
7.295956948954112065e-01
-3.449298521166201947e-01
-3.787529917397065571e-01
2.894254985581017348e-01
-5.285884773207356613e-01
4.418562398846945793e-01
-5.343363903996835029e-01
-3.362603286847498651e-02
-3.339450543539592697e-01
-2.552567794739213358e-01
-7.363102272391359726e-01
-5.904455225492717396e-01
-8.989105858232586677e-01
-7.699965243512574276e-03
9.644867448432223878e-01
8.954640145470203760e-02
8.973508091905268991e-02
6.059804889601440037e-01
-4.680571530548762738e-01
4.024047159107342897e-01
-2.631324664252336909e-01
-3.339996008184727971e-01
-4.376002337105837636e-01
-2.876526385509008410e-01
-5.810880424930471300e-01
4.995515906108687343e-01
1.888227450971602384e-01
1.669667887176211896e-01
3.187696731865612421e-01
8.594480379787861057e-02
7.411666338415270339e-01
-3.397334049335418160e-01
6.201501261253011821e-01
-7.578816291582681774e-01
-2.249651003994811438e-01
3.028958278464987108e-01
-9.804910471383245785e-01
4.700140944560875500e-01
-9.264458595720856948e-01
9.047374799183411920e-01
9.797044954785869564e-01
-9.532021278742033310e-01
-4.808335826544825053e-01
1.866014508177175901e-01
-3.788836610087553680e-03
-7.721301542831082720e-02
-3.921021211959778707e-01
8.677691051659619514e-01
8.583683037547267247e-01
-1.321308445964801681e-01
9.586855629665484990e-01
1.621836705641392928e-01
-1.178279378171132041e-01
5.375864767776462605e-01
-8.534225029930732065e-01
9.134551305050845338e-01
-2.714294364384423619e-01
-7.965852533354473852e-01
-3.029689675481624933e-01
-9.370105158414216984e-01
5.046952249305280969e-01
-5.461267432886600659e-01
5.488238266894984729e-01
3.271676483586043460e-01
7.801138749830269781e-01
-5.355739233670786525e-01
-1.187508545599860188e-01
3.031294602895113766e-01
-7.420226654372366060e-01
-1.160507386398759166e-01
5.952146250631562552e-03
1.727037628770919930e-01
-5.635497070787680585e-01
-8.585468993175360275e-01
1.000000000000000000e+00
-6.546545394481496638e-01
-1.175077745944881347e-01
-6.590681010434406017e-01
4.256833064271492439e-02
1.244526913391013068e-01
-2.317755400939249810e-01
7.789881498836821461e-01
6.547199938879022518e-01
-1.000000000000000000e+00
2.139137034196083587e-01
-5.148469629530125768e-01
6.901965549869735206e-01
-3.635490996018052590e-01
-2.880560645605110270e-01
9.957521236292694589e-01
1.858191174313562066e-01
-9.022821723914649095e-01
-2.926565587277152325e-02
-1.274464968447250324e-02
-1.794216211292894159e-01
7.253748355906519674e-01
7.676718511903593001e-01
-7.785647401376616372e-01
6.982397832672713189e-01
9.737346959346924180e-01
-6.325689823986690996e-02
-7.637758700538381795e-01
-2.120840843452098667e-01
3.610398718675698060e-01
-4.696905248964185486e-01
-2.726526305033220021e-01
9.869021034475089493e-01
1.740283833608919917e-01
-6.720491374567805209e-01
-6.373134211123263615e-01
8.263942274073790006e-01
7.268000061763748576e-01
-7.107692689215533433e-01
-1.618533705807216894e-01
-6.845206125890789250e-01
8.360463085484384216e-01
-6.633501255575757760e-02
