2.933304792042394915e-01
5.409349363155923074e-01
4.155358130314246168e-01
-7.552141415310575923e-01
-7.812267440513775973e-01
4.568305771767973145e-01
-9.025854981122064524e-01
1.000000000000000000e+00
-6.194458350769549426e-01
5.790735235799645553e-01
3.948850653035784752e-02
1.813821525147636393e-01
2.286039769971022206e-01
2.903955962461883811e-01
-1.000000000000000000e+00
-1.514063917455151786e-01
1.349486387277218924e-01
-1.000000000000000000e+00
-2.662595350620576840e-01
-7.548756952625581551e-01
-4.887709306347688409e-01
1.710676413185691636e-01
6.530148405226959829e-02
-4.908054808556375215e-02
8.676287948161112151e-01
-8.498965993917624306e-01
-6.627738795897784030e-01
-8.247009857704634683e-01
-4.139763268437950394e-01
9.318579701009764849e-01
-3.857423106006264701e-01
8.925978091620870858e-01
3.954244143487124497e-01
1.323828528170509777e-01
7.526855695961317538e-01
7.445520535143754781e-01
5.015986026774921225e-01
-5.213081438024864678e-01
3.153323825219445098e-02
8.049941418583297370e-01
-8.692429581414808926e-01
-5.106099302952883390e-01
-8.316995613634288187e-01
-9.585352333663514912e-01
1.183971825639156816e-01
8.189806666696431980e-01
-9.601995204056296140e-01
8.987108993123626988e-01
4.907810973366704133e-01
-6.119482236876787606e-01
5.009366489514968102e-01
-1.000000000000000000e+00
-5.426281719954744176e-01
3.170813767560625718e-01
-3.709566446605077061e-01
8.172821953602464884e-01
-5.530619275239927468e-01
4.167640289555363808e-01
-1.852602733791678391e-01
5.574475193777628235e-03
8.200529039326998060e-02
8.754341542329546755e-02
3.725239004994043146e-01
6.837154522332495876e-01
7.023587348296682631e-01
-1.325119195469053324e-01
4.538093333015452702e-01
-5.157956378717859502e-01
-1.889449900105695246e-01
-1.000000000000000000e+00
-8.435912433811781908e-02
4.210363575677909809e-03
-5.710358017699651567e-02
-5.750205666380896474e-01
-1.387607948545149239e-01
8.916867730195421338e-02
-2.993286290444485132e-01
-1.000000000000000000e+00
-8.266656591427909984e-01
3.052856156276989585e-01
-2.688513892988156906e-01
6.483350558370937211e-01
5.941460555163913249e-01
-3.746893615015022272e-01
-1.269400815746448419e-01
-3.303089378711659974e-02
2.083081644572571944e-01
-4.885668087265172543e-01
3.285950964864177148e-01
-2.729924074071123918e-01
9.248858855537364088e-01
-2.333325937423625651e-01
3.651770369747769918e-01
-6.034504477138271650e-01
1.000000000000000000e+00
2.355830686332140850e-02
-5.851805244777302795e-01
8.166822427628865899e-01
-6.292937966583074250e-01
2.321147981741245037e-02
-5.804424613877711137e-01
8.067569816386068737e-01
8.556512027167965106e-01
-7.597098652120856110e-01
-1.000000000000000000e+00
9.818551572277649520e-01
5.914787469028435218e-01
9.552150823881042641e-01
-5.931794172542209642e-02
-1.492747844697630555e-01
7.621892798022653626e-01
-1.127466713677348353e-01
-2.753342251098516713e-01
5.488935691630392189e-01
-1.000000000000000000e+00
-1.000000000000000000e+00
5.219862410669757757e-01
3.783283082790966367e-01
-1.755167483223135649e-01
-1.076595080380269298e-01
-6.755741071627924255e-01
-1.000000000000000000e+00
7.523317150276331855e-01
4.087116527392862242e-01
2.592040940880068756e-01
-3.886958843312840473e-01
-5.992120967665973685e-01
8.356109213724453033e-01
1.000000000000000000e+00
-3.674013592392803562e-01
-3.667555205941794294e-01
-7.018530042166781779e-01
1.000000000000000000e+00
-1.884543998709810042e-01
5.994330966011517381e-01
-2.108871693189102725e-01
-9.989378216892590423e-01
5.709477160754257152e-01
-4.569378289155069384e-01
-1.568962799815013520e-01
-5.507923034917521221e-01
9.186039721000700542e-01
1.012405874476229595e-01
-6.433217674390003804e-01
-1.766886584416266226e-01
3.890939147834944212e-01
-1.000000000000000000e+00
1.707997037495412318e-01
-9.244007920297691028e-01
1.520364448781705846e-01
-4.851303344854397959e-01
-9.301672469063220205e-01
1.000000000000000000e+00
5.503795229827921354e-01
5.224602056566671759e-01
1.743473968026110210e-02
8.070889231626150462e-01
1.000000000000000000e+00
-7.453633321129844447e-01
2.465681649002398057e-01
-6.134495158176255236e-01
-9.541675621077726488e-01
-6.412936394947116314e-01
2.211452076351172746e-01
5.984550259384935345e-01
6.980226632573760526e-01
6.153563474751032603e-01
-1.000000000000000000e+00
3.017205554372174303e-01
-2.456246532944173222e-01
-1.000000000000000000e+00
-6.531945507510381610e-01
4.466927650354520635e-02
-1.000000000000000000e+00
-3.581140867237755931e-01
2.097731320202985139e-01
-2.204351874498272912e-01
-4.861410439989717336e-01
-6.063753860658109840e-01
4.006778395341437649e-01
-3.642543199575777324e-01
6.919652692110584979e-01
-2.653667760075846260e-01
-5.634073215020336534e-01
4.411968392418895712e-01
-1.045121344969552890e-01
-9.717335729439046110e-01
2.438593599961272340e-02
7.099159250253139763e-01
-6.781774374770046521e-01
2.742303990060652730e-01
1.000000000000000000e+00
3.198949587225071722e-01
-6.784020336477161184e-01
1.000000000000000000e+00
-7.136849896414695360e-01
6.646009520993804154e-01
-7.572153230191551732e-01
2.557730573170472477e-01
-1.221620077635513363e-01
1.012030333142416305e-01
-8.027190704940595500e-01
4.387537947433255425e-01
-6.682335146865689413e-02
-7.190824213824977829e-01
6.330000184504520622e-01
6.643592745265419763e-01
4.840746870805252011e-01
6.670910327925909655e-01
-4.976523031204819203e-01
6.929840939103295572e-01
-5.187305419464028899e-01
-1.917910088980670502e-02
8.907056843530140045e-01
9.347120438680346366e-01
-1.305637547376519159e-01
-5.288601975655171650e-01
8.319872032203534662e-01
-3.420420156305673531e-01
6.574942520605713270e-01
-4.386354388297593054e-01
-1.012075167966013378e-01
2.371736749684467682e-01
8.806010959942044414e-01
1.881697765577896586e-01
-9.923447080828767808e-01
7.316993976157005752e-01
6.763122809866559670e-01
-7.756581284848073077e-01
3.069705182894574280e-01
-9.610661626403365076e-01
-5.388771396428694294e-01
4.686575190093977272e-01
-4.271530416791723406e-01
-2.603175238430713856e-01
-5.576495208132000725e-01
1.000000000000000000e+00
2.703645223727170754e-01
-1.607167040405513281e-02
6.800624630360434519e-01
3.782867965196604620e-01
-6.860881616977284603e-01
5.441879237364872779e-01
-5.451253877102982259e-02
4.631662429834496053e-01
-5.689549613893691848e-01
7.904609419380392854e-02
-6.082402144668005439e-01
-6.962139243142152489e-01
7.028989237568182835e-01
-9.025793658383108875e-01
-5.347074167401709710e-01
7.905312093976473165e-01
-6.196599598651043594e-01
3.130954312722570299e-01
1.037041227404129629e-01
1.353844696094039790e-01
3.410330482747509495e-01
-5.396246250950941237e-01
7.129695745853009692e-01
-1.000000000000000000e+00
-8.509884411252349734e-01
-9.018124471435918776e-01
6.472217165050992982e-01
3.294254572362069755e-01
