-5.128347284947480933e-01
1.992226952651866556e-01
-1.000000000000000000e+00
3.318062406904468409e-01
4.865070395816790683e-01
-1.000000000000000000e+00
1.000000000000000000e+00
-9.545526227247702611e-01
1.753010544279052785e-01
1.907475969804419691e-01
5.076958280214977082e-01
3.828028854744476295e-01
2.894617204966908330e-01
-1.000000000000000000e+00
-9.456681242611952865e-01
-1.397721413521476608e-01
1.000000000000000000e+00
1.570607209241708935e-02
-1.000000000000000000e+00
-5.674364618065306232e-01
3.625281755375328596e-02
-6.888453413779351830e-01
2.224444301511473154e-01
-7.413015509569881312e-01
3.605857781241106341e-01
1.577874712124608669e-01
-6.174070843398756780e-01
1.000000000000000000e+00
-1.000000000000000000e+00
6.787489145422715975e-01
-2.016224713152391379e-01
-6.495173922754631235e-01
-2.865832657973229614e-01
6.241723224809481163e-01
1.000000000000000000e+00
3.575814121498120390e-01
6.053023511451537386e-01
-5.384397957733682016e-01
-1.304330947442972621e-01
-1.522140318007680904e-03
-6.043643954592484713e-01
6.446493325990347856e-01
1.000000000000000000e+00
6.082633784074781280e-01
6.195256684203007680e-01
-1.671314708995075282e-01
-6.533668436099960841e-01
7.656305217105071614e-01
-1.121254470348455046e-01
1.585344567518230940e-01
6.572879712777452976e-01
7.485963946225139554e-02
8.098621186473408118e-01
6.203684108022029520e-01
-1.423603789711937739e-01
-6.658417023118077260e-01
-7.565015185157091260e-01
-1.037454281950395824e-01
-1.329034781876425875e-01
1.000000000000000000e+00
1.000000000000000000e+00
-4.087668290263055115e-01
3.147468320237811756e-01
3.636845788152078818e-01
-5.563079297410840063e-01
1.707523564552040352e-01
5.226132911593239783e-01
-1.944423284037605781e-01
5.420973005064082528e-01
-7.779205747937107951e-01
-1.666947471716336282e-01
-1.000000000000000000e+00
2.021799691963645507e-01
-5.693234576376284828e-01
5.900471578347163959e-01
9.049405701435748739e-01
-3.430797875750359882e-01
-4.971424846353295068e-01
-3.590442749761646457e-02
-6.562960911581550150e-01
-9.620833575890894718e-01
6.270253455844447821e-01
-6.930111155097384845e-01
-9.921620448321455399e-01
7.369901290921609949e-02
-3.205441110529758664e-01
1.595121190391061705e-01
-6.592424023914899012e-01
-4.776826337012138879e-01
2.128836621383567440e-02
3.243643745996997452e-01
-7.132568102455085768e-01
-3.917615601290134753e-01
-2.178239320462829198e-01
-9.870654949074563200e-01
-6.969093066872034115e-01
-1.000000000000000000e+00
-1.653988860824655016e-01
-2.817065206744948647e-01
-1.000000000000000000e+00
1.000000000000000000e+00
-1.000000000000000000e+00
4.408064845193228054e-01
8.100975992415502258e-01
1.220879539072574627e-01
1.000000000000000000e+00
2.887854740250722640e-01
-4.202548308404550070e-01
-9.689936657837122658e-01
-8.400715233889710643e-01
8.520080977228812191e-01
5.552589485181187445e-01
9.461649266096963107e-01
-9.576241585271390022e-01
-9.143694466439388213e-01
3.994184957431163308e-01
-1.000000000000000000e+00
-6.402144405937850724e-01
1.000000000000000000e+00
9.806169035937323253e-01
-9.737060021314183356e-01
-1.345679395812278689e-01
8.426428304044784046e-01
-2.261896098432946978e-01
4.676076806423692944e-01
1.000000000000000000e+00
1.000000000000000000e+00
-9.554323875332659810e-01
9.265287184196453474e-01
-7.317387245146831365e-01
5.591437230582328999e-01
-2.612843428381621536e-01
9.997078921682081010e-01
1.000000000000000000e+00
9.660374470947241665e-01
-8.250779260826677231e-01
1.000000000000000000e+00
-4.518291023084917701e-01
-8.831656582609280770e-01
-2.716138261240269025e-01
9.099949083046710019e-01
1.000000000000000000e+00
1.000000000000000000e+00
5.335970580696797194e-01
-6.182169922256961492e-01
-9.394862519757005703e-01
2.287753622046167501e-01
1.737552344151668537e-01
1.087087670751709090e-01
-5.082949845576636427e-01
-9.519754859326637897e-01
-3.615380220121114929e-01
8.601426900970570166e-01
1.000000000000000000e+00
9.792786340910809573e-01
-1.867501359938951722e-01
6.156221942585285989e-01
-1.000000000000000000e+00
-5.086902302271182341e-01
-1.000000000000000000e+00
-1.086168162720710095e-01
2.190795722336297269e-01
-3.716040717786822101e-01
-5.556637461049879212e-01
4.253557980298318109e-01
-2.555646811036752508e-01
1.871008993877230631e-01
-2.815958087122459874e-01
8.026735173672406853e-01
1.000000000000000000e+00
1.522782561078210861e-01
5.631272943627072536e-01
4.119624792481860198e-02
-8.944196604365075576e-01
-7.141432621552931126e-01
-7.939814765173311972e-01
2.143674275734911427e-01
4.005048896717644524e-01
1.085609447766562874e-01
-1.000000000000000000e+00
7.324204664975306756e-01
-9.181806868464887916e-01
-6.993791645907567744e-01
2.461344775556464359e-01
4.179389502291200875e-01
-4.103839575581202936e-01
-4.216606487299201511e-02
-6.294878413602773559e-01
-3.802993598998978819e-01
-4.185227187026258067e-01
-1.000000000000000000e+00
-4.474959669251094008e-01
-4.688446635018361786e-02
-1.000000000000000000e+00
-3.734703817399979142e-01
8.384166710111429222e-02
-5.268151501994402519e-01
1.804147705190016771e-01
9.958107425904619281e-02
4.635054153487094819e-01
3.513640092242837909e-01
-1.000000000000000000e+00
-8.089479601956642840e-01
-4.327667548408295484e-01
-1.406999430247652533e-02
1.000000000000000000e+00
7.769214692959938162e-01
3.844129899609622925e-01
1.401164751837760680e-01
6.846891831897858882e-01
-2.665067796124047650e-01
-1.000000000000000000e+00
5.179866862641514524e-01
8.764027507298811637e-01
1.000000000000000000e+00
2.519757937926686564e-02
-5.404383084064036114e-01
3.461676926905221108e-01
9.115201368994567677e-01
-1.663638762097519042e-03
-1.000000000000000000e+00
4.449409823197383873e-02
9.615557402540058085e-01
-1.000000000000000000e+00
1.000000000000000000e+00
6.575792895902532464e-01
1.000000000000000000e+00
6.221316524622747535e-01
-9.652533782038840160e-01
5.418321334635066711e-01
-3.709603348948720125e-02
-9.939565708194570970e-01
2.409182486083953911e-01
1.000000000000000000e+00
-1.000000000000000000e+00
-1.000000000000000000e+00
4.465308167993853328e-01
1.000000000000000000e+00
8.842412976394454782e-01
-7.848367788298453718e-01
8.758828814989844114e-02
-4.726802409475023836e-01
-8.921856638705130127e-01
-5.486783940156553241e-02
5.927903807026039251e-01
-6.124128975313799517e-01
5.486396322234556866e-01
-4.945610823464857142e-01
-6.140609611965403003e-01
-2.896013876611700510e-01
-1.000000000000000000e+00
5.032888727840660881e-01
2.386542739973974703e-01
4.998811821212422735e-01
4.762338243974320040e-01
-9.355958407840333502e-01
3.812429807141355376e-01
1.285335838692142074e-02
-6.583924551262192448e-01
-1.000000000000000000e+00
7.655528370211555078e-01
-4.949561013246838725e-01
-7.484261026556631169e-01
-2.681300677871042426e-01
3.583261641859412094e-01
