2.579147962571250452e-01
1.000000000000000000e+00
-1.029270643982244660e-01
-1.665177217808759824e-01
5.755155898335402309e-01
-3.106744407750134385e-01
6.154766998608007800e-01
-9.317588441214950112e-01
3.760603659021934941e-01
2.036726854950156318e-01
8.745913915980060294e-01
4.922115523662478065e-01
2.248884925637357340e-02
-2.294446078079747167e-02
4.905514597746835070e-02
2.157761234906196979e-02
-4.956627058315435930e-01
-2.242011340825638133e-01
7.023986021187217377e-01
5.884651192613945536e-01
-7.618207176509484979e-01
3.862074637688491796e-01
-1.104558331799582876e-01
3.048559518404975743e-01
-3.128296478481809584e-01
1.168356629653959089e-01
-9.835850100243478389e-01
-8.569753744272732288e-01
-6.470278144137190379e-01
3.357416728182754384e-01
-6.037797337545689480e-01
-3.373526868140264146e-02
1.000000000000000000e+00
3.469544598639350275e-01
-3.616008068440179635e-02
1.757603219571971798e-01
5.548027320183007705e-01
8.114939874009610143e-01
-6.386999188747254086e-02
-8.169350698065626082e-01
-6.271524850164125198e-01
1.000000000000000000e+00
1.000000000000000000e+00
9.566553693234910449e-01
1.000000000000000000e+00
-1.453996171007417848e-01
-3.823733985827347803e-01
1.000000000000000000e+00
5.277574229815938933e-01
-7.414536260288806524e-01
-5.810245815158198157e-01
5.591350324048310894e-02
9.701570926403879636e-02
9.451703325574986603e-02
3.709483620528272740e-01
-3.076361384489780804e-01
5.689509864851820531e-01
-6.085844896034000445e-02
-1.000000000000000000e+00
8.819667479233415097e-01
-6.797970992379452904e-01
-2.883223582470225144e-01
1.711223186922076200e-01
1.671863693638426240e-01
6.014100561346014118e-01
-3.998689231130065913e-01
-1.000000000000000000e+00
-6.060705707974697320e-01
7.722075915789000655e-01
4.334445639227876290e-01
9.924519378625291655e-01
-9.252769706477873557e-01
-2.949027123587016908e-01
6.722894076041929790e-01
7.376266674047889937e-01
4.071288114160125371e-01
-1.805838725807461520e-01
-4.063128311630709311e-01
-1.727501161212988134e-02
1.000000000000000000e+00
-7.252521444448958299e-01
1.000000000000000000e+00
9.626954881742586512e-01
-1.000000000000000000e+00
-5.598089353387292189e-03
-4.397107961891324468e-01
-2.277647518753536660e-01
-6.817624653271056046e-01
-8.548909468872391282e-02
-1.000000000000000000e+00
3.723776615715849725e-01
1.000000000000000000e+00
-4.535219231866041145e-01
7.517177027428925129e-01
-5.104889169889765821e-01
7.514056123335544068e-02
6.526499345895925286e-01
1.000000000000000000e+00
-1.000000000000000000e+00
9.741724042949045925e-01
-1.385032374207639805e-01
8.447688316761681193e-03
6.756945179545716940e-01
-4.995030566697229446e-01
-4.725245981208017199e-01
1.000000000000000000e+00
-7.556969512278129963e-01
-6.158055372387341020e-01
-9.775537901862471069e-01
-4.641112797175729887e-01
-9.001201623381218653e-01
-8.204219585142400462e-01
5.457964085781938923e-01
-2.682111613143398077e-01
-3.094640136852204806e-02
-7.867682019995296816e-01
9.690158246589961610e-01
1.831684864251710843e-01
-8.023081015555123541e-01
-9.355121521170340904e-01
-1.672941505280338692e-01
8.030646230521371054e-01
-3.412473670786759228e-01
-3.094440646474150292e-02
9.487572693654622302e-01
-3.555904429595571070e-01
-4.575102366786225061e-01
-9.593251564322536895e-01
1.588606056733073979e-01
-5.120877490600915793e-01
-7.507115446589390784e-01
-5.052525462518157040e-01
6.768304021639888202e-01
-9.344913931215762526e-01
-1.000000000000000000e+00
1.471876731328503884e-01
-2.693663428254437497e-01
-9.525423870790308278e-01
-7.097502576803451646e-01
-3.023117566590407534e-01
7.965932558622776938e-01
3.576561593303689834e-01
-9.680714576631050949e-01
4.193301213563135343e-01
-3.623496741254477183e-01
-6.726870031859759624e-01
-7.707992581406641897e-01
8.905617321164083222e-01
-2.447545112235475218e-01
-1.000000000000000000e+00
-7.518169977706337104e-01
6.201789451776944517e-01
-8.544028452668145368e-01
3.952466782501104503e-02
8.697395632651113706e-01
9.952876013813632960e-01
-1.000000000000000000e+00
4.010768749014450574e-01
-3.065333580487184517e-01
1.000000000000000000e+00
3.487358704580363344e-01
-4.521212953604569762e-01
9.542965255229480803e-01
4.919080548309163192e-01
7.423649495293538347e-01
9.881980824315008682e-01
-3.392400478139688813e-01
4.762877618970011717e-01
4.116517817723926997e-01
1.572541200809124962e-01
-3.799501296326468491e-01
2.354985828935722281e-01
4.621138625663960275e-01
-8.259408469384625917e-01
8.225970301184906130e-01
-1.188395859738301807e-02
8.969980127048567953e-01
-1.906440853798174739e-01
-8.338466379661139127e-01
2.256065868693180876e-01
-1.000000000000000000e+00
-1.000000000000000000e+00
-9.014628948780410711e-02
1.000000000000000000e+00
5.682321017929821139e-01
1.000000000000000000e+00
-1.174261996787838574e-01
5.902312313280938527e-01
-1.481586670650949511e-01
1.000000000000000000e+00
-4.735094942038278742e-01
-1.000000000000000000e+00
1.000000000000000000e+00
6.756341346670953207e-01
-6.157574939307560724e-01
8.378773291619973085e-01
-4.218910194035592198e-01
1.051150424271559414e-01
1.000000000000000000e+00
-1.000000000000000000e+00
9.293629059610549747e-01
6.055351352718639779e-01
-6.477333437518959514e-01
9.701089687109379356e-02
3.312637696271098497e-01
-1.250449816717535134e-01
-1.000000000000000000e+00
-5.831406916789010353e-01
-4.794742583020794591e-02
-8.670006429671661685e-02
2.871428135030814621e-01
-1.000000000000000000e+00
2.783451562775989818e-01
4.320850995621846602e-01
8.076256400651946610e-01
7.557104313243415694e-01
8.430617829284051679e-01
-3.951049728868527566e-01
8.344580065164717286e-01
7.478717069992628641e-01
-9.464336153839671972e-01
-7.198044957222889950e-01
8.832425866219942856e-01
-4.608999274470235857e-02
8.974681252520488872e-01
1.253114680819641946e-01
-3.542183014781349337e-01
8.416088569359496674e-01
1.000000000000000000e+00
-1.000000000000000000e+00
-4.979751082516699623e-01
9.915680063643793618e-01
1.000000000000000000e+00
-1.000000000000000000e+00
1.000000000000000000e+00
-4.516913439138959818e-01
-5.951820685745906614e-02
8.719045856883353984e-01
-1.144716674502301856e-01
2.626005659777095880e-01
-8.389712062477383547e-01
6.439494203772949676e-01
4.996050140401451234e-01
7.341353985236999113e-01
-1.000000000000000000e+00
5.332241965756785024e-02
3.374936553682321705e-01
1.469397483753743794e-01
7.568918085331517442e-01
-4.006299568985113302e-01
3.682315353307215045e-01
9.080481138332656688e-01
5.771240485530602093e-01
-8.146049229918077561e-01
-1.079418396748542675e-01
-5.678597778757799031e-01
-1.000000000000000000e+00
-1.000000000000000000e+00
-1.000000000000000000e+00
2.248676771740872882e-01
6.436850880916271667e-01
7.808391165467108985e-01
-3.314189734285882816e-01
-2.795914626956444438e-01
8.381830488990578143e-01
