9.879015820302690098e-01
-9.187128444181458242e-01
-4.945192376097309883e-01
1.783603214697346284e-01
-9.166163414352630490e-01
1.000000000000000000e+00
-5.813573573493465707e-01
2.507292933655015654e-02
8.390457223979526091e-01
-6.142873726879577445e-01
-9.985245255449000101e-01
-5.664147733377895566e-01
-1.830378725422029951e-01
3.207039456603360539e-01
4.987997272350362665e-02
-9.226409157119362936e-01
-3.009871537601901403e-01
-7.614343932020054551e-01
2.848457008627403031e-01
1.000000000000000000e+00
-6.264588057515685371e-01
-9.547353262128102092e-01
7.234860738948296621e-01
-1.000000000000000000e+00
7.495808278896038956e-01
2.214123709073496926e-01
-3.670120248696198129e-01
7.306846278895595681e-01
1.000000000000000000e+00
1.000000000000000000e+00
-9.812348949977995893e-01
2.542386849825926942e-02
1.420211425796682470e-01
-8.036469845129041722e-01
5.453991647239067042e-01
2.333719404930656438e-03
-1.825500072997157108e-01
4.226329605173250181e-01
3.494414306319904018e-01
-8.551227633566742536e-01
-2.055495530219151601e-01
1.000000000000000000e+00
1.369506848303729818e-01
-3.922848065530433193e-01
-6.092104283738050685e-02
9.377923305083316619e-01
-1.289277851717188783e-01
9.177195233703279165e-01
1.771048209268185625e-01
2.133685354573417736e-01
1.446424569041567798e-01
9.471312030848005881e-01
-7.033514667992992742e-01
2.840924283121925575e-01
1.000000000000000000e+00
1.204483348959460298e-01
-5.137729012935481343e-01
-6.595716887180069765e-01
-4.297292155126885560e-01
-2.033491886787043290e-01
-3.751497017923316468e-01
-4.054824955773096429e-01
3.120479207055373849e-02
-7.553164897727179250e-01
3.381548423198050823e-01
4.030396330234282121e-01
3.920185535759539430e-01
-2.482418436874320178e-01
1.369742504071980171e-02
-1.640184149561441096e-01
3.273836569055599277e-02
6.166131113021641186e-01
-8.313937347469579908e-01
-1.830064445814269802e-01
1.327271896892452951e-01
-3.392931660508374803e-01
5.036431518802867435e-01
3.306528137985756954e-01
-6.510218007576128452e-01
-1.000000000000000000e+00
-6.408365771309390002e-01
1.713273911080270273e-01
-5.046979478968376398e-01
-7.241285189177382176e-02
-6.516006747000011590e-01
9.496331648989925212e-01
-1.068283462775082016e-01
1.224898646854427620e-02
8.613311127661194000e-01
3.746861110237387216e-01
-5.172243481940800303e-01
-8.505060136065636378e-01
3.531213296054896977e-01
1.847249830022872352e-01
-4.921291440839915543e-01
8.314928904996632397e-01
-2.387827948909455322e-01
4.340415569198603496e-01
-5.523391673126342161e-01
8.203717413155073857e-01
6.808990652094378815e-01
-8.192958760254313022e-01
9.229988843858347725e-01
-3.592034198929541233e-01
-5.027909819355067533e-01
1.000000000000000000e+00
-3.379227244682969644e-02
-5.170479378564178941e-01
3.249356695690236996e-01
-7.727360620879254460e-01
2.796369805910700612e-01
-1.000000000000000000e+00
4.028874357148060081e-02
2.674831126609777399e-01
6.414926853609789204e-01
-1.000000000000000000e+00
-4.639557604584506056e-01
9.990045832072609322e-01
-1.618333097353688854e-01
-5.824680972606949281e-01
2.671591062194121902e-01
2.229915599619766708e-01
-9.083479648685677255e-02
4.871790155500016484e-01
-4.837664641064468585e-01
1.474469919223034831e-01
9.058470698380205466e-01
-6.099391888632162972e-01
-6.274397408424124967e-01
-1.000000000000000000e+00
-5.571921915050962459e-01
-9.666017115709668595e-01
-5.929249161216315622e-02
-6.183879864614472144e-01
-7.929523182795097380e-01
-2.310702367313433037e-02
9.054397213392108290e-03
-1.748115038441050428e-01
-2.176662633989003837e-01
3.534064270482370484e-01
-2.612511549862317484e-01
-1.137370558712246793e-01
2.677497494834079061e-01
8.497222126909598217e-01
3.918013741476167877e-01
3.761340615406300603e-01
2.401676060417585190e-01
1.697090770423789197e-01
-5.501962306535120861e-01
8.932149449815837139e-01
8.850312705184743001e-01
-1.393882668203103581e-01
-2.408732366087026899e-01
-8.905606618748879155e-01
-3.295787848191548131e-01
-4.611856473216821017e-01
9.130511595427501792e-01
3.437060992823279815e-01
2.514151541870157658e-02
-6.362244085398993665e-01
4.318927559018947981e-01
-9.163282959377359038e-01
-8.998498859711545617e-01
6.026035363226334152e-01
-2.480153653392568325e-01
-9.461058268913101754e-01
-2.917657769538772317e-01
-5.783528330195006895e-01
7.801870143056555129e-02
-2.714000014850646569e-01
8.761497472958533761e-01
1.000000000000000000e+00
-1.312371395670462459e-01
2.211209842512002199e-01
6.736245211679191269e-02
-2.831466872066509266e-01
4.093322533046417355e-01
5.679586390711846011e-01
-1.000000000000000000e+00
1.000000000000000000e+00
-9.103999550914809724e-01
2.307956875059460344e-01
-4.753101183553279929e-01
-6.988110513200446183e-01
1.898623521761023114e-01
3.061971788632859015e-01
8.283570263591192306e-01
8.723134596306086896e-01
5.798828129467183956e-01
-5.153806231316312436e-01
8.581294804572395796e-01
9.424659723287446278e-01
5.595832874288351189e-01
-7.760627959544779131e-01
-8.636280335082417992e-01
-6.419256368327069806e-01
-4.040756511596240719e-01
1.000000000000000000e+00
4.630175295993332885e-01
2.903126307819219876e-01
6.767784372000207327e-02
-4.364228944921663689e-01
-4.951169794402573432e-01
-2.141341527252651200e-01
-9.411304609313029257e-01
4.083284340060036599e-02
-5.890729152082450071e-01
1.000000000000000000e+00
-1.841767031232343088e-01
-4.237342367346688121e-01
-6.417005507726967206e-01
-1.176582213182426201e-01
8.899338883301246561e-01
9.979696973741505328e-01
7.751735195465584427e-01
-3.709748833149952851e-01
-7.543068517622024682e-01
8.920250586866291798e-01
1.000000000000000000e+00
1.000000000000000000e+00
-3.298817006319394451e-01
-4.840660575629646689e-01
1.000000000000000000e+00
3.590763070148031422e-02
-6.053802752812779131e-01
-5.128844375111394349e-01
8.255847292906672852e-01
6.687207934437957579e-01
3.286659004392117334e-01
-5.858471541811322014e-01
-5.467137520790353866e-01
2.422687970598535190e-01
1.465332219288517646e-03
-4.267563536170360106e-01
8.826566191150806429e-01
-8.190477591706447624e-01
-5.986914990880689569e-01
-2.596332757785968504e-01
-7.224433912780464651e-01
-4.588805505548132491e-01
-1.000000000000000000e+00
-6.240305692591662234e-01
-4.641650567167479036e-01
-1.000000000000000000e+00
-1.000000000000000000e+00
-7.918502401298513904e-01
-3.020609688523603342e-01
-6.151765665265900296e-01
-2.555886525328320003e-02
9.664395296835651683e-01
9.104724942792115083e-01
7.993497176980078889e-01
1.494761281729427294e-01
3.082023108835301728e-01
9.981183855244775138e-01
-1.620266327113276117e-01
-8.533839726263980907e-03
-2.690836574173083307e-01
1.403328575154508262e-01
1.736637032492347188e-01
-1.000000000000000000e+00
-2.729841220456930007e-01
8.437604784031543792e-02
7.355053968562954569e-01
-1.000000000000000000e+00
