2.220055408707657385e-01
4.113946998476541994e-01
-6.295345387287365480e-01
1.146299610434943217e-01
1.913179356621631105e-02
-2.958856248434294511e-01
-9.807721843801704420e-01
8.829031934793345471e-01
-7.051213108494345239e-01
2.323659591274512548e-01
-8.194520912454010819e-01
5.877940327098557516e-02
-3.010989522503640381e-01
2.748956431138159795e-01
-1.040637488023784529e-01
-1.101145721906171548e-01
3.604260615152218294e-01
7.059642557926125717e-01
6.982717670807369048e-01
6.202631012516731657e-01
-1.000000000000000000e+00
4.448884156220014874e-01
7.517590179679556339e-01
4.459151902104547260e-01
-4.762980489402244832e-01
5.933143697846076092e-01
-3.503709430253207913e-01
-9.326650320826276319e-01
-2.428366322066811411e-01
-1.859350190249609014e-01
8.072543019633227068e-01
-6.786009810075671611e-01
-7.082292044070952475e-01
5.516290493445765719e-01
9.572966633067458986e-01
-1.000000000000000000e+00
-1.863159915967840807e-01
5.497871659467876704e-01
3.442217973004068066e-01
-9.662609424791986090e-02
-3.223645819874528806e-01
-1.000000000000000000e+00
1.864366882222127653e-01
-2.451994181640572978e-01
-1.000000000000000000e+00
-4.283061480568215451e-01
8.526996626078799935e-01
-9.091193060431856932e-01
4.292813867588139431e-01
5.081952460334568933e-01
-2.094344639061808122e-01
4.617650618392735717e-01
-7.352487178019762037e-01
-1.929571758702686435e-01
8.310451023946914262e-01
-5.490106913782991649e-01
2.725094589935454503e-01
-1.000000000000000000e+00
-1.000000000000000000e+00
-5.938312060184092189e-02
-6.038666683481327402e-01
-3.978873104862524213e-01
4.468600691351486409e-01
-5.192046654993871524e-01
-3.982425765998177658e-01
1.000000000000000000e+00
-5.544450995330409970e-01
-7.939800590437537386e-02
7.448848063877328007e-01
1.922043862438509443e-01
5.664112484432317629e-01
-7.633863182819466964e-01
4.376349888251077069e-01
-3.324399232559849260e-01
-9.003404801333395602e-01
-8.710317857083016424e-01
8.568009039454718145e-01
-8.655595918822955870e-01
-1.685818200418441881e-01
-8.015577541028082731e-01
-8.812231432285064781e-01
5.602089610766607386e-01
8.571767139399663060e-01
-4.724075041317470358e-01
-4.580624367387403639e-01
1.860117091809785628e-01
8.444446354860251081e-01
-7.243511224435846829e-01
2.837364173545852131e-01
-2.220585082930379150e-01
5.132115549319850312e-02
2.246862646251721607e-01
-3.763693693090511272e-02
2.463472789545112507e-02
-1.000000000000000000e+00
-1.965227353635471408e-01
-5.634958295614582724e-01
-1.515241575961790710e-01
3.387540647967113294e-02
1.000000000000000000e+00
4.646377138931904183e-01
-9.417044376179934950e-01
-5.650299699705176870e-01
-9.575044460147649761e-02
-4.148872448255181422e-01
-5.755539032089603824e-01
-6.667838227490532343e-01
-1.000000000000000000e+00
-2.069167689844836344e-01
5.276576059066209190e-01
3.549336482993908914e-01
-5.969751412559261006e-01
-2.886042655394133183e-01
-7.772005406229423596e-02
1.001123527017315773e-01
-3.604409909371881771e-01
-4.581356877371470793e-01
-2.801317214561508395e-01
-5.056028354956312310e-01
1.000000000000000000e+00
1.000000000000000000e+00
7.233687744761461147e-01
-2.144550502127136604e-01
-1.632865525625019076e-01
1.460773748401645311e-01
3.593684294324094308e-01
-7.269976869014328491e-01
1.000000000000000000e+00
-4.925830812736652353e-01
-9.255613775887461259e-02
8.978100266280810704e-01
1.000000000000000000e+00
5.378091643970650537e-01
5.147212930774980322e-01
-1.068529997347812122e-01
-1.742774350984952481e-01
-1.898553916034036448e-01
-5.415876371704395620e-01
-2.623505664618865918e-01
6.825283264414148954e-02
6.729344641844046127e-01
3.583310886576642207e-01
5.000139369491509722e-01
-9.712296590244082761e-01
1.293603422745673304e-01
-2.374316806384041967e-01
3.491374053378185072e-02
3.811404981957436378e-02
1.374638024216306986e-01
1.000000000000000000e+00
1.888066797670281127e-01
6.236876909574722294e-01
1.000000000000000000e+00
9.932744789127211094e-02
-7.376672148758799397e-01
-4.706530044966271142e-01
7.035045859682398373e-01
2.514411074294370940e-01
1.000000000000000000e+00
5.355826537080314864e-01
-8.228576778253702262e-01
-1.733811569995537538e-01
-7.866236126575845145e-01
-5.354573501138354397e-01
1.000000000000000000e+00
-4.638987177529022565e-01
6.069619535161048518e-02
-1.000000000000000000e+00
8.103243192873820222e-01
-7.642712183914261992e-01
-7.675142915940864202e-03
-9.669826240048680077e-01
-3.172097501095216820e-02
7.988330516567087036e-01
5.699239807163053451e-01
4.826505323138757242e-01
7.190630520518488389e-01
5.856691499917804355e-01
2.171576029903822258e-01
6.798793384286413444e-01
-2.063274579635998029e-01
-2.668346676216646340e-01
-1.000000000000000000e+00
1.117509776961876922e-01
-7.407115281785729977e-01
7.795556925350775879e-02
2.787077497853390207e-01
5.344562935227714640e-01
-8.574927403930197034e-01
-3.292562659723886620e-01
-9.766054123174072732e-01
-7.317818045155792817e-01
4.123137326351099530e-01
-6.978270073683121577e-01
1.000000000000000000e+00
-6.520457650653892490e-01
-6.278265228708401757e-02
-6.753830215156418904e-01
1.011178114059266275e-02
-1.347230948743331491e-01
1.000000000000000000e+00
-7.735551687201430715e-01
9.607528300765145746e-01
1.000000000000000000e+00
9.955143290354593333e-01
-6.066152763844209761e-02
3.881908627263905842e-01
-5.184110779766619714e-01
-5.570302233237103273e-01
1.319311534775687855e-01
-5.020398367372576054e-01
5.586638106075909604e-01
8.324592509085571024e-01
7.257338805282091965e-01
-5.040622401722110180e-01
-4.031787844965835088e-01
-4.682476737323012506e-01
3.756131948099139528e-02
4.978275996515915680e-01
1.645911720365696995e-01
-7.175551042401837609e-01
5.739156768198505620e-01
-1.019933253106623250e-01
5.258712314298266133e-01
1.389134935548053118e-01
-2.341208701640373757e-01
-4.238846318414142278e-01
4.141232413011615709e-01
8.185926737146560495e-01
3.341941044612525835e-01
6.392089212879774329e-02
-1.000000000000000000e+00
-7.959812663262397781e-01
-3.044729377096617728e-01
1.170492973208521748e-01
-2.786836258261538024e-01
6.081011937420136571e-01
-1.000000000000000000e+00
1.301450333669826875e-01
-4.746143441594676826e-01
9.570322322873658916e-01
4.184765065139244844e-01
3.478545904840799619e-01
4.364011201433768417e-01
9.135401112604927265e-01
9.759087723287844796e-01
-2.151534944990492193e-01
5.964453253334174310e-01
-7.522666624666203283e-01
1.000000000000000000e+00
-2.843773531819712153e-01
-4.130372405100044553e-01
3.228490231456909720e-03
-5.990405052524369056e-01
-1.000000000000000000e+00
-1.000000000000000000e+00
5.168427337893874984e-01
1.000000000000000000e+00
1.667525947579674150e-01
6.462814263199032627e-01
-3.391692517643901672e-03
-5.177906419140856920e-02
-5.910916867098418015e-01
1.000000000000000000e+00
-1.242023477288752564e-01
