9.938800221053962769e-01
1.101312109725264589e-02
-6.332143822575608816e-01
2.423917199849690007e-01
-8.812580165352790207e-01
4.744641340092785597e-01
-2.365728771317863188e-01
-8.204816628448804994e-02
-3.890487730778535713e-02
-8.072123098676349251e-01
1.698160390119829444e-03
-2.332296170045229378e-01
4.659522800516363583e-01
-3.923205503957252205e-01
-1.281574254531439028e-01
-5.670663962887317888e-03
-3.796098590286782759e-01
-3.155126130174173982e-02
4.484497542424714656e-01
-1.000000000000000000e+00
1.404452927203794221e-01
-3.730844168910310010e-01
-2.315987185773926704e-01
7.244265103120732796e-01
1.791818168223073826e-01
7.270479648184808852e-01
-8.576409870096233234e-01
5.586002941754586448e-01
4.734323452350144290e-01
7.679219564271000387e-02
5.890027553245960057e-01
-7.272584662294427904e-01
8.712783131113417401e-01
2.340227037676056998e-01
8.243317782006176486e-01
3.073199842623750566e-01
5.847304797521430952e-01
2.424891995118344523e-02
-4.615616636891075597e-01
-1.142773838733766034e-01
4.974888216738766467e-01
-7.319494012200777888e-03
-1.061994631031627501e-01
-6.262044786676015384e-01
-8.364204874188081451e-01
5.544345649228317185e-01
-1.404884926354832420e-01
4.870730906913265379e-01
1.385100682843161124e-01
2.037277099207142061e-01
8.488436383235242744e-01
9.017447397992417457e-01
-6.985295983494010930e-01
-9.589593694856806128e-01
2.723514802154202719e-01
-3.168910073712039588e-01
6.894239041863370332e-02
-7.141896652885548757e-01
-8.961723108660071269e-01
8.139238182691177492e-02
-5.665697701554597288e-01
-1.976317417340969218e-01
1.282223204084997903e-02
4.453838299491490460e-01
-6.381336894054487896e-01
-2.936079683056544987e-01
-6.996890631946325323e-01
8.959725193228289530e-01
-8.658357794628772641e-01
-9.308628659564495145e-01
-1.173444780679255839e-01
7.913736465211773652e-01
2.267013202154208318e-02
-3.457219618417977508e-02
-1.000000000000000000e+00
4.162676182995272978e-01
9.757811961349061036e-02
-1.495294883447018108e-01
4.119100274877072754e-01
-3.256023264832661468e-01
1.000000000000000000e+00
-3.581237242298626611e-01
-8.381985587460665243e-01
-6.470707236324371170e-01
7.836096984460931836e-01
3.043973125862475815e-02
-9.700436701407288975e-01
-7.802395214772819276e-01
5.264471670580734841e-01
-7.548560731170574911e-01
-4.634431092913060546e-01
6.858067187300882495e-01
-9.125638232815245221e-01
-3.909546904275984502e-01
9.762709785865877343e-01
8.374743547675107536e-01
-3.338134014527277538e-01
9.440449703841384821e-01
-1.000000000000000000e+00
1.328082452510939149e-01
-3.986458787820592597e-01
1.000000000000000000e+00
-8.108311530011882429e-01
-7.859945426535827062e-01
8.855602789653551632e-01
-5.428707611936578470e-02
3.029672181210707471e-02
-1.420297174895046588e-02
-6.190976290077743194e-01
2.919375670274313439e-01
-4.530221259374538345e-01
-8.568114430084737831e-01
8.287415114156089224e-01
-4.994566987445094863e-01
6.240359533075937604e-01
8.292257251079775404e-01
6.446704650161829697e-01
9.186335825341984673e-01
8.064978694567019879e-01
6.625216088065362108e-01
2.425247034656781153e-01
-1.000000000000000000e+00
1.255306518838388563e-01
-2.179090622848167680e-01
-1.000000000000000000e+00
8.096973298164612531e-01
-7.094725563129291590e-01
-9.950558929336471570e-01
4.333006889393058447e-01
-2.529087313994941577e-01
4.155838681078041219e-01
-2.167020326633750660e-01
-8.916018801104608205e-01
-8.708921747190426776e-01
3.457008931717295841e-01
4.861656908204492478e-02
2.066534695327570947e-01
-4.114613123303323405e-01
1.850931525976735603e-01
5.164214950770180668e-01
-5.937221338450786590e-01
5.928164841326672985e-01
-2.957937870395940805e-01
8.617083473412587846e-01
-1.417018820363697973e-01
-5.416610130378159971e-01
-7.763816762802475679e-01
6.214393889473266430e-01
-4.448789819122168088e-01
-1.000000000000000000e+00
-1.416496078776557088e-01
7.550114911358019043e-02
1.000000000000000000e+00
-6.063768699021254704e-01
-4.814726591671405487e-01
5.120592586051526673e-01
7.079048295147795100e-01
3.080903591675987485e-01
9.223457906669865203e-01
4.301123036168865710e-01
3.206535731644635234e-01
-9.974243825170470146e-02
-1.358763332901047338e-01
8.585572844547438853e-01
-8.902987630113031736e-01
-8.528695194465818474e-01
-7.279978816969741029e-01
4.858915322812265014e-01
6.287893730914655421e-01
-8.051429716172795459e-01
2.830551892324828511e-01
8.929933898403648040e-01
-2.155625556086293582e-01
-3.450507976898163909e-01
-3.669634686007205993e-02
-3.203454086431727355e-01
3.552114817068650066e-01
4.189688823808281892e-01
-4.469818574280716716e-01
-2.930311903259545381e-01
-9.059124718051981828e-01
8.500430324805654525e-01
-5.681099984585306073e-01
5.206739698351907641e-01
4.840440480114558408e-01
1.000000000000000000e+00
-1.298357365188811396e-01
-7.261861382151035826e-02
-1.103660452916612744e-01
4.567165349585986522e-01
8.479646705555829445e-02
-6.466404809773904638e-01
4.290519467010129873e-01
5.505770538309617823e-01
-1.978395972310911244e-01
-1.225112426597230741e-01
-5.239835534733681133e-01
3.243383154988359607e-01
-5.327558586281437858e-01
-5.814232616340404558e-01
3.751401605599802291e-01
-9.619195535957325571e-01
9.351561661949416848e-01
4.733643511316237840e-01
4.032730413270626535e-01
2.266527079731091021e-01
1.730451559308036069e-01
-9.776094645430681851e-01
2.407315346317294436e-01
5.569912456856948024e-01
-9.095040434283973019e-01
4.246130320639154299e-01
3.670119045284532255e-01
6.647504955002749849e-01
5.027267058248968690e-01
9.935023850552660019e-02
-1.977970723027526745e-01
3.813248176063996908e-01
-2.220064471150019481e-01
6.092680237200216453e-01
5.422051312984277338e-02
-7.847700235670698188e-01
-2.169990095716176626e-01
2.590942646456969589e-01
2.802981406667828246e-01
7.678499229615796118e-01
4.514677455801697215e-01
1.000000000000000000e+00
-9.409888105312658180e-01
7.742745871388789780e-01
-7.641993406584481896e-01
6.097646439391442019e-01
-3.645548820462207740e-01
3.112958647343329055e-01
-6.684548883670273778e-01
-1.980917703985007883e-01
8.117952478680667827e-01
1.339346991770584694e-01
3.300920657259465152e-01
8.806587380367036921e-02
-9.635589365906216397e-01
-2.548616460058199529e-01
3.937386764658670213e-01
3.783347635546587262e-01
7.594043449691365577e-01
2.891110382493087272e-01
9.299041357319690615e-01
7.104167497192053204e-01
9.093627997201338964e-01
1.000000000000000000e+00
7.169555743309958817e-01
-4.617300095402832039e-01
-9.742889365562490411e-01
1.564525559472011995e-01
-1.295534317128256285e-01
-2.245062566142128624e-01
-3.703333791861735946e-01
3.807109448886953906e-01
-4.239395270132872984e-01
-1.109375066953393052e-01
1.502585303289414864e-01
-3.863124516353144688e-01
-3.670787572319595959e-01
-1.913493334201745721e-01
1.000000000000000000e+00
