6.034638258274216405e-01
-1.295325111936234362e-02
-2.868201325032871396e-01
-7.679468781448381964e-01
-2.857330522880164869e-01
4.841631869676680383e-04
2.681781975923032690e-01
-7.105082364094921221e-01
-1.990247639406006186e-01
-4.602290947762454065e-01
-5.167155730125432278e-01
-2.891349137914634992e-01
-4.822530614142129801e-01
-8.217852368999448709e-01
-2.505233518064997611e-01
1.195998328417593459e-01
7.944703007907601977e-01
1.000000000000000000e+00
8.772408293843598770e-01
6.041427012370593763e-01
1.342805901989867212e-01
-3.005444085870867532e-01
3.739808929168373375e-01
3.694945419486899696e-01
-2.057702047508934151e-01
3.343717474739094087e-01
3.463561671243648443e-01
-3.963426850044838856e-01
-7.896341393173313128e-02
-1.731694945119975904e-01
1.677757288134334446e-01
6.118911146182617333e-01
-1.147908227909064521e-01
-4.533383062133936603e-01
-1.613018450080160870e-01
-4.346204238821957389e-01
-2.231682636276662302e-01
1.920739644212907105e-01
-1.778687359690147018e-01
4.609294050946841637e-01
-4.595597280198476797e-01
8.727521186987157176e-01
-4.680385346092318377e-01
3.703864182320428799e-01
1.000000000000000000e+00
-2.390094653861518093e-01
6.278601663690842882e-02
-2.895726329708989133e-01
9.101918694506296870e-01
5.450299491492205384e-01
5.961313884100306604e-01
1.904336198264159896e-01
7.357607175456197801e-01
-9.906114455825202336e-01
-5.619439076504063602e-01
-9.297389608630352020e-01
4.524682462413546769e-01
-2.388524617865159516e-01
-9.711870581527075608e-01
-2.481254455626903666e-01
6.775284542575367164e-01
1.000000000000000000e+00
9.735575842582770978e-01
-2.584041447027282112e-01
-1.000000000000000000e+00
3.016067608476942774e-01
5.574509115203140075e-01
-7.561137236293710706e-02
-7.118333675719102915e-01
3.086557537820441843e-01
-4.883995657038900928e-01
-7.866230848524542463e-01
-1.257417155046788304e-01
-6.569840503560973044e-01
-7.309194634460104423e-01
-4.830890377372054623e-01
3.156288085269621790e-01
-3.280566437385729617e-01
7.143417668616560690e-01
-1.897202054674602956e-01
-1.418094414567672157e-01
5.629473562880802362e-01
-4.148344114695613483e-01
8.080882052747789812e-01
4.204900724604053730e-01
3.941017279927341299e-01
4.619852646987664957e-01
4.169049259759821102e-01
-6.965752127725606258e-01
7.720209676600976456e-01
5.392836081950218574e-01
8.052360781635720111e-01
4.615572910608787272e-01
1.000000000000000000e+00
7.720595123349884847e-01
8.020944195228452145e-02
-4.696553291992265344e-01
5.862348137886479460e-01
7.677024686535643960e-01
-1.047062284439235214e-01
4.938056246557643858e-01
8.321249561042868281e-01
-9.644277201952721201e-01
-3.992125071194900232e-01
-1.001146477878420704e-01
-1.063216617288982591e-01
-1.793163819824808436e-01
1.702405954913230324e-01
-3.036414269914061714e-01
7.818574938576603461e-01
2.391586218999255109e-01
-3.275548088531324842e-01
-3.328279810109450176e-01
7.135407259595314411e-01
6.571487089011558702e-02
6.602805322473707939e-02
1.753573440745267442e-01
1.647139098771873700e-01
-7.081943080219033071e-02
5.210635051380629879e-01
-6.324151225596084114e-01
8.100663275243190631e-01
1.899932447255531232e-01
9.245614441999094879e-01
-8.820015694552505447e-01
-9.658177568018606607e-01
4.373680896629583148e-01
-2.071928385555551477e-01
7.774672166596716671e-01
6.725149844152026324e-01
4.916795065833891587e-01
3.942741173110314024e-01
-4.530805610193768818e-01
6.956156225351677325e-01
-5.315965136646441103e-01
5.284990147388847481e-02
1.689737426288552002e-01
-4.168631691710840692e-01
1.145571270829090910e-01
-3.662047148561358711e-01
-5.859246121200289981e-01
-5.406445028391599905e-01
-5.939380078609817620e-03
-7.044847802804079517e-01
-8.076543147109955800e-01
1.673346463627222724e-01
-1.000000000000000000e+00
9.009521010110504990e-01
8.226384129116206534e-01
3.618488538025794177e-01
-2.373941859165371593e-01
3.320431862793351008e-01
-4.304482900190751971e-01
8.704375527054561967e-01
-7.558010341948510902e-02
1.000000000000000000e+00
8.031012797074819076e-01
7.765107501802487322e-01
2.679635259241240353e-01
-2.350941387972999008e-02
-3.770539235870905281e-02
-2.540572415799718931e-01
8.444596228702061502e-02
4.473813336404361407e-01
8.053224634995694853e-01
-1.633353623502298846e-01
7.941050623441392453e-02
3.748818346398612444e-01
-3.289584267064287748e-01
-3.591679009778697695e-02
6.858340675387444296e-01
-3.980983816054546320e-01
-8.034082402546939283e-01
2.748939826210055615e-01
2.885949946166120328e-01
8.661279952572593921e-02
-5.995326922125348013e-01
-5.521621183514042741e-01
1.960652388502077126e-01
-4.233301158918564289e-01
1.730153447358320495e-01
-1.246790015209865432e-01
-3.113100824017885904e-01
-5.170946147407649018e-01
1.000000000000000000e+00
-2.750181167161599438e-01
-1.629961425764038518e-01
-3.853663639348068465e-02
-7.408210346794312784e-01
9.135459882539482823e-01
-5.661979071575147515e-02
-4.239152197095106232e-03
-1.000000000000000000e+00
-5.632256877518428129e-03
-2.247593330183654536e-01
1.752817785050526100e-01
7.689294891116074115e-01
1.000000000000000000e+00
3.425130961731993051e-01
-3.833256880436933939e-02
9.814981040847033933e-01
3.850468830636404327e-01
6.202511114326795250e-01
-1.407877691015331223e-01
-1.985726932594328309e-01
-2.080276487246583428e-01
6.677087714521063866e-01
3.445687103416728014e-01
4.045629967756119577e-02
-5.123322710733761998e-01
-8.272150605419582581e-01
-1.275967833475599167e-01
2.771066930090914093e-01
8.988189005661785247e-01
9.137785935532884984e-01
-1.998550357785668086e-01
1.143903220118921288e-03
2.872462697978360735e-01
8.571384074245972373e-01
3.381718491053282150e-01
6.642118909635745805e-01
-1.935346679382806898e-02
2.002866340631565267e-01
5.044322619669246999e-01
-5.955266692219665092e-01
-6.210007385872376995e-01
-3.753580579598960187e-01
-8.042610597772552605e-01
2.781173427777599017e-01
-1.721294100876481770e-01
-1.000000000000000000e+00
3.936015668813792057e-01
8.323434070410639096e-01
1.200323277637194153e-01
6.674100242287127616e-01
3.696281985482383070e-01
1.903976699795795480e-01
3.204981250466638065e-01
6.311042540381836541e-02
6.161521569465341353e-01
9.717673368566058789e-01
-1.000000000000000000e+00
3.168767117476537498e-01
-2.397685375826569543e-01
1.000000000000000000e+00
-9.678308055857703929e-01
-5.858214971000111904e-01
-4.080881901286801394e-01
7.542142027593858877e-01
-9.108924997394593492e-02
-4.088137150008429588e-01
5.276402614934034840e-01
7.730136259334536852e-01
-6.840425179813287571e-01
1.000000000000000000e+00
-4.295668925507751812e-01
-1.350977251043264937e-01
1.000000000000000000e+00
3.009163178441933151e-01
6.507277798836238469e-01
-8.604858345415328236e-01
1.407331364965230536e-01
5.397092772754225054e-01
2.332165594451199864e-01
7.715339192226705611e-01
