9.812332778603171102e-01
-6.361196073300947607e-01
4.605791320537206968e-01
-5.621867128297306504e-01
7.012925229007727079e-01
-9.553976370471560786e-01
-9.491412962545814347e-01
4.602735749649343733e-01
-5.997036719297756946e-01
-3.677070249779230277e-02
-3.387181964335910789e-01
7.868938128501734575e-02
2.675819106847610596e-01
4.585288208648787833e-01
6.455703056654875649e-01
-8.027800691571906899e-01
2.819604773090058636e-01
-6.629135879705745360e-01
3.096737014146400124e-02
6.971827104914956053e-01
2.685756525353272806e-01
2.692420122360916768e-02
1.456228887360522251e-02
-8.672325463128878198e-01
-5.232680518258997493e-01
9.375258309818621516e-01
3.064868828500803000e-01
-1.128579434535655346e-01
2.077610142805477039e-02
-4.236226441975184942e-01
3.722484697393976250e-01
-5.216960487676442632e-02
1.000000000000000000e+00
4.523894137442589503e-01
-3.934356078997715001e-01
8.764340624930759827e-01
7.620472088082187456e-01
-5.513618762778639271e-01
-4.221607338452001423e-01
2.459174152888052856e-01
5.088582896590316818e-01
6.886565926141485772e-01
-5.509533320925199540e-01
-1.423788824583641643e-01
7.220360762210732697e-02
-8.708053020863400218e-02
7.200361525368392801e-01
-9.598937015145506679e-01
6.640225367342083018e-01
8.419034707828094710e-01
4.301743884683936203e-01
9.086773636049528813e-01
-3.743150934112721151e-01
-1.158619402521662983e-01
1.432575244715298124e-01
2.458981695193652173e-01
-7.990425241681714530e-02
-7.101488535240350064e-01
6.746936971775221448e-01
9.867570825379196053e-01
-2.664284080071238070e-01
-7.483378667960525199e-01
-6.727916370132602797e-01
-4.758381742439753426e-01
-8.004733569768718304e-02
2.017027291692225777e-01
1.019503852248964115e-01
-2.156492138227532607e-01
5.181713517686540316e-01
-1.295731779344870271e-01
-5.495164783772203965e-01
2.478240197716926885e-01
8.430292509058240347e-02
4.602979971191598074e-01
6.451777409154343390e-01
-5.798261716544556021e-01
6.994834206341413729e-01
1.327686888976604418e-01
6.254433882317986804e-01
5.601572796999617632e-01
-2.014071201737918926e-01
-5.769224311296070606e-01
-7.308600468807407990e-01
2.231770352826572545e-01
9.169515377924349897e-01
8.638547085064554043e-01
5.752747207513009275e-01
-8.800585723579195108e-01
-7.801900402635717491e-01
-1.000000000000000000e+00
-2.373730409112896345e-01
1.136321907374114870e-01
-3.094913355043906744e-01
4.798137187091956468e-01
-7.427782603738881662e-01
4.172403575402761078e-02
-7.448354703629647133e-01
-8.212340694638269323e-01
-9.491935683905202703e-01
9.990873981494560185e-01
-4.352688849988431974e-01
-5.438521889773086926e-01
4.830036913965495282e-01
-3.047157206437792198e-01
-2.401130629949584372e-01
-6.522929280274858410e-02
3.619807273361730360e-01
9.054123863685734075e-02
4.373238952671914537e-01
3.064211673728365337e-01
3.485295378076656014e-01
-9.593469345528811143e-01
4.491449019455240332e-01
2.240541425548130960e-01
-9.501431227256020851e-01
1.936707062179361671e-02
-2.748572738028138840e-01
-7.983772499870167572e-01
3.848865681128416649e-01
2.350975464940620596e-01
4.446633743303324837e-01
-1.837440855651101268e-01
5.378249289357015517e-01
4.432387606797032475e-01
-7.044389605426681911e-01
-7.364422450601320058e-01
4.590322560040212274e-02
8.387346303719300789e-01
2.230573516938360312e-01
-3.167886595356705359e-01
-3.710427913123307553e-01
9.922044169378319012e-01
-6.721042787682119934e-01
-7.199231030731361169e-01
3.110016105516152929e-02
-4.860263551498321122e-01
-3.442385265668782002e-01
8.722972272599559262e-02
8.197772737901305451e-01
1.349620111016930357e-01
-1.458425385532564067e-01
9.654313358264339229e-01
-2.712552397771861856e-01
-6.490063713805329648e-01
-2.379753709390329819e-01
-6.672169979829847275e-01
-4.388568662237750384e-02
-1.481921330506550116e-01
-6.022553450708227896e-01
-6.858029178750781885e-01
7.989583011012802993e-01
8.695454678051914854e-01
1.668060282631069202e-01
-5.167466567698724145e-01
3.125275886853223078e-02
5.893281474450224877e-01
9.795187249539347718e-01
-3.323757394998378412e-01
7.092281110896211938e-02
-1.421141583128366914e-01
1.000000000000000000e+00
4.684616327525273349e-03
9.596873072615721423e-01
-1.634803003140718469e-01
3.109940962840016532e-01
-6.442095721643443795e-01
-4.924579985171373409e-02
-8.018974593007004437e-01
-8.331005623957660200e-01
3.130209479707907194e-01
2.523952955848694779e-02
-7.475648384148152470e-01
5.444708391807863146e-01
6.356863138369333033e-01
-2.336056698798484876e-01
-5.963133767308550492e-01
-5.666904670725548820e-01
-8.279167130645687100e-01
-8.450761231067751567e-01
1.231098996742848867e-01
-2.459721604215167057e-01
2.442079391832840674e-01
-3.496019030835290642e-01
5.538203305419804323e-01
-9.787494061009982538e-02
3.785319620245865546e-01
5.039989607785170245e-01
1.000000000000000000e+00
-1.349184233137504518e-01
-1.679402845756804152e-01
7.946008695759967377e-01
-2.301000964996360032e-01
3.348759989297012130e-02
-6.912674345720186686e-01
-7.388681498856524144e-01
-2.198702779193746626e-01
3.604886051921821766e-01
4.442909053515020634e-03
7.318548661246762066e-01
8.755718511584080765e-01
5.591625767847785422e-01
-1.993726144949076184e-01
-8.391601034966374162e-02
-7.439875377371428788e-01
9.309995971742849319e-01
-7.185445279584373734e-02
-1.144448345150743118e-01
2.371570512758382487e-01
-2.525483989498350512e-01
-3.261199357408902655e-01
4.667799331957723230e-01
-1.454935823881566836e-01
-6.078053046045904517e-02
7.144471969339201145e-01
9.776747485913278579e-01
9.127974409916230769e-01
-2.459718405059904411e-01
2.644258351895146797e-01
3.751507259329312505e-01
8.749686483131784431e-01
-6.850755470902733513e-02
-9.922499162065532285e-01
-1.903534063169308177e-01
-6.139351531166358233e-01
-4.498998329805924956e-01
-8.778830015045607782e-01
3.304311500383322331e-01
6.127545236660053574e-01
5.813328150841025055e-01
-7.481679355222117800e-02
1.000000000000000000e+00
8.109127088862008170e-01
1.158422842130391317e-01
2.415313573190014385e-01
8.150658971156884425e-01
9.604980957811679598e-01
1.349288111197255446e-02
2.941307721128466057e-01
7.413644094048426059e-01
-4.794617654024652120e-01
-8.962977304014430047e-02
-4.238404863903972308e-01
9.274740849677656218e-01
-5.123121292005268224e-01
1.000000000000000000e+00
-1.000000000000000000e+00
1.656192636713945676e-01
5.003471827435289621e-01
-6.886223354884535297e-03
4.771372365795929493e-01
9.988006274687778463e-01
3.870596405602174106e-01
-2.412209339109036010e-01
-1.641727889696287801e-01
-6.770556171327292150e-01
-4.644974141294818115e-01
7.421202259890495867e-01
3.527735602028752582e-01
2.528106237406388401e-02
7.463471455091670315e-01
-5.489704715731736906e-01
6.290907463177369818e-01
-2.876538292755165815e-01
3.300968717578708911e-01
1.728160516607513131e-04
