0.120704
0.572979
0.036604
-1.000000
1.000000
0.220790
-0.713415
-0.067920
-0.702055
0.867162
-0.608005
-0.346072
0.752101
0.849562
-0.164605
-1.000000
0.326124
-0.742608
-0.396123
0.430845
1.000000
0.312438
-0.737091
-1.000000
-1.000000
1.000000
-0.075844
-1.000000
0.246200
-0.538722
-0.904474
0.175092
1.000000
1.000000
0.060221
-0.261654
-0.112590
-1.000000
0.200695
0.969095
-0.788646
0.301182
0.038765
-0.392815
-0.866745
1.000000
-0.079168
0.223572
0.329401
0.475339
1.000000
-0.122702
-1.000000
-0.639379
-0.415241
-0.017660
0.123196
0.598512
-0.375902
-1.000000
0.142090
0.240204
-0.494823
0.448189
-0.398950
-0.334313
0.645485
0.412483
1.000000
-1.000000
-1.000000
0.418165
-0.355085
-0.300535
-1.000000
0.482603
-1.000000
0.850849
1.000000
0.693894
0.063440
0.077239
0.655039
0.980694
0.483758
1.000000
1.000000
-0.173673
-0.417388
0.192404
-0.779192
-0.554342
-0.232500
-1.000000
-0.343916
0.593180
0.820725
0.120419
0.890928
-0.923982
-0.162417
-0.134288
-0.679618
0.586584
0.472722
-0.628587
-0.838616
0.372216
-0.327746
0.879702
-1.000000
-0.421476
0.433452
-0.810516
-0.285353
-0.657951
-0.673844
0.866034
0.899301
1.000000
-0.030969
0.285606
0.014973
0.833051
0.308922
0.341894
0.909177
-0.080789
1.000000
-1.000000
0.281450
0.095642
0.181672
-0.338407
0.763682
-1.000000
-0.888473
1.000000
1.000000
-1.000000
0.534926
-0.085000
-0.672588
-0.698990
-0.389459
0.152793
-1.000000
0.589447
0.445540
-0.580750
-0.795471
0.606332
-1.000000
-0.240570
-0.707111
0.551027
-0.342711
0.838371
-0.681469
-0.681067
0.427152
-0.654350
-0.868050
1.000000
0.004224
0.416077
-0.101239
-0.702738
-1.000000
-1.000000
1.000000
0.935552
1.000000
-0.310554
0.094549
-0.256955
0.624462
0.397405
-0.029783
0.400866
-1.000000
-0.304581
0.184317
-0.368884
0.614889
-0.696284
0.738968
-1.000000
-0.107810
-1.000000
0.355275
0.280062
-0.433847
0.974841
1.000000
0.033130
-0.179366
0.338206
0.338638
-1.000000
-0.257752
-0.569823
0.677453
1.000000
-1.000000
0.817288
-1.000000
0.058016
-0.819796
0.892458
0.459637
0.783704
-0.612861
0.146072
0.552112
-0.497124
-0.512056
0.350834
1.000000
-1.000000
-0.140954
-0.658625
0.489892
-0.142332
0.895590
-1.000000
-0.157813
0.272648
0.893557
0.234672
0.018270
-0.484393
-1.000000
0.457440
-0.659883
-0.800435
-1.000000
0.133826
-0.247738
1.000000
-0.797697
-1.000000
0.551391
1.000000
0.237597
0.452386
-1.000000
0.511025
-1.000000
0.463957
0.636702
1.000000
-0.003476
0.422408
-0.632682
-0.270193
0.165530
0.904257
0.697948
0.242738
0.622606
0.253273
-1.000000
-1.000000
-0.451246
