3.065070915785100270e-01
3.874811982650686604e-01
-4.337283981534286181e-01
1.008419491328214623e-01
-5.273680932690809620e-01
-2.667519664126379864e-01
4.330513898175306076e-03
-4.463965230386270910e-01
1.999228047991666313e-01
7.877406405077584939e-01
-4.763479930650852401e-01
-3.320103390353652539e-01
5.338317274193994377e-01
1.045707642107343294e-01
6.418957915261140901e-01
8.318304273309435892e-01
-2.205601105891653591e-01
-4.632287369356188345e-01
7.581287426815518093e-02
3.686783874226609026e-01
-5.430852792192877310e-01
9.238158416404811113e-02
-3.876095951701079567e-01
-8.717068173815346599e-01
3.098009943122266852e-01
-1.943207006031091033e-01
4.051941227557397940e-01
7.986400668434637806e-01
1.756813727541610970e-01
6.194399854077869971e-01
-9.069181267955513936e-01
-9.760707874468509404e-01
2.398031622148980024e-01
-5.797310323157487399e-01
7.638704472365174247e-01
-1.906779068971924951e-01
4.291926452352116117e-01
-7.840849270743049937e-02
-9.962317707438106407e-03
1.283416231419687303e-02
7.669364211540047327e-01
2.504538768608326471e-01
-3.602229633232079120e-01
2.435607895748531926e-01
-1.000000000000000000e+00
5.843802562327585770e-01
-1.000000000000000000e+00
-8.495821088791380982e-01
7.961103061225964783e-01
-1.955475481570028984e-01
6.432169605494939546e-01
4.992474259292315475e-01
8.007700923746445820e-01
5.499351306025606068e-01
-9.634168066231960648e-01
-6.531617250133334163e-02
-4.516945118233064993e-02
-7.652027072116939221e-01
6.281829602263615531e-01
-1.710897221641293486e-01
4.379622772386857488e-01
-2.037306579737594159e-01
4.341979312129463919e-03
-3.611621116929543407e-02
-8.953736564368965922e-01
4.347098437477742161e-01
-1.557248584524864310e-01
1.000000000000000000e+00
-8.633835407466703415e-01
-9.917254891196023436e-01
3.920752328257486874e-01
1.105134441381738775e-02
-4.780659727182053897e-01
-1.639143976552452642e-01
3.106350706892575531e-01
3.866659950435690218e-01
-4.136675613525421236e-01
5.880891341940601424e-02
6.804152716931222145e-01
-2.325259882084704799e-01
-6.755306332302338790e-01
-9.945638588879821551e-01
-9.892591335288563048e-01
5.776459622710397035e-01
-4.835550489689263154e-01
6.576345705832282729e-01
2.424556012122025539e-01
-1.174622722572342959e-01
8.324367413509398128e-02
-9.923862874800573053e-01
7.937453497494268984e-01
-7.620389289711629877e-01
-7.680556194708324513e-01
-2.209724552887147864e-01
-6.373603358104058536e-01
6.541810119268941515e-01
-7.654878394798265706e-01
-2.905244559389392189e-01
4.500403114995146225e-01
-5.327338219834911737e-01
-1.132638225891547806e-01
4.868908720437468141e-01
8.781307888320440957e-01
-7.253278218191200333e-01
-5.797323456929234231e-01
-2.889471101392873109e-01
4.923557995673101539e-02
9.927008089412603375e-03
7.182516685388229405e-01
4.973976042775580808e-01
-5.935820208147560839e-01
7.074833194091743049e-01
4.900135885660272250e-01
4.154311762287465348e-01
1.160922494258108673e-01
7.819131223589724788e-01
-5.474578620816532570e-01
-5.020777478222937518e-01
-5.873354415424754116e-01
2.885356412105420931e-01
-4.677330583548605092e-01
5.401568586078767109e-02
1.794133919426429968e-02
2.524569462103926076e-01
7.693011181662241516e-01
-2.462323228478363601e-01
-1.801231966483118896e-01
6.817156314673509243e-01
1.000000000000000000e+00
-9.709611006769818253e-01
3.258303517000502025e-02
8.310971978090915258e-01
3.770077053028046687e-02
5.999655399841316017e-01
-8.263230725228623563e-02
-1.349343575769947623e-01
-1.000000000000000000e+00
4.457407646799475542e-01
6.571580546476878393e-01
-3.594458286395767477e-01
7.270835010787428665e-01
6.563149227809139674e-02
1.627269659828710635e-01
-7.798255125474811145e-01
6.677010001727713417e-01
8.271714387567792315e-01
7.549019223219498587e-01
6.468723579134857404e-01
-8.226686948162822421e-01
-1.103379534774261428e-01
-5.705495646762897000e-01
-1.045017432456549489e-01
2.772072059716957360e-01
2.409081630914616801e-01
6.486308870105453872e-01
-4.675257131700773505e-01
1.702578448417194079e-02
-9.543542772237719740e-01
3.576098986167683402e-01
-6.507645250805074721e-02
-1.000000000000000000e+00
5.816955943974673193e-01
-4.254430754972524098e-01
-3.449230464528796336e-01
8.839404475246467330e-01
-5.602922545787212272e-01
-2.065999621145234721e-01
-7.437101526080199809e-01
-1.000000000000000000e+00
-8.709086505404957101e-01
9.988389502321892710e-01
-2.641048860306410839e-01
7.452260826851579978e-01
-2.017782478820198400e-01
-3.428882380706764210e-01
1.223955406250275268e-01
-4.701575012817784671e-01
-6.178286994157863310e-01
5.251588887936508021e-01
-1.950714672760240354e-01
-6.901545595339408923e-01
-6.761583302517458760e-01
-5.802997777086987830e-01
-8.971284743102450054e-01
2.957357935731493304e-01
-7.013494032120761723e-01
-5.560062167644456155e-01
6.017422615477935333e-01
-1.000000000000000000e+00
-8.253919845678734379e-01
4.869715975740950276e-01
6.852683167674981091e-01
-1.876162997164539659e-01
-9.654930060605687592e-01
-3.589139817551215694e-01
7.316958210043973676e-03
-7.393230431178736684e-01
-1.559425928403820327e-01
6.148829943821473298e-01
-6.263477104497867654e-01
-3.054340032190721588e-01
-6.186573397773379446e-01
-2.220941819397571071e-01
5.602942531598464893e-01
4.650744725115378841e-01
-4.632871996737087383e-01
-3.448536423456005084e-01
-2.884593915597063463e-01
8.335364315458790307e-02
9.939321519569392638e-02
-3.153985035725648256e-01
-9.345972708135923401e-01
9.621886734437570254e-01
1.000000000000000000e+00
5.013501959375238348e-01
3.990141150314817642e-01
-6.085901064667389448e-01
5.560972645625674726e-01
2.752809547996476480e-01
7.350186071840071611e-02
-5.006465683082035323e-01
-4.355259926849104901e-01
-5.287011139239651270e-01
-1.436167769981744335e-01
8.567618295830033981e-01
-7.933092530424316058e-01
-4.307513994945073033e-01
-6.770512335574745411e-01
-4.058488530371509584e-02
-6.115263009859710497e-01
-2.036121433063501629e-01
-1.380601581297643543e-01
8.810653678609770001e-01
-3.575404321124492357e-01
-6.961473214298018464e-01
-7.295827271683968940e-01
5.997418428862362205e-01
2.653910746259148246e-01
6.971551060568033087e-01
-4.074476166259665133e-01
-3.156537127734413972e-01
5.868251223171849773e-01
1.554948493770317020e-01
5.566330633903594782e-02
8.683293170753136891e-01
-1.802568027474723000e-01
-4.154238361435178550e-01
-3.955575125874993270e-01
3.448935494526850221e-03
-4.733685070073397894e-01
3.282862523480454264e-01
3.878214959644509241e-01
-3.710156283853226489e-01
-7.680187957381794384e-01
-1.875429841653267204e-02
3.918110518225179639e-01
9.575254123783432103e-01
-2.092994974151858034e-01
6.500976652783485576e-02
-5.739829169786834218e-01
-6.027402618437888160e-02
-3.543675287701344989e-01
1.016350685428695499e-01
-6.248352311260318981e-01
-5.377110963667432186e-02
