-1.000000000000000000e+00
-1.000000000000000000e+00
8.380767875706424119e-01
1.000000000000000000e+00
-2.208165273278656082e-02
8.433551132275073359e-01
-4.619642804819797388e-01
8.864927916333300573e-01
5.619118878980605691e-02
-2.471020832031724235e-01
-5.753816672140465993e-01
8.596407204710443395e-01
8.762988494028739472e-01
-1.218566801991037840e-01
-1.000000000000000000e+00
-5.156640328827153397e-01
-1.032592219868361250e-02
-5.469063570488678083e-01
-3.791285128607127519e-02
-4.382515649833263471e-01
5.754392355968005468e-01
5.336569922857207215e-01
1.000000000000000000e+00
1.070485811026086198e-01
3.306488316448864540e-01
1.306033254932653098e-01
-2.030501759132295053e-02
6.776801481976307828e-01
-3.046392452166252762e-01
3.198069430514138833e-01
1.000000000000000000e+00
-1.867339881025255055e-01
1.000000000000000000e+00
2.265423734025118208e-01
-3.653864611199583723e-01
1.000000000000000000e+00
-7.045802881223757197e-01
-2.233698535965077392e-01
-1.953774482704422888e-01
-2.302938433078752234e-01
1.000000000000000000e+00
1.000000000000000000e+00
-8.620614686525709391e-01
2.044901676190347961e-01
2.685670703105951795e-01
-4.873817376870627216e-01
-1.000000000000000000e+00
-6.170513224565078447e-01
8.100732157238502706e-01
7.850132789113947185e-01
-6.618998724211061502e-02
8.249629160452208732e-01
-6.245105406872947240e-01
2.374067382940109050e-01
1.000000000000000000e+00
-6.079680219171436084e-01
-5.331352242060369978e-02
-4.231389919715524695e-01
-9.370110155413269304e-01
3.479045533791512712e-01
-1.448433498148100074e-01
-9.297927627152424712e-01
-7.178563234010331140e-01
-2.540999461086912437e-01
1.000000000000000000e+00
-1.000000000000000000e+00
-2.010941927031581755e-01
4.721647466922579417e-01
9.293126369424246080e-01
1.744177079217505977e-01
-8.908346760104357553e-01
-1.000000000000000000e+00
5.648070219580481055e-01
1.947378104002867039e-02
-2.630981816302127574e-01
-5.762755171469408078e-01
6.847923602000407506e-01
-3.616261815644876143e-01
-4.408705756474962101e-01
-2.514230352528414314e-01
-3.554812464227073976e-01
-4.314347285610914406e-01
-7.888430592305821776e-01
-9.214514060880509838e-01
-1.561018053018039531e-01
-1.515820405502990020e-01
-5.467635224323827980e-01
-9.934648964998555876e-01
8.943970697122646252e-01
2.458425871169372390e-01
2.114388774874009780e-02
-1.425883875370288767e-01
-8.115000293368718198e-02
3.268575128568288468e-01
2.489703074679457673e-01
3.446122778132343356e-01
-6.999958585551420143e-01
-9.896141854209293820e-01
6.760229101367992710e-01
1.860967105114878783e-02
9.285027300302580722e-01
4.657602523900272184e-01
-4.803350639780248343e-01
1.898256979705282010e-01
8.485845660946926827e-01
-2.323589202393643860e-01
2.824147882808554777e-01
-1.549540637116729735e-01
-1.000000000000000000e+00
-8.181782372923478153e-02
6.410395190190502079e-01
-5.216383296838944528e-01
7.832088527110805387e-01
3.890428602588518192e-01
3.429797354060317160e-01
-9.162038721090501880e-01
6.896923918602763104e-01
-3.137904509246240425e-01
-1.769933609246666650e-01
-2.785385693880189084e-01
2.100762526818133746e-01
3.093720872783004006e-02
-7.385256095950603061e-01
2.920275648429649928e-01
-3.491548278426837570e-01
-3.728460188064797176e-01
-1.776357109924270317e-01
3.160481171920733190e-01
1.000000000000000000e+00
-5.311068658704156675e-01
6.033619346632761449e-01
4.050372082532015527e-01
5.440847397952286446e-01
7.195756467729692574e-01
-1.879756750002552490e-01
3.690842546565572535e-01
-5.185001495823476914e-01
1.630629227899002276e-01
-1.622751096537907445e-01
8.239784408525001602e-01
7.997641545663600748e-01
4.577914415938063586e-01
-6.504858238329508380e-01
2.051696400258863906e-01
2.182754863501578380e-01
-3.770125715552474222e-01
-7.209166403981746019e-01
1.971739601712621526e-01
-2.132782575878844900e-01
3.084270599157981629e-01
-3.386488420707825520e-01
-1.089343006583986806e-01
9.988060122672921537e-01
2.215262366984477316e-01
-3.649486340392685824e-01
-5.313973606008867145e-01
-3.305428550724132108e-02
5.228339140674495011e-01
-2.203692841373523503e-01
4.960522784203231228e-01
-3.468967756878963415e-01
-8.703603303523774759e-01
-4.978913110032505140e-01
-8.829617070275603830e-01
-4.613730886497219297e-03
1.000000000000000000e+00
2.774507895177216188e-01
2.497986728450168059e-01
-7.967538869935710810e-01
-2.681141662322073516e-01
-4.722408031395556871e-01
-9.268042923911801179e-02
-2.464391528818560551e-01
3.910540715706689596e-01
-8.848718739685434986e-01
-9.607901482113549996e-01
1.410159978815537785e-01
8.701541538511404772e-01
9.971573413560373966e-01
-9.638373431144406922e-01
2.278976239190980968e-01
-2.019227560268297139e-01
-5.341565971047990136e-01
-2.591476964719679477e-01
5.274597232891810039e-01
-2.394540511203940847e-01
-1.782183227354128818e-01
1.000000000000000000e+00
3.905662254409273393e-01
5.599956213524741599e-01
-8.348410662233307633e-01
1.078497793403545707e-01
6.594150200892681113e-01
-9.790592570329406108e-01
1.000000000000000000e+00
2.727261580242468578e-03
-1.000000000000000000e+00
-8.179395379821607914e-01
6.379309874225241872e-01
8.500603816579788141e-01
1.000000000000000000e+00
-9.514382486580763576e-03
1.000000000000000000e+00
6.940324943605375996e-01
3.315953706705527249e-01
3.835142315730615814e-01
9.586598592718606482e-02
2.862680125115114604e-01
6.734364657420536249e-01
-2.375557953317213589e-01
1.563090033993698169e-01
-8.078613965346254089e-01
-2.927389119633624914e-01
5.761721131472201662e-01
3.632786478636405025e-01
-2.159935214055652142e-01
8.431019970733988345e-01
4.669175890503793891e-01
-1.368761161614972521e-01
-4.693851191947487345e-01
1.058227246630192020e-01
-3.742143821360955913e-01
-2.471027788138274450e-01
9.197677004163791192e-01
2.613733712938375031e-03
-5.761510872214610224e-01
-6.673227116930285918e-02
-6.415238218515433299e-01
8.272815625954140772e-01
-4.250857339975966931e-01
-2.619644591925635591e-01
1.883172373104095854e-01
-2.909731899124842203e-01
8.398592625944208967e-01
1.000000000000000000e+00
-7.219351569714120842e-01
-6.830721790666578475e-01
6.261301576844950922e-01
-2.621358234169747226e-01
-1.400883006764930550e-01
4.272562763638328431e-01
-9.162555085883397066e-01
7.954482519427528153e-01
-1.000000000000000000e+00
1.000000000000000000e+00
1.269872022450398430e-01
-1.000000000000000000e+00
-4.793978990101243065e-01
-3.495876545610621111e-01
-3.796808971216069084e-01
-9.358255657571525887e-01
9.608756259577438952e-03
-6.780270829326653925e-02
8.805223073622644447e-01
7.684825396390593255e-02
3.401830979544799849e-01
7.526286314282643053e-01
3.703537196826604538e-01
-8.159395275608793963e-01
5.513569107252448420e-01
-6.669236431166053469e-01
-5.145825620298170172e-03
-5.973720353933194005e-01
1.362902361051676614e-01
8.055517501487757803e-01
