-1.000000000000000000e+00
-1.000000000000000000e+00
-4.622340835256436575e-01
1.000000000000000000e+00
8.450065689798507140e-01
-7.056643024845552503e-01
-6.538579767098917639e-01
-2.304797859513912917e-02
7.429738191501734645e-01
-7.183894918895259440e-01
7.891641344583031348e-01
-5.627365778141392161e-01
-2.461498726992697450e-01
-8.963148164629410886e-01
1.000000000000000000e+00
-1.000000000000000000e+00
7.492302250084340587e-01
-3.187341481439876500e-01
7.978171657225278934e-02
1.000000000000000000e+00
-5.020258303877362938e-01
-5.360762014911946149e-01
8.152375712877968361e-02
3.277128213596593453e-01
7.322488874677313131e-01
-6.037247759653447954e-01
5.945610240705730964e-01
1.000000000000000000e+00
-1.000000000000000000e+00
6.765264866142201017e-02
1.744274924953478911e-02
9.544292138221002197e-01
1.000000000000000000e+00
-4.308435187418396817e-01
-1.676155120153624001e-01
-4.285074140758006189e-01
7.167189697116983504e-01
9.925178755292363153e-01
7.541598492142793653e-01
2.433316230731663310e-01
-1.000000000000000000e+00
-7.887363619370054701e-01
-3.849045194329973607e-01
-6.518115416760983383e-02
-6.576672615814678213e-01
5.204244334604066768e-01
7.009146807696808867e-02
3.967698117617732279e-02
9.499578375118705731e-01
-6.215294957335006920e-01
7.740109568061446232e-01
-3.724594303352648517e-01
-1.000000000000000000e+00
-1.000000000000000000e+00
-8.513588584987064056e-02
1.504030311984601576e-01
9.951753189726573190e-01
1.000000000000000000e+00
-1.000000000000000000e+00
-1.000000000000000000e+00
6.407881792221314932e-01
-1.000000000000000000e+00
1.000000000000000000e+00
9.948869420748845949e-01
9.399859378995883974e-01
1.495098085937016097e-01
-1.000000000000000000e+00
-1.056577125462379030e-01
-4.420656992090775117e-01
-1.000000000000000000e+00
1.000000000000000000e+00
-4.417206761288556827e-01
-1.529565077323444822e-01
4.319357359096427373e-01
1.000000000000000000e+00
-1.000000000000000000e+00
-1.000000000000000000e+00
2.644665470766394133e-02
1.000000000000000000e+00
-1.732407225839417975e-01
-7.102441454390213682e-01
1.000000000000000000e+00
5.286856875181611404e-01
-5.280973478537415167e-01
2.901950696989330503e-02
-2.031515892460911132e-01
-1.000000000000000000e+00
-1.000000000000000000e+00
7.378839828541887691e-01
-3.778044211014230935e-02
1.000000000000000000e+00
1.000000000000000000e+00
-1.000000000000000000e+00
-1.000000000000000000e+00
6.727140265599804714e-01
-6.929097346138588520e-01
-9.624867190211812140e-01
1.000000000000000000e+00
-2.020818550228420385e-01
9.966327913828459950e-01
7.297816216178885096e-01
-3.077895022660318697e-02
-9.505847654702139771e-01
7.221152725993572608e-01
-4.565424881654495115e-01
-4.122748876770833126e-01
9.699611422512027792e-01
9.858004280485613280e-02
-9.305729333657339897e-01
-3.740186942166964235e-01
2.567387066200170209e-01
-1.000000000000000000e+00
-4.617459412864450274e-01
-3.618818559846700977e-01
-7.754431517304400945e-01
-4.050546795171419134e-01
-1.000000000000000000e+00
-1.692415919063863239e-01
1.000000000000000000e+00
7.288486108740938052e-01
1.512821516805731847e-01
4.163194309134487514e-01
-7.346830567876583284e-01
7.209591978008667024e-01
6.433075456186254648e-02
1.276162224448440519e-02
-6.444356078173600899e-01
3.992240018065376095e-01
-2.770385632881803284e-01
-1.000000000000000000e+00
3.778634441269987931e-01
-8.302334119556528114e-01
-8.654844185861745309e-01
1.112583612568869840e-01
3.423717275127088899e-01
-6.104718359563133800e-01
2.117198192128918188e-01
4.338308834087374333e-01
-9.797405724261962767e-01
6.295348837358315519e-01
1.000000000000000000e+00
-8.736326486916801137e-01
-6.412252966315088454e-01
-9.693913424423938885e-01
6.199987411793914660e-01
-1.149907156048395329e-01
-7.918092827997758043e-02
1.000000000000000000e+00
4.045842064038120967e-01
4.256996952184768923e-02
-5.047743815757269603e-01
5.780202617350468364e-01
1.524666448429733145e-01
-1.000000000000000000e+00
4.821371156036806660e-01
-1.000000000000000000e+00
-4.612706611267995971e-01
-1.321537543855126062e-01
-2.982539278444124031e-01
6.572520135444390177e-02
7.180302256279771367e-01
1.000000000000000000e+00
-7.223391071552792697e-01
-4.476979531665316592e-01
-9.783324335668344141e-01
-6.078614540324270843e-01
-6.923543637531682782e-01
6.474599384325949725e-01
1.000000000000000000e+00
6.131014418228877272e-01
-1.886755614271968806e-01
6.933107528041054790e-01
-4.053302461178196481e-01
4.155986269440861136e-01
-5.603150950600200852e-01
-7.024788283659637589e-01
-8.985588916061133524e-01
5.767504249804773497e-01
-1.000000000000000000e+00
-2.301164822115979447e-01
-5.225482176456870409e-01
1.000000000000000000e+00
-4.980987882190896811e-03
7.324319591334363388e-02
3.792489138059194076e-01
3.223300021613895172e-02
-1.423343436737466439e-01
1.152396080717407734e-01
8.346936999063480078e-01
1.000000000000000000e+00
-9.326597867940167319e-01
3.271647765953963893e-02
7.923067981995145503e-01
3.671395513160671253e-01
-2.714793440481065301e-01
-1.000000000000000000e+00
-1.000000000000000000e+00
-1.000000000000000000e+00
-1.000000000000000000e+00
-5.722319871147560910e-01
1.015707588037500497e-01
5.254919099557192608e-01
-8.254911543049121558e-01
3.779321322528835791e-01
6.981301380436458759e-01
-1.000000000000000000e+00
9.939171416643484136e-01
-5.123204167311197210e-01
-4.573031400038509720e-01
-4.922998430406530512e-01
-1.000000000000000000e+00
-8.678435476967265583e-01
2.754544811482118050e-01
-6.218610913811820073e-02
7.279799464345804161e-01
1.000000000000000000e+00
9.291229520044744783e-01
5.645204822357621222e-01
4.500128787743580827e-01
8.912636180900788130e-01
-1.000000000000000000e+00
1.000000000000000000e+00
8.379296621178059512e-01
-4.940719191155998891e-01
9.909595730174299844e-01
-4.999174033838618136e-01
3.546673857741621250e-01
9.369258598766717627e-01
7.151759913826671866e-01
2.430261608511939952e-01
-6.341092879069596400e-01
4.179199710615408292e-02
9.901939667365435849e-01
1.218222513835338638e-01
4.127048998375119071e-01
-1.000000000000000000e+00
-1.372299309327721373e-01
-6.095503818988434741e-01
7.004645914187642708e-01
-1.000000000000000000e+00
3.427336037743392572e-01
-2.440318226208422203e-01
7.707585138775636668e-01
-7.476983251228784821e-01
7.315251386196480743e-01
-2.470642597024253484e-01
-9.502186285035051361e-01
1.222830598606716723e-01
1.000000000000000000e+00
-3.282499842626501185e-01
-2.599611893248198191e-01
-3.766864386827467603e-03
1.000000000000000000e+00
-4.980307341761491813e-01
4.111461411759996243e-01
-1.000000000000000000e+00
-1.000000000000000000e+00
-4.337680968073735488e-01
2.129463489434733070e-01
-9.610162363709005007e-01
-1.960552261864090262e-01
8.865835388787492999e-01
2.549924842193206920e-01
4.674545007853041501e-01
-2.207715267249317215e-01
