4.354189028689717245e-01
1.000000000000000000e+00
-8.420015161595598707e-01
9.936041677099550773e-01
5.049856766226112903e-01
1.000000000000000000e+00
-4.401675317515542085e-01
-7.157892310102970113e-02
4.658979959854823161e-01
7.300290645437230719e-01
1.000000000000000000e+00
-5.562466183383585339e-02
-6.478375723806770736e-01
-8.959966521762063874e-01
-9.881090918585718752e-01
4.444017404165347962e-01
1.000000000000000000e+00
6.534642431378433480e-01
-1.000000000000000000e+00
3.090250972857548351e-01
1.945494362723436677e-01
1.000000000000000000e+00
7.168432361228931349e-01
-1.504566225504154198e-01
-9.758141028201265943e-01
-6.042854423180341605e-01
-1.827254553460826436e-01
4.520589891378419822e-01
-1.579544387333018940e-01
-2.554432568971262696e-01
-1.532000902842853840e-01
-4.286646912044254631e-01
-5.489959667221164796e-01
-4.560671945408847905e-01
-3.946617666042625538e-01
9.504681840219381117e-01
8.975830588214660510e-01
5.896087737382690319e-01
5.372693772556498271e-01
9.833876326780460753e-01
-9.984137906936429996e-02
6.047403570379999982e-01
-4.295388868469947052e-01
-9.660277097366214427e-01
-9.346736614787830577e-01
-7.526480268262542017e-02
-2.446691659672706187e-02
3.613558173206437019e-01
-3.700176498725207264e-01
1.000000000000000000e+00
6.161025555315814417e-01
1.000000000000000000e+00
-1.000000000000000000e+00
-5.683234480427294677e-02
-2.267980106568167620e-01
-8.321639287276382246e-01
-1.332219369575450285e-01
-5.474526030018600498e-02
4.574834455787309961e-01
-2.129833851351655982e-01
-2.245865956600603397e-01
-8.158157736801856519e-01
1.000000000000000000e+00
1.000000000000000000e+00
9.359668680257809958e-01
1.295767525088257766e-01
9.039615956123868701e-01
-9.806564267756048281e-01
2.550476280993111411e-01
6.168018963713957081e-01
-7.849328355295419613e-01
9.918338072288590546e-01
1.944964917206272736e-01
5.039106696275993391e-01
-2.045582752528259662e-01
1.000000000000000000e+00
-4.250905937994511330e-01
1.903888580197008185e-01
-2.973433359995490965e-01
7.297046409009646517e-01
4.230122981644324209e-01
1.000000000000000000e+00
6.368801541861832671e-01
4.334197109648447177e-01
6.242164858633678648e-01
4.773946194688916123e-01
1.000000000000000000e+00
9.960667073230100588e-01
1.985952249854632812e-01
-6.512810882613072616e-01
1.798654365072156480e-01
5.417388455376110912e-01
-9.642195713375624200e-01
-2.589628288052105987e-01
-3.928534151160117394e-01
-2.550235690422821833e-01
5.399140823307793102e-01
2.921407640073558909e-02
6.853351081323226790e-01
-1.000000000000000000e+00
-2.576273445263612683e-01
-5.281839946001609665e-01
-5.292379298983383995e-01
-3.147758967425164922e-01
3.771967578224086903e-01
6.001356195802012294e-01
1.000000000000000000e+00
-7.337085012433852693e-01
3.101309815696334793e-02
-3.707478059405543425e-01
-1.628829612438872643e-01
1.000000000000000000e+00
1.000000000000000000e+00
-3.946778631861856956e-01
-3.674095164413554437e-01
1.000000000000000000e+00
-4.252437913451960760e-01
8.711585739254016358e-01
-9.639724345050588727e-01
-4.621093603501029712e-01
4.930385989917149825e-01
-8.194678116696485493e-02
5.613513731399926154e-01
-1.000000000000000000e+00
3.658900687090815285e-01
-7.770958431137449107e-01
-8.869180931713863680e-01
-2.774375648061729316e-01
-1.000000000000000000e+00
-3.331735111485490397e-01
-4.183255358679482949e-02
-6.131160602155574235e-01
-1.000000000000000000e+00
1.448421709110914168e-01
-1.000000000000000000e+00
6.750877185812789172e-01
1.319071620474081552e-01
6.842096518935529836e-01
-5.411990050935067131e-03
-5.777034443725770352e-02
2.116726718120083561e-01
-3.425939394939775950e-01
-1.000000000000000000e+00
7.781092985326146239e-02
-8.648678235999369690e-01
1.000000000000000000e+00
9.784779444117379654e-01
1.000000000000000000e+00
9.871154044744980816e-01
8.716372799544552796e-01
1.234365427116368430e-02
8.848499347681664240e-01
-3.511119675303925880e-01
1.655156734345384351e-01
-6.103838182415576297e-01
5.317295332284122100e-01
8.697972109418793396e-01
4.282232189836540082e-01
2.137369388076760801e-01
-9.808347695292528590e-01
-2.964075128854604668e-01
6.761087909115410799e-01
-4.053417806492826125e-01
-7.475453320689786629e-01
-5.207944321025164136e-01
-1.000000000000000000e+00
-1.296023159862751406e-01
8.832358884909720098e-01
-7.302615767168052496e-01
3.627785067157205390e-01
-4.904929993816996570e-01
-1.000000000000000000e+00
-1.000000000000000000e+00
-2.167098771755163744e-01
3.289133563576822628e-01
-5.270484559288555193e-01
7.060019685013820823e-01
1.000000000000000000e+00
9.545987221952967339e-01
-6.236333688175332846e-03
-6.457882384917376095e-01
-1.000000000000000000e+00
6.145779644644911999e-01
-7.072266091646302044e-01
9.875212335638189343e-02
1.000000000000000000e+00
-1.000000000000000000e+00
-9.319035926456842311e-01
-9.943792002721855150e-01
4.686129240221620362e-02
8.362998252539437516e-01
8.696615275439059101e-01
9.072449080462992310e-02
-2.893960287537724607e-01
-9.416315719278323115e-01
-8.359094017398160936e-02
4.093796161950327139e-01
7.621786594402075732e-01
-9.808951851895595375e-01
1.000000000000000000e+00
-1.958545469194394317e-01
1.000000000000000000e+00
9.801732448436331069e-01
-2.785859597111614017e-01
1.000000000000000000e+00
-9.045155441590245760e-01
6.977806620487994049e-01
-8.269386633324553593e-01
-4.246549996342199318e-01
9.141042240383318029e-01
-9.283047744193589912e-01
-7.375334366114273399e-01
1.000000000000000000e+00
9.464645661580572966e-01
6.752698687407032718e-01
-8.525377204771805717e-02
-7.663191080944571354e-01
3.114525842570366465e-01
1.352220088539978216e-01
6.668893388401170297e-01
4.653585213231232753e-01
-1.407456063754150555e-01
4.449519128911950117e-01
6.248588208104759456e-01
7.006436885634856893e-01
1.000000000000000000e+00
1.000000000000000000e+00
-8.386937690322173733e-01
-1.000000000000000000e+00
9.988687862044005605e-01
-1.000000000000000000e+00
-2.144125136908181517e-01
5.708866515831371169e-01
1.000000000000000000e+00
1.585555125506610818e-01
5.349614312164400198e-01
-6.275501177074698234e-01
-1.187251189145115265e-01
6.127220097469336935e-01
3.356696972542164703e-01
-2.791641572898755363e-01
4.676038934148918913e-01
1.370909953663466407e-01
-2.590440302865313349e-01
4.733404560573739595e-01
-9.738246306609770198e-01
-1.000000000000000000e+00
2.476531783655889773e-01
6.795118906903976352e-01
2.620778690574617764e-01
1.524342044906612514e-01
4.811365385490336544e-01
-1.000000000000000000e+00
1.000000000000000000e+00
5.102890859205473362e-01
3.321379289909455190e-01
-7.729635291191039315e-01
1.000000000000000000e+00
4.496371227980274776e-01
9.133237937313233579e-02
-3.513160119273345261e-01
-9.299310670951783653e-01
-9.921618081338452466e-01
3.218267438329922570e-01
5.888111250523563323e-01
