1.000000000000000000e+00
-6.149332680163357434e-01
3.557546274703470290e-01
-8.974791437893951951e-01
-5.787806709517595571e-01
-7.569594065636600089e-01
1.000000000000000000e+00
7.949345075310361164e-01
3.466769790795810602e-01
-3.702575090853798545e-01
-1.000000000000000000e+00
-1.000000000000000000e+00
8.824984484269775553e-01
-3.378727926516962299e-01
-9.169928573130496918e-01
3.797625450486731280e-01
4.104779811409821344e-02
-1.000000000000000000e+00
-4.082672264250352123e-01
8.267151189694191826e-01
1.733962296685097049e-01
-9.251030668513438027e-01
5.984570391058316452e-02
1.000000000000000000e+00
-6.447622792257752256e-01
9.901985396308945475e-01
-6.708104173157442007e-01
5.291248532548209482e-01
-1.000000000000000000e+00
3.617698052772374551e-01
-1.000000000000000000e+00
-1.000000000000000000e+00
-5.312933035878852905e-01
-4.184584808693972979e-01
-6.493847553845439879e-01
-1.000000000000000000e+00
9.480547745445544461e-01
-3.438881670870113649e-01
3.886699192647844470e-01
-4.581714623461695113e-01
4.822769903805346203e-02
2.226459419424461905e-01
-4.139055749945719231e-01
1.630539704190293523e-02
3.800294631368589804e-01
5.879692172149340035e-01
2.310696433960223450e-01
2.949715138526783909e-01
-6.285376538219562548e-01
1.061805981371715946e-01
1.000000000000000000e+00
5.880518570268082890e-01
4.320314685120718590e-01
2.260222961878102232e-01
-4.809473525184421866e-02
3.881351722916130398e-01
3.417662846338778149e-01
3.885320346367387989e-02
5.624305375978156940e-01
-1.857703157680244965e-01
-1.993426159953284871e-02
-4.242142197670648596e-01
-9.275948986461186596e-01
4.512430656848938071e-01
-1.234101030497674056e-01
4.206027682178768989e-01
2.644240379902111915e-01
6.563627420244424471e-01
1.000000000000000000e+00
5.959987378766949950e-01
2.625230166625238670e-01
2.522986236240114533e-01
2.576580851627554014e-01
-8.060235282747248986e-01
-8.425911139710753339e-01
3.805295867571565904e-01
-1.000000000000000000e+00
-2.181102646713965754e-01
-5.662880431537214987e-02
-5.301663479089258058e-01
-3.961482511034457588e-01
3.444968757044957752e-01
7.074614570733689378e-01
-4.543039442503074565e-01
-8.842878632284301155e-01
-7.594855771775355091e-01
5.768885879874130485e-01
-3.618646617730701953e-01
2.862512397234611150e-01
-6.394509026147027209e-01
-5.203314030512802280e-01
4.813480385790877003e-01
4.035846249539151720e-01
3.841607042403583083e-01
-4.068956388923519185e-01
-3.906763531964176916e-01
1.000000000000000000e+00
-7.814651222454654933e-01
3.139331965017156389e-01
-2.518148049986813630e-01
-6.752470958132040790e-01
-7.769731590027345591e-02
-9.086173546286406832e-01
-6.127072249901720502e-01
-8.914423524786431186e-01
-4.836785895757464426e-03
1.000000000000000000e+00
-1.564961958079454374e-01
-3.454621244969750538e-01
7.981354117702276207e-01
1.477354319293647800e-01
-2.161175533728545428e-01
6.481140846587591930e-01
9.921390593656586043e-01
-1.000000000000000000e+00
-8.280358782693681974e-01
-6.254337389877997477e-01
-3.304583119035204852e-01
-7.175046407871517040e-01
1.000000000000000000e+00
1.000000000000000000e+00
1.000000000000000000e+00
-1.000000000000000000e+00
-1.000000000000000000e+00
4.067736319164982350e-01
1.263402276623898923e-01
8.402828444134569086e-01
6.038830067531734125e-01
-1.000000000000000000e+00
5.575047637492180908e-01
-9.102268963579652761e-01
-3.741755701479691498e-01
5.602182683088202664e-01
-7.023805899000460373e-01
-1.750143762614239928e-01
1.694191502688941475e-01
-3.166768789481622104e-02
-2.994856441332141572e-02
-1.181677204278698268e-01
4.271757248790342132e-01
-7.657683978718229367e-01
1.000000000000000000e+00
8.033533532968483160e-01
2.313361457345297634e-02
-6.415897814121738207e-01
4.781083478877249382e-01
3.907934129957551517e-01
1.000000000000000000e+00
2.926965222638109876e-01
6.148037815190579014e-01
8.996003721333295511e-01
-7.857414721207052477e-02
-1.000000000000000000e+00
9.276066443323971455e-01
1.000000000000000000e+00
3.838614262696862234e-01
-1.000000000000000000e+00
2.793762462754211806e-01
6.157014566311697079e-01
-9.134065156952624331e-01
5.577930783724016628e-01
4.783830007453941935e-01
9.884460074373122018e-02
1.629995804977137919e-01
-1.000000000000000000e+00
-5.407053322345204416e-01
-6.418553992010316289e-01
-6.762812194328716719e-01
1.204735167606050816e-01
8.876531235167443024e-01
-3.251796562148850933e-02
-3.407915960772278652e-01
-1.560352349430439989e-01
-4.804890767530106133e-01
-8.060257564346007264e-01
-3.886505197305679671e-01
5.181698478325724722e-03
-2.222196140838185729e-01
-1.000000000000000000e+00
7.232962713136945609e-01
-2.051529092338762461e-01
1.218923123545254950e-01
-5.138921223955170703e-01
-9.654076384375149811e-01
-2.958844444984017330e-01
2.079399938981665863e-01
-8.731545811336495211e-01
1.000000000000000000e+00
8.701921114157313841e-01
5.177503695389753524e-01
3.528979585949821862e-01
7.945595048302027674e-01
-9.246454973898814433e-01
2.482225104035154783e-01
-6.908630905674563172e-01
-1.000000000000000000e+00
-2.644158278329224454e-01
3.307848394911286349e-03
-8.250619067242450644e-01
3.735813281495737881e-01
-6.645368809323404236e-02
-4.177598086236166131e-01
-6.931836919530450780e-01
8.058254382604206345e-01
-1.962928834432682845e-01
-5.245582666562997876e-01
-1.000000000000000000e+00
7.613509940750849969e-01
6.444876571111551877e-01
-5.448837910090966741e-01
-1.555273988668271490e-01
5.049189968530208850e-01
-6.997396759025085178e-01
4.603056318894360177e-01
1.000000000000000000e+00
-1.000000000000000000e+00
-1.000000000000000000e+00
1.023737899802764639e-01
1.000000000000000000e+00
-1.000000000000000000e+00
-5.992485975682062538e-01
1.296685639674979851e-02
5.861105924684967272e-01
7.270763851470862793e-01
-1.442416630895183016e-01
-1.946047719025015832e-01
-1.000000000000000000e+00
-4.290242917203718753e-01
1.289959918552992246e-02
9.799562864673857510e-01
-8.233053198923493410e-01
-6.011833819705874049e-01
-3.305661968194367750e-01
-5.141729609731710005e-01
-2.813546097034837490e-01
9.953073775467420337e-01
1.000000000000000000e+00
-6.377630124075064910e-02
-3.638103925652491633e-01
-1.627766425843099329e-01
5.799527647721653967e-01
9.101069050552221817e-01
1.000000000000000000e+00
6.098060822583073470e-01
-4.765633560627450249e-01
8.397135072085673002e-01
7.173844522343674202e-01
-1.612146559836702409e-02
4.950417731278506372e-01
-8.607356951895900332e-02
-1.000000000000000000e+00
2.082895948571523714e-01
9.799931751813246716e-01
5.947016042267837532e-01
6.059674989556405045e-01
-5.953925784048637038e-01
-1.682221271829115183e-02
1.607655514580624834e-01
9.238851862818592275e-02
-7.926827045164343000e-01
1.216008613809144157e-02
-4.812418051674772768e-01
-1.790030702999079182e-02
-1.945021126960023439e-01
-2.078679770857037312e-01
