3.448177712496020009e-01
-5.981928501633770878e-01
8.196842729602512589e-01
-3.861671811573216817e-01
-6.647463158003492634e-01
1.653615789357431587e-01
3.155483418737646262e-01
-4.253950871670010292e-01
5.854212866300366469e-02
-4.269016273334087508e-01
-1.521159494338128193e-01
6.539874951646784673e-01
-3.144539498872730432e-01
-6.138710727017266944e-01
-9.644641873744035365e-01
2.496055329776240006e-01
8.054686745899002354e-01
-8.560993133163383728e-01
-1.000000000000000000e+00
5.442681526845641882e-01
6.591433906712170776e-01
5.031448338823250044e-01
-1.000000000000000000e+00
-9.409992769660744383e-01
1.908242043870026217e-01
7.739070866957269423e-01
-9.590787288857721693e-02
-5.707588059211181619e-01
1.000000000000000000e+00
-4.189939556743305649e-01
-4.867554763635275616e-01
-1.854383313787698051e-01
5.425488220516928584e-01
-3.696284569632384831e-01
8.545779656248876366e-01
-1.000000000000000000e+00
8.115250737128981706e-01
7.346591143699767734e-01
-1.000000000000000000e+00
8.736772091463131940e-01
-6.324124302460629732e-01
-7.484549351173457321e-01
-8.802796284520734149e-01
2.199460008029558433e-01
-4.324748784565278781e-01
2.411550135051718780e-01
-8.359194712073830802e-02
-9.308123779873982151e-02
9.758886760429149598e-01
7.593983167447725391e-01
1.000000000000000000e+00
-8.221483362997423772e-01
9.939230016200204521e-01
1.325003628700180958e-01
-3.568845008699962351e-01
-1.000000000000000000e+00
7.190875062649464411e-01
-1.000000000000000000e+00
-1.252313177252140364e-01
1.527135686907048207e-01
1.000000000000000000e+00
3.805083824375655177e-01
-4.239893614433126734e-01
-4.467191517646214582e-01
-9.521734147687388461e-01
-5.942194291163233055e-01
5.506185888902477565e-02
6.177733383617179941e-01
-5.679580403319437476e-01
-4.589686114079016832e-02
-4.731725822768024781e-01
-1.701198811333798355e-02
3.898047128245393234e-01
3.355819327869113966e-01
-9.557149624412912825e-01
6.336675305710711692e-01
1.286640181748519574e-01
-6.398987944785500259e-01
-2.131559845927680219e-01
9.768897808701266783e-01
8.923655894767336116e-01
-1.000000000000000000e+00
-4.262264252101268802e-01
-7.863316193077978244e-01
-6.360656773680294362e-01
9.643532134545723666e-01
-3.790438345805131615e-01
-2.250617338664382960e-01
-1.000000000000000000e+00
9.119412937981128398e-01
6.031626213593603847e-01
-4.675703157015349554e-01
8.089369576525894390e-01
4.487737010442027774e-01
-5.473293498682867408e-01
1.000000000000000000e+00
-8.235569762277505923e-02
3.001603006498532178e-01
-3.720527904524529861e-01
5.684535708156079892e-01
1.000000000000000000e+00
-1.000000000000000000e+00
-4.692710121389064848e-01
5.962589964894656758e-01
-1.000000000000000000e+00
8.631271314242360271e-01
7.400726300812019431e-01
4.382400383242799347e-01
-8.546857607195035289e-01
-2.395832544610338455e-01
9.200700273991092581e-01
-4.597855921290638914e-01
-9.563766478270427918e-01
3.645277159791113775e-01
9.784669990308731968e-01
6.849198892593284793e-02
4.978555546530156750e-01
1.000000000000000000e+00
-7.034157835102967660e-01
3.110494479230044296e-01
-1.000000000000000000e+00
7.927005174535501908e-01
-8.994453615374257138e-01
8.910055693096621821e-03
-7.750695756208494380e-01
-2.001903658489291304e-01
4.132747854552528133e-01
6.512897549796250463e-01
-2.044966512488449739e-01
-3.486380968213754761e-01
-6.323525585874402166e-01
-6.336404429403945660e-01
1.828323492315644394e-01
-4.189243402403924899e-02
-1.000000000000000000e+00
9.427375896354086571e-01
-8.240654473502102562e-01
-7.129081569812577568e-01
-6.350946490898748964e-01
7.582294308520070025e-01
8.646247694727848820e-01
-4.465407042028053386e-01
-9.619197924504498953e-01
6.654024385292778287e-01
2.935697987949017485e-01
-9.225563135624567090e-01
1.272692375546589094e-01
-9.998022951363508826e-01
1.000000000000000000e+00
2.084636633672321340e-02
1.000000000000000000e+00
-8.913641515704756602e-01
-1.000000000000000000e+00
-9.824335223292705033e-01
-1.000000000000000000e+00
-1.311178469706184568e-01
-8.131497751836517240e-01
7.136365021626408511e-01
-2.853862199579379477e-02
-1.678562031528661458e-01
-1.679815043640668359e-01
9.024785312326839559e-01
2.774602099041116599e-02
-1.000000000000000000e+00
-8.203394614353287650e-02
-6.860819349999744965e-01
3.703371937942889075e-02
8.233150886558154857e-01
-1.000000000000000000e+00
-6.597613643312915110e-01
1.000000000000000000e+00
1.000000000000000000e+00
-1.156870375032753862e-01
8.963336983738581232e-01
-7.815100422629819299e-01
9.464753777441168303e-01
5.200034946585297968e-01
6.490351619122257665e-01
-5.834022163263206107e-01
8.811051747002055512e-01
-1.000000000000000000e+00
6.583705392970551351e-02
9.920044201935500627e-01
-1.551692887609154303e-01
-6.545315045129506126e-01
-1.000000000000000000e+00
1.471780054026994300e-01
-6.138361545339171554e-02
-3.306638199865190031e-01
5.718970323871755412e-02
1.190897455438090224e-01
2.743131481624928592e-01
-7.576136876850640967e-01
1.000000000000000000e+00
-2.415566755416868050e-01
-1.512865942664589625e-01
4.324291962958409785e-02
7.375292955369208148e-01
-1.000000000000000000e+00
-1.000000000000000000e+00
7.565882753197575861e-01
-7.660993627320682453e-01
5.444377552926387143e-01
-4.349834816879732391e-01
9.835743547962293443e-01
-8.561042750380609689e-01
1.850638038032672572e-01
-3.673396842523188321e-01
-7.794767034998717481e-01
1.531901420795541702e-01
-1.000000000000000000e+00
-5.509859667099700209e-01
-1.119317031153241743e-01
3.654640759349550572e-01
-1.000000000000000000e+00
-4.321159892209452957e-01
4.636537831328672032e-01
7.621068042671238496e-01
1.678187783247104825e-01
1.000000000000000000e+00
1.000000000000000000e+00
-2.161019488539518973e-01
4.869728272769460742e-01
1.000000000000000000e+00
-6.398056227167281396e-01
4.246049072292591986e-01
-1.000000000000000000e+00
7.897813706952316881e-01
9.472454408265600367e-01
9.132021336645532172e-02
-9.144362472861479185e-01
-1.000000000000000000e+00
-4.864821277332940785e-01
-9.846882665807090707e-01
-1.125316833855746212e-01
2.889313676806120820e-02
-6.983220749104372960e-01
-3.699678076291191831e-01
-3.834357859475722163e-01
9.302979438381484556e-01
-9.886427593853792661e-01
8.540392305807620321e-01
1.000000000000000000e+00
4.566028330228983911e-01
8.944783031860730205e-01
5.208126058042098494e-01
4.328688431239555157e-01
9.517423591550322470e-01
7.312310029851054605e-01
1.000000000000000000e+00
-5.839907517769815648e-01
-7.044901569904977734e-01
7.627413666684853544e-01
-9.464460886351095947e-01
7.878147092469087731e-01
-6.004972258910388216e-01
-1.000000000000000000e+00
-2.746601474725443581e-01
8.434893143121819925e-01
7.783557073690935413e-01
-3.155045532805900166e-01
6.648512899246727947e-02
1.551093584479290577e-01
9.069231864109362773e-01
-9.117687572870070145e-02
