1.314230108143591425e-01
-5.687417547265271045e-01
-1.608942065617467998e-01
-1.500437979082004936e-01
1.000000000000000000e+00
7.455844751372399104e-01
-1.739976749273738216e-02
1.871115917319642746e-02
1.000000000000000000e+00
1.000000000000000000e+00
-6.476551897723008544e-01
8.818972259298958338e-01
-5.064443499515007829e-01
4.543105126631356017e-01
-1.000000000000000000e+00
7.954413730688099093e-01
-8.688472843805460366e-01
2.010279373792461799e-01
2.561012583335963710e-01
-5.057121940034903229e-01
2.248988270999989769e-01
6.856657809004994553e-01
4.852042985346249893e-01
-2.757901564274861661e-01
-2.291317612708264340e-01
-2.021429313801478833e-01
9.434885985097902772e-01
1.169658753043918420e-01
-1.000000000000000000e+00
-8.786575476882542146e-01
-6.427897051057456235e-01
-8.631709683427397639e-01
-5.574248347983691287e-01
9.291640730708428109e-03
5.090221504105705286e-01
1.000000000000000000e+00
-1.000000000000000000e+00
-3.167195997068826818e-01
9.976586729826653066e-01
-1.555669539964310566e-02
-2.951768957330747623e-01
-2.369547135088335144e-01
-9.560503864438592014e-01
7.976378036909079761e-01
7.387417068598014502e-01
1.000000000000000000e+00
-1.735922187863400690e-01
6.940417978407541488e-01
9.901852023423010074e-01
7.761553455080669739e-01
-2.902504335646023392e-01
-5.611736237716978826e-01
5.308464847738018078e-01
7.058446724199143874e-02
1.233691475802589088e-01
-5.236609627766397601e-01
1.476426009687361596e-01
3.773927165481927859e-01
1.497122359205976250e-01
-4.225941167411904065e-01
7.443114072487457822e-01
7.680602997796976972e-01
5.070113673046208191e-01
1.000000000000000000e+00
-1.000000000000000000e+00
-8.769394114296052978e-01
3.938501450271080784e-01
4.284478092121861703e-01
-1.908575699100780454e-01
9.967211939538007659e-01
1.983868222487183974e-01
1.797493366104329082e-01
3.501496375328475019e-01
9.163910054559540885e-01
1.000000000000000000e+00
4.327378426958977675e-01
3.501451134998699311e-01
3.629886210769210919e-01
-1.000000000000000000e+00
1.834889770444212420e-01
7.955227835483271726e-01
-5.428633461208923761e-01
-6.508951837893872661e-02
-5.431935465704456067e-01
4.027928947684471517e-01
7.672120039503407263e-01
-5.762834829022689398e-01
-1.835188799966571138e-01
2.242710287700011573e-01
1.000000000000000000e+00
-1.000000000000000000e+00
8.161831873090533707e-01
8.391407240514945354e-01
4.916057585268254204e-01
-9.158578443208788000e-01
-1.000000000000000000e+00
2.815597924419444009e-02
-9.377322357950568232e-02
-7.664243669248762547e-01
2.096455404161804148e-01
-4.627991538330888943e-02
-5.385442899804462336e-01
9.414730939266966470e-01
-4.342388082874937272e-01
-1.000000000000000000e+00
-1.000000000000000000e+00
2.206789081908031858e-01
3.901357547970688011e-01
3.270599437261070275e-01
1.000000000000000000e+00
-1.000000000000000000e+00
9.118823550813486278e-01
1.000000000000000000e+00
1.000000000000000000e+00
-3.413825254032923917e-01
9.327540363221351605e-01
-1.000000000000000000e+00
4.684350083509104534e-01
-4.707178416572777024e-02
-9.543365534199559352e-01
5.804079974460152336e-01
-1.000000000000000000e+00
7.333710465748888296e-01
6.574327449297092674e-01
-8.388934801279017694e-01
1.705447360897636155e-01
8.354086164536725923e-01
3.920721608287459636e-01
-3.979035120907603029e-01
5.704658302600965625e-01
-5.177600441966498934e-01
2.395514231300470420e-02
4.017421708210885956e-01
-6.854501595728691443e-01
1.000000000000000000e+00
4.797293227298490281e-01
-8.595362797076318007e-01
-1.000000000000000000e+00
8.057578768164286309e-02
-1.559042359915736586e-01
7.871797585667366093e-01
9.406891707387459167e-01
1.000000000000000000e+00
5.649953631325838055e-01
1.233642462948233709e-01
-2.055444510018223370e-01
9.152769508586085234e-02
1.000000000000000000e+00
-1.393067703048787020e-01
4.528415972754920582e-01
-2.759504785909472346e-01
5.355112805252606467e-01
2.849504333015188129e-01
9.555317223670931615e-01
-2.662038553821406417e-01
4.084146955141335633e-01
-2.699801407392479202e-01
-1.000000000000000000e+00
5.512166618088927272e-01
-6.316884103855384680e-01
-1.000000000000000000e+00
5.453136453128287764e-01
-3.615702539754087064e-01
4.087266107836464712e-01
5.178224960352290074e-01
-6.490142432403196437e-01
-3.249440244211826423e-01
-3.792729350136677668e-01
2.508738104995890117e-01
-1.000000000000000000e+00
-9.815650971222162902e-01
3.394984495317831530e-01
-4.272709000051264638e-01
-2.774950773800901604e-01
-5.649157921083708400e-01
3.205827611584858294e-01
-8.850620645005665699e-01
-1.000000000000000000e+00
-6.880991237414093575e-01
-1.000000000000000000e+00
4.744340924220431521e-01
-6.011577057501753529e-01
4.716128467933854984e-01
2.419072172568861034e-01
6.727154569247217886e-01
5.651181403443094053e-01
5.330153642860768065e-02
9.692495489294374877e-01
-1.000000000000000000e+00
-3.951275766004169743e-01
3.081782662523133154e-01
7.201894742727747989e-01
-9.015488949176615474e-01
8.755378794579253832e-01
-3.458827623482588765e-01
-4.933195282320435027e-02
5.175851178655723750e-01
2.142434040372992454e-01
-7.929575455699018338e-01
2.363535984572837645e-01
7.527230842549257339e-01
-9.196847542821849908e-01
-9.871414007790496603e-01
2.010170066477459383e-01
-2.051058169067414561e-01
-6.299671177803494171e-01
-4.431379752155660268e-01
1.000000000000000000e+00
2.288789262874103003e-01
-6.025345006953994886e-01
-9.790100284424121391e-01
1.173950817483860876e-01
-1.000000000000000000e+00
8.666779307144576450e-01
-6.924509457192332684e-01
-7.959412614941390185e-01
-9.660442399670376989e-02
3.422778585647505700e-01
1.013710958199449674e-01
-9.514561652207287334e-01
4.259710256226404423e-01
5.915842779744932001e-01
7.283785771466309011e-01
2.760737973270284140e-01
5.355113572582416159e-01
4.589509303074975621e-01
1.162998545114449223e-02
1.000000000000000000e+00
-1.000000000000000000e+00
7.811074844518397509e-01
-3.118990427664975473e-01
2.149273517616031581e-01
9.657871682158805093e-01
5.562361948924567923e-01
3.343409988879239014e-01
3.490691677757089550e-01
-8.999392443773099326e-02
9.166882843108306034e-01
-9.402605640765626660e-01
9.466045801553191197e-01
-4.285302153579705897e-01
6.354076729307626126e-01
5.218426107143017134e-01
8.780338098786332202e-01
7.247129103651327453e-01
-7.235878689732213598e-01
-9.491628983363074035e-01
-1.347552436567031331e-01
9.999000663507333631e-01
4.775951329660241829e-01
-1.641646032999071469e-01
-2.477701069816483359e-01
-6.049891911150779844e-01
-5.270445041119673490e-01
4.869864742352886244e-01
-3.633328132581770120e-02
-1.000000000000000000e+00
7.759885333369970217e-02
-5.846340706301302870e-01
-3.307575610251639597e-01
-1.000000000000000000e+00
-1.000000000000000000e+00
-7.738365165103825438e-01
9.851485359287260879e-01
-3.055648573281359859e-01
