-5.033881707172931375e-01
8.467965341717837990e-01
6.471820658918554514e-01
-6.822119657357272882e-01
-3.903374480197904783e-01
-7.318994735755122161e-01
-9.192923406566297917e-01
8.100945058826813927e-02
1.105051625275574462e-01
-1.096520990235496651e-01
-5.430396142527258441e-01
-5.877681009716292371e-01
-4.215313516557144258e-01
-1.262014907887671622e-01
5.813519807868502420e-01
-1.993096539663006261e-01
-1.000000000000000000e+00
3.435606919041185314e-01
-5.516760829530595878e-01
-9.853532394126366389e-01
-1.569386585075722707e-01
-4.474710889534209701e-01
4.458043129785160263e-01
-6.726924636918983902e-01
-1.262533693296068460e-01
-7.267496501260082287e-01
1.403039476025935706e-02
-2.514354887876948386e-01
3.365849939566745164e-01
7.229242027591222808e-01
-9.748721297049560697e-01
-7.261682488668371738e-01
-5.850033489437578282e-03
-3.620987590687136937e-01
-7.266489392367743161e-01
7.477056735312307412e-01
7.846304047399104142e-01
8.247868276296210777e-02
-2.660319026691271294e-02
-4.501601125430381156e-01
-1.000000000000000000e+00
9.770316623155530511e-01
1.257330733695714020e-01
4.883901031338606646e-01
8.404251483896754138e-01
-4.125477740565515195e-01
8.279785297662864973e-01
5.612694259240271766e-01
-3.787259532807127349e-01
-2.572009381601900735e-01
-8.005187928915691309e-01
-3.182668755516462333e-01
-5.085698164296721391e-01
3.014393328984293352e-01
-9.784406548020789796e-01
1.000000000000000000e+00
-6.603691085893326207e-01
8.158221934961251698e-01
3.877134816541418783e-01
7.483129521850062638e-02
-5.343229930757577018e-01
-1.000000000000000000e+00
-8.176184935060859527e-02
-5.011154391989851575e-01
-7.046786913992983958e-01
-1.405820408901418128e-01
4.876510432231384584e-02
1.526484360257007733e-01
-5.209952679167478840e-02
-3.662950672159137611e-02
3.494537504023648156e-01
-2.110270320353631046e-01
-3.647407056557621097e-01
-4.827516773486111301e-01
-9.059924879239387163e-01
-5.896808794198820092e-01
-2.686635726029208415e-01
4.233171839185698726e-01
-8.247494489916253890e-01
-7.105953309287849073e-01
5.902213820412740564e-01
-3.195681697624332962e-01
-3.405486387689480310e-01
1.000000000000000000e+00
1.418325122634475632e-01
1.060015510664162885e-01
9.055608299898494362e-01
2.792288007281532591e-01
6.612988208938241907e-01
9.903144819550722122e-01
-1.492219698736829137e-01
1.019120561586301932e-01
2.060484455080156541e-01
6.868714151316845928e-04
7.065543519885868484e-01
-3.899399636655186963e-01
-6.709600292858950432e-01
3.308964208530718043e-01
-2.344698171311213608e-01
-7.151554972293356904e-01
6.833800067256312616e-01
-8.431920360999457520e-01
-1.000000000000000000e+00
-6.157955387015552340e-01
-7.673378276631551698e-01
-6.719098100289313535e-01
-5.174127297783697177e-01
1.396480936657303329e-01
9.688105197889081976e-01
-3.313518141044249354e-01
-9.317640056774545432e-01
-8.893115113026329732e-01
-8.362305159173402114e-01
9.652791877969519874e-01
1.000000000000000000e+00
8.656210603240372947e-01
-2.414335240187412968e-01
1.000000000000000000e+00
8.284606312276125983e-01
-4.085099306300163935e-01
-7.954318838683249737e-02
9.170801519432874027e-01
-9.715856124230239921e-01
1.362150873016925168e-01
-3.430638910226562199e-01
8.122983290081986496e-04
-4.918208629683085698e-01
-4.473071122903236052e-01
-2.981149816231299932e-01
-4.448032237270711509e-01
-2.737116004496870092e-01
7.860121897349505726e-01
-9.510722549724106578e-01
9.210684423131534349e-01
-1.527205099802297905e-01
-5.929827329081818199e-01
-2.423745167351904969e-02
4.496864562820237499e-01
-9.914877069337735271e-02
8.165039113984002839e-01
-7.719467349308904991e-01
8.356688401280223388e-01
2.985449597677192202e-01
-3.042978268447400492e-01
-5.517940622846891907e-01
5.136445784397447589e-01
7.210107984706686235e-01
-7.592256271692782166e-02
1.792591956829918676e-01
-3.880314241112458595e-01
-9.904059276666346001e-01
-9.014921405534519483e-01
6.240083535185456665e-01
2.296889676050788420e-01
5.455993094820954514e-01
7.467129270047061507e-01
6.437009563648128374e-01
-2.061273142889486487e-01
-1.465446784055827456e-01
-5.469702245815390995e-01
9.385937825648910104e-01
6.152944372525716021e-01
1.000000000000000000e+00
5.968907144954772592e-01
7.448802510297443114e-01
-5.191386708849554665e-01
-6.907412441361542310e-01
-2.725179390794244538e-01
-6.323670874224956995e-01
9.249298411596946767e-01
7.291100926718150355e-01
6.800952954399130945e-02
1.716458866880506418e-01
2.449243741149926823e-01
-7.568706780363606557e-01
-7.414453797279220160e-01
3.209327233564356896e-01
5.828160528848387312e-01
5.169753430407625361e-01
5.685428391542355353e-01
7.997760895581209617e-01
-4.393027828670879043e-01
-4.684095892405959471e-01
-2.842007363176990431e-01
-4.432448332799068802e-01
1.000000000000000000e+00
4.207188296137514549e-01
-3.755033040599904393e-01
-5.074399302546162005e-02
-2.560945135807741746e-01
6.890272864072222170e-01
9.740328549810097769e-01
-6.945969446341182518e-03
-8.482161361559770185e-02
2.037495191734315370e-01
2.312873323994075747e-01
-3.593478618124005264e-01
-1.147842198577941897e-01
-6.945199994501038976e-01
2.036116282903710495e-01
-7.333840921478584907e-01
-3.490506568895089812e-01
7.748430645581151355e-01
6.943003728036145628e-01
-5.242168815384617986e-01
-5.783801388963177859e-01
-1.357121472382063487e-01
5.053664265051203142e-01
-7.689085591278950194e-01
-1.411169040006003961e-01
-5.932757319216539482e-01
2.313166734274265668e-01
-2.926858725474581480e-01
2.083554213469469563e-01
-2.717860013161546018e-01
-3.142250628276075375e-01
-8.823725162201366823e-01
2.873879126855247712e-01
-5.424496664571769600e-01
-1.000000000000000000e+00
-2.246527988254314323e-01
-6.365537945884538473e-01
8.957524336367279627e-01
1.099303461747844213e-02
-4.455274500809625060e-03
6.238029352285181517e-01
-5.432085904651557939e-01
-8.024041838371154256e-01
9.722656679892442977e-01
6.496667492732943749e-02
1.914943395549888461e-01
7.858939345288185052e-02
-5.891801393219110450e-01
-5.333228616826499735e-01
-1.635140426864394869e-01
5.184551491741824503e-01
-2.159713815800778924e-02
9.452490632270924564e-01
3.631390630115616247e-01
9.508887786466178049e-01
-8.243161078392913232e-01
1.900295366752874360e-01
-9.378177523202078092e-01
5.549336392675265905e-01
2.182217735649170098e-01
5.575357945679648708e-03
-9.901967288517889987e-01
1.615280828751721742e-01
-1.370466444895981351e-01
7.143447794781316862e-01
-2.057416215434204609e-01
8.105850248893706755e-01
3.069419794184528039e-01
5.803472973191673434e-01
7.320716656017132173e-01
-2.616375095153755659e-01
-1.000000000000000000e+00
9.049987669556865955e-01
6.007885978902129942e-01
-5.103357785750544107e-01
-5.195326784502576345e-01
8.989706298027133613e-02
3.397040482397608585e-01
-2.536821124374438741e-01
-9.230798302760128138e-01
