-6.852114609260143707e-01
1.000000000000000000e+00
4.003655118414887193e-01
1.000000000000000000e+00
8.415542520402806703e-01
4.632539688493392260e-02
1.301879017212699274e-01
-1.000000000000000000e+00
9.928258732367878370e-01
3.631214387822094269e-01
-5.022137974667697513e-01
9.306205277709376222e-01
-4.712529987277556121e-01
-5.692437033012227587e-01
7.415876917487476128e-01
7.493039995050222446e-01
8.549731438541533501e-01
-1.663629016988688314e-01
9.690996078680222947e-01
2.035751088695156863e-01
-8.992942191490400639e-01
2.407353637377296351e-02
-1.499435686764600817e-01
1.796016857337316974e-01
1.752059591239137348e-01
2.330077649348606117e-01
4.933053206571445526e-01
1.152442622006820405e-02
-3.790030687343779459e-01
9.699627413770430806e-01
1.798598472986046026e-01
1.000000000000000000e+00
-6.665267377167813923e-01
9.065246195375724625e-01
-3.493934261303324185e-01
8.054363707350047363e-01
4.380196454529555750e-02
-6.085060910715565097e-01
-3.539391541048895751e-01
-6.805262396516419399e-01
5.578859687602750750e-01
1.000000000000000000e+00
6.701171201157196666e-01
-4.482527122591579705e-01
-1.000000000000000000e+00
-4.466070384954298755e-01
9.782730965450948668e-01
9.632465573560986538e-01
9.380982790499283741e-01
-9.380511256340632320e-01
7.090718737002515981e-01
-5.963602451515304104e-02
1.543948588681514078e-01
-1.793423361558260654e-01
6.912370267159718973e-02
-2.539599944493822203e-01
-9.382921530507890573e-01
9.728121015872770450e-02
6.246545162893624159e-01
-5.075247382716639721e-02
-5.127643835152062568e-01
9.026334816493800650e-01
-5.671539987659368620e-02
-6.659852217724347989e-01
1.490696966147796454e-01
2.357480136020990713e-01
6.429083668289786724e-03
-8.569388056329658721e-01
-1.763494921794381831e-01
5.165482741603577566e-01
-9.562149545648299664e-01
-7.868101086848230397e-01
-7.840396215267712021e-01
-2.256049578390362242e-01
1.745041478880476060e-01
-1.867645366838213139e-01
-6.930929980076125929e-01
-4.679352052798388950e-01
1.310122636062823753e-01
-1.665939447999240097e-01
-3.920528305011516945e-01
6.950512088056441939e-01
-7.000764311972504927e-01
4.071183857664304462e-01
-3.702396465185919805e-01
6.481413680136146604e-01
3.598813532060413101e-01
-8.852816604461191119e-01
4.910036108373091457e-01
8.364754791638953080e-01
4.007133575302079809e-02
5.824599917206026989e-01
-2.981523896685838171e-01
6.342915509010865760e-02
4.497429765870549212e-01
-5.801013175189710935e-01
-4.158640623249465484e-01
-4.759020522886832083e-01
-8.371433318846904781e-01
-9.983377978728869007e-01
1.000000000000000000e+00
-7.073735226002184628e-01
-6.841361818653473037e-01
5.057292003789273238e-01
9.816611194340620905e-01
-3.303111517050500989e-01
-1.019584164620270794e-01
-7.513478257993977394e-02
6.300680135874784371e-01
-3.968576399316647851e-01
-1.000000000000000000e+00
-1.000000000000000000e+00
-3.700695031812136770e-01
-7.021974341078911497e-01
8.135945246947640097e-01
-3.993740564539638438e-01
-8.565699238820070338e-01
5.337987436610123204e-01
-9.084651388282780626e-01
-5.226376034084676547e-01
6.031912576952622729e-01
-4.914531597529019913e-01
5.107541607362987568e-01
2.279980721390184040e-01
-1.888726974953438553e-01
-5.412718277645995890e-01
6.664948101824318405e-01
-3.627154362228235396e-01
-7.989277549589002270e-03
-2.935275366585074486e-01
2.002641482299146181e-01
-4.450216280619669340e-01
1.282089714099577671e-01
1.565758779090862252e-01
-3.236437576983329789e-01
2.851855541018653017e-01
4.165086916625443392e-01
4.279520938100615512e-01
-2.750232512253998340e-01
1.091907331196508880e-02
1.482487011629280982e-01
5.097982903668611954e-01
-3.037726040582155451e-01
2.937213467422372659e-03
-4.413532757816684970e-01
-6.530289419895255465e-01
-1.328103938028893927e-01
1.911070183003749090e-01
-2.785159549866293993e-01
-1.256837295009212430e-01
3.253604030463908559e-01
-7.417388723644813275e-01
9.465397026068759212e-01
-4.657963596684793761e-01
-1.000000000000000000e+00
2.514653840911671434e-01
-3.001793620811361585e-01
-6.552663055097383005e-01
-8.109193554431934903e-01
3.882780370730878894e-01
-9.621257562551386311e-01
1.068652737565835426e-01
-3.315334400433862516e-01
2.237218610163154986e-01
-4.898409962282711250e-02
-8.452452932786200801e-01
-3.044197245202937552e-01
5.402824643205184074e-02
1.000000000000000000e+00
1.509417454150151494e-01
2.645872474834709553e-01
6.225990492830915102e-01
3.973351111318279560e-01
-1.731325402478442743e-01
-2.928814008684419989e-01
3.014376419012176900e-01
9.275414554997228889e-01
-2.532147899501000499e-01
-1.000000000000000000e+00
-2.658465050642624949e-01
-2.066985221880576762e-01
5.645618807878258760e-01
-9.955677895151430201e-01
5.360823832750991613e-01
2.219765939662065313e-01
3.201837063408625728e-01
1.763037215476286335e-01
-7.094752599620312017e-01
-2.861551132579873702e-01
4.341260914361593226e-01
-1.722061037121773719e-01
3.379088801393745345e-01
-6.338879030434170225e-01
-3.319184462684112713e-01
-7.725494637780858653e-01
1.137205313557054509e-01
3.232280749772300510e-01
6.040910655337548840e-02
5.203196085787954450e-01
-6.706969311916322063e-01
5.430631556968141815e-01
-7.089910088970152735e-01
1.000000000000000000e+00
-6.335702178728547240e-02
1.813078309213145278e-01
-1.000000000000000000e+00
-2.193819356596304893e-02
-4.197833779942006238e-01
-1.000000000000000000e+00
-3.124805107091938039e-01
-1.000000000000000000e+00
-2.060959449165099544e-01
1.000000000000000000e+00
3.513670053372366375e-01
9.121821009942754355e-01
1.000000000000000000e+00
-5.978989171358671806e-01
1.000000000000000000e+00
4.061030150221862922e-02
3.877917603903808796e-01
-5.510578550117899432e-01
2.135964318022615660e-01
9.211707327429405900e-01
4.407431501261120932e-01
8.461062638656440260e-01
-4.121070058613105491e-01
1.572707364798991703e-01
6.547665944489272638e-01
4.423953862858913677e-01
6.079966809900662073e-01
-7.814109547977297066e-01
1.761840779807173352e-01
-7.831158973962372150e-01
-8.746166886880268887e-01
-4.101900449350941447e-01
2.812072868304047457e-01
3.727154633882321377e-01
-2.753985406617958098e-01
9.293850533280167969e-01
1.668055198020290397e-01
5.511598328725522133e-01
1.685954257090135078e-01
8.744495285124687101e-01
7.172354942507106479e-01
-4.622706206985766619e-01
-3.359050568594643682e-01
2.830380230601964864e-01
-6.649514201943258762e-02
7.036645943870709630e-01
-6.521022444130699647e-01
-8.529187431341207493e-01
-8.785187607447129121e-01
-6.460521510546688440e-01
-4.843529362021936069e-01
3.146399795182363568e-01
-6.643542008471505778e-01
-8.900106554296034478e-01
1.924426716973528378e-02
-6.318798036795132411e-01
5.928133852843289198e-01
1.627049031702254567e-02
-5.059846872401483342e-01
-6.315065634471879186e-01
8.193748592291085764e-01
6.844799464530064714e-01
