9.848037597422161227e-01
9.173753832000056674e-01
6.653518965314570988e-01
2.289343775802636649e-01
-9.537974729546786490e-01
1.000000000000000000e+00
-2.146241752024580229e-01
5.003603343703623141e-01
5.778858680549694427e-01
8.265680045502594719e-01
-2.765331698953351069e-01
-1.000000000000000000e+00
2.151591378188250081e-02
-6.121430904243782001e-01
-7.520357400606091369e-01
-4.674065744712564974e-01
-5.053756487317216939e-01
1.000000000000000000e+00
-4.324932694767253394e-01
-6.410780860576781315e-04
8.546434243577949452e-01
2.068566672316690669e-02
9.671490176451933429e-01
8.271181269375698086e-01
9.595804014031763529e-01
-1.000000000000000000e+00
8.947100801591876262e-01
-4.396869020742322220e-01
7.726901725691217582e-01
3.768758159360913740e-01
1.261877085534656717e-01
2.104041205224549682e-01
8.747765298163621139e-01
-9.731132017203342199e-01
-6.361125615656882948e-01
6.640289829264812704e-01
-1.917418194542680476e-01
7.913906622970252602e-01
6.204940735955464248e-01
8.094313834158598508e-01
3.934867345791790982e-01
-2.627435347878230854e-01
4.972993017811771499e-01
1.000000000000000000e+00
-4.992335459833366906e-01
-6.123929054291976648e-02
-3.107800318477600410e-01
-4.889977352128214161e-01
3.469568955475542671e-01
4.863722793265951028e-01
-8.406988307729281740e-01
-1.000000000000000000e+00
-7.274307006391939057e-01
4.930830946645479163e-01
1.812254929874885789e-01
-8.288927468775985075e-01
9.695944061923355006e-01
-5.654986707785101263e-01
-8.769076734168426146e-01
-4.092124348232827891e-01
6.090609360272482981e-02
7.654060609033315477e-02
8.605951223658712124e-01
-7.426618645393934237e-02
2.876813338277788845e-01
6.596148002506362351e-01
-1.000000000000000000e+00
-7.384178500069935591e-01
9.038511945063965047e-02
6.349128062585699395e-01
-2.351330002983609280e-01
-7.422038628834455309e-01
-4.881502659996572735e-01
6.494140029545114601e-02
-1.000000000000000000e+00
2.650783746403424512e-01
8.777701093728276227e-01
6.815942202382552217e-02
-4.208144797061388331e-01
7.056720370849083324e-01
-6.547219168170728132e-01
-7.537728844806022011e-01
-8.062992199986487307e-01
1.000000000000000000e+00
-2.796331028130992213e-01
1.325751247609082695e-01
3.362747558788329316e-01
-7.434721785463827004e-01
-9.177033080032717116e-01
-2.250213930257351225e-02
1.110920365393119891e-01
2.229940840661670531e-01
8.172917800508375796e-01
1.857805243336514422e-01
-3.006820646547939124e-02
1.000000000000000000e+00
-8.456884850100749862e-01
-9.765296576040378707e-01
-8.898776372443284455e-01
-3.726404155103776317e-01
-4.746699769461904528e-01
1.000000000000000000e+00
9.566769899032118163e-02
1.000000000000000000e+00
5.834157282212254492e-01
-3.056976362114305346e-01
1.000000000000000000e+00
-1.000000000000000000e+00
4.981523369864865325e-01
-6.779753522028479917e-01
-2.383482282001432306e-01
-3.641313780289496815e-01
-2.550920345401401779e-01
-2.269155603212468231e-01
-1.880929381066285822e-01
-9.259579313555794666e-01
-6.468315117775403911e-01
2.951660353276406301e-01
-8.727457660102081460e-01
9.582953039213550905e-01
-5.804828556042482823e-01
5.032480055617751802e-01
6.602651782616942855e-01
1.000000000000000000e+00
-8.966689162638854516e-01
9.668007260450470763e-01
8.799019963004296452e-01
-4.888617045276982820e-01
-7.000950444901872238e-01
8.105799413610182969e-01
1.000000000000000000e+00
6.542473875630314684e-01
4.725936483433059720e-01
3.204334053844124508e-01
3.393185975867217818e-01
-7.169062619223799393e-01
4.327035634187180735e-01
1.000000000000000000e+00
6.511592331293242220e-01
1.000000000000000000e+00
-7.875628534223400035e-02
4.798566626960296677e-01
-1.000000000000000000e+00
7.273382756763788759e-01
3.605932106833692474e-01
-2.419515399511227849e-01
4.762389964787223096e-01
8.807365892136114205e-01
8.487686458044263471e-02
-4.765205901739002492e-01
8.357064897080940247e-01
-1.000000000000000000e+00
-9.026016548705024789e-01
1.370936702901933146e-01
7.427006248271490474e-01
1.000000000000000000e+00
-1.000000000000000000e+00
1.556066257425300914e-02
-1.000000000000000000e+00
-7.416172598930245163e-01
2.991308208434277915e-01
9.980783132815038705e-01
4.573298110095511126e-01
-9.678396939320511594e-01
1.184769897495862312e-01
-5.503789888545792541e-01
-4.596926029062705643e-01
5.475035135401872255e-01
4.901684582373069810e-02
-2.046004407473523967e-01
8.498461278808254749e-01
-5.813721002999636678e-01
-2.181760760470190796e-01
7.821426620683560316e-01
1.000000000000000000e+00
3.509333711035046433e-01
-1.753125265250765064e-01
2.473370273954690335e-01
9.805477630251948629e-01
6.019668939707427668e-01
-4.723706702441805017e-01
1.026352760613804677e-01
1.000000000000000000e+00
-1.000000000000000000e+00
6.716947132085820948e-01
1.761195298870497916e-01
4.814190297778776495e-01
-6.081950003731281251e-01
9.719079994121011534e-01
-2.789009019592108007e-01
-1.805655109805430758e-01
-9.439563897711744644e-01
-4.064531369603604505e-01
-1.000000000000000000e+00
-1.000000000000000000e+00
1.000696377079138416e-01
7.334881596272391224e-01
9.353436378623511960e-01
-6.109787401603325452e-03
4.392182192006142960e-02
1.000000000000000000e+00
1.713177951364379670e-01
3.360708908612286550e-01
-4.608391055382173862e-01
-9.993060558787254521e-01
8.415087886343649570e-01
1.000000000000000000e+00
8.667893025991590950e-01
3.414375827962279342e-01
-1.000000000000000000e+00
-7.991512939144056471e-01
-1.000000000000000000e+00
9.052462263779811336e-01
5.751810320627002149e-01
-5.268772200965113894e-01
-1.000000000000000000e+00
8.832145490396458021e-01
-7.782897977601901940e-02
8.480370276554474174e-01
6.208947023407948573e-02
-8.326741853652778191e-01
-9.510653911602153787e-01
7.421057150578627137e-01
6.093556425132459764e-02
1.007004759087913870e-01
-2.413923788412187799e-01
4.997666578674353488e-01
9.789019563332623797e-02
7.018329579252241546e-02
7.630536988195326664e-01
1.000000000000000000e+00
-5.155956586492299598e-01
8.248365621446078766e-01
-1.000000000000000000e+00
-1.000000000000000000e+00
1.450399530818729521e-01
7.580592254721734147e-01
8.508002821358684464e-02
9.524422257399778324e-01
3.832759332768201910e-01
-1.000000000000000000e+00
-2.908699375760156469e-01
-3.846102549730549547e-01
1.000000000000000000e+00
7.944663619066469895e-01
-9.134462413745372267e-01
-5.785475941641831099e-01
-9.099100233441994590e-01
1.511411662190358107e-01
3.425218219528469721e-01
-3.079275587646027601e-01
9.246615827291480016e-01
-8.749169058172195923e-01
-7.067761116595173698e-01
1.000000000000000000e+00
-1.000000000000000000e+00
-5.929193735604558757e-01
7.098733103182792714e-01
-6.681183838334244784e-01
1.685666178505783874e-01
-7.249229729937428646e-01
6.766793220909559370e-01
1.000000000000000000e+00
1.000000000000000000e+00
-7.113193460796547463e-01
