-1.334097588334736406e-01
9.517954345844100716e-01
8.181414019086490352e-01
-7.059438044065506901e-01
-3.638949372260198434e-01
-5.934480958267870365e-01
6.572437069234896567e-01
-7.709930995783077778e-02
3.468471480008100682e-01
3.544227136543451895e-01
-3.576694352964640555e-01
8.755049894549393752e-02
-7.818104341541242119e-01
5.200046107460035150e-02
-7.211545039708215921e-01
-3.031550835160797819e-01
-3.857286363562718590e-01
7.482618208094226064e-01
-1.107494570838274406e-01
-2.861790983768779384e-01
-4.475887695022631174e-01
7.094837993230448392e-01
5.143863714981228297e-01
4.010526832658709018e-02
6.985915533388950549e-02
7.500479294654875950e-01
3.422831903216530525e-01
-3.718617253876175810e-01
-4.778321351336257128e-01
-5.902016466280505247e-01
2.599719835220807296e-01
2.844176418675445905e-01
1.741045089946381963e-01
-9.161603870901613433e-02
6.481387802183151692e-01
-5.687523478036071722e-01
2.797956005554019243e-01
3.037453447603976064e-01
-7.113733442925540551e-03
-7.816933557128716847e-01
-6.162832650123515332e-01
7.604203208341482334e-01
-2.570024206679784040e-01
8.771488991200926399e-01
-1.501482665956075380e-01
4.804076630956778393e-01
-1.528344451715276386e-01
1.199909094706485824e-01
-5.009872392561474097e-01
-7.365489387485271155e-01
-5.038389363519769210e-02
2.439493714740866570e-01
-2.655360321088742204e-01
-9.445135249730405302e-01
4.224698728731063335e-01
-3.932798128451158171e-01
5.275927771935462474e-01
-3.274683447741254527e-01
-3.316953804396230998e-01
-2.885748700833262181e-01
-8.325455778350601133e-01
-2.867230799432620159e-01
2.621256555288684065e-01
9.334952619495466564e-02
6.103260573340235640e-02
7.344006940664076222e-01
-1.249943332909065896e-01
2.342122411841670582e-01
-2.191501354023553949e-01
2.458171553138446819e-01
1.634305304699611994e-01
-4.184666291192179477e-02
-2.668376252668909210e-01
-5.535189528322491670e-01
5.155460479196903867e-01
-1.057194363993291392e-01
-1.300662741114405052e-01
-8.890898856166978836e-03
9.413333923015229643e-02
5.705547643755902731e-01
-8.703585916073368622e-01
-3.664920919678017475e-01
-2.910684010140878741e-01
-1.927677232123547468e-01
1.597733227415988333e-01
-6.888579404051773381e-01
-1.627919161665302428e-01
-1.993071809052975873e-01
-5.311777849848990929e-01
2.289115662013925245e-01
-2.064641245430379191e-01
6.722657003892776317e-02
2.578067621641644269e-01
-1.992672500453091522e-01
1.691958563028273799e-01
8.343234032369766240e-01
3.687013323161353329e-01
5.479053052243887389e-01
7.451072658324063847e-01
7.010663446331695248e-01
3.577891919705624146e-01
-8.727780472665226386e-01
2.792901788282710629e-01
-8.367728629858793843e-01
-6.653130181385133457e-02
1.104181598356864802e-01
7.044250316990707805e-01
6.500827758698124459e-01
3.417910989627455653e-01
-1.120865633765932012e-01
-1.047286137109569304e-01
-3.196716529445554067e-01
7.438258346045122371e-01
6.918465049802284828e-01
-2.867365522392709698e-01
5.884629446155500432e-01
6.775970119429197691e-01
6.859315756650957718e-01
-7.520593781409886658e-01
-1.705774123488945082e-01
4.771850504024691131e-01
1.353946479268204606e-01
7.842011626506039113e-01
5.750192342113626121e-02
-8.088744256640519048e-02
-7.341815628027859031e-01
1.279309852415469462e-01
-5.848211437406416469e-01
6.861162105332976324e-01
-7.716085742338958386e-01
-3.191875230320103118e-01
2.409116246010202245e-01
-1.648745530831771666e-01
-4.525412958142250308e-01
-6.381761604717653968e-01
2.711962258382957791e-01
7.259359718616172907e-01
4.295505408340995479e-01
5.164107943951894431e-01
1.000000000000000000e+00
1.877066675398655904e-01
-5.831913919806561708e-01
3.578958446916319369e-02
8.303905964285068775e-01
-1.131937704327739963e-01
3.693205598232724429e-01
-2.148262144699693010e-01
-4.192029799310921789e-01
-1.065470124859321244e-01
-7.598374322991846563e-02
1.724181448055535637e-01
6.497630205873486942e-01
4.852490630906741709e-01
1.572417705690272172e-01
-8.101966145178152168e-02
7.911909087435173848e-01
-1.205285426806965154e-01
5.512721263646713776e-01
-1.000000000000000000e+00
-1.192888164515841509e-01
-6.043975267736195756e-01
7.274014594440419978e-02
-3.636307332123140945e-01
4.872517509967903004e-01
6.827596252349299455e-01
2.057927405114042818e-01
-7.334753982735711664e-02
5.009679321578373035e-01
2.372331545961674504e-01
4.963902875716186269e-01
6.793453090891554691e-01
2.834610184764096985e-02
8.169975144012023849e-01
1.000000000000000000e+00
1.148126168353170162e-01
-4.118487768289549322e-01
-5.931229857581913345e-01
3.836426919687265791e-01
5.506129472550007620e-01
6.463087954088240217e-01
8.075613205197237909e-02
3.636011524464103917e-01
3.946768961719927526e-01
5.490875725367383442e-03
5.024618368884307129e-01
-1.000000000000000000e+00
3.064431329910378143e-01
-4.398429341526395864e-01
-3.000289405387535635e-01
-8.183634511309589854e-01
3.138603439865492728e-01
6.887504195629139403e-01
9.590771814428719066e-01
-1.867577500935480583e-01
1.289694774317148018e-01
4.420316490890502381e-01
4.822037278955103590e-01
3.805845468731816061e-01
-3.564562532321037258e-01
2.037869014570097836e-01
-2.113848641032327336e-01
9.578368619883369517e-01
5.717791001225418501e-01
2.593847913249603954e-01
-2.527733224781334442e-01
2.469471162739977910e-02
-5.427149663371984012e-01
1.522697205880845783e-01
-8.398501853530497829e-01
-1.007716047239445301e-01
-5.666414381751452845e-02
3.187473481052767732e-01
2.468530812183120371e-01
3.012227318485890537e-01
5.934852372684690236e-01
-4.079311969477685818e-01
-1.000000000000000000e+00
2.366130879800770748e-01
-2.973906965855136475e-01
-1.991185827585381929e-01
-3.201200682711567436e-01
-1.678279212828006073e-01
-8.544450259408625792e-01
6.613031058708344068e-01
2.194157081911529694e-02
-7.155893893899395453e-01
-9.049092294546029480e-02
1.901990403254404105e-01
-1.000000000000000000e+00
8.391312875365970481e-01
3.189159213888332345e-01
2.737985800289326477e-01
3.754699442662509656e-01
-3.505414967020834549e-01
-6.253754578027435063e-01
-1.831190254943992346e-01
4.654181396174419394e-01
-6.953542052242863702e-01
5.743465166385346432e-01
-2.399325086648605720e-01
8.574266311292103038e-02
2.401139578877623526e-01
1.000000000000000000e+00
-3.291671242546789777e-01
-5.483779362081753206e-01
-2.495959771459276555e-01
-1.017092377513257040e-01
4.609850572846424521e-02
7.549492861768365426e-01
-1.775321452482447881e-01
-4.280981887258307195e-01
-1.153189618606509370e-01
4.351185215068918422e-01
6.483183300551262351e-02
1.546071808132410963e-01
2.364881914695444731e-01
5.996168308569921335e-01
3.111161033430902001e-01
-6.181741964153349977e-01
2.906028084410456833e-02
-7.622248214420958012e-01
-6.311628826820283589e-01
2.770135220344344118e-01
9.897500762165464261e-01
9.665207819443371040e-01
