-7.192657365640647837e-01
-1.000000000000000000e+00
4.763493857523757313e-01
-6.404016071553140232e-01
9.356769990268687387e-03
-9.825833996355649580e-01
6.377643266630219632e-01
-1.000000000000000000e+00
-1.332498603970208029e-01
5.790551853667992577e-02
5.750106792421242341e-01
6.169067426423032741e-01
9.977746135252981707e-01
-5.019416812315312670e-01
4.734893211495337928e-01
-6.357535757392945852e-01
-2.797743223057986839e-01
3.011751210820630686e-01
-9.582492474785682113e-01
-5.736438713329646832e-01
-1.000000000000000000e+00
6.702482354579367696e-01
-3.147956076316209967e-02
7.912127849285104375e-01
-5.665645824391778440e-01
-4.945205504260329343e-01
-4.210277992404425351e-01
-6.174336962435044152e-01
-3.231033279517772083e-01
2.783886518537698196e-02
-4.120521715483095870e-01
-5.903217490675097823e-01
-9.367897474664443891e-02
8.207242752845338440e-01
1.000000000000000000e+00
8.969857789589562591e-01
-7.708069928581069430e-01
-1.000000000000000000e+00
-5.391646113951610308e-01
-5.846124077777489769e-02
6.576626489743186976e-01
8.351784936140803639e-01
-6.181369305474919695e-01
-2.475528806401731952e-02
-5.515578900837290188e-01
-1.000000000000000000e+00
-3.713149014932431990e-02
-4.243979233010639618e-01
1.000000000000000000e+00
9.612981712124447631e-01
-3.610045019022902202e-01
5.569378882811437670e-01
-7.429242283560593130e-01
-2.802881733727237423e-02
4.315406528612499848e-01
-3.182579184702352126e-01
1.000000000000000000e+00
2.784583879673221268e-02
-7.372438268701535513e-01
-5.780209090407096850e-01
1.000000000000000000e+00
3.446418463440941160e-01
-2.284149209392927204e-02
-7.658769656969406370e-01
-8.218274619385433910e-01
2.244764155460784449e-01
-1.466860106670978270e-01
-4.211886204399832301e-01
7.180191492447647317e-01
-1.000000000000000000e+00
9.112747624420266535e-01
9.308606830649575059e-01
8.373112382078702343e-01
3.642384868126939956e-01
-5.151463470977151182e-01
-1.000000000000000000e+00
-3.636269334302544287e-02
-6.520018591400577046e-01
1.000000000000000000e+00
-1.000000000000000000e+00
9.720230213443940004e-01
-7.057858671109400461e-01
-3.955901319316942888e-01
-1.000000000000000000e+00
-7.887960790866133109e-01
7.216512337588377735e-01
-1.000000000000000000e+00
-1.000000000000000000e+00
-2.887819982942904651e-01
-6.111241622052863143e-01
8.221468729082215265e-01
-1.000000000000000000e+00
-2.825011564827210053e-01
6.573306142206418734e-01
-2.635217258555836439e-01
-1.000000000000000000e+00
-5.402246588399548521e-01
-3.298314120809342498e-01
-5.796798120212359740e-01
7.238260719992111181e-01
2.387185385970759244e-01
-7.346410542622607842e-01
-7.441506144501719433e-01
8.205425870178164605e-01
2.791547668926124826e-01
7.615033825477190987e-01
7.275374421342747921e-02
7.110915552885086477e-01
-1.000000000000000000e+00
-4.134213987265055734e-01
1.000000000000000000e+00
5.207141988187322657e-01
-3.199501012836856173e-01
1.000000000000000000e+00
1.000000000000000000e+00
9.729635484772580778e-01
2.950432658266706198e-01
7.133099607391530927e-01
-1.000000000000000000e+00
6.284391366149584268e-01
-6.971977525581002366e-01
5.598018953579508850e-01
7.153496429263666023e-01
1.859702181676472499e-01
-7.891111048163190755e-01
-4.155593816081040170e-01
3.099403322658209614e-01
-8.524759418772744901e-01
4.110803822844047994e-01
-2.299405883557011088e-01
-4.558640906710005880e-01
2.208454295482204233e-01
-5.226898083903581682e-01
-5.202215131666566572e-01
4.902799380669802254e-01
-7.181403169225114569e-01
8.119973351633720249e-01
9.950210663049325888e-01
7.394978651991027663e-01
2.915736104261110739e-01
1.000000000000000000e+00
-1.000000000000000000e+00
5.467165144255252685e-01
-4.465277814398718181e-01
-2.157091385343608003e-01
5.280953193146281643e-01
1.000000000000000000e+00
2.364333649626615408e-01
-1.000000000000000000e+00
1.302762701952392965e-01
1.000000000000000000e+00
-4.640610299563134866e-01
-6.707431582852458885e-01
3.689703031586658022e-02
7.862799662692743219e-01
8.173937575162595337e-01
2.305751072203486851e-01
-4.879307559188645338e-01
8.371547662998805039e-01
7.315673224246297401e-01
6.037390653191443413e-02
9.213307490927074017e-01
-2.093957733100765828e-01
7.589513144205470851e-01
-6.680784249172050382e-01
9.180713707715454364e-01
-6.998668851010372283e-01
-3.637893724035416443e-01
-3.797025907479535667e-02
2.063322628778609114e-01
-9.712464367357211970e-01
-2.201088988913770250e-01
-8.279105837719338279e-01
-4.641318534597541068e-01
4.833253028038203558e-01
-8.039863735897139208e-01
1.878428126319932057e-01
9.998441123437186162e-01
-2.183327265829233810e-01
-1.860455923617946317e-01
8.043346311518759784e-01
-1.684383725805256304e-01
-6.406116832013606377e-01
6.368289137955260859e-01
-6.865995695347093530e-02
-1.000000000000000000e+00
-5.221227454665162693e-01
-1.000000000000000000e+00
9.343517163761450028e-01
4.898707361733651844e-01
1.000000000000000000e+00
-1.688354939606119820e-01
-7.563687185380516542e-01
-1.000000000000000000e+00
-3.170410805521489683e-01
-7.026716533116530439e-01
2.909837391563275810e-01
1.000000000000000000e+00
2.449834992703736614e-01
-7.475135146141607123e-01
1.000000000000000000e+00
6.132656444145394570e-01
-7.970944196367216739e-01
9.358529514731789289e-01
3.703241774832087274e-01
1.000000000000000000e+00
4.338754745811910785e-01
3.211402113953519821e-01
8.080700863858194527e-01
9.140116684178845041e-02
-2.797349086597893386e-01
-1.043851634471903989e-01
-3.791679920414243177e-01
2.482777581856244753e-01
-2.901898676066473962e-02
-3.499308370291426828e-01
1.000000000000000000e+00
1.000000000000000000e+00
1.000000000000000000e+00
8.171034513252459774e-01
5.552117674305526718e-01
-2.985154939503906757e-01
1.742954394985516409e-01
-1.000000000000000000e+00
3.748673632271535827e-01
-3.522797971429736941e-01
-2.610151224654297941e-01
8.964011944205603211e-01
-6.064084017385050762e-01
3.134660255903688464e-01
7.082280397914325620e-01
-1.664757462592087178e-01
-2.871399571320900068e-01
1.000000000000000000e+00
2.960467942638323469e-01
6.871325739122552401e-01
-1.869421337308256881e-01
1.000000000000000000e+00
-8.555991189093659077e-02
-5.993565521453773082e-01
1.830498067108066451e-01
7.430938326528202520e-01
-4.455276694588199415e-01
-3.562080830617830873e-01
1.000000000000000000e+00
-9.751236599389235815e-01
-5.905029384793958336e-01
4.254901516714831855e-01
9.336692565530505528e-01
9.789179856221805753e-01
-5.014917167016261779e-01
-9.661267675898315144e-01
-8.327856424161914628e-01
1.000000000000000000e+00
-6.163467370995566741e-01
-1.890095590117404911e-01
-6.587645733540975490e-01
-1.568285775582290986e-01
-1.000000000000000000e+00
-7.555614662756335864e-01
-1.000000000000000000e+00
1.926488161909469810e-01
-9.828434734001648687e-01
-2.002184170256116891e-01
-1.000000000000000000e+00
