1.320946798838486258e-01
-8.810664021176635163e-01
9.374303547848696905e-01
4.250516978555103353e-01
-2.204475722734470788e-01
-2.390305981343655850e-02
6.612913445709205362e-01
-1.000000000000000000e+00
5.883852697838749535e-01
-7.347679443363773766e-01
-6.908536450213103031e-01
6.400458502242908354e-01
-6.064298744489949877e-01
-8.847124410928124405e-01
-6.937415626926841938e-02
2.573495971029101104e-01
-2.586946408488098870e-01
1.000000000000000000e+00
-1.000000000000000000e+00
-6.616321053652730599e-01
-1.000000000000000000e+00
-3.815069649241965566e-01
2.255174058259164505e-01
7.293481487533621799e-01
1.199811389088003555e-01
-6.910347496006987722e-01
1.000000000000000000e+00
-1.254997852536795799e-01
6.899074627688770445e-01
1.000000000000000000e+00
5.047164278715574603e-01
5.330895831937194629e-01
5.729425187337160441e-01
-2.095568318878373582e-01
9.124472661203656410e-01
-5.947220856147981127e-01
-6.152387041990867167e-02
1.000000000000000000e+00
1.000000000000000000e+00
-7.188287641078786039e-02
1.000000000000000000e+00
-2.467891475230948317e-01
-1.000000000000000000e+00
-1.000000000000000000e+00
8.265210609267823472e-01
-6.885295846381288554e-01
-1.000000000000000000e+00
1.000000000000000000e+00
-1.000000000000000000e+00
2.757833899133229627e-01
-1.000000000000000000e+00
7.186876643611752602e-01
-2.616374487743240440e-01
6.152319969761159690e-01
-7.973792345389669745e-01
-5.842090295849184933e-01
-8.524220886761189053e-01
1.428653663661602069e-01
1.467845365324165763e-01
-5.234668487606106702e-01
6.867910372986629763e-01
-8.933916289482857209e-02
-7.637472939668034089e-01
1.657821498258754134e-01
-1.672594653218222593e-01
-2.562262365458576330e-01
8.902013080689910041e-01
-8.966943403464155971e-01
-8.418544595496016969e-01
-6.326329239515935399e-01
3.988094005157816202e-01
-3.068961096059680815e-01
-7.668673446852624087e-01
-2.943071043294395728e-02
1.000000000000000000e+00
7.007893948818466612e-01
1.000000000000000000e+00
1.000000000000000000e+00
-4.649008410763109667e-01
-1.075112080956931171e-01
1.000000000000000000e+00
-5.741981732347093415e-01
-6.389194440312754297e-01
-5.676758900703205990e-01
-1.404484407476721541e-01
5.917358711975844177e-01
2.480074570743740492e-01
9.871607938233473156e-01
-8.242954647141211844e-01
8.235015760020539810e-01
7.116319765902499039e-01
-4.909772481350445084e-01
-7.281023509359013657e-01
-6.538631617276688957e-01
7.465737133479146692e-01
1.113173021258538065e-01
4.643086013913343413e-01
-3.964125179757156392e-01
1.000000000000000000e+00
8.965876141004103239e-02
-1.605863834988981720e-01
-6.352154256449553671e-01
7.769341757387453473e-01
8.548068580321768195e-01
-3.895963123573622511e-01
1.000000000000000000e+00
2.505890296441412035e-01
-1.000000000000000000e+00
-7.528754455638519971e-02
1.000000000000000000e+00
-1.415655907107424838e-01
-9.112429032969830978e-01
4.954270081073298138e-01
-3.008819212279582045e-01
-9.710326590183768203e-02
4.948322343149378355e-01
8.696784588395148896e-01
-1.000000000000000000e+00
-2.808500187822757788e-01
-7.515093665720777860e-01
4.721502202735643472e-01
-1.000000000000000000e+00
-1.000000000000000000e+00
-1.000000000000000000e+00
-7.226329397473025828e-01
1.000000000000000000e+00
4.049437853102442197e-01
-3.465749016631232693e-01
-2.614903644215655909e-01
5.589908551538861348e-01
1.105535780402969737e-01
9.047731285436013682e-01
-7.161163140561259688e-01
-8.921022967245207935e-01
9.724307724124776620e-01
1.000000000000000000e+00
-4.934611125777808027e-01
-5.899695022955185886e-01
9.569661861292115823e-01
-1.020007986759678409e-01
1.000000000000000000e+00
-1.000000000000000000e+00
1.499537813858292379e-01
1.100156336443312982e-01
-1.000000000000000000e+00
5.034393773904861646e-01
7.512214458527025629e-01
1.000000000000000000e+00
-8.377631431352675628e-01
-7.787984296826551134e-01
3.902211062130658270e-01
3.747646980062119826e-01
9.352650272307274637e-01
-3.248745880029274558e-01
4.790109697568685765e-01
3.692582503179694942e-01
1.000000000000000000e+00
6.363265439689483882e-01
3.889566025259708071e-03
-4.574116846361523381e-01
-7.144091848077549489e-01
-9.354226468770425740e-01
3.322549212828595500e-01
-9.152327236814585820e-01
-1.114155392635340358e-01
-1.097821453462582975e-01
-4.133753282318235467e-01
-7.726744936043213885e-01
6.658871940460562300e-01
7.150127235236072853e-02
4.586355586280164154e-01
1.000000000000000000e+00
7.758768179710329171e-01
-4.894608475318721896e-01
9.796534576319251286e-01
3.456808801818457288e-01
-1.000000000000000000e+00
-9.723940326358185282e-02
8.986130441153278303e-02
1.916742654029485182e-01
7.691860008462266807e-01
-1.000000000000000000e+00
-6.569301758469751062e-01
7.982498752083092564e-01
3.515990227028792381e-02
4.020910746659072665e-01
9.253934811088240231e-01
4.156236758409117549e-01
1.000000000000000000e+00
-5.696001219308168828e-01
4.113760553750080429e-01
4.754068505791385346e-02
-8.603382473399097119e-01
-2.065687589650180289e-01
-2.211549990147530786e-01
8.805627377640415920e-01
1.000000000000000000e+00
-1.184948883790118979e-01
-7.645754227513389401e-01
-8.754263767841582444e-01
-2.175812844982822347e-01
9.997440802448270825e-02
5.132214457051715861e-01
1.000000000000000000e+00
-1.000000000000000000e+00
8.527075562658164021e-01
-6.619886527727341097e-01
1.460546864567986991e-01
-4.406416772070614885e-01
-6.000660261722957634e-01
-2.855796545291830468e-01
-9.387217471930677792e-01
8.746930812093040020e-01
-3.978662239365094444e-01
-2.533814563979485679e-01
-2.327004023365193408e-01
1.000000000000000000e+00
2.841938860773979836e-01
4.419350772032129004e-01
-1.194502433283906040e-01
-6.206778137671977724e-01
-2.057539531720316006e-01
-5.604466638312386451e-01
9.880627916112476594e-01
2.519260254973791358e-01
-8.352399566246446194e-02
-8.025571563178341972e-01
-8.968961454583034287e-01
1.000000000000000000e+00
-7.974523922161825817e-01
-9.447522940545323156e-01
2.283507510736106361e-01
-7.538944549323355337e-01
-1.000000000000000000e+00
7.228325778700849247e-01
1.000000000000000000e+00
-1.980004251471186860e-01
1.715969303408963753e-01
9.357222035148171635e-01
5.373343852424559142e-01
1.000000000000000000e+00
-1.625940675623143150e-01
-6.105298745696896567e-01
-8.077544583457114680e-01
1.182362011890750186e-01
-1.000000000000000000e+00
2.531929036513723696e-01
9.786375127324289380e-01
-1.677079185521945237e-01
1.904271193067985646e-01
-6.420960447979966457e-01
1.000000000000000000e+00
-2.793306813335366678e-01
-2.587008782212613656e-01
7.456561708003581757e-01
-1.000000000000000000e+00
-5.274067686478379757e-01
1.000000000000000000e+00
1.000000000000000000e+00
4.127686432025283181e-01
-6.325790845134209306e-01
2.094765231746842371e-02
1.000000000000000000e+00
1.000000000000000000e+00
-2.758058103257596816e-01
