4.782800726150866488e-01
-3.465739283424821848e-01
9.702433965763581636e-01
-1.000000000000000000e+00
-7.356962599910628064e-01
5.945353227917813399e-01
-7.934446945707591681e-01
9.054350412715550522e-02
4.121553464604796879e-01
5.093936449132793198e-01
-9.853130239616187946e-01
7.866298367110022838e-01
-2.075455383822787103e-01
-1.000000000000000000e+00
7.671825981861150889e-02
1.000000000000000000e+00
6.620191852563306334e-01
5.036241017437149692e-01
-1.000000000000000000e+00
6.427686155681943125e-01
1.232220636627704979e-01
-6.265546559789691994e-01
-1.000000000000000000e+00
-7.889712085235673911e-01
-1.000000000000000000e+00
-1.000000000000000000e+00
-1.000000000000000000e+00
-1.000000000000000000e+00
-9.648339045607814413e-01
9.478580677588341885e-01
2.688009606469479729e-01
-3.137554808205327839e-01
2.513807257303330434e-01
1.000000000000000000e+00
6.538944880006123395e-01
-7.293017023374719354e-01
-2.693264423068579827e-01
-3.440746108975667461e-01
7.763734036477724088e-01
-1.000000000000000000e+00
-1.000000000000000000e+00
9.459285947723601318e-01
2.163464664251092961e-01
-1.000000000000000000e+00
-6.093971345038294574e-02
-1.000000000000000000e+00
-6.250110306331266852e-01
8.175608886384418961e-01
4.420453956333033618e-01
-3.225033747924040961e-01
4.460362879586207141e-01
-1.000000000000000000e+00
1.402110970108860766e-02
8.367747095482045427e-01
-4.719926705187539318e-01
-9.136108461267431480e-01
4.917442444361664888e-01
3.489546482202107169e-01
6.435486445487170748e-02
9.731659995888786163e-01
-1.000000000000000000e+00
-1.000000000000000000e+00
-6.087355089831424371e-01
7.586770784744818474e-01
4.486739965660557217e-01
2.471507659611067997e-01
1.570839134246924673e-01
2.476659877749374794e-01
-6.755109054532864032e-01
-3.459902123910048033e-01
-2.984634622528884451e-01
2.981293570913383095e-01
3.430343533432712588e-01
-1.000000000000000000e+00
-4.116520373299828450e-01
-1.571622257313202153e-01
4.691451705403293371e-01
-1.000000000000000000e+00
1.000000000000000000e+00
2.550269417723413645e-01
-6.552608809901812048e-01
4.434230590570614750e-01
-1.000000000000000000e+00
-5.891715999419631089e-01
-1.000000000000000000e+00
-1.000000000000000000e+00
4.802725701666764602e-01
4.082677048567149303e-01
6.292048851666641740e-01
1.000000000000000000e+00
-5.716964884447561790e-01
-3.372236502304449823e-01
-3.384917596843312615e-01
9.956004848069330837e-01
-9.754299977307172576e-01
6.394774522286674756e-01
-4.347237055672715789e-01
1.000000000000000000e+00
-6.677599196659180780e-01
3.169900144960450250e-01
-8.281437741197712477e-01
2.418278566361220516e-01
5.214974893404167311e-02
-4.088375208779930214e-01
4.544476149991097391e-01
7.415558242351327767e-01
-9.169657636207064755e-01
8.223906275621124529e-01
8.595103729877010545e-01
-4.755982447067730323e-02
5.991512965313496863e-01
1.000000000000000000e+00
-4.139341174034738557e-02
-1.213535312481974215e-01
-1.000000000000000000e+00
4.946058858217472487e-01
1.000000000000000000e+00
-1.000000000000000000e+00
-1.000000000000000000e+00
1.789783813663269607e-01
5.710085029528203515e-01
8.579940430566312948e-03
7.471334444419100995e-01
2.651231733334212248e-01
1.475120704945273031e-01
6.569500586967433886e-01
1.950188967583939836e-01
1.409857730715468049e-01
3.329303654219707420e-01
-1.000000000000000000e+00
-7.164109881154463455e-01
-9.003354049133145409e-01
-8.936052000427715525e-01
-1.000000000000000000e+00
1.000000000000000000e+00
-7.475073755537385845e-01
1.613300267326760462e-01
9.003863033840374674e-01
8.055359258047772864e-02
-9.414296828789818772e-01
5.289496769080213046e-01
1.000000000000000000e+00
-6.498831088214737095e-01
-9.219307131689444823e-01
7.131874756740110843e-01
9.788193430603082668e-01
1.481425700776765053e-01
-1.000000000000000000e+00
-1.000000000000000000e+00
-2.601355097056683441e-01
1.000000000000000000e+00
-7.054090713289007386e-01
4.096598172478362054e-02
4.960378202721063556e-01
5.701088810478727176e-01
8.597978238576438059e-01
1.000000000000000000e+00
9.322383816592202388e-01
-1.000000000000000000e+00
-6.425098163640393656e-01
-3.341702832764751468e-02
5.658638122773425039e-01
-4.235148004376110831e-01
7.759426860525067138e-01
5.974466360412620247e-01
6.661214617222399603e-01
1.000000000000000000e+00
-1.000000000000000000e+00
2.444921443591619170e-01
2.657671121038167605e-01
-6.082180910499758175e-01
1.000000000000000000e+00
2.988856143313349811e-01
9.876056095942479240e-01
4.254496147918654936e-01
-1.000000000000000000e+00
-8.954959068687439183e-01
-1.000000000000000000e+00
-3.656979078337478373e-01
-3.039779248476137674e-02
-4.045641750911080914e-01
1.000000000000000000e+00
-1.212411070181246553e-01
8.735052582246637387e-01
1.000000000000000000e+00
8.750117868524264209e-01
7.600076030797755511e-01
-6.683133247550404610e-01
-1.000000000000000000e+00
-1.108797504144956036e-01
-4.532537791705183450e-01
-2.742144163919271183e-01
-5.557943367114975830e-01
4.774001548723274535e-01
7.072729926622962626e-01
-3.178120491433500394e-01
4.712374294357746241e-01
2.153972154499872449e-02
-1.000000000000000000e+00
1.678869653580626342e-01
9.123587715784473584e-01
-8.413697003058917545e-02
1.000000000000000000e+00
1.000000000000000000e+00
-5.939546796605806867e-01
3.870255496202641421e-01
5.153740502393466816e-02
4.692443391279542686e-01
-6.891196361900933098e-01
-8.447194394226898995e-01
-7.793085378893022108e-01
1.000000000000000000e+00
5.739002768754067896e-01
1.766471344860308657e-01
1.000000000000000000e+00
1.301129984467088718e-01
-7.199684230230016801e-01
-4.053376126860852580e-02
-1.000000000000000000e+00
-9.229370578142721548e-01
-1.000000000000000000e+00
-3.304739469272398034e-01
4.470503910658580882e-01
1.060029954628065041e-01
8.929006368412648609e-01
1.487511285032215025e-01
-4.920620675395961929e-01
-8.364187063839940706e-01
-6.418116488137528552e-01
3.407299924800540891e-01
-8.583365626988428976e-02
-5.898296241360988512e-01
-4.910199238306552916e-01
-4.688522832184806033e-01
4.613651720082806440e-01
8.001704828570043171e-01
-6.529015729068359253e-01
3.604198189209893988e-01
5.924849431482061002e-01
5.127319534147622981e-01
1.000000000000000000e+00
3.168787786789241667e-01
8.902220111273461134e-01
1.000000000000000000e+00
1.000000000000000000e+00
-1.000000000000000000e+00
9.005896463721121403e-01
-1.413750213535215905e-01
-2.289423418695549772e-01
-2.926129943988672322e-01
-2.788165292070833301e-01
-1.000000000000000000e+00
4.621374951806674902e-01
1.000000000000000000e+00
-4.715381863632321924e-01
-1.000000000000000000e+00
-1.000000000000000000e+00
-8.907879380985583850e-02
8.771449483844095951e-02
1.000000000000000000e+00
-8.601601902805555699e-01
-1.000000000000000000e+00
-8.046202970011148148e-01
1.000000000000000000e+00
-7.187486846457113998e-02
