-8.150262510733080612e-01
1.032374672554296213e-01
-7.529249106288093962e-01
-2.523540280682187720e-01
-2.809531106843690118e-01
-1.000000000000000000e+00
5.758879026850649563e-01
-1.000000000000000000e+00
-1.445701909264270890e-01
9.648206693193053241e-01
6.835184901648018174e-01
-2.683404550347685547e-01
-1.000000000000000000e+00
8.979751585061256369e-01
5.244520751638992451e-01
8.882622113188635149e-01
-1.000000000000000000e+00
-5.991670005323749271e-01
9.262255038344062719e-01
9.238211476662470112e-01
-8.847493987804155857e-02
2.770950813531628532e-01
-4.927368184139641061e-01
-9.456681698131643721e-01
1.000000000000000000e+00
1.281121875873935112e-01
1.000000000000000000e+00
2.844825176626653018e-01
-1.000000000000000000e+00
5.069544962414272993e-01
-2.907374764584214066e-01
-7.576520491676783653e-01
-3.033711173017014651e-02
2.329366737196734982e-01
-8.901888759586131794e-01
-5.429289896427755835e-01
-1.689951651189186554e-01
9.873251564988495543e-01
7.697144307209971559e-02
-4.020472648723671383e-01
-8.592064471092234479e-01
9.505143205051069799e-02
1.000000000000000000e+00
1.000000000000000000e+00
1.000000000000000000e+00
-9.139188266016908813e-01
-8.106919477170368982e-01
-7.946540379840324464e-01
-1.000000000000000000e+00
-1.000000000000000000e+00
-9.266718125965403008e-01
7.271039933401124422e-01
-9.315986851360418264e-01
-9.820684132073265182e-03
-3.244125576540887179e-01
-1.565567020992481018e-01
1.362616787470278534e-01
-6.557761188841046973e-01
-3.699614852798125963e-01
2.693708143298029212e-02
-3.774047246285632262e-01
-4.585101961278103544e-01
5.918963739887163067e-01
-6.696737976693459826e-01
-3.810314319982382458e-01
5.988951668751469892e-01
5.702423314432801815e-01
6.055975980585441842e-01
-7.466385465545711808e-01
-6.853038338083979886e-01
-5.842981783521519201e-01
-7.689227339827566787e-01
4.942503468196243199e-01
3.779955716830884493e-01
2.335459666635281151e-01
-5.322766911116140198e-01
-1.000000000000000000e+00
-8.377277129804405753e-01
8.650999564962091881e-01
3.743338607618549307e-01
7.090562544016860702e-01
-5.590518955452811189e-01
1.000000000000000000e+00
3.103557829374591903e-01
-1.349347703183266245e-01
-7.407377304690615505e-01
1.779175797888122856e-01
-1.486298530598493262e-01
-6.292999366758766921e-01
-4.735367956353675467e-01
7.631893779974647796e-01
-4.911635386001829140e-01
-2.362824947226319916e-01
-7.011024367278122504e-01
2.219978540968838288e-01
-5.721775751166024993e-01
-9.729837267677881041e-01
-1.086227801508686391e-01
1.414014720411009285e-01
7.642837738901570033e-01
7.733565284676264806e-01
-1.846584823225817795e-01
5.727800899270648616e-01
2.488815545760221515e-01
-6.396595153943825940e-01
-7.817527477735385366e-01
7.355552102119314317e-03
4.946444015153936280e-01
-6.933503250930908024e-01
-5.280446983037241360e-01
6.304595192814377302e-01
-6.625942750130509040e-01
2.309584102772885283e-01
-2.208658925714619414e-01
6.559836813759266638e-01
5.076292184706944211e-01
4.748143287077705166e-03
1.000000000000000000e+00
-7.148623113617060820e-01
5.452073000161031802e-01
7.611813991886875463e-01
-1.000000000000000000e+00
2.619121269773234117e-01
-1.045610634747639461e-01
8.250712200844876332e-01
3.359731609945653119e-01
-8.617802491883146399e-01
7.709093776132087961e-02
-1.000000000000000000e+00
-9.473475609221616578e-01
-1.000000000000000000e+00
-3.967136981882712909e-01
-8.219621598603028545e-01
-1.630174966089920074e-01
-1.000000000000000000e+00
-4.462554447461170581e-01
-9.652510968934553404e-01
9.099732610931726695e-02
8.305675431010983711e-01
-4.037915204903006483e-01
-8.522532603739204626e-01
1.390743251283735882e-01
6.122435475955975148e-01
5.458355317161076581e-01
2.499134106135441902e-01
-8.500511220022411996e-01
-5.192361769099382296e-02
-1.397814693817083231e-01
-6.334611175620306067e-01
9.864102661749424295e-02
9.161968797661044217e-01
-8.947420853313893530e-02
7.362807181730877115e-01
-7.960684257116676932e-01
1.000000000000000000e+00
-1.544222713606625552e-01
-1.000000000000000000e+00
-6.054527738708140316e-04
7.821951418728394501e-01
9.603060266546271651e-01
1.000000000000000000e+00
-7.594432275430430535e-01
-1.643884840589122653e-01
-8.555968210462754353e-01
-1.097472313184704451e-01
-3.640102659100591387e-02
-3.892086670212919763e-01
4.243806499766537010e-01
5.613064484816085997e-01
-3.817438847772586935e-02
-2.713109767794540383e-01
6.066245075292206468e-02
1.000000000000000000e+00
-9.625137059093455960e-01
-6.530459573928847350e-01
-4.364454126488936936e-01
9.911608088423682350e-01
-4.839343782613652056e-01
-2.796589078186002553e-01
-1.000000000000000000e+00
8.567292960847784355e-01
5.081716121557335875e-01
-3.056761702030761918e-01
-1.971141024066088432e-01
1.000000000000000000e+00
-1.000000000000000000e+00
1.959929370177584673e-01
2.935831349842443760e-01
8.303371438749163058e-01
1.476926396704764111e-01
3.982680019084549605e-01
5.789939167065476511e-01
-7.570130464563006312e-01
-6.798750950649449232e-01
-3.441517448240717370e-01
-5.609158088078167737e-01
-1.000000000000000000e+00
-1.000000000000000000e+00
-9.833034695812156722e-02
6.674941215970477959e-01
7.822801381341769611e-01
-4.417876130493263442e-01
-9.182609205148420939e-01
-6.427075388292297076e-01
6.598082779058277170e-02
6.488125714610257777e-01
5.980170742979286080e-01
1.000000000000000000e+00
9.165293559260145884e-01
4.283111194209151540e-01
-1.000000000000000000e+00
-4.712963103318013047e-01
-7.595932060797122576e-01
1.000000000000000000e+00
-8.755787239829639912e-01
-6.410459472329816943e-01
2.798230846263550786e-01
-5.226839273515534456e-01
-7.972022696593683566e-02
-1.012766439075203223e-01
-2.036948209614533045e-01
9.511907230132664592e-01
-6.482869848898480392e-01
1.000000000000000000e+00
-3.860001196105350418e-01
-1.000000000000000000e+00
1.000000000000000000e+00
6.988448816748804582e-01
-2.404533741831826610e-01
-7.240767859901203751e-02
4.270230093494580270e-01
1.000000000000000000e+00
8.475419036617370949e-02
-5.293450542520536928e-01
-8.125856889760882940e-01
-1.000000000000000000e+00
-3.736522410661827776e-01
-4.105756889589871061e-01
1.000000000000000000e+00
1.013113436903122083e-01
2.481561008576196881e-01
4.132190316370543126e-01
4.179209795649651005e-01
1.997908650328352465e-01
-1.757454257287998645e-01
-7.010299636144760038e-01
3.699319582445292909e-02
-1.000000000000000000e+00
-3.982756821943618242e-01
1.204331867146978680e-01
6.132120379772482144e-01
3.660355611603254844e-01
-9.967764622602921509e-01
3.733996060744415590e-02
-5.984978966888589991e-01
-3.214874736974785430e-01
-5.581523247364903462e-01
-2.850980905176366820e-01
5.565045049300301749e-02
-3.617004744670197502e-01
1.000000000000000000e+00
-1.000000000000000000e+00
6.642213513977086592e-01
-8.653499836924731792e-01
8.587340170328029432e-01
