8.623901770380311138e-01
-1.413668510627033026e-01
2.356046469964262480e-01
-8.820298977264156015e-01
-9.274251539029654268e-01
-3.230531323924359377e-01
-7.994269413380368228e-01
-3.872511390063715364e-01
-8.635604283179425522e-01
-9.597774814514907771e-01
-8.861866339877662035e-01
-3.793804226357599951e-02
1.386123295259911181e-02
-3.723271103339227395e-01
-4.661128133760166214e-01
-9.020053663002320921e-01
-7.802219637567476829e-01
4.243268474104784360e-01
-5.974628917594144717e-01
-2.060865839917478404e-01
-7.087968257374346326e-01
-7.310298719472638762e-01
1.171250411205575492e-01
-1.874668896930242745e-02
8.146457014127754803e-01
8.519976739210677330e-01
-6.895200437273014682e-01
8.101817698475268781e-01
-1.408189134652473307e-01
-7.164990867949407871e-01
3.455044655943588783e-01
-6.489248157007010409e-02
-3.575425732117532007e-01
-9.267471011527985691e-01
-5.579188566487565115e-01
1.932707315101545031e-01
3.570095303861260394e-01
4.010967795466806596e-01
2.893566897245030134e-01
-8.073299117414733939e-01
-5.028770881154940309e-01
8.299037745392332521e-01
-6.705884203802796595e-01
-5.410630804866018995e-01
6.923830751497841440e-01
6.630865677011967829e-01
1.000000000000000000e+00
-7.274877301125923790e-01
9.018138128853470104e-01
4.876049401868678412e-01
-5.126258341515576022e-01
8.306811767015034320e-01
5.344091550222596076e-02
-3.358407916823089034e-02
6.699174462968788824e-01
4.746872167727007596e-01
3.075810031169445846e-02
1.234444582672344914e-02
1.655019823357655184e-01
5.646528797898920926e-01
2.814913544821877611e-01
9.531643143470087676e-01
7.167774977287584282e-01
2.299247611358814503e-01
-3.635929669701241096e-01
-2.978171192046812354e-01
1.000000000000000000e+00
-5.247455525923179209e-01
-1.865098737113410898e-01
-4.654085802117465809e-01
6.084499450907594476e-01
-6.158362298233686083e-01
-9.622492857882982698e-01
2.797090922998195506e-01
1.055563867919513399e-01
1.692671786868584771e-01
4.323269617876570603e-01
5.322989442054346654e-01
-2.978218712310261029e-01
-2.514651945595813842e-02
-2.333542297056987458e-01
1.329386650191775043e-01
-2.577516836266371403e-01
4.740695245587342455e-02
8.134852787298725296e-01
-5.228150359049599238e-01
8.252442687560623824e-02
-3.688886092250527327e-01
-6.745257336507126666e-01
8.314421694718427958e-01
7.534143326515712058e-01
-1.000000000000000000e+00
-4.691801115454050652e-01
-8.235325440987626422e-01
7.648461514443296583e-01
5.759801864360762913e-01
7.194793471161635701e-01
5.652604414218733719e-01
8.481115197958450924e-01
6.353502275713273084e-01
-1.419335245391049050e-01
3.180711818788251044e-01
-1.110387967304118373e-01
-4.207358390371256363e-01
3.053582654810829133e-01
5.316621872975331176e-01
-1.381772070712912193e-01
-8.284078002315988787e-01
-6.465081401939090089e-01
6.683125468929246304e-01
2.894136686605035536e-01
3.373285894914956895e-01
2.984211817679118806e-01
5.558242604626137950e-01
9.640517936287729128e-01
5.198027408618199896e-01
7.746977061367066320e-02
-5.931722488631632206e-01
-8.395557479134139189e-01
-6.758025017633961795e-02
4.450556781271157725e-01
-2.285755360973089623e-01
-2.184496996593687790e-01
9.196581808430992488e-02
-4.028419290348685955e-01
5.243451656148132578e-01
-6.268654167461448767e-02
-8.992263058158080913e-01
-2.888533672827036103e-01
-8.068832172688351623e-01
2.203637643316654349e-01
2.704092487150133728e-01
-6.092236789318510315e-01
-1.098624951808286343e-01
-3.401676290937358793e-01
-1.399117868291817057e-01
1.000000000000000000e+00
-5.468121341445980610e-01
-4.367168678595423348e-01
-2.311415794480090602e-01
8.580107821575320148e-01
1.554214217787204255e-01
1.343881067590901868e-01
9.190072056178446580e-01
7.728747015237524831e-01
3.981021657571348626e-02
-8.063361756104874267e-01
9.088865935180270306e-01
7.832920514546971580e-01
-2.096761477375141958e-02
-9.740502422449184294e-01
2.017963211700639636e-01
-4.991442360009215040e-01
-8.765448360249323834e-01
2.594519167299431661e-01
7.647118199453171172e-01
-1.737830665949708919e-01
-5.556189080852181883e-01
2.342406574835314004e-01
-1.769287797719566457e-01
-1.000000000000000000e+00
-7.228371121874226368e-01
4.332255876083746515e-01
-2.597189746552677203e-01
1.643395668872069670e-01
-3.235100753621318326e-01
-9.661763877467421935e-02
-7.722200587947667394e-01
-8.847840264496371621e-01
-1.875769466389638485e-01
9.579650800832837376e-01
5.820676737227847841e-01
-4.817838105459109066e-01
3.502901100114790278e-01
1.285919549227032554e-02
-1.124506938198288619e-01
-7.256157949430075416e-01
-3.308599033035974912e-02
8.621655816679598683e-01
-5.775922311101755469e-02
5.964669046151043208e-01
-8.501733711046703945e-01
1.000000000000000000e+00
1.000000000000000000e+00
-9.546446954280014552e-01
6.978873325309340458e-01
-5.218516860608364283e-01
4.219425624028105837e-01
9.691471941970652981e-01
-2.736290871888424903e-03
-3.441664260289727384e-01
-3.002462583923606321e-01
-9.948330133077416537e-01
5.530475077588206667e-02
-2.086855078901228566e-01
4.606294892669262619e-01
7.933006554744201910e-01
-1.090652337004116568e-02
8.195919213298790140e-01
9.423339097279570531e-02
4.812948205212843611e-01
-6.681752651167420787e-01
-8.493570283680256239e-01
5.314691271918958737e-02
8.842554772023423215e-01
5.151035627973501452e-01
-3.230434495947682727e-01
9.462099517632260870e-01
1.311001995511811291e-01
8.838035402333856982e-01
7.755680325152907173e-01
-8.019489278697886636e-01
-7.033235586791688476e-01
6.463831514337095019e-01
-1.627590838792964956e-01
-1.595945510203592155e-01
8.902788946012125670e-01
-9.371014027001823843e-01
3.598915313363924007e-01
7.524841776151260930e-01
5.070960386050178403e-01
5.913939018830289829e-01
-7.318315601768214940e-01
8.152031270674953145e-01
1.654021740554323383e-01
3.973850455443685981e-01
-8.112782716628024193e-01
6.892958953437122727e-01
2.256964075607018616e-01
-7.297502959729054162e-01
-5.695389537016998238e-01
-8.485671905762646183e-01
-3.322304998416143462e-01
8.388665015045564388e-01
-1.739629425028974552e-01
-1.000000000000000000e+00
8.010502725375399091e-01
-2.698178874284257178e-01
-6.878175544023710231e-01
-9.442204932004942819e-01
-4.017933251922065629e-01
3.719264954928247491e-03
-1.994811132923270947e-01
1.000000000000000000e+00
3.481834938763153087e-01
-5.811498928397895725e-01
6.259308508770480284e-01
8.189694738192969670e-01
-1.216354509673761575e-01
-7.488533704895914411e-01
9.318057846380511933e-01
-7.970928075888858988e-01
-3.867994274689126044e-01
4.580965419114115811e-01
1.000000000000000000e+00
-7.138264355867691702e-01
-9.796633480340504185e-01
-3.781868305846798339e-01
-9.488511911564123658e-02
5.991626511575287584e-01
3.066642545617810356e-01
-5.022608316619150415e-01
-4.595248445676243243e-01
-4.571314265163901602e-01
-5.428588143270727251e-01
