3.987234078399821691e-01
-9.094368734694537881e-01
-1.000000000000000000e+00
-1.000000000000000000e+00
5.037613177678997856e-01
-1.000000000000000000e+00
-1.000000000000000000e+00
1.000000000000000000e+00
4.916735446425468670e-01
3.125080685695382776e-01
-4.298352962330131977e-02
3.694435997427981677e-01
-5.942236812772128118e-01
-8.395722926880661019e-02
-1.000000000000000000e+00
3.999823180600761141e-01
-1.000000000000000000e+00
-6.272250081414900702e-01
9.400034597394214542e-01
-1.680046335678741232e-01
1.000000000000000000e+00
8.409262205849101779e-01
-9.990922300608711115e-01
1.000000000000000000e+00
5.844618128771169596e-01
-1.930519438118646902e-01
6.117744817528831813e-01
-1.390113367402258104e-01
3.870848054925551951e-01
-2.303010758988883189e-01
-1.000000000000000000e+00
1.000000000000000000e+00
-4.616017472094274821e-01
3.628029939318198061e-01
8.853406581921341445e-01
-1.875285438854907838e-01
8.417840113915520117e-01
-9.937707940571917087e-01
4.533207142475364493e-01
7.981070476651664913e-01
-4.878247587523095730e-01
-8.525655196785352219e-01
-9.388692471248474281e-01
-5.468458304339254283e-01
5.941038262288034222e-01
4.054838815625537718e-01
3.503238544444713387e-01
5.586656148444417713e-01
-8.520905900428799029e-01
5.104652052677220997e-01
-1.916228478270836089e-01
-9.865521498127355349e-02
-2.757796625920953537e-01
9.077084283658729547e-01
2.596630930344995258e-01
6.575882484392486793e-01
4.952454603133985001e-02
-1.000000000000000000e+00
-3.650047215961498837e-01
1.699379720373712654e-01
2.776819823431056489e-01
-9.614215253017855956e-01
3.417589463352239676e-01
5.015982061423307492e-01
6.220095289027075536e-01
-1.000000000000000000e+00
-4.402161677595473055e-01
9.807668321332041472e-01
-5.816605412274556547e-02
-5.302215771550371493e-01
-9.393301187484890402e-01
9.509567409954242656e-01
-1.000000000000000000e+00
7.348546743829793559e-01
2.566092681203414050e-01
-9.542097128990918442e-01
3.548717852598693989e-01
-6.454022999423537632e-01
6.788631562217283255e-01
8.729615090535505217e-01
5.157796880945104689e-01
-6.551990922950579055e-01
5.867731933388068422e-01
-2.105617252320897137e-01
-1.000000000000000000e+00
2.140731153426216338e-01
8.765779377743546652e-01
-7.002296716416691602e-01
-2.564255596958413541e-01
4.815503502285614079e-01
4.480676138563572386e-01
4.415807923042807115e-01
-5.324842367221341854e-01
-3.267990513806198205e-01
5.414289547203758601e-02
-1.940717088797414558e-01
-7.052094703692468602e-02
-3.474806822441006693e-01
2.731459740854865204e-01
-6.136634275949314210e-01
-2.544301411015250647e-01
-3.343953900256541045e-01
4.644056772770057684e-01
4.104626040066461368e-01
5.947359424412208551e-01
4.551882702897528388e-01
-8.524016100017000053e-01
-4.691534576514166943e-04
-1.067651266038120161e-01
-2.984336501713372725e-01
1.000000000000000000e+00
-4.480890274849529953e-01
5.413429841667817266e-01
-5.584590955430639436e-01
7.358333073845907402e-01
-7.925028765546904275e-03
9.750799460400780272e-02
-2.134704953480806022e-01
4.961603612841381516e-01
-2.889322950049355576e-01
-5.081009192399278396e-01
2.609200915909830609e-01
9.531961327230669134e-01
2.989290250223547996e-01
-2.630346472210954856e-01
3.540779700698507004e-01
-4.056312253376568311e-01
7.986122326954229189e-01
3.483350684671378539e-01
-2.360382372985045385e-02
-3.962314447173975185e-01
-7.613844335903376948e-01
9.618470715087469314e-01
2.244112365609254867e-01
6.001365405374415873e-01
8.562683984095207368e-01
7.104136884870223545e-01
5.090559448921957442e-01
-1.000000000000000000e+00
-5.496285828387028616e-01
-4.343835282251148899e-01
1.130158116719526817e-01
1.237439905284286601e-01
4.257973652538458720e-01
4.135120460422470057e-01
-7.664525501662666773e-02
-3.981260250254079480e-01
-8.514642246263419700e-01
-1.422526393233245479e-01
-1.235906118252492469e-01
-6.378668670568981014e-01
-7.592813497123733768e-01
1.760811691902491316e-01
7.669015935613363588e-01
-7.672087482878294784e-01
9.213658115850393848e-01
2.544205250543662977e-01
-4.937960288877323300e-01
2.639160376313945955e-01
-5.926651776782635439e-01
-7.198806230331740164e-01
1.270330623311253793e-01
-1.000000000000000000e+00
-1.000000000000000000e+00
9.574574578073699049e-01
4.447213067010000187e-01
6.401536437425210391e-01
1.000000000000000000e+00
1.648316277166712585e-01
-1.878193680737095805e-01
-9.499676427070994356e-01
-3.227462561699322441e-01
5.771285425347262299e-01
6.003902380848114007e-01
-1.840549189426030630e-01
7.719015135236823033e-01
-8.651916706162081638e-01
-1.000000000000000000e+00
3.370373386432770069e-01
-3.340054027058343422e-01
1.000000000000000000e+00
-7.613784517691158937e-01
1.142950723556194204e-01
-1.000000000000000000e+00
5.372343917359222454e-01
-3.423718588317655742e-01
-8.359876515260833418e-01
2.493577221598751170e-01
-1.775028678810575689e-01
-8.849571345819262636e-01
5.934797701153365912e-01
-9.361080582329778244e-01
-3.814263986551943431e-01
3.590848540270200617e-01
8.547680302850141354e-01
7.833377412766091563e-01
4.017603012494166959e-01
-1.266901059865674917e-01
9.819328031175511562e-01
-2.742686620803131969e-01
-5.806192849851128379e-01
1.000000000000000000e+00
-8.820936197796317435e-01
-9.953385684629558749e-01
-6.465800319427981169e-01
-2.949527341793877211e-01
6.452792244250918907e-01
-7.282270218320761046e-01
-3.061819043101419169e-01
-5.371862170624464028e-03
-1.581133695243552850e-01
-1.836478861756600800e-01
3.229079859506979733e-01
6.379603092615275806e-01
3.457369237777393467e-01
2.490647012868221766e-01
1.689985624507825412e-01
-7.882446847530382161e-01
2.244075306634652212e-01
-6.916914845839432224e-02
9.859797863097895243e-03
-6.900658592036108124e-03
1.188727410638483750e-01
-2.256848401591475539e-01
-7.571341242501473667e-01
-3.513525182566223370e-01
7.835237768886582632e-02
-1.488356227308231805e-01
8.403764459907652196e-01
-4.100299290227211735e-01
-7.946661510383951077e-01
-8.148800244593140674e-02
3.086903227521357040e-01
9.806077013900139638e-01
9.422632212121553330e-01
5.351121550061153087e-01
-1.226345609272863624e-01
1.000000000000000000e+00
4.958454320129684345e-01
3.491378349896445688e-01
-1.000000000000000000e+00
-7.655928916822645203e-01
4.885678329528844177e-01
9.883712912563449304e-01
6.194016583276770183e-01
-8.489662322635673775e-01
8.814664349461694970e-01
9.546213336138265060e-01
2.216878428509164722e-01
-1.060859355422402173e-01
-3.933562489808858920e-01
-1.000000000000000000e+00
3.865690145696583646e-01
1.010442034171313841e-01
3.511150767108060511e-01
-3.046314330414996441e-01
1.000000000000000000e+00
-4.700112174991719072e-01
2.878869380095413488e-01
1.407557014225077063e-01
-4.709837450832066175e-01
-1.000000000000000000e+00
-1.000000000000000000e+00
-2.333807162920962797e-01
-3.705802596856876407e-01
