7.635309534310654733e-01
-4.580612891598764280e-01
9.573535078657977593e-01
1.000000000000000000e+00
5.779819701265670462e-01
-2.726470399995008509e-01
-2.249685552525589327e-01
-1.000000000000000000e+00
-1.000000000000000000e+00
-4.091839520746399783e-01
4.262597645767536303e-01
-1.000000000000000000e+00
-1.000000000000000000e+00
-7.220358071637753561e-01
1.782594833118736344e-01
1.000000000000000000e+00
-1.000000000000000000e+00
9.090632514766767702e-01
-5.110844933100969767e-01
-8.552354259971506334e-01
1.000000000000000000e+00
5.678825859006561005e-01
-2.098917799957822905e-01
-6.814561027654095771e-01
-1.076198123298825748e-01
-7.655405861935174472e-02
2.028763232620841850e-01
-8.999984663835855492e-02
2.061106497596998932e-01
-2.560185100636100941e-01
5.994232450408484292e-01
-7.974437718626243843e-01
-1.000000000000000000e+00
-7.858042698136914472e-01
1.000000000000000000e+00
-8.287638146689328966e-01
9.642275968052842483e-01
-1.000000000000000000e+00
-1.000000000000000000e+00
-5.564584693822369754e-01
7.799220994483879732e-01
-1.160380527276325957e-01
4.144639051187953838e-01
8.635311836478947178e-01
2.899241539144422619e-01
7.110990576207032454e-02
-4.326919206388433747e-01
-7.421995703032719938e-01
9.411668327613675888e-01
-8.186813395746130873e-01
6.955654764279306512e-02
2.799187216083256491e-01
9.614081605099517036e-01
-2.690770695918679456e-01
2.931509061081990497e-01
-5.296224170207070037e-01
-4.748078466890852667e-01
1.000000000000000000e+00
-1.000000000000000000e+00
-7.658049834032688574e-01
-3.749467641605647161e-01
1.000000000000000000e+00
-5.736389077329777653e-01
4.009964679280234590e-01
-6.136201283142554974e-01
-5.516911368010818384e-01
-2.832585420330449022e-01
9.714718666185546692e-01
1.000000000000000000e+00
-5.860690333535123475e-01
4.759464492515391165e-01
3.638811233754317143e-01
-2.984570292577764516e-01
-5.733296441107056385e-01
-8.238313234852974176e-01
-6.192078319363095718e-01
-3.138486391950097154e-01
8.417811819437904797e-01
4.841120900078402234e-01
7.521371651952563075e-01
-1.000000000000000000e+00
9.938627547602308931e-01
-7.649731045069514401e-01
-8.316747998253712915e-01
-5.285289565804273115e-01
6.255024290885722316e-01
-8.486938886505891733e-02
4.889775274678082595e-01
-4.394721646750140431e-01
8.792101887679184546e-01
-7.859320901222821565e-01
-5.616911582334818687e-02
6.205632099551262604e-01
-2.007221432764791647e-01
4.715742796895637801e-01
8.145398432751932427e-01
-7.907090343821001621e-01
-8.148449273344382515e-02
-3.707910025454604908e-01
9.624221943073004715e-01
8.315247752907639622e-02
-1.000000000000000000e+00
4.808107687518795581e-01
-2.898339257010978942e-01
5.899036305518050582e-01
5.431693911481659809e-01
9.173978201411286948e-01
8.083180437676802388e-01
-1.293605118618496030e-01
-7.965160677662265210e-01
1.410383401055401165e-01
-7.983386649931433210e-01
9.744670124722217830e-01
-9.747295487892096433e-02
-6.662682148964531592e-01
9.303202731422355320e-01
1.324069064167718857e-01
1.182745138735858959e-01
6.291304345356497629e-01
1.584305241717030577e-01
-1.248492088354321294e-01
-9.514217947668310860e-01
1.909848310776717795e-01
1.367095246554670962e-01
6.701674491033167147e-01
8.146691508635283130e-01
-5.059098739524501287e-01
9.879866825910269545e-01
5.369657467605921664e-01
-9.335263383369564183e-01
-4.815938217775856400e-01
8.766913736002848179e-01
-4.599732360986947821e-01
-1.000000000000000000e+00
-1.000000000000000000e+00
5.730789838077168796e-02
-4.530388704190840277e-01
-1.843416111155559145e-01
1.000000000000000000e+00
-3.106280351992925931e-02
-1.439503170259587572e-01
-3.058249066214464573e-01
-2.555971034839869538e-01
-1.000000000000000000e+00
-5.155056601367641322e-02
7.670905888688799301e-01
-3.351233063559573289e-01
5.784454569825071557e-01
-6.851495544308654484e-01
1.207157392064088786e-01
6.272778773869858160e-02
-5.188765244416244649e-01
-5.731851807093500950e-01
9.784170130481646410e-01
-2.394772469912818114e-01
-3.463520428519045735e-01
-1.000000000000000000e+00
-4.359791607501295463e-01
-1.000000000000000000e+00
-6.334245558531209630e-01
6.433093038794179819e-01
6.923469208415029552e-01
-2.921120180367313690e-01
9.316590773635734513e-01
8.363652973938492940e-02
-1.812985130352611773e-01
4.547765291267344412e-01
6.072797554426574429e-01
-1.000000000000000000e+00
7.313066082424459768e-01
-4.490499863953493209e-01
6.973050969518360120e-02
6.324137999412894340e-01
9.393014957421876865e-01
1.000000000000000000e+00
4.770995682451325548e-01
5.792972281048039962e-01
-5.122771411876512193e-01
2.236975988169569163e-01
-7.457903993598042902e-01
1.527157116445654605e-01
1.508441334455360161e-01
-6.358279240410440458e-01
8.880279297933254545e-01
7.442032001027212851e-02
9.695176029053125255e-01
6.537038471569140974e-01
4.907782711628462802e-01
-6.380967370750447731e-01
7.786802504426183491e-01
-6.558187513780534550e-01
-1.752239415892734575e-01
-4.807840078341240053e-01
-1.000000000000000000e+00
-1.121406681548168666e-01
1.000000000000000000e+00
2.851942443260591098e-01
2.154602446741893385e-02
3.132043862700621961e-01
-2.841286979585763706e-01
6.897916661615058898e-01
-1.000000000000000000e+00
-7.043999828850892042e-01
-1.000000000000000000e+00
-6.772054476154433234e-01
5.042812330552407518e-01
-7.205346022834505648e-01
1.611546659189295738e-01
-9.452546519641694678e-01
-6.249688412103610036e-01
3.885079856722192249e-01
-8.244197328251535728e-01
1.000000000000000000e+00
1.000000000000000000e+00
8.559641558122491056e-02
-1.000000000000000000e+00
7.745686804384260826e-01
3.977959421628239900e-01
4.376033322571215578e-01
1.749509738490833133e-01
5.166545701308191685e-01
5.122703851297198963e-01
8.938715762893686412e-01
1.000000000000000000e+00
1.000000000000000000e+00
-6.576855994766683811e-01
-9.189506344287726725e-01
3.503663428802441526e-01
-5.964561114015964893e-01
-3.838146153289385132e-01
1.646022306871977869e-01
4.709911090623223329e-01
-1.000000000000000000e+00
-2.368826285689829281e-01
3.585047298902959145e-01
-5.596275171257375503e-02
5.709981396840341228e-03
-4.730711194114075036e-01
2.518527018215538926e-01
8.170309886052549153e-01
3.868714523974425279e-01
8.603722457434815896e-01
5.694694012911876158e-01
5.028797909707530822e-01
-7.009494301339143085e-01
-2.883796042449414121e-01
-1.228721469711152592e-02
-2.741215886944775026e-01
-1.561107730635564739e-01
-6.905362479922280139e-01
-4.122353021198607026e-01
-6.915642693048484890e-01
1.949209521503511011e-01
6.599433424780137836e-01
6.354442954345823624e-01
-3.515848314862561330e-01
1.557053770036291307e-01
-7.901795126972267491e-01
-2.635341829723606977e-01
-6.534738800448571805e-01
-1.638298668572248096e-02
-8.990697950487633872e-01
4.263534930487475894e-01
2.176217810776174266e-01
-4.974678733881239268e-01
