2.880755738651077369e-01
-4.804996240441885558e-01
-9.368590561892536916e-01
-1.000000000000000000e+00
-1.000000000000000000e+00
1.000000000000000000e+00
-1.000000000000000000e+00
3.116930358870983464e-01
-9.032901388533293163e-01
-5.232618162915499971e-01
-1.000000000000000000e+00
5.048415180606853347e-01
7.254900677491697980e-01
-5.367944264947954736e-01
1.000000000000000000e+00
5.497370366573425260e-01
2.843801813399758904e-01
-2.637897415662325828e-01
-1.000000000000000000e+00
1.000000000000000000e+00
1.000000000000000000e+00
1.000000000000000000e+00
3.248168431041743576e-01
-8.461168341318068276e-01
-1.000000000000000000e+00
8.157980692310561333e-01
3.136428044019436978e-01
-5.034196088067877106e-01
-9.019382645908042839e-01
-7.352590084732668618e-02
7.551563057427828074e-01
-4.184293493380559781e-01
-7.925932654142385791e-01
3.762333099701041239e-01
-1.000000000000000000e+00
-6.228532635310530807e-01
2.114448424574056073e-01
3.282004964448831941e-01
-1.000000000000000000e+00
1.192947397569839030e-01
-2.201693442318739535e-01
-1.884934611168481988e-01
-8.024392939658397950e-04
-9.339425992924030862e-01
8.376435343109167597e-03
1.896847698861139908e-01
-3.951428955337338289e-02
-3.901181574109422456e-01
3.550226978571193737e-01
-6.449039198977135623e-01
-1.000000000000000000e+00
-1.334651608452375182e-01
-1.000000000000000000e+00
-4.302739241631552414e-01
-4.003068475880472432e-01
1.000000000000000000e+00
-1.163738757062628415e-01
1.000000000000000000e+00
2.699271880838740589e-01
-2.636502095298238202e-01
-1.000000000000000000e+00
-1.640541397890217246e-01
-4.727242974379401996e-01
3.326223314633695027e-01
1.000000000000000000e+00
5.590669686122224924e-01
-5.597873655116496483e-01
-9.519491961006636416e-01
-2.797480849281541726e-01
-1.000000000000000000e+00
-2.402810494011570486e-01
-1.000000000000000000e+00
-4.926990123512138275e-01
1.000000000000000000e+00
6.583832473264776830e-01
1.244131691303462239e-01
-1.982724021442331397e-01
-1.000000000000000000e+00
-3.475069074361733512e-01
5.709418159641607149e-01
6.702999409227293759e-01
-9.298076795676804007e-01
4.915913354742930119e-01
7.669437004968957527e-01
-1.237176924641156806e-01
-1.034451438108778265e-01
9.471978171449247919e-01
-4.008563033929321562e-01
8.305458669944988381e-01
-6.423706870066292485e-02
-1.000000000000000000e+00
8.718966042349393097e-01
-7.287846986023172047e-01
8.402640408784749493e-01
2.509620094991932282e-01
-1.000000000000000000e+00
1.429720842257496960e-01
-4.411281000351521819e-01
-9.215107610816000161e-01
1.000000000000000000e+00
1.538388474046799292e-01
3.402224079304608795e-01
7.899927935917315791e-01
1.000000000000000000e+00
6.153226054135962908e-01
1.000000000000000000e+00
1.000000000000000000e+00
5.688090527639684257e-01
-5.138596882437740376e-01
1.700609164905042547e-01
-3.694354086517984692e-01
1.000000000000000000e+00
-6.540243840272028653e-01
1.000000000000000000e+00
1.645514570970854074e-01
3.997583866087173199e-02
5.102156902682867257e-01
-1.000000000000000000e+00
-1.000000000000000000e+00
9.087367692573778966e-01
-1.144571497538426907e-01
-4.188918890980191101e-01
2.777327314802617575e-02
-1.000000000000000000e+00
-5.194484566631905054e-01
-1.000000000000000000e+00
7.635747573888989059e-01
-9.559042208039407740e-01
-9.538591049977748204e-01
-1.000000000000000000e+00
1.537026624272557207e-01
1.000000000000000000e+00
6.965106225756061420e-01
5.602539348109523143e-01
-9.376934665895264587e-02
1.386587570688956883e-01
8.219372445008547023e-01
-1.000000000000000000e+00
8.512617238044555279e-01
-1.000000000000000000e+00
9.035825523980273166e-01
3.103745147666628901e-01
1.000000000000000000e+00
4.651380802350065236e-01
1.000000000000000000e+00
6.198724550163786651e-01
9.275104524557133967e-01
5.867061966047776300e-01
8.315081874396034189e-01
9.881891561478673980e-01
1.000000000000000000e+00
-1.000000000000000000e+00
-9.623966836279655990e-01
-1.000000000000000000e+00
5.221014568840370851e-01
-1.000000000000000000e+00
-1.000000000000000000e+00
6.181932593057666292e-01
-6.094881030735860294e-02
-9.021802073485373219e-01
2.919133859013592902e-01
1.000000000000000000e+00
-6.545678254677306240e-01
-1.000000000000000000e+00
8.009930543162764316e-01
4.384031149559552420e-01
-2.081328203640898100e-01
5.894891822980823370e-01
1.000000000000000000e+00
2.806135526116570467e-01
-1.000000000000000000e+00
4.147198191835097525e-01
-1.000000000000000000e+00
-2.631754230692430752e-01
2.220798652847799370e-01
7.393067512737786506e-01
1.000000000000000000e+00
-5.418430951503750981e-01
-1.000000000000000000e+00
-1.000000000000000000e+00
-1.000000000000000000e+00
1.000000000000000000e+00
-9.433926683548581327e-01
-4.952804967998775121e-01
1.000000000000000000e+00
1.000000000000000000e+00
6.714911166171901868e-01
7.215561427528706107e-01
-1.000000000000000000e+00
-4.257804360789557152e-01
4.022220373694861406e-01
7.326035880180890025e-01
-4.899540936849806627e-01
-1.601396588769302132e-01
7.691496751896411688e-01
5.006967941255180410e-01
-4.580237497606612362e-01
-2.049045170621268674e-01
6.628818081877820845e-01
1.000000000000000000e+00
5.256414838454992466e-01
8.087268519291053170e-01
5.930879268430629958e-01
1.000000000000000000e+00
2.830393907944153131e-01
-3.714963316213343303e-01
-1.000000000000000000e+00
-8.513710104206786422e-01
2.636472021540744448e-01
4.552404519971229857e-01
-1.000000000000000000e+00
9.064633739147759384e-01
6.714032074588444088e-01
8.013830549638321088e-01
4.547810547324031560e-01
8.788157609015933014e-01
-6.179503117173692495e-01
1.000000000000000000e+00
6.862413372679947443e-01
5.098432545151845297e-01
6.395975178856256882e-01
-8.222688689567237974e-01
9.076557588431629631e-01
9.324846675205655799e-01
8.863181637465744611e-02
-6.434506554798111733e-01
1.000000000000000000e+00
1.000000000000000000e+00
1.000000000000000000e+00
-1.000000000000000000e+00
1.178807718689592332e-01
6.032030005132467121e-01
-1.000000000000000000e+00
1.781431828309151255e-01
7.489071901077061222e-01
-1.000000000000000000e+00
1.000000000000000000e+00
7.949558351105484588e-01
-1.000000000000000000e+00
9.753979089457854856e-01
-2.627598111497257971e-01
-1.000000000000000000e+00
5.388055848238341161e-01
1.000000000000000000e+00
1.000000000000000000e+00
-3.737797637929898831e-01
-1.000000000000000000e+00
1.000000000000000000e+00
4.247497746206799762e-01
-1.000000000000000000e+00
-7.510421493539094495e-01
-4.550956660409194443e-01
9.878684166469064998e-01
6.315475221323040289e-01
5.498127688677878488e-01
-1.000000000000000000e+00
-4.287368133312887686e-01
-3.832421705556692815e-01
5.746413312347742330e-01
-1.000000000000000000e+00
-7.585527467372035204e-01
5.341048209936015700e-01
5.291256370566841394e-01
2.994491135073653609e-01
-3.786799434880459003e-01
