5.648430900332110927e-01
-1.455038952482384518e-01
-8.329116710645874111e-01
5.963279702249620895e-01
-5.620624321745396612e-01
1.200443683446145160e-01
-5.074227849922585687e-01
1.000000000000000000e+00
2.841993615501811066e-01
-3.876357420516265417e-01
1.000000000000000000e+00
-5.554849632678082738e-02
2.572258676856052917e-01
1.000000000000000000e+00
-2.471699498515686488e-01
-3.849646682993030922e-01
3.290061433220397014e-01
-3.918544116675861666e-01
9.603335786115606565e-01
1.000000000000000000e+00
-3.122534159102453577e-01
1.000000000000000000e+00
1.402218256579400579e-01
-7.570246134575333574e-01
2.626061984057810328e-01
1.000000000000000000e+00
1.600963348518933405e-01
-1.000000000000000000e+00
8.441348279033180635e-01
-1.000000000000000000e+00
1.642361289266719426e-01
-2.183443506515185262e-01
3.268971918701498725e-01
-1.000000000000000000e+00
1.000000000000000000e+00
1.000000000000000000e+00
-4.412029905942400632e-01
1.000000000000000000e+00
1.512245458233691942e-01
4.528746249856427375e-01
3.266378246639270455e-01
3.514915349786041365e-01
-4.576438429358336002e-01
-1.000000000000000000e+00
1.982987139377349606e-01
-1.053356224028881849e-01
1.862439392118182546e-01
1.000000000000000000e+00
-3.122348353388339492e-01
2.325711543943892456e-02
5.825892803141314857e-01
-6.872792436864756660e-02
5.723511013969377892e-01
1.000000000000000000e+00
1.000000000000000000e+00
2.265917471335853473e-01
-4.921555787216143063e-01
-1.000000000000000000e+00
-8.773122817592847733e-01
-7.749449663717224990e-01
1.000000000000000000e+00
5.142141167291867931e-02
-8.108215858286137445e-01
-1.000000000000000000e+00
-1.000000000000000000e+00
-5.477430410771115810e-01
5.050482074250007836e-01
1.031798049640186843e-02
8.668592914678647787e-01
4.110271211298427430e-01
-1.000000000000000000e+00
-3.663665076394446718e-01
6.543665338137248932e-01
9.795894179510320487e-01
1.000000000000000000e+00
-5.837989627554179828e-01
-2.198763625664351129e-01
-7.341436103301189897e-01
6.798559425621901742e-01
-8.201864085647128100e-01
-1.000000000000000000e+00
-8.326425316508201391e-01
6.115204204042087310e-01
-5.033326366886621273e-01
1.000000000000000000e+00
-1.000000000000000000e+00
1.000000000000000000e+00
-6.174161672603522000e-01
1.000000000000000000e+00
-1.000000000000000000e+00
5.468149544039664356e-01
1.000000000000000000e+00
1.000000000000000000e+00
1.000000000000000000e+00
1.000000000000000000e+00
-2.947018847422325782e-01
1.454267809352806085e-01
-1.000000000000000000e+00
-8.698756051118012866e-01
2.002614252827350505e-02
1.000000000000000000e+00
4.661954261517072817e-01
-3.052889684478450327e-01
3.616960575151974555e-01
-7.534371431615272119e-02
1.000000000000000000e+00
-6.507634752934232658e-01
-5.480958308654200195e-01
-1.000000000000000000e+00
4.249545371323016907e-01
-7.686745285491808355e-01
6.359818186794421457e-01
1.000000000000000000e+00
4.985878579591461746e-01
-8.833498959433216946e-02
-1.000000000000000000e+00
1.000000000000000000e+00
2.352302206791553330e-01
-7.320422308466778549e-01
-6.107552374645265347e-01
2.558673687775272487e-01
1.000000000000000000e+00
-2.667689974395267560e-01
-3.303797985578089680e-01
-5.944656622684973968e-02
-1.000000000000000000e+00
-1.000000000000000000e+00
-8.231530333727532511e-01
-7.553928103409978112e-01
8.126916548680660490e-01
-8.736390012950330242e-01
-1.000000000000000000e+00
-6.411794539113302438e-02
1.000000000000000000e+00
9.285808649699035522e-01
7.344634126102660421e-01
-1.306146054703355708e-01
1.506229500842427571e-01
2.713840537563632083e-01
1.000000000000000000e+00
-3.878209143636741629e-01
-8.022264511585952551e-01
8.425757681868989435e-01
4.878365468498688795e-01
4.184403071603088886e-01
2.828044371367672838e-01
-5.866293407448628372e-01
1.256701938377644545e-01
2.551450621847179967e-01
6.998737695509663626e-01
-1.080455903566954201e-02
3.943835305956069348e-01
-5.308518698872146668e-01
-7.339947223106513263e-01
-4.174567086483603751e-01
-8.593821663497765995e-01
7.894149182233848316e-01
4.361727996557841491e-01
-1.000000000000000000e+00
-5.294166622522513688e-01
6.222773479041877609e-01
-1.000000000000000000e+00
-1.000000000000000000e+00
6.257775829840290793e-01
-1.000000000000000000e+00
-1.000000000000000000e+00
1.000000000000000000e+00
-9.522079132129322998e-01
9.613950245425895158e-01
3.652625813576774738e-01
1.000000000000000000e+00
1.757577347691009761e-01
1.000000000000000000e+00
5.879077363085388752e-01
1.927717798534244187e-01
-1.000000000000000000e+00
6.386746110460481685e-01
-6.852237606165945127e-02
4.000811777019610549e-01
3.279781807082778888e-01
-2.795902352560430959e-02
8.029715255269993524e-01
8.253730209198519852e-01
-3.010741602690958363e-02
-3.534870474062516976e-01
-4.516219949547850554e-02
5.238501377430955508e-02
1.000000000000000000e+00
-8.250675879862401363e-02
6.327031098873019399e-01
-6.347787177389765390e-01
-5.588966110579529634e-01
1.000000000000000000e+00
4.843873442385289163e-01
-9.719701250121526304e-02
-1.619429812481355535e-01
5.931261186633457472e-01
1.000000000000000000e+00
-8.335276701094628260e-01
1.254745078246858880e-01
3.626754521614452553e-01
-1.000000000000000000e+00
7.602731252100118908e-01
9.988871885970774800e-01
-5.281305415523822600e-01
-1.134619593731831522e-01
-4.185326245138848988e-01
8.506593742158535809e-01
9.926341779634139106e-01
4.118092021365697963e-01
-1.000000000000000000e+00
-1.000000000000000000e+00
-9.691058566194461488e-01
9.487227684683667839e-01
-5.149538074854173031e-01
1.000000000000000000e+00
8.861177631308249092e-01
-2.470739657068496964e-01
1.000000000000000000e+00
2.936407879153872802e-01
-1.825839427680612248e-01
-1.000000000000000000e+00
1.000000000000000000e+00
-3.915539204223494885e-01
1.000000000000000000e+00
-8.964967797710164943e-01
-1.120226403631361389e-01
7.410338624791047435e-01
-1.000000000000000000e+00
1.000000000000000000e+00
-1.000000000000000000e+00
8.366545297838889894e-02
-4.177015162858609409e-01
1.000000000000000000e+00
1.000000000000000000e+00
5.828978592516090851e-01
7.471611975055307830e-01
-7.960083177349612515e-02
-1.000000000000000000e+00
1.000000000000000000e+00
8.736573528175103909e-02
-5.814752089356671760e-01
1.000000000000000000e+00
-5.866712211791313969e-01
6.330113274309386862e-01
1.735874806995347797e-01
-3.244590972981346577e-01
8.540471696863645157e-01
1.000000000000000000e+00
-6.043188119428599681e-01
-3.270115431888752644e-01
-1.000000000000000000e+00
4.777443417896884981e-01
3.032116200013893481e-01
5.460683799113540404e-01
-8.908521925244232698e-01
1.000000000000000000e+00
-1.000000000000000000e+00
9.234925993624990559e-01
3.528453099708440677e-01
1.000000000000000000e+00
4.431350234297808388e-01
-1.728290390142002142e-01
6.468632631057688043e-01
-1.000000000000000000e+00
