5.696661413070047697e-01
-7.190824699571202183e-02
-8.845069246195633172e-02
5.760815710770276210e-01
-1.000000000000000000e+00
-7.396511304501303119e-01
5.557364993493216776e-01
-7.948700071381272769e-01
-7.686213811418507458e-01
-6.304784776243753663e-01
3.451160025834412171e-01
1.847858889206450694e-01
1.000000000000000000e+00
-5.348054312840001545e-01
-8.060257632768148550e-01
-1.000000000000000000e+00
-2.047561102434070079e-02
-5.433595970530480379e-01
1.917256717053190951e-01
6.160609606353163459e-01
-9.782742137088509260e-01
-3.988109850437173698e-01
-1.012379945467630910e-01
-5.281353412685472204e-01
9.959574049815674845e-01
-4.289287807104747996e-01
-3.221197271818287411e-01
1.422961274091412431e-01
-6.398617569072287958e-01
-7.687505295923237059e-01
-6.619267137710148630e-01
4.535555849695097064e-02
-1.000000000000000000e+00
3.005283765907438842e-01
-3.132976930180902952e-01
-3.839165184907273320e-01
-2.683223475230798183e-01
2.738057802362265925e-01
2.184356440521029175e-02
-1.000000000000000000e+00
-5.967653787206229632e-01
-5.751257603668687990e-01
-4.932142165537430067e-02
1.546247138493275219e-01
7.651792838287694298e-01
3.524884106066351608e-01
3.016800077611811459e-02
-1.640456071410251182e-01
6.189181758475410522e-01
-6.051479132912870318e-01
3.245263703459622118e-03
-1.000000000000000000e+00
7.299300932558737687e-01
-6.084989244924204899e-01
3.490987166944056197e-01
-4.940645675803714831e-02
8.226510408280087727e-01
4.926364414274208570e-01
-9.649025744188276521e-01
-7.703571357447853707e-01
-4.083558347232879582e-02
5.172423551242226747e-01
1.000000000000000000e+00
-7.632973078524646349e-01
2.419397545954646289e-01
6.789530340156355037e-02
-4.156788033113879011e-01
1.395796910299633431e-01
-7.279208548948289392e-01
7.343746741085213081e-01
6.013422078554694350e-01
6.224605066130900477e-03
-2.195960110543452859e-01
-9.735303977255230223e-02
2.509883339849062756e-01
-5.380475693840051088e-01
7.695247107598776060e-01
-8.205378064600695742e-01
3.685036780038164483e-02
-1.000000000000000000e+00
-5.890530498006369964e-01
-8.492887613631390220e-01
2.237779320902847646e-01
2.928652396303753624e-01
1.000000000000000000e+00
-1.000000000000000000e+00
-9.674414125771669815e-01
-8.323266111756170149e-01
-3.286530392185295635e-01
-1.424288962080479393e-01
2.262746809672276926e-01
-9.055085880591186021e-01
-1.086244015715856354e-01
3.965900738705523954e-01
9.217168929482051354e-01
-2.274435807546278943e-01
8.680477237744157470e-01
-8.219025850249853660e-01
7.836893309658056195e-01
-5.988318836601049799e-01
6.628508572019404799e-01
1.000000000000000000e+00
9.161962066214692779e-01
9.035231150835739689e-01
-6.582352396137753914e-01
-4.547711817842346460e-01
2.458442484852507715e-01
-8.894315132899452414e-02
4.721159831451362532e-01
1.000000000000000000e+00
-8.266443829623207895e-01
1.000000000000000000e+00
-1.000000000000000000e+00
-2.696732099497878288e-02
-1.000000000000000000e+00
5.125180600951095844e-01
6.125442157328341297e-01
-4.162060969370768859e-01
8.401489949544086455e-01
-7.046306131077151313e-03
-2.763148208509971226e-01
-8.028708738573666626e-01
-1.000000000000000000e+00
1.290067986403808931e-02
-5.526179118377201327e-01
-7.830993850357970132e-01
1.000000000000000000e+00
7.948127867944195790e-01
-5.561877346778638653e-01
6.440814584085780004e-01
-1.626961578290729848e-01
-1.295315777746243180e-01
2.812100223592919890e-02
9.029889646656461544e-01
1.838247632336958426e-01
-9.832396578640755225e-01
-6.874940561951867757e-01
3.219900795440774899e-01
-1.245914160943736859e-01
-2.157922543230855195e-01
5.692228453130698806e-01
7.061789442410104645e-01
8.980611478328948127e-01
-4.408121235098472895e-03
-4.983645693166673940e-01
-1.000000000000000000e+00
4.541649392574342858e-02
-9.688457748472808495e-01
7.995406798457526110e-01
-5.955857494647397443e-01
1.764873765942929218e-01
-4.335684414451151936e-02
4.739565627312236629e-02
5.506526178904000424e-02
-3.210596594514336655e-01
-9.786638839726244932e-01
-7.920647879540396730e-01
5.474276280437850861e-02
3.644646387240606522e-01
-8.214644251952332166e-01
6.995198364034270477e-02
1.000000000000000000e+00
1.531583497120967974e-01
-1.167566809504267528e-01
2.955180105681285418e-01
7.699127708954275340e-01
-7.090017453133152792e-01
3.089554650280755821e-01
-6.900360185741355457e-01
6.064968959241450186e-01
-1.000000000000000000e+00
-1.963077202364775786e-01
1.405018472436888599e-01
5.065696555865488449e-02
-5.911439577184498528e-01
1.558145685770033761e-01
1.000000000000000000e+00
2.853176525460958124e-01
6.072061830679533756e-01
8.629445205207786351e-01
4.399138668747475389e-01
-6.557027679451215008e-01
-1.000000000000000000e+00
5.512465331705485028e-02
2.249353675335265257e-01
-7.429608274933171552e-01
4.239363519901729882e-01
-8.191296009109921838e-03
-6.117210958087548889e-02
-4.983478427652867637e-01
9.671518115130554039e-01
-2.079281936623687821e-01
-4.145752472532225619e-02
5.452988849794411230e-01
-5.725047877276311370e-01
2.693763972253280792e-01
8.183128168328870355e-01
-1.613634116513503747e-01
5.254402762372158975e-01
-1.591546300584681106e-01
3.030971391359111866e-01
-6.521776523507442080e-01
1.965302120476255521e-01
4.039937397176276423e-01
8.207674333712696724e-01
-4.817548071296453016e-01
-9.503285105560039803e-01
3.182164106614168708e-01
-6.569897661420927015e-01
2.433525617998109070e-01
-6.780624664521845979e-01
1.000000000000000000e+00
7.713271809220176300e-02
9.822527772826873393e-01
7.478300796709529408e-01
-1.000000000000000000e+00
-5.573403343025753465e-01
-2.592050106645525931e-01
1.000000000000000000e+00
2.147221770447482470e-01
1.000583596147904264e-01
-7.488710733637747863e-01
3.556098270771663739e-01
5.948458663063673768e-01
-1.000000000000000000e+00
-8.871168118752560394e-01
9.026864235113993273e-02
-8.300933934530417835e-01
7.517902455349946278e-01
2.039159543080464043e-01
-3.169157121686603795e-01
5.668548859742630341e-01
3.419484342608550831e-01
1.000000000000000000e+00
9.127248608768296911e-01
-5.692953211962233917e-01
9.050323634960619756e-01
-2.016942344434237699e-01
3.163302813104549305e-01
6.383802868912786810e-01
-5.891082407622892647e-02
9.704535875328870742e-02
1.711869703243422136e-01
2.672834426419893328e-01
5.891511834489977506e-01
3.646628914431260249e-02
-9.701121804943243498e-01
1.000000000000000000e+00
4.451055921692753659e-01
9.164530225159001064e-01
-3.244166014426201894e-01
-9.641292017277073301e-01
7.388861975161379325e-01
-3.128937407903338297e-01
1.000000000000000000e+00
6.696122244047415517e-01
-3.354060357657290270e-01
9.130188631415145917e-01
-4.340236555535721408e-01
-1.397192008377582673e-01
-7.102438549563733217e-01
-1.000000000000000000e+00
1.000000000000000000e+00
-5.374781541188845824e-02
7.298589354026298048e-01
