9.150507797951383804e-01
1.668292340859952594e-01
5.066723779564843433e-01
2.676983648958655149e-01
-3.602921247870066734e-01
8.887309869979533872e-01
-4.349124022478397800e-01
-2.920976492777045963e-01
6.696118094914538244e-01
-4.570905238571906226e-01
-3.048607373783014385e-01
-1.000000000000000000e+00
7.385923790281162526e-02
-3.789622469784434955e-01
1.064852098994787666e-01
3.459469778121873618e-02
1.000000000000000000e+00
-2.356068215078376271e-01
-6.373903183656056681e-01
-4.385832704505083779e-01
-1.097648072057030855e-02
-9.973582671188848670e-01
-9.779972270471176676e-02
2.053990315206173367e-01
-1.334592720360039397e-01
1.312466049446099625e-02
1.372070672789308665e-01
-5.791678032008202859e-01
-9.803878921186466311e-01
-3.016563805760176797e-01
-6.446328952762157005e-01
7.506464093339588750e-01
4.545127241169241161e-01
-7.398934486089326912e-01
-1.811432937250027908e-01
-2.631864712209329715e-01
3.862687535917164183e-01
-4.948110340270209240e-01
-9.288745646352839502e-01
7.719601913222351453e-01
7.946689276725158457e-01
-9.954308548718626692e-01
-3.846387313779381367e-01
1.308581604902733786e-01
2.291686783777747982e-01
-3.056432322825327619e-01
-9.939681832768054726e-01
-9.618013703636699718e-01
4.377422142883433676e-01
2.980555855914557295e-02
8.665340975292509240e-01
1.556801609625143024e-01
-5.568249314989390797e-01
1.107610077384385550e-02
2.151253952316088403e-01
-1.000000000000000000e+00
-7.745005202485395479e-01
9.114339995992249976e-01
-1.680579827683661986e-01
-4.939725373727121283e-01
1.665099390366349685e-01
8.201300275506570592e-03
-2.695586562704899158e-01
7.017217038808002405e-01
1.666889583169339772e-01
-4.880813688907015280e-01
9.930330363827625240e-01
5.006437462198053134e-02
-7.796926625586289017e-01
-4.468078807517426032e-01
-3.641771837498675723e-01
7.528601911548895576e-01
-4.796994991806834419e-01
-3.020489052398274421e-02
-2.639582430106539590e-01
1.244661040000963337e-01
1.000000000000000000e+00
-7.990317263296567996e-01
-2.638604909251872077e-01
4.251103008239885406e-01
1.131623410679744035e-01
2.130648829701339564e-01
1.780834570462777044e-01
-7.397282032109965266e-01
6.101166575232075395e-01
-3.375980761857175771e-01
-7.115043463470482887e-01
-8.426123952374615644e-01
-1.996541834992038300e-01
-2.217822051688534968e-01
-4.761628409195856060e-02
-2.045171323882424563e-01
2.821917834908154732e-01
9.528264357732769696e-01
-1.866613499649505958e-01
-5.466356790334619964e-02
2.458898869029885470e-01
3.862474328738634832e-01
4.437910298339944326e-01
-3.340237567358350645e-03
-8.807270989260798100e-01
-1.313048941719183738e-01
-3.189843336488213943e-01
3.942746596575364970e-01
-7.646642131223811978e-01
-2.104519150286127960e-01
-5.389833206235468133e-01
-1.638162301811776356e-01
4.559297246246102331e-01
3.284003133179667633e-01
3.026204681479865988e-01
-4.262074861027062567e-01
2.730909284838746176e-01
-3.018802315170942552e-01
-5.864966940024209929e-01
-6.543666614998487896e-01
5.038063243691673909e-01
-1.791489790992507602e-01
-6.173463322253807117e-01
8.104945911343099940e-01
-7.087744027549485182e-01
-5.264851402073331688e-01
4.392588146741075450e-01
-1.537264698428583987e-01
-2.012317386336687774e-01
-4.837861764787290131e-01
-2.446190734713840631e-01
2.246517444665681040e-01
9.676127853518783350e-01
-5.696117545949984651e-01
6.432285938832181804e-01
1.000000000000000000e+00
9.255881940175099132e-01
-2.821685724547433605e-01
1.422139593962124804e-01
-5.702692494687715552e-01
1.000000000000000000e+00
3.180924150108930260e-01
2.513253543636028708e-01
1.435431277109867620e-01
-2.696486666010357025e-01
5.461673593599650767e-01
3.705113021851144106e-01
3.533953629792074835e-01
5.980866430234735298e-02
-2.087022027857410311e-01
-4.662909770931678022e-02
-4.322335516734105987e-01
-8.970322181941974282e-01
-9.241197532980716112e-01
6.798312398636885412e-01
5.040288225061750893e-03
-7.675771416404015834e-01
-5.043491769728625229e-01
-5.863522653452831745e-01
-3.888929151635457659e-02
-6.005998285438715056e-01
1.000000000000000000e+00
3.008451896806340065e-01
-1.000000000000000000e+00
-1.000000000000000000e+00
5.246738407974994578e-01
2.503545837271919927e-01
-3.799621102560177821e-01
1.846623735241969544e-01
4.561380344027951561e-02
1.918424218068647269e-01
2.045524330898323973e-01
-2.511571795617992264e-01
-3.804579932419954735e-02
-3.576185444463541030e-01
2.128409056831659374e-01
-6.571276246843846813e-01
-4.649252912999206622e-01
-3.018508004532133859e-01
7.684715668741899375e-01
-2.065380092738690054e-01
-1.891310079957047863e-01
-2.362166528410830080e-01
5.571318659571748988e-01
-4.177231070272717228e-01
7.628262088662585150e-01
-9.814962775800061268e-01
-7.735374546381502958e-02
9.597441465383159398e-02
8.277881290206561271e-01
1.000000000000000000e+00
-4.032957294306221963e-02
6.244748509614400644e-01
5.132810924354342941e-01
7.313005816815729698e-01
-3.092395958792528710e-01
-6.687144433110726593e-01
-7.333398001937344590e-01
-2.067070849299179891e-01
-6.302325352790894009e-01
3.445765123609229041e-02
-4.431580212500478844e-01
1.777295267613637764e-02
1.543194196187701595e-01
-1.279971286104331085e-01
-1.372213879421119720e-01
-3.631810467284605770e-01
-1.854220068696595392e-01
-8.127323312057932458e-01
-7.350194216302846639e-01
9.340611985959638153e-01
-2.121369686108067476e-01
-4.764692832827941427e-01
1.000000000000000000e+00
7.326939162461598709e-02
3.892424058712473656e-01
5.038127749479390793e-01
4.785751604334975151e-01
4.715233079860598475e-01
-5.074260480094268111e-01
-7.446977408477624127e-01
-4.437095668957061201e-01
-1.914582581143935702e-01
8.205479994360600493e-01
9.659734439232903203e-01
-4.630747598843971691e-01
-7.714450246945986356e-01
-1.000000000000000000e+00
3.968724522449769143e-01
-5.892735957955717030e-01
5.266939165418726976e-01
-2.603219215346041504e-01
6.282681007746335755e-01
-5.512992331585194750e-01
-7.892998221256674052e-01
1.084973586046038829e-01
5.974662188959544151e-01
7.697260997469044241e-01
-1.417595274664712746e-01
-5.508352171614743636e-02
-4.929514448276098304e-01
-4.101523339516882638e-02
-2.126694353802487114e-01
6.746041412609833365e-01
-5.268735931575745379e-01
-3.005445533275503678e-01
4.733257625824975889e-01
1.320558343277333235e-01
-6.474602947185578161e-01
-4.644045826015343881e-01
4.883332318480871348e-01
1.000000000000000000e+00
6.622504797964489098e-01
4.683916051740768527e-01
-3.718418178548625885e-01
-9.684439574051342259e-01
3.923904353342397844e-01
-1.808608649826787262e-01
-6.121878817264448935e-01
2.920499597253671809e-01
-3.591045897907177986e-01
-3.628269551099236878e-01
9.391733071622319073e-01
-4.444672256569089930e-01
-2.455697140335403594e-01
2.218480573923887755e-01
-5.559157682283685231e-01
4.986113402569825048e-02
-5.297491926392223771e-01
