1.000000000000000000e+00
-1.000000000000000000e+00
-8.501075718805758408e-01
-2.030416829443921767e-01
-4.244404452810832118e-01
9.933941223953973720e-01
2.082564168306048069e-01
4.179374284012846719e-01
7.434103005135015430e-01
-5.505809120883761176e-01
3.586052507085981667e-01
-2.204093748502586325e-01
-3.042502472860652007e-01
-9.519134301059135606e-01
8.318629210128033469e-01
-3.590938656867931900e-01
7.133675634487308681e-01
-1.000000000000000000e+00
2.984087339454344345e-01
7.567429680194972530e-01
7.852923491139578438e-01
2.807774489563324427e-01
4.524604780584050578e-01
1.000000000000000000e+00
9.481453646664222967e-02
-5.354517650696845044e-01
-4.516162150324677382e-01
2.854556771671084014e-01
2.121846926060940719e-01
-1.175423835446829379e-01
1.000000000000000000e+00
-1.252725362203506443e-01
-2.281798598374122911e-01
4.449438405820316245e-02
-8.143528149650740566e-01
-2.076982389429001818e-01
-5.103489693969506247e-01
-1.000000000000000000e+00
-5.597706313197081673e-01
-1.000000000000000000e+00
5.191630779718173772e-01
-1.841356770718147740e-01
-3.277964389717484828e-01
2.451199761058504289e-01
1.870245347502976219e-01
-2.138449585817273763e-03
1.000000000000000000e+00
9.720672363004880800e-01
1.000000000000000000e+00
-8.721769892495228049e-01
-3.918968884441817457e-01
1.000000000000000000e+00
2.937160229756013985e-01
4.795740138595968594e-01
-5.199938574602213093e-01
5.353083342492999108e-01
2.889913957792418220e-01
9.217340483833594278e-02
9.167010033323145235e-01
-1.000000000000000000e+00
-6.018202323293322387e-01
-1.297609358536373492e-01
7.120777984750721323e-01
5.464802058025179932e-01
5.381434586291868882e-01
-1.000000000000000000e+00
9.679926171664525736e-01
-2.613898116006330152e-01
-8.608614221503683162e-01
1.998696774031274437e-01
8.979654401665762009e-01
-2.043989491194370678e-01
1.769624266365886767e-01
6.475915704101540271e-01
1.421602476816381522e-01
-8.941991753491070893e-01
3.340669985250104279e-01
6.597902651074738500e-01
8.822220391920595484e-01
-5.405105905692688673e-01
8.029458552315839048e-01
-1.065732304565399913e-01
-9.160186628623988303e-02
-6.739332233569418351e-01
-1.000000000000000000e+00
-6.779833506478786243e-01
-1.000000000000000000e+00
-2.439813105371551327e-01
-1.000000000000000000e+00
-1.768157946477860176e-01
-5.178605143133343525e-01
-1.000000000000000000e+00
-3.986544286173524659e-02
7.840738045431452918e-02
-8.046895145718724329e-01
-8.272603418927513275e-01
6.446003047566127853e-01
1.236659726886388810e-01
1.000000000000000000e+00
7.189686398066361117e-02
-1.000000000000000000e+00
-3.749855712233329808e-01
7.470192284329261190e-01
-3.240334947604477378e-01
-7.886821116251520047e-01
1.000000000000000000e+00
-1.210804485840541456e-01
1.270879022878346198e-01
-9.593806067528563020e-01
-1.000000000000000000e+00
9.592016563619600866e-01
8.509088799418051963e-02
-4.068945064972040448e-01
3.382528438423928474e-01
4.436194367031289776e-01
1.461797091698747719e-01
8.471224282943755624e-01
5.027114914569114079e-01
4.163495232163562099e-01
-5.056293818760230208e-01
-5.154940116753534696e-01
1.871447531851098689e-01
2.987852190777500194e-01
-1.000000000000000000e+00
-6.442008037537468867e-01
4.330013332351856370e-02
-1.497852463934625789e-01
-1.756614330149028902e-01
-2.612912513515584512e-01
-4.083427576415221694e-03
5.504712407963743281e-01
4.089827046429929669e-01
4.476040346092591271e-01
-9.533574715339112604e-01
-1.682163946251044040e-01
-1.000000000000000000e+00
1.000000000000000000e+00
1.315923413044621793e-01
-3.662871613000625581e-01
-3.855931720061090973e-01
1.000000000000000000e+00
8.343913888205981566e-01
1.000000000000000000e+00
-5.262455172068334353e-01
-6.680589553668644376e-01
-2.064432173728828479e-01
-8.987436906256811575e-01
8.500951277941568573e-01
-8.846336580072291511e-01
1.000000000000000000e+00
3.343838178342988243e-01
1.000000000000000000e+00
-1.999963445914672011e-01
-4.400018606039657332e-01
-5.741756478794288743e-01
-5.618174355509184537e-01
-5.019738065378550607e-01
7.549789298953403227e-01
-2.962913931849323057e-01
-1.299473439639481642e-01
5.509862365822385533e-01
-1.000000000000000000e+00
8.657125925660835719e-02
1.000000000000000000e+00
6.432289857697732760e-01
-1.000000000000000000e+00
3.334073512789581528e-03
-8.378335767775624277e-01
-5.970790305069262338e-01
3.752360914172769846e-01
1.444323850732283088e-01
9.042370821634451161e-01
-3.359635832769136132e-01
-5.694475755992138843e-01
-7.786884001646476872e-01
2.505613069016736638e-01
1.000000000000000000e+00
-1.000000000000000000e+00
3.153950946031391922e-01
7.790842275157283670e-01
1.000000000000000000e+00
-1.055313435630232943e-01
-3.537740651491588784e-01
8.669605742292141315e-01
5.013373604234671044e-01
-1.032570062316555681e-01
2.409436830143800723e-01
-9.778450965508118653e-01
8.048964387933196796e-02
-9.528148338396622563e-01
-4.837587013697292049e-01
8.109250476639441318e-01
-8.571550528961707771e-01
2.277185347998061937e-01
-1.000000000000000000e+00
-5.145749695384359557e-01
1.000000000000000000e+00
-1.735205681797624688e-01
-9.525187690688285969e-01
-7.549492222701524868e-01
5.773149913319770565e-01
-2.542489754984186834e-01
-4.120411668635148850e-02
-1.752672797806942295e-01
-2.179723495327074989e-01
9.185500343740191642e-01
-4.705076591425818022e-01
9.073919184123019344e-01
-9.054337971051018563e-01
9.693617179399447448e-01
-8.264010482337126318e-01
7.950861945805397235e-02
6.975165897187849406e-01
4.852267447901337794e-01
6.317578911534369457e-01
-5.039726124356150999e-02
2.170899481296328579e-02
6.168692609936852200e-01
-5.772718504102412052e-01
-3.363589343190763192e-01
-9.749321796358253467e-01
4.057476029938059114e-02
5.516985384854585783e-01
1.000000000000000000e+00
9.223903798829636846e-01
-2.310406376252902572e-01
-9.566863259900038052e-01
-5.203056644330293912e-01
7.846154547606745133e-01
-6.910786302061702191e-01
-1.000000000000000000e+00
-9.803516291123505200e-01
1.412209153204446732e-01
6.702540797189153743e-01
1.000000000000000000e+00
-6.636295137076334560e-01
3.027675837023572902e-01
-3.994586265854135343e-01
8.376575782810641302e-02
9.869899296861679439e-01
-6.992334894702748604e-01
9.932706829677491189e-01
-9.997941376489916099e-01
-7.766010580517734851e-03
8.885282608755861178e-01
-1.072328233648780216e-01
8.349715181517163298e-01
1.041744067687513375e-01
6.445469718533732850e-01
1.876562946622229722e-01
-4.012800825092470713e-01
-1.000000000000000000e+00
-3.276093146511669385e-01
-2.898782538052340207e-01
9.361669820942843945e-01
4.257863305712243918e-01
-7.296962309533668867e-01
7.349847236959685670e-01
-5.273578905190052790e-01
-8.279487589286649296e-02
7.104601035649311669e-01
1.000000000000000000e+00
-8.353868668800790154e-01
-1.079422300691645908e-02
-7.385850838218908088e-01
