5.230112794007300003e-01
5.649197115784120315e-01
9.611738860337216694e-01
1.000000000000000000e+00
1.000000000000000000e+00
-5.917911751181748059e-01
-2.935357729200285259e-01
-1.000000000000000000e+00
-4.104176227957326284e-01
-7.830814893863657922e-01
-6.455161780170316499e-01
4.613172691356296484e-01
-1.511246356331122920e-01
-5.786915337730903497e-01
-1.000000000000000000e+00
-4.231432261621446700e-01
1.000000000000000000e+00
5.188154801437585562e-01
1.575989633395085687e-01
-2.577586153898088206e-01
1.000000000000000000e+00
-9.374840016071210869e-01
8.244471497646450597e-01
-7.796997145319419786e-01
-9.597624610424542180e-01
7.080505817682809511e-01
1.090122017905299501e-01
-9.558454148377931725e-01
4.149503068636318792e-01
7.294776091032990628e-01
5.515786214526470221e-01
1.000000000000000000e+00
-3.280302417593707887e-01
5.896103243921528847e-01
-1.896552612776699065e-01
-1.378286241893398323e-01
9.254695315690564250e-02
8.861590673771269078e-02
-6.887750298393017223e-01
-1.000000000000000000e+00
-9.454431111021626144e-01
4.140017059540219702e-01
-3.270279887792792994e-02
3.326565141104181333e-01
5.167955561340437098e-01
-6.106845907974883803e-01
8.322511028623146290e-01
-6.175886302359138158e-01
-2.269214701442331117e-01
-6.796556453282569521e-01
-1.000000000000000000e+00
5.658850923162686009e-01
-5.877558758055900778e-03
-3.901263925545706002e-01
-7.827037772524246817e-01
-6.365890996743586716e-02
2.041288987381574271e-01
4.831748913186197925e-01
5.370361234661563676e-02
-3.720656313008991467e-01
-4.084477778291321637e-01
3.674965108948139991e-01
-6.231923115985932293e-01
4.208428411072986930e-01
2.981903893551984819e-01
5.917829014954847366e-01
-4.170686671819214264e-01
9.796947384393877023e-01
8.320945203584282357e-01
4.383329097769129712e-01
1.000000000000000000e+00
-5.549455569712972158e-01
4.101916282475938647e-01
-6.538996755169569353e-01
7.473924527249073413e-02
1.000000000000000000e+00
9.101525484431864932e-01
-3.872836315696117637e-01
-2.208956754847915815e-01
-2.497662460980669130e-01
2.555404554938026651e-01
-4.569080531768489606e-01
-2.505594945232275106e-01
8.956085884519743301e-01
-9.953827869145114304e-01
7.936598908547963793e-01
5.596138094976151889e-01
-1.000000000000000000e+00
3.855736377666206804e-01
6.415745672100864327e-01
-9.745865768512123051e-01
-5.442066391337995607e-02
-2.456002269584677267e-01
-7.648668039114634443e-01
-9.045281906103890268e-01
-3.797796477739890930e-01
-2.464881608232873944e-01
2.331867305264930801e-01
9.175563694930899405e-02
1.593734954422379446e-01
-1.245973794514326771e-02
9.443815576965940428e-01
-2.109309259601358510e-01
-9.739823783516801670e-03
2.400518688420981706e-01
8.270324486461150260e-02
-8.550178871354195964e-01
-7.251185459309533732e-01
1.000000000000000000e+00
2.712625816409319768e-01
-9.527331876097318020e-01
7.719149418003234953e-01
3.764673149888551063e-01
-1.058254471113087014e-01
-5.720343896887264412e-01
-9.056825010652707064e-01
8.241304604768339148e-01
-2.142611935282019153e-01
2.657242117251249480e-01
1.486350525084438878e-01
-6.403791015691844279e-01
-9.185895969930867322e-01
-6.990575328894171880e-01
-9.415885396859504652e-01
-1.000000000000000000e+00
9.962683092988871003e-01
-1.000000000000000000e+00
5.935422543709445442e-01
1.677097026050688444e-01
-3.503739992290186844e-01
-1.000000000000000000e+00
-1.734950996847714477e-01
6.529436130702557239e-01
5.044924672478948713e-01
-5.219176115673832550e-01
-3.930917077770105794e-01
-2.438485555868852572e-01
-9.109497672138239244e-01
-9.461555341856221490e-01
-9.878696223064155069e-01
-7.347085160573102458e-01
-8.000763873649892055e-01
-1.351745065332960738e-01
-2.875533960145615353e-01
-1.000000000000000000e+00
1.000000000000000000e+00
-7.448925255919868205e-01
1.619804394658480307e-01
1.672902697174075692e-01
1.000000000000000000e+00
5.810813792823285584e-02
8.265242159087038409e-01
8.306431425724654094e-01
-9.894693082288330555e-02
6.132139312884062887e-01
6.902285694996465604e-02
-1.492286691313470526e-01
7.197697622363015135e-01
-1.496679897501540235e-01
-9.368106456731574161e-01
-2.703329527379092490e-01
-9.130597904113842977e-01
1.000000000000000000e+00
1.000000000000000000e+00
2.707706719289125763e-01
-6.774753425030124454e-01
-6.647148664492071868e-01
5.416732565708587410e-01
9.125498531315135997e-01
-6.571649248379860531e-01
3.744752101434096758e-01
-4.179606116664535964e-01
9.716266686700725241e-01
-1.000000000000000000e+00
7.425410386740044499e-01
-3.083666036276925260e-01
1.349151260258416585e-01
3.896993838724746584e-01
3.943722074305638925e-01
-7.074601616477602661e-01
5.349095466627719064e-01
9.761186274224511461e-01
-3.779140979858884863e-01
9.588462118080998131e-02
-8.033720864315465615e-01
3.882917739017321956e-01
7.993484617104238410e-01
7.176700902517370029e-01
6.489681786401614305e-01
7.712262570368847436e-01
-8.557035313780386732e-01
2.930633249692135567e-01
1.814520812264680538e-02
-6.205156615893014926e-01
-2.589088311064473569e-01
-6.387461928555904223e-02
9.662967622667012479e-01
6.223221610104651136e-02
5.558381419347890873e-01
-9.023815201998033331e-01
9.942313421276427476e-01
3.399676745500949671e-01
5.781629808439974205e-01
-1.323363718885294249e-01
-1.000000000000000000e+00
-8.635722071070019989e-01
-2.926496363491556396e-01
4.582406202474637036e-02
-1.437378109237522072e-01
-4.649166758572349789e-02
-7.857964556502626818e-01
-4.567702869284054334e-01
6.465279896971848350e-01
1.000000000000000000e+00
4.498838411824475081e-01
1.554881878587817401e-01
5.805917351188260023e-01
2.253492520057424064e-01
7.263847440350268414e-01
-5.283886535377607663e-01
5.505502611444476058e-01
-4.740973970022286932e-01
6.972498775329168952e-01
-2.150705916082023272e-01
-1.000000000000000000e+00
-7.772344877303968280e-01
-1.000000000000000000e+00
2.492957110447230062e-01
-2.718922949873752160e-01
1.000000000000000000e+00
-1.888385725893034772e-01
3.575273799701692568e-01
2.723504593451901434e-01
9.210904956845287206e-01
3.470518819747502315e-01
4.468707081228144584e-02
-9.037370887100275585e-01
3.246830395912518596e-02
-1.000000000000000000e+00
-5.849608354624030726e-01
-1.000000000000000000e+00
9.256052399386421881e-01
-1.000000000000000000e+00
6.178692530872114119e-01
1.000000000000000000e+00
5.072702173626817412e-01
5.865103154616746473e-01
2.202650844540510189e-01
-3.602651768026816081e-01
-3.256398035398088142e-01
-2.346481689760105405e-01
-2.770707117151915977e-01
4.317765513810744027e-01
1.389109517804034688e-01
7.269511483225491455e-01
-6.850781420760206908e-01
6.452468828047217553e-01
-8.783969529710065061e-01
-8.878888426620916707e-01
-6.123804368523316777e-02
-7.214465552030067119e-01
6.690787792211969620e-01
1.327423765120594734e-01
1.865317332373173376e-01
-9.678419141734514453e-01
