6.460143873401891224e-02
2.290995765563171305e-01
9.831726591962186568e-02
1.000000000000000000e+00
3.895487650836551019e-01
1.000000000000000000e+00
7.650449772639037471e-01
9.353913918185543519e-01
-3.807105791811759010e-01
-1.583690423191737029e-01
-1.000000000000000000e+00
1.904742621417585824e-01
4.618286399855660029e-01
-4.739340205936409811e-01
5.814742697425077100e-01
2.690550572751986835e-01
-1.624051943592215164e-01
-5.008288666978297776e-01
-5.520696664340252191e-01
-1.413846854194121538e-01
1.000000000000000000e+00
-1.000000000000000000e+00
-2.622992460699472561e-01
-2.376130140551699355e-01
5.033684008057958126e-01
5.603005771672169288e-01
-9.660947838248009623e-01
1.000000000000000000e+00
8.286079050532193513e-01
8.166203655253596594e-01
-4.391901877644961982e-01
8.679695974493739641e-02
3.358120865475390515e-02
1.020608112674619150e-01
1.000000000000000000e+00
-4.602259125983563237e-01
-4.447270750159416641e-01
5.147601954941299907e-01
-9.119019120501040687e-01
6.396413612570694962e-02
1.000000000000000000e+00
-1.000000000000000000e+00
-4.277749278004890909e-01
-8.018666758728615340e-01
2.803248331404822880e-01
-2.703703586186256835e-01
-5.418053076028453985e-01
-5.212237673206634447e-01
-5.647161529828262916e-01
-2.496033629133470599e-02
1.652791315178470111e-01
-3.299880112164604307e-01
2.000797251066901983e-02
-1.000000000000000000e+00
-8.186883331852540246e-01
6.517379753618008920e-01
1.000000000000000000e+00
1.000000000000000000e+00
5.301459195202771202e-01
-4.661541221131732526e-01
-1.024851665231774067e-02
7.388341739084287596e-01
4.852989340710380795e-01
6.019945634529727529e-01
-9.945497928504036800e-01
-3.512777222309831360e-01
5.325051437644043872e-01
1.000000000000000000e+00
-7.103848413912779991e-01
7.618178917570759268e-01
5.280010739380796014e-01
7.656137536496163687e-01
-1.375847445078258735e-01
-1.000000000000000000e+00
-5.767627393368379707e-01
1.000000000000000000e+00
-9.735449356312569913e-01
8.029663694882849256e-02
2.156919172718869682e-01
-3.347485523021873077e-01
-3.418846296719513789e-01
-9.381068612415462138e-02
-8.577375977241827876e-01
5.194705937438662269e-02
1.000000000000000000e+00
-7.466990767219594538e-02
2.169043889675276171e-01
5.126662938459929375e-01
6.376476162673854198e-01
6.170190779362935141e-01
5.785462639224351333e-01
1.000000000000000000e+00
-1.000000000000000000e+00
-9.025508679951025348e-01
4.983244337377605304e-01
-4.075101739606486473e-01
3.249505521567773725e-01
9.901893528315607318e-01
9.081092803951374970e-01
4.955951888218548262e-01
3.810223956098666154e-01
6.949009104142255255e-01
-3.043937735389337651e-01
2.903222007914866287e-01
-1.835409481198608805e-01
7.110961945293198250e-02
6.623303642959272874e-01
-6.406527486927859893e-01
7.633299093452365902e-01
-3.802192926877268619e-01
-9.481111930342274174e-01
-4.959413531003162845e-01
-1.000000000000000000e+00
-1.096669342691324323e-01
-5.288045616718526354e-01
-1.850020334421007551e-01
6.947902604779855329e-01
6.837124239878751286e-01
-1.262282341826468646e-01
4.932271752418854183e-01
-4.867478689859363050e-01
-1.000000000000000000e+00
-3.052172458365813856e-01
-3.322470409847783634e-01
-1.000000000000000000e+00
-9.324932513153955105e-01
-4.184413997984672839e-01
7.086034065222175382e-01
2.533705972590888367e-02
9.404230208693528104e-01
5.001358523505348153e-01
-3.425810067777252943e-01
1.020864720047207908e-01
1.000000000000000000e+00
-1.000000000000000000e+00
3.061567357295690295e-01
8.003389034133641111e-01
5.087023534682644232e-01
-1.000000000000000000e+00
-5.736720853295075306e-01
8.986051721605861076e-01
-1.279518354928155244e-02
6.628566360349552600e-01
-5.592838706495744105e-01
-1.395866240540586667e-01
3.036847102791447872e-01
-6.729517630997002842e-01
-1.000000000000000000e+00
-1.000000000000000000e+00
6.809801587865714767e-01
8.739474704028499241e-03
-8.119607538925389667e-01
6.658664556250790123e-02
-3.978338898970408821e-01
-4.986154851401423116e-01
-3.929328466313276036e-01
-8.960067617778604276e-01
-1.937900799229523296e-01
5.321965856624406577e-01
1.641119319264746079e-01
8.819534784475833167e-01
-2.865029980169560564e-01
-8.449739157890787666e-01
-3.806870388975666097e-01
6.369230889995429745e-01
-3.894981109199392999e-01
4.673701962353856709e-01
3.669948776142984981e-01
-7.168980380048054490e-01
-8.604941733309576790e-01
-8.040133869753016693e-01
-9.640278558653436747e-02
-5.151130927902604073e-01
1.174745286792481247e-01
-8.921715961825985031e-02
1.000000000000000000e+00
-3.059801631592021787e-01
-1.656089597717175510e-01
-3.598892923524033005e-02
-3.430690153034245959e-01
1.000000000000000000e+00
-4.766380002313687636e-01
-1.000000000000000000e+00
-1.467898339731754653e-01
-1.012867433948144158e-01
-1.000000000000000000e+00
1.000000000000000000e+00
-5.003680431353011437e-01
9.648024135961215109e-01
-9.365328457629495951e-02
4.976848982897179585e-01
3.296441739245468128e-01
9.386863263465829998e-01
-9.481211167134444562e-01
9.334100996130469952e-01
1.000000000000000000e+00
8.373473479364398342e-01
-3.063431358003461669e-01
2.535251933668822844e-01
2.122160841786483454e-01
9.751978233566090948e-01
-1.000000000000000000e+00
-8.474325283035708534e-01
7.567983540939211551e-01
-6.193173837024694706e-01
-4.422146211632246304e-01
6.040037421405586304e-01
-4.165014580394337251e-01
-1.000000000000000000e+00
-5.522503499872836175e-01
9.856322216377244594e-01
4.699723762350436207e-01
9.999989368497816944e-01
1.000000000000000000e+00
9.246377459377066454e-01
-1.000000000000000000e+00
7.353516839573900343e-01
5.636089169216931261e-01
5.448103964336642457e-01
4.587686892389911675e-01
8.417883419631884134e-01
5.872541507641796388e-01
4.895163121709676379e-01
-4.937630029181065971e-01
2.592839264803785682e-01
4.997469649214106857e-01
-4.440735388433114661e-01
-5.342294233513794621e-01
-1.425176935831685143e-01
1.000000000000000000e+00
6.345640483440719848e-01
-8.915119021307457148e-01
7.271016724090517691e-02
8.674880135301700212e-01
-9.392778104771278003e-02
2.390443436128279475e-01
7.008975479466516001e-01
-1.000000000000000000e+00
-5.108624233883080068e-01
-5.072967490682054326e-01
-1.494650625278380329e-01
-2.995555465310268950e-01
1.759432054610226004e-01
3.027182111849106017e-01
-4.745268503981309172e-01
-7.691218805515329660e-01
2.883572078144655548e-01
3.943435956279933707e-01
5.399366527419550144e-01
-4.581334879096332080e-01
1.000000000000000000e+00
-7.158425652413207274e-01
1.000000000000000000e+00
4.560053616412949040e-01
9.075963763421660557e-01
-3.263248128383340330e-01
-2.903621207467935728e-01
-1.091953628440358592e-01
7.828444112063697169e-01
-5.737592043011759957e-01
-1.000000000000000000e+00
4.120946378064493931e-01
1.817106555190207140e-01
2.431465190077733984e-01
-6.500580140289391462e-01
