-7.103733202317985551e-02
3.636719903053498015e-01
3.961474518931680233e-01
-5.654290035948946747e-01
-8.331989800502985766e-01
-9.957922336586996215e-01
8.757892895868989447e-01
-5.624472242996119142e-01
1.097808412769781666e-01
6.603059819690978438e-01
-5.022535183596522623e-01
-5.075887592766541445e-01
-5.097760260371527741e-01
-2.260935809098854332e-01
3.421909588740945085e-01
6.227295143057560711e-01
8.903505212222578846e-01
1.162491582443295202e-02
2.478152159984807201e-01
-2.585548516695486132e-01
9.202927382824137581e-01
-8.526113165544360051e-01
5.602511058333725646e-01
-1.309678940186967400e-01
-1.189686892447038291e-01
-3.675654410757117629e-02
2.312996357639113543e-01
2.587689472558976078e-01
-1.911636598283365795e-01
3.950784186326979919e-01
-7.726514277903037131e-01
1.000000000000000000e+00
1.000000000000000000e+00
2.535584390920497810e-02
-1.279769478600566723e-01
9.682674894729255133e-01
-7.037359200012643923e-01
-8.612002477242001186e-01
2.456486206521143190e-01
-8.089953458377192597e-01
8.664582739758095453e-01
1.000000000000000000e+00
1.864083065509608284e-01
1.040009911782183438e-01
1.000000000000000000e+00
-4.230204786473872325e-01
3.172946309691084821e-01
-3.308491251959699841e-01
-1.000000000000000000e+00
-3.341534243001914040e-01
2.562950587651352530e-03
6.626778888721356342e-01
1.000000000000000000e+00
8.845036046367968918e-01
2.607066694370145932e-01
-6.260907324147879649e-01
-4.080573417727219598e-01
2.440163470203009777e-01
1.855972426100018779e-01
1.000000000000000000e+00
1.000000000000000000e+00
-6.743953641328640503e-01
2.492181094316959222e-01
-1.694503316417962646e-01
-1.000000000000000000e+00
-1.104251814062459647e-01
-8.487711818343567360e-01
5.685717383897519461e-01
6.806583227737266206e-01
-6.937265868445843808e-02
-6.500822846071128147e-01
9.107803857857044161e-01
1.647395829149152502e-01
-3.154390273735774297e-01
2.639145691103482183e-01
4.272144604930803724e-01
2.706648339841053463e-01
7.407568473599690506e-01
-1.163468570860359819e-03
-5.809151909855317930e-01
-2.315318915175547665e-01
-1.911359877087448200e-01
-1.099593068266847273e-01
-4.523957938374954801e-02
-4.554203100175439056e-01
7.088912711116819310e-01
6.249247258768260149e-01
-6.045380305197323167e-02
-6.131991133887332301e-02
-2.471050443293172361e-01
-2.662328780757628466e-01
7.924685434008528206e-01
3.486933628246048356e-01
2.406336158308859940e-01
7.358818685218052602e-01
-9.934435474386194009e-01
-4.823071557255960151e-01
8.973392032994845779e-01
-8.686366192503371941e-01
6.684117477464265322e-01
-9.670502153617588359e-03
4.805626020932256548e-01
-4.594466049375194316e-01
3.500438655784110509e-01
4.543129187231446098e-01
-4.367301841083637282e-05
-7.185676570731586166e-02
-1.000000000000000000e+00
-1.000000000000000000e+00
2.288200623620895990e-01
6.656368954199469723e-01
3.314564967755894154e-01
2.244156755636637635e-01
-3.412590483910816208e-01
-8.495571198962669213e-01
-4.334471209493494515e-01
1.244048794663054208e-01
-7.392082823685082182e-01
3.552719839811664393e-01
-4.059337293071384467e-01
8.210854753992742339e-01
8.972860213589621825e-01
7.547660138841782995e-01
-4.745122796050864622e-01
1.433271846696739515e-01
3.185636903426177224e-01
-3.334145200087161864e-01
4.178033549271522040e-01
1.000000000000000000e+00
5.252566825567258624e-01
8.648705925600872479e-01
3.142565079013658891e-01
4.148195780507313857e-01
7.773857399969741344e-01
3.723901352286044242e-01
-4.407143665478525651e-01
7.773469144050153545e-01
-7.300203775654436900e-01
9.513241061739076132e-01
1.567100595829841736e-01
1.000000000000000000e+00
1.000000000000000000e+00
4.706486302611916361e-01
1.705478646819974520e-01
-9.342433676389954034e-01
4.109399057552391987e-01
6.309819825355011957e-01
-9.435571592826781373e-01
8.472826954213397155e-02
8.542563861403217329e-01
3.460847819678876114e-01
2.626531152316187445e-02
-9.858013609068575489e-01
9.858612284531316217e-01
-1.446105569396740620e-01
1.540076474362895020e-01
-5.420852843094570161e-03
-6.360887281628410106e-01
-1.000000000000000000e+00
2.232851690058270666e-01
7.847881045787467036e-01
-1.000000000000000000e+00
9.755375051425547728e-01
3.755631112174422082e-02
-2.192754212130580416e-01
-1.000000000000000000e+00
-8.431570059040092158e-01
-4.507859600584452342e-01
-1.000000000000000000e+00
-9.270580653129754101e-01
3.178244032369066940e-01
-7.052157788101401370e-02
-8.176154818928028645e-01
-2.219355677318614883e-01
4.794999191954263384e-01
3.226278317726118949e-01
8.174295884597402306e-01
-1.000000000000000000e+00
-3.601858448890283282e-01
-5.047579491696785325e-01
6.335299276438429716e-01
-4.638174008117253444e-01
6.092825081657464725e-01
-1.000000000000000000e+00
1.000000000000000000e+00
9.900972752593696358e-01
-8.352192890529491764e-03
-5.226290948708727235e-01
-5.609905081272987815e-01
-1.000000000000000000e+00
1.000000000000000000e+00
2.718594615650178348e-01
1.807729814594719042e-01
3.725457709737594603e-01
6.840272062664004560e-01
9.358335309586733874e-01
7.778702631970171311e-01
5.434776394646414488e-01
-1.000000000000000000e+00
-5.382491158027327138e-01
-1.505028479792480389e-01
2.696514963236981144e-01
-1.925084872954766213e-01
3.658088320229965218e-01
-9.123731885506654038e-01
9.517044343632532488e-01
-3.666030162978560769e-01
-6.350977884517102767e-01
4.081014331486265689e-01
-5.093401525107768002e-01
-1.000000000000000000e+00
5.108903074560409152e-01
-1.000000000000000000e+00
1.000000000000000000e+00
1.086389155026781794e-01
7.760073185571939591e-01
1.000000000000000000e+00
2.091388411941866587e-01
9.101372853076301617e-01
3.989253531262244579e-01
-5.369763877731298374e-02
-8.954199203880397473e-01
-6.450805254814844236e-01
-4.896934821668835758e-03
-5.373113995240078600e-01
-9.629932421728958081e-02
3.469199885747076273e-01
9.220031880274019986e-01
-7.766901257852690810e-01
1.664447789003031808e-01
-7.138660136188358374e-01
-1.000000000000000000e+00
-9.634325124812281871e-02
-3.514601687485187087e-01
5.748598550292242093e-01
-2.526564734266753542e-01
-7.308501394293234754e-02
7.548955369211033384e-01
-4.022358812390932070e-01
1.090324487893657712e-01
-2.351929181039377204e-01
8.281221887821175187e-01
-5.268459822389901515e-01
9.829890993854896175e-01
-5.027749572774087294e-02
-7.970744706626655685e-01
-2.815212797953021706e-01
1.000000000000000000e+00
4.166639194817598479e-01
1.000000000000000000e+00
9.991455958047095187e-01
5.609308499705666362e-01
3.147196094151248902e-01
5.266438173654950372e-01
1.000000000000000000e+00
6.251012465007945718e-01
-1.000000000000000000e+00
8.308922547074502063e-01
-3.731749616149225846e-01
-8.234042844672311290e-01
-6.334066064438161892e-01
-6.080287215195828709e-01
-9.278301799971703234e-01
-8.583943286097364123e-01
7.632852064953131732e-01
