3.488588894033894938e-02
1.000000000000000000e+00
2.484044814299055659e-01
1.810053332476561638e-01
5.887877715482061625e-01
1.123113735473884045e-01
-3.197179315700209301e-01
3.022821512298028424e-01
4.632994969533603680e-01
6.228642340925637511e-01
-6.725690024184036719e-01
5.393988654325350129e-01
3.679136293827101056e-02
-2.711633262172399306e-01
2.802618318342182668e-01
4.722930504142968111e-01
-7.688707663862339725e-01
-1.000000000000000000e+00
-9.744661218329319086e-01
4.556351671986711427e-01
5.908713136224417184e-01
-6.538244140573363783e-01
5.467501232805122013e-01
-1.000000000000000000e+00
-9.925624376788603209e-01
1.099382225027336346e-01
-8.674045633544676948e-01
2.279447488531212151e-01
6.886271952756137793e-01
-2.328276668202576283e-01
-4.235014543420547173e-01
3.067260144720084236e-01
3.473001155002048979e-01
-9.256949338449566023e-01
1.000000000000000000e+00
-4.529747417208190852e-01
-8.754674089141515347e-01
3.689802349835870077e-01
1.208039804127207240e-01
8.624068137170644022e-01
-6.890364107407167538e-01
1.000000000000000000e+00
2.408206313633085571e-01
-3.582570224623471411e-02
5.996961107335549990e-01
7.390211060953544298e-01
9.929623187574618814e-01
-4.619527418263995600e-01
-8.027152877678020992e-01
-5.353828479323367029e-01
-7.834176851986911494e-01
5.271610051647468431e-01
-5.053890713853754768e-01
-1.121678514836705609e-01
-5.325450670580819112e-01
7.220262820115785907e-01
6.642521136431491779e-01
5.494589462441807903e-01
-7.482882816183833441e-01
8.433724857179667467e-01
-1.749923214229542889e-01
4.662115333942227213e-01
4.356937601668811055e-01
-1.982020966969495930e-03
6.947081671433867900e-01
-1.000000000000000000e+00
9.922182361781550775e-01
-5.941456874357879947e-01
8.429096849177617479e-01
-3.061710574294536080e-01
-3.028193943037276736e-01
-1.187696715429780170e-01
-7.067045364375499350e-01
-4.364854986832613637e-01
-4.875714124069492339e-01
8.249489646529930553e-01
2.422439743790226474e-01
-9.111592801184196233e-01
1.936119213155707841e-01
5.478874728586917708e-01
-7.953550973851590822e-01
7.787219370416572639e-01
-9.010162099372336364e-01
5.282702618744878897e-01
1.173052368730172490e-01
2.191387981604724366e-01
1.593637612317640867e-02
8.920387473186719429e-01
5.671926874456245660e-01
7.253009912023684613e-01
1.759199875778389710e-01
-4.080479040922002643e-01
-2.601443319007197275e-01
3.539068992389497459e-01
1.530401764389509034e-01
-1.000000000000000000e+00
-6.084445959042837915e-01
-5.272148813260916222e-01
-7.038209797683343538e-01
8.950106178591243911e-02
-6.767076633461923674e-01
-2.237770824394735847e-02
-1.985070469460158415e-01
2.082162016823336792e-01
-9.985792141144782530e-01
1.000000000000000000e+00
-6.011892177647981672e-01
8.951339113902870848e-01
8.016919049855463220e-01
5.593302999405098674e-01
7.890021507765554443e-02
-4.978736632208063950e-01
9.761811382461260678e-01
5.114574469872201767e-01
-5.536306500279887244e-01
-5.865059115615165464e-01
-8.776531976803904067e-01
7.369904021138817818e-02
-3.439290070124584875e-01
9.321643755661985775e-01
8.580741326116188006e-01
1.487430982882786135e-01
1.000000000000000000e+00
-9.154804665488425197e-01
-7.547580239024143101e-01
3.108202722927252415e-01
-2.852667911028996528e-01
1.597491602196531857e-01
-9.511823678054112108e-01
-6.008398247048412077e-01
3.893906554175591284e-01
7.517219488290893814e-01
-3.956134140813510891e-01
9.646951354215407837e-02
9.315056835636917887e-01
6.005852110383247400e-02
1.000000000000000000e+00
-8.709486315755941011e-01
-3.640463654074027611e-03
-7.079094351438729449e-01
6.456161088501313206e-01
1.000000000000000000e+00
1.000000000000000000e+00
-2.904015389146190618e-01
1.000000000000000000e+00
-1.000000000000000000e+00
-3.421166136660591661e-02
-7.104633444797658903e-01
2.293705508921423109e-02
5.115691316344965767e-01
-6.494254440272154705e-01
2.229839563577620531e-01
1.000000000000000000e+00
-1.000000000000000000e+00
-2.143615349729417474e-01
-5.090459972876049122e-01
1.122257783471711234e-01
-9.412253396241480052e-01
1.000000000000000000e+00
7.862275637043556475e-01
1.904902794347653749e-01
4.188197176366215135e-01
-7.047290791776775754e-01
-4.513617312632103307e-01
1.000000000000000000e+00
-1.139454138744698808e-01
8.275561596847156309e-01
8.228506387907498221e-01
9.885770000929521295e-01
2.537012991641606208e-01
1.467679042123193334e-01
1.000000000000000000e+00
2.484116728337590063e-01
-7.111682766127693789e-01
6.552574776569144444e-01
-7.728569449065878505e-01
-6.230894241740960737e-01
8.627234114463342429e-01
7.267742950305454697e-01
4.980397516366049104e-01
1.678181926790078271e-01
-4.756295675609529816e-01
-6.429869370372571780e-01
-3.079845923611492786e-01
-5.099554594311918321e-03
9.361275709214068597e-01
6.771799442773794864e-01
-1.000000000000000000e+00
-3.109364029012162689e-01
-2.290725471806374647e-01
9.229243704037490836e-01
1.496284855781239709e-01
4.604957477510329689e-02
-6.816288678388813249e-01
2.154933196847041987e-01
-8.440483566857223119e-01
8.548072531816038877e-01
-1.859897192386836262e-01
6.960509011733229112e-01
7.929360402489912252e-01
-2.730956534482786857e-01
9.418602920024644887e-03
-5.592280404184499787e-01
1.197712224194358299e-02
-8.979946871092781002e-02
-3.165891364545849740e-01
-3.613017610868267671e-01
-2.387528121124307123e-01
-1.067683198767932495e-02
-2.219271351527679625e-02
7.273503324660430813e-01
-8.434828980610196147e-01
7.577335715167200503e-01
-1.633956789540564336e-01
8.580035161962235035e-02
3.165296767815218293e-01
7.133906928267328418e-01
6.530703622055586965e-01
5.263369542975862014e-01
-2.180521276908097272e-01
-6.417131238453270825e-01
-6.713924609889717621e-01
8.789303845309925922e-01
1.000000000000000000e+00
-3.104572475999065606e-01
-2.855279012367921698e-01
7.752983963862100647e-02
7.516505910756254849e-01
4.436342194970648301e-01
8.046448724355881321e-01
4.419769991340700699e-01
2.572924413994497894e-01
5.844795715077566456e-01
4.949087735100370367e-01
-7.475400762491279938e-02
-5.046205257006262102e-01
9.919008995198903555e-01
4.868602373813864514e-01
-5.926250678496409741e-01
-4.373115758840883660e-01
-6.693910689807924808e-01
-1.000000000000000000e+00
2.714050045718610082e-01
-3.096658796355011845e-01
6.130228097438790158e-01
5.123980724294270317e-01
3.951584751870083068e-01
-7.080287952992130318e-01
-3.231657681597164267e-01
4.648291798353040849e-01
-1.550455519033837049e-01
-5.124790572743864736e-01
-6.483354553809979048e-01
8.974783305090171526e-01
5.797113810060205985e-01
-1.000000000000000000e+00
-3.485694476371588579e-01
-6.014139940281928443e-01
-3.778113127844439506e-02
3.698107780971437442e-01
4.235590791103538422e-02
6.298224759715349563e-01
-8.732147630268156657e-01
1.298986994043649368e-01
2.738256250296542196e-02
