1.928542542176607255e-01
7.118230107760140646e-01
4.812486446389855343e-01
-5.032228618625277372e-01
-2.505113953501295621e-01
9.225270405341255975e-01
1.391741739661679911e-01
1.000000000000000000e+00
5.026087934845292482e-01
-2.276496640965790241e-02
5.420339714399310393e-01
-1.000000000000000000e+00
-7.062484394207607652e-01
3.814979397613499912e-01
-1.604031962361691099e-01
4.589497773559664262e-01
-3.454751144612096952e-02
2.438964230491460494e-01
3.120753309684642374e-01
-2.501748461882451480e-01
5.898001618009914848e-01
3.567146543620005605e-01
9.164850835600366619e-01
3.402809674691024688e-01
2.372219731776002705e-01
-4.670769796710276811e-01
-1.342674428076754377e-02
6.679480706040189508e-01
-2.074061444654341224e-01
-1.000000000000000000e+00
6.881562679023305318e-01
8.971508023467211768e-02
4.622976331547146711e-01
-8.828990152683736936e-02
1.636984276068842448e-02
3.776661226474881117e-01
7.213975627699309445e-02
-7.702068310561202003e-01
-1.000000000000000000e+00
-5.264900666182353861e-01
-6.182905102810095643e-01
1.000000000000000000e+00
-5.887588925112483551e-01
-5.502782825296990143e-01
3.858304066060107562e-01
8.907607977144579303e-01
3.065655878161524170e-02
6.508871983122138660e-01
-5.855873050685919678e-02
-4.521349521931715687e-01
-3.811089822313801223e-01
-7.259551625199744951e-01
-1.000000000000000000e+00
4.209206635075887215e-01
3.752376852038474264e-01
1.773424305235443144e-01
9.195470936843732623e-01
-4.590284691974794162e-01
-2.082537912106250944e-01
-4.274854154178481247e-01
1.089465696624074276e-01
-2.903418786055357304e-01
1.773761515686058665e-01
-4.038285295410544706e-01
-8.878002191597869075e-01
-3.647531998229051053e-01
-5.852391997691499537e-01
-7.415512277365885474e-01
4.701258817300391080e-02
-1.000000000000000000e+00
8.206377589029471842e-02
-1.000000000000000000e+00
6.007962095317925799e-01
-9.968482498501378686e-01
-1.455302311273298232e-01
-7.077732075866537409e-01
-7.427366357477567238e-01
-9.370372748556801135e-01
1.000000000000000000e+00
-3.610726428275299882e-01
-6.854539050305180625e-01
3.120422406040053442e-02
6.014016962256693022e-01
7.623992773648121668e-01
2.317282219312843117e-01
9.261134725857391725e-01
-8.846496425839289746e-01
-8.231644833184526000e-02
-1.000000000000000000e+00
8.867836632633951943e-01
-1.868355094831093410e-01
-8.203670220060722551e-01
-1.000000000000000000e+00
-6.161229466769150287e-01
8.316392986433440715e-03
-2.045552907854835401e-01
2.010878594991658275e-01
8.482191273530244047e-01
-3.474896536055496754e-01
-9.087579029536497766e-01
-8.713909301995139689e-01
-8.295054101552139514e-01
9.195531414633477674e-01
5.067833742019407506e-01
4.300727591160855012e-01
-3.760374404769039614e-01
7.396974166154788310e-01
-1.000000000000000000e+00
-1.000000000000000000e+00
-8.537309001557394916e-01
4.663143321324386137e-01
3.106640150000055112e-01
4.972930649691936766e-01
-5.080612425382489139e-01
-3.994377836702284745e-01
-8.152550220854599683e-01
-1.000000000000000000e+00
3.836431325073212384e-01
8.074735852020939464e-02
-4.837469780565045729e-01
-7.022061429590609194e-01
-7.021949965441470765e-01
-6.880731816753868357e-02
8.685910388529505255e-01
-1.000000000000000000e+00
5.223289200539193988e-01
-5.200142279886891261e-01
-7.927849247734772842e-01
-4.615229384114495348e-01
-2.218244632313354225e-02
1.650668508799477130e-01
-7.735972610699044516e-01
-9.652428474015711801e-01
-5.197373242771127777e-02
2.825124965217405415e-01
-6.913019668703361820e-01
-2.981778426592971432e-01
-9.260484305579236297e-01
5.477811695122603020e-01
6.232311808122236174e-01
-8.727740393893729243e-01
-3.840981567282475417e-01
-5.086298309601374745e-01
-5.383620342246994150e-01
-4.854874406717682445e-01
6.470786623782293079e-01
1.000000000000000000e+00
-5.401313470424451424e-01
1.000000000000000000e+00
-8.396821320518322862e-01
7.660335796700459277e-01
-5.800211324554540582e-01
-5.075931606501314919e-01
2.299885063387787920e-01
1.013056952305196184e-01
-3.177650196703973862e-02
-5.300821050042354710e-01
9.737788784481957727e-01
4.733996797899751585e-01
-5.474523675483686236e-02
7.955415586352102553e-01
-5.568631310872607099e-01
1.204066988114026182e-01
7.369043914067452405e-02
-7.581459936920791343e-01
-8.063252798663819165e-01
1.063618990221669169e-01
-1.483367358121632229e-01
-4.379823053555348400e-02
5.079747559080967090e-01
8.759568944733000517e-01
7.565185123158201241e-01
3.083680573171931893e-01
-5.685013478502033424e-01
-6.243335146533103286e-01
-5.747235396322416534e-01
-3.725928479998988352e-01
8.573968921264933929e-01
-6.555423930545372091e-01
3.413334842340890463e-01
2.060869029369121197e-01
-1.000000000000000000e+00
5.496575580864093702e-01
4.237001071798544155e-02
5.363238490657684654e-01
-5.184770118729988692e-02
6.202613304696624752e-02
-6.482750418959847272e-01
-1.000000000000000000e+00
6.783255304045724410e-01
3.697684268463418134e-01
5.963549108841275093e-01
-6.784579126033307706e-01
2.646794590174426087e-01
-9.479876635297497245e-01
-4.583419350069019016e-01
-5.959400876194209662e-02
8.546214762691681788e-01
-9.032730754419994179e-01
7.289627129016856832e-02
-2.865501330390365364e-01
7.762514415644388155e-01
6.354625569650889094e-01
1.000000000000000000e+00
5.242480115240025912e-02
7.828775344147781423e-01
-1.000000000000000000e+00
-8.952376320373144347e-01
1.000000000000000000e+00
7.121374953498332827e-01
-9.863007158905298111e-01
6.957853391807752863e-03
-9.733442651617187913e-01
5.446092611435355071e-03
7.362950072746311525e-01
-1.000000000000000000e+00
6.351665261659346084e-01
8.592235054220667134e-01
9.738295480601940612e-01
7.071678465447017725e-01
-6.937080475613369712e-01
-3.021885365629907172e-01
-1.758338064630663444e-01
3.572529292374430065e-01
-3.371530544103292781e-01
5.261213704628969756e-01
-1.364391754890539321e-01
7.455800226351297910e-01
7.042303351057810357e-01
6.729859528324273477e-01
-5.581091914584779268e-01
-3.410803497862117117e-01
8.286094899919982382e-01
-1.533630648246636641e-01
-4.878343934198815512e-01
-9.170816166109692080e-01
-6.932238496030306285e-01
1.500997129509604733e-01
1.984556796286421065e-01
-1.000000000000000000e+00
-8.669398644923909103e-01
-3.276949564266615766e-01
1.000000000000000000e+00
-1.871600774453924254e-02
8.544324790157661886e-02
-6.324598191710959494e-01
-7.564974380832569789e-01
2.131440366324365565e-01
3.115803174841530465e-01
7.037433297688878708e-01
9.599767056022262546e-01
3.788844107479132362e-01
2.550459968767345709e-01
3.616530374561197081e-02
2.061006952915020105e-02
-2.675997866846842599e-01
-3.932119649356294877e-01
-7.625304087591797120e-02
1.981334867001273425e-01
9.350619487730892354e-01
6.948830558739726992e-01
7.277256195084100820e-01
3.756268577509885298e-01
-9.471248023701409613e-01
-8.255867948058335237e-01
