0.540006
0.057546
-0.057287
0.342933
0.477938
0.852336
-0.500312
-0.837530
-1.000000
0.421108
-0.002277
-0.605671
-0.610159
0.859045
0.012140
1.000000
1.000000
-0.072103
0.325703
-0.826009
0.986860
-0.169495
-0.357721
-0.047972
1.000000
1.000000
0.723402
-0.954632
0.330819
-1.000000
-0.683032
0.220327
-1.000000
0.150577
-0.039020
0.876814
0.117480
0.126637
0.710163
0.408226
-0.658582
-0.024267
-0.607642
-0.872077
-0.347702
0.840708
0.290086
0.490084
0.610514
-0.973940
-0.031321
-1.000000
-0.614561
-1.000000
0.523427
-0.188424
-0.779204
-0.792314
0.381790
0.419749
0.826635
0.408309
1.000000
0.655961
-0.715762
0.598359
-1.000000
1.000000
-1.000000
0.712996
-0.854023
-0.048230
-0.659569
-0.467169
0.173832
0.371651
0.109499
0.330676
-1.000000
-0.539571
-0.537553
1.000000
0.761528
0.221099
-0.459254
0.094238
0.568751
-0.886754
-1.000000
0.984927
-0.093084
-0.700241
-0.812209
0.685034
0.059593
-0.389385
1.000000
-1.000000
0.254652
-0.471153
0.826945
-0.757040
0.497972
0.559297
-0.094062
-1.000000
-0.109907
0.186538
-0.671070
0.409235
0.276826
0.637527
0.693011
0.471248
1.000000
1.000000
-0.008468
0.254435
0.401803
0.576698
-0.315025
-0.321139
1.000000
0.099157
-0.161292
0.420662
0.721834
-0.090365
-1.000000
-0.071688
-0.597275
-0.636008
-1.000000
1.000000
0.138751
0.404748
-1.000000
-0.214058
-0.003118
-0.755009
-1.000000
-0.631184
-0.648696
1.000000
0.121724
-0.187421
-0.505021
0.522819
-1.000000
-0.218262
-1.000000
-1.000000
0.750593
-0.757264
-0.801778
0.799986
-0.435400
-0.907510
0.569771
-1.000000
-1.000000
0.130485
0.986066
0.176079
0.276694
0.063679
-1.000000
0.027961
0.415820
-0.311021
-0.471823
-0.510140
-0.146723
-0.845419
0.774385
-0.176782
-0.003424
-0.599710
-0.893021
1.000000
-0.459350
-0.290246
0.833721
-1.000000
0.325583
0.651497
-0.191487
1.000000
-0.196222
-1.000000
0.832196
0.718677
1.000000
-1.000000
0.768483
-0.027460
0.248954
1.000000
0.063945
-0.214216
-0.499075
-1.000000
-0.557275
1.000000
-0.816574
-0.535182
0.808630
0.845539
0.181934
0.742006
-0.948092
1.000000
1.000000
0.311817
0.673171
1.000000
-0.384556
-0.524615
0.897603
1.000000
1.000000
0.614559
1.000000
-1.000000
-0.603709
0.040233
0.380715
0.716331
-1.000000
0.417299
0.186983
0.840618
1.000000
1.000000
-0.034146
1.000000
0.316574
0.732180
0.890409
-0.164684
-0.247121
0.161433
0.117079
0.235948
0.238836
0.084395
-0.371092
0.645064
1.000000
-1.000000
-0.146390
0.684813
-0.950641
0.841703
0.841276
-0.001322
0.033609
1.000000
-1.000000
0.686321
0.084194
-0.820683
0.343857
0.011250
-0.395324
