-31.200000
4.000000
-1.000000
88.000000
-1.000000
-1.000000
62.800000
-1.000000
91.000000
7.000000
0.344986
-0.930963
-0.117821
0.246710
0.473385
0.704971
-0.334271
0.190285
0.103889
0.704784
-0.705369
0.516672
-0.737008
0.278185
-0.449046
0.401906
-0.097454
0.361622
-1.000000
-0.772107
0.218256
-0.567637
0.892227
1.000000
-0.546815
-0.617179
0.725329
0.118785
0.044491
0.738930
0.207641
0.926186
-0.606694
1.000000
-0.058280
0.674419
0.320585
0.267271
-0.551074
-0.282927
-0.303905
0.232227
0.189264
0.675102
0.379528
1.000000
0.992515
-0.843108
0.471041
0.214684
-0.501270
0.442181
0.956165
-0.741239
0.846663
-0.388596
-0.590299
0.162121
-0.521848
0.360267
0.421092
-0.043188
0.332762
-0.855564
-0.671478
0.852921
0.317052
-0.225685
-0.952921
-0.881738
0.036835
-0.992870
-0.583561
-0.036184
-0.439685
-0.374736
-0.098763
-0.931161
0.194345
-0.117838
-0.953158
0.696421
0.790964
0.923633
-0.629755
0.386678
0.377347
0.670463
-0.992173
-0.055072
-0.417761
-0.438793
-0.654488
0.236614
0.207837
0.753034
0.474080
-0.338861
0.295589
-0.915331
0.850963
1.000000
-1.000000
0.599610
-0.676994
0.682955
-0.683945
0.285027
0.228948
-0.817370
0.741810
-0.656301
-0.133553
-0.308894
-0.594100
0.523821
-0.463470
-0.590984
-0.672842
-0.381496
-0.901276
-0.126864
-1.000000
-0.829869
-0.238319
0.799749
0.552062
1.000000
-0.917506
-0.770403
0.156746
-0.631126
0.496796
0.789666
-0.544791
0.222428
0.880240
-0.603306
-0.466696
-0.650351
-0.349843
1.000000
0.922983
0.667987
0.321644
1.000000
0.120736
-0.785816
0.076609
0.108664
-0.406282
-1.000000
0.212033
-0.013558
-0.663276
-0.763060
-0.352362
0.841007
0.832762
0.496295
-0.344824
0.772444
-0.853469
-0.033740
-0.815069
-0.356509
-0.654736
-0.676523
0.095003
-0.375732
-0.935917
1.000000
-0.508777
0.860322
0.651438
-0.694001
-0.383246
0.250374
1.000000
-0.178200
-0.378650
-0.036168
-0.292056
0.509696
-0.806852
-0.895141
0.432040
0.578866
0.216383
0.904702
-0.250292
0.694195
-0.679325
0.586558
-0.458348
-0.526163
0.684537
-0.320741
-0.796611
0.824861
0.158965
-0.555752
-0.895597
1.000000
0.656099
0.631252
1.000000
0.334217
-0.341192
-0.337096
-0.881654
-0.751648
1.000000
0.374102
-0.251643
-0.986038
0.868744
0.399226
1.000000
0.396675
-1.000000
-0.295813
-0.155322
-0.274814
-0.753267
1.000000
0.858709
-0.020295
0.721490
1.000000
0.326118
-0.192774
-0.160349
0.930764
0.317173
-0.519254
0.457906
-0.248290
0.599245
-0.619704
-0.173521
-0.887079
-0.149402
-0.394870
0.784303
0.003527
0.637653
-0.573497
0.574484
0.796846
-0.114073
-0.041421
0.665460
-0.637080
-1.000000
-0.887565
0.378342
0.731490
-0.693106
-0.904564
-0.120977
0.204463
0.155491
-0.848924
-0.834505
