-725.400000
0.000000
-1.000000
-1.000000
-1.000000
-1.000000
-1.000000
-1.000000
-1.000000
-1.000000
1.000000
0.609409
0.485810
0.752770
0.475411
0.013908
0.295569
-0.298308
-0.260411
0.038471
0.539743
-0.024043
-0.432768
-0.775851
0.473488
-0.391187
-0.630458
0.351684
-1.000000
-1.000000
-0.556747
-1.000000
0.440508
0.965338
0.204408
-0.270624
0.131949
0.818259
-0.835258
0.584279
0.421615
-0.400343
-0.736215
-0.930822
0.358050
0.305155
0.363614
-1.000000
0.772760
0.120983
1.000000
0.632160
0.010467
-0.296834
0.132758
-0.240430
-0.455552
-0.154634
0.740382
0.984997
-1.000000
-0.526884
1.000000
0.726202
0.082334
1.000000
0.743360
-0.744284
-1.000000
0.007949
0.598027
0.688494
1.000000
-0.239558
0.580898
-0.345102
0.764136
0.457816
-0.235822
-1.000000
-1.000000
1.000000
0.057521
-0.095834
-0.863922
-0.233716
0.582360
0.664071
-0.179633
0.474921
-0.253150
-1.000000
-0.827196
-0.721453
0.328339
-0.854919
1.000000
0.946738
-0.410198
0.343794
-0.884013
0.061892
-0.766303
-0.497108
0.063632
0.831458
-0.197075
-1.000000
1.000000
-1.000000
-0.647655
-0.758905
0.194296
1.000000
1.000000
-0.457036
-1.000000
0.545096
-0.017230
-0.190089
0.560887
0.839217
0.810470
0.677702
-0.529622
0.585254
0.168119
0.270608
1.000000
-0.433000
0.202785
-0.577384
0.709689
0.090741
-0.049477
0.184432
-0.602322
-0.018615
-0.890941
-0.071794
0.715038
1.000000
-1.000000
-0.298215
0.302198
0.433278
0.563812
0.589270
1.000000
-1.000000
0.977730
1.000000
0.854110
0.283843
0.955985
-1.000000
-0.213746
0.706724
-0.652301
-0.787713
-0.740276
-0.949798
-0.437398
0.547198
-1.000000
-1.000000
0.725446
1.000000
0.834627
-1.000000
0.244146
-0.014794
0.010171
0.694770
-0.201982
0.513305
0.230089
1.000000
-0.441584
-0.904623
0.833565
0.111094
-0.569696
-0.632662
-0.714902
0.052454
-0.069918
-0.118750
-0.197592
-0.734425
-0.926622
0.420642
-0.753029
-0.566732
-0.369435
0.608449
-1.000000
-0.668866
1.000000
-0.159556
-0.228346
0.110085
-0.148431
1.000000
-0.980098
-0.633557
0.281273
1.000000
-0.574049
-0.524298
0.019399
0.316155
-0.660690
-0.730479
1.000000
-0.565419
-1.000000
-0.531768
0.424661
-0.316115
-0.413097
-0.137073
-0.522067
-0.024459
-0.404415
-0.132254
-1.000000
0.996794
-0.099052
0.839876
0.337694
-0.146869
0.452254
-0.630663
0.466585
0.397051
-0.646701
-0.908602
0.868916
1.000000
-0.071096
-0.073147
-0.500415
-1.000000
1.000000
-0.988281
0.009355
1.000000
0.520501
0.928814
-0.631550
0.564425
0.879250
-0.491498
0.258018
0.402304
-0.328492
0.594129
0.421871
-1.000000
0.940761
0.928911
-1.000000
-0.150791
-1.000000
-0.655498
-0.747340
0.121959
0.561420
0.089561
-0.196405
-1.000000
-1.000000
-0.589962
-0.327645
