-225.400000
2.000000
-1.000000
70.000000
-1.000000
-1.000000
64.600000
-1.000000
-1.000000
-1.000000
1.000000
0.718885
-0.889791
-0.693238
-0.227438
-0.689649
0.692857
0.470436
0.450801
-0.468482
-0.707536
0.296930
0.553852
0.649815
-0.922406
-0.189793
-0.528182
0.439308
-0.046479
-1.000000
-0.174058
-0.440783
0.341729
-0.990238
-0.170399
0.769478
-0.361947
-0.279451
-0.337026
0.889084
0.191893
-0.724909
0.228721
0.576953
-1.000000
0.675399
-0.675342
-0.216166
0.246086
-0.450339
-0.776171
-0.521967
-0.157956
-1.000000
0.558993
0.023151
0.296291
-0.624416
0.445480
0.110511
0.666576
0.757932
-1.000000
0.083837
-1.000000
-1.000000
-0.030907
0.080514
0.814988
0.246917
-0.191648
-0.490819
-0.105402
-0.969536
-1.000000
-0.697381
-1.000000
0.093099
-1.000000
0.647906
-0.990086
0.019390
-0.162117
-0.117643
-0.737523
0.178117
1.000000
-0.211526
1.000000
-0.124284
0.242514
-0.466071
-0.110475
-0.048338
-1.000000
-1.000000
0.404829
0.077857
-1.000000
-0.422660
0.289900
1.000000
0.606333
-0.677382
-0.137372
-0.950623
0.607944
0.025700
-1.000000
0.074788
-1.000000
-0.026315
-0.905513
1.000000
0.699676
0.249353
-0.855585
-0.189994
0.754719
0.154140
-1.000000
1.000000
-0.975224
-0.923028
-0.174067
0.337554
-0.851716
-0.082015
1.000000
0.457312
0.790070
0.099996
0.296404
0.767967
-0.744321
-0.735030
1.000000
-0.848824
-0.596146
1.000000
0.656614
-0.857976
-0.156959
0.231348
0.413712
-0.235407
0.788261
0.548751
0.167789
1.000000
-0.230843
-0.076096
0.342327
-0.445947
-0.989282
-0.721352
-1.000000
0.895195
1.000000
0.226822
1.000000
0.042491
-0.929789
0.092006
-0.168884
-0.312265
-0.452838
0.175642
1.000000
-0.343572
1.000000
0.038927
-0.687095
0.400352
1.000000
-0.647497
0.085718
-0.082860
-0.387852
-1.000000
-0.305394
0.058324
-0.064626
0.486034
-0.073457
-0.274730
-0.445225
0.458445
0.652471
-0.178984
-1.000000
1.000000
0.814812
-0.847103
0.038544
0.881936
0.360523
-0.164966
0.522482
0.527068
-0.071365
-0.038290
-0.743785
0.470388
0.599882
-0.677874
0.305393
-0.065201
-0.742757
-0.626594
-0.812917
0.841806
1.000000
-0.906428
0.773453
-0.335858
-0.730171
-0.484621
0.688084
1.000000
-0.331430
-0.525413
0.438925
1.000000
0.177634
-0.678112
-0.300432
-0.568487
-0.619885
1.000000
-0.665429
0.129693
0.509055
-0.080517
-0.160664
-1.000000
0.705680
0.168181
-0.317983
0.691232
0.783022
-0.186276
0.165562
0.831961
0.148038
-0.223859
-0.363448
1.000000
-1.000000
0.345711
-0.412363
0.159828
-0.640611
-0.277343
-1.000000
-0.809041
0.176688
0.718646
0.416758
0.821801
0.074766
-0.068738
1.000000
0.849211
0.904489
0.784950
0.049638
0.763894
0.459302
-0.205257
-0.936320
0.160553
1.000000
0.592024
-0.497395
