-776.800000
0.000000
-1.000000
-1.000000
-1.000000
-1.000000
-1.000000
-1.000000
-1.000000
-1.000000
-0.872043
1.000000
0.273526
0.105343
-0.376075
0.126460
-0.156447
-0.956776
0.172035
-0.385616
-0.620421
-0.082239
0.745768
-0.406709
0.497095
0.279172
0.128930
-0.294788
0.014653
1.000000
0.127726
-0.705449
0.885012
0.393173
-0.916684
0.132784
0.594441
-0.381201
-1.000000
1.000000
-1.000000
-1.000000
-1.000000
-0.817471
0.964262
-0.151343
0.130807
-1.000000
-0.373188
0.469818
-0.696380
-1.000000
0.731178
0.703271
-0.120657
-0.690680
-1.000000
0.473175
1.000000
-0.065969
-0.287713
-0.330508
-0.047713
1.000000
-0.676965
0.182420
0.229854
-0.568838
-1.000000
-0.943790
0.682810
-0.508113
-0.297908
-1.000000
0.876840
-0.098844
-0.583153
-0.014667
0.077340
-1.000000
0.973667
1.000000
0.499112
0.490594
-0.517872
0.371753
1.000000
0.777815
-0.300113
0.124691
1.000000
-0.874148
0.699117
0.282061
0.318847
-0.422160
-0.124379
0.441397
0.449356
0.350292
1.000000
-1.000000
-0.131409
0.901930
-0.353573
0.063990
0.017017
0.052301
0.384625
1.000000
-0.775715
-0.454082
0.754964
0.176449
0.588833
-0.064521
1.000000
0.462262
0.042145
-0.740231
0.245151
-1.000000
-0.695156
-0.074176
-0.774512
-1.000000
1.000000
-1.000000
-0.715143
0.180247
-0.385095
0.331702
0.310984
0.532561
0.482337
-0.864116
-0.017517
-0.181480
0.103068
0.340622
-0.273025
-0.003652
0.637069
-0.024377
0.014916
-0.172852
1.000000
-0.955020
0.648806
-0.029589
-0.682951
-0.587137
-1.000000
-0.785335
0.002860
-0.981156
0.632638
-0.719810
0.025489
0.739302
0.766243
0.151002
-1.000000
-0.329617
1.000000
0.393500
-0.605258
-0.411210
0.741390
0.149426
0.454214
-0.136341
1.000000
0.614038
0.287366
-1.000000
0.005294
0.178739
-0.550465
0.085619
0.934142
0.626155
-0.828232
-0.341478
-1.000000
-0.346220
-0.491615
-0.042440
-0.790409
0.466647
-0.285737
-0.516129
-0.606103
-0.076404
-0.374101
1.000000
0.860810
-0.191689
-0.116967
0.517589
0.880415
0.236395
0.021075
-1.000000
0.000878
-0.179088
1.000000
-0.449769
-1.000000
-0.304501
0.189723
0.685585
-0.908599
1.000000
-0.290143
-0.513244
-0.406855
-0.182856
0.109323
0.775785
-0.457437
-0.465596
0.872125
1.000000
1.000000
0.602211
1.000000
0.196079
0.831491
0.096607
0.628724
-1.000000
0.091317
-0.011345
0.504449
0.529410
0.536632
-0.660021
0.010558
-1.000000
0.575717
-1.000000
-0.937683
0.645015
-0.333524
-0.642360
-0.698159
1.000000
-0.829536
-0.392755
0.419997
-0.375208
0.613541
-0.538865
1.000000
0.234198
-0.387417
0.377515
1.000000
-0.190418
0.075975
0.422581
-0.178756
0.438962
-0.069095
-1.000000
1.000000
1.000000
0.060522
0.810641
0.772029
-1.000000
-0.798419
-1.000000
-0.304083
