-222.600000
1.000000
-1.000000
-1.000000
-1.000000
-1.000000
87.400000
-1.000000
-1.000000
-1.000000
-0.517457
-0.357651
0.373833
-0.678580
-0.356544
0.431424
0.322464
-0.567864
-0.898038
0.383206
0.780076
-0.465264
-0.408611
0.925970
-0.737833
-0.744906
-0.143359
-0.376635
0.072776
-0.135266
0.912464
0.784648
-0.069218
-0.108754
0.216685
-0.186783
-0.783710
-0.762719
-0.249928
-0.718759
0.845642
-0.257465
-0.459234
0.838932
0.053984
-0.198601
-0.181057
0.363920
0.741807
0.457595
0.267505
0.170868
-0.325521
-0.357295
-0.427794
-0.291951
-0.930148
-0.797912
-0.996982
-0.656610
-0.628104
0.588906
-0.358818
0.296773
-0.917184
-0.754567
-0.159704
0.421172
-1.000000
-0.034259
0.249154
-0.058233
-0.153241
-0.513151
0.825559
0.019885
0.349378
-0.675543
-0.670807
-0.703215
0.493399
-0.847614
0.383554
-0.359065
0.130240
0.056924
-0.034093
-0.655317
0.054499
-0.718809
0.013897
-0.131287
-0.576353
-0.536114
-0.071111
0.097989
-0.650522
-0.098874
0.077134
0.476634
-0.780921
0.746109
-0.641096
0.638416
0.265543
0.565862
0.486893
0.965252
-0.009126
-0.307243
-0.942896
0.023461
0.411703
0.732067
0.562660
-0.621063
0.291474
0.616795
0.117384
-0.462298
0.847181
-1.000000
0.677264
-0.357024
-0.779522
0.864846
0.424792
-0.850369
0.529354
0.425303
-0.137493
-0.308334
0.254613
-0.575774
0.527203
1.000000
0.835379
-0.142008
0.217007
-0.258032
-0.421329
-0.846948
-0.263645
-0.001712
0.035180
0.403205
-0.909540
0.391834
0.362103
0.994242
-0.057517
0.652498
0.415572
0.249662
-0.107552
-0.965686
0.201915
-0.142475
0.676051
0.777378
-0.612423
-0.509248
-1.000000
-0.143929
-0.353319
-0.471377
0.002512
0.399990
0.056608
-0.584281
-0.026365
-1.000000
-0.492489
-0.775490
0.320224
0.504005
-0.880821
-0.294963
-0.627611
-0.720002
-0.504263
0.741283
0.708143
-0.182193
0.425047
-0.053163
0.812808
0.893635
0.623167
0.528143
-0.871962
0.558566
0.687263
-0.088246
-0.519358
-0.312778
1.000000
-0.437858
-0.365699
-0.205404
0.412146
-0.708810
0.478154
0.947536
-0.016984
-0.722145
-0.097027
-0.898729
0.246274
0.461986
0.232180
0.155271
0.628951
-0.182850
0.457942
-0.372961
0.126132
-0.501137
-0.420811
0.524596
-0.809573
-0.260221
0.637515
0.998195
-0.992723
-0.357130
0.711067
-0.094463
0.436100
-0.526125
0.011416
-0.457462
-0.096509
-0.875520
0.894840
0.659677
-0.274338
-0.141573
0.257250
-0.069777
0.543275
0.913556
-0.175897
-0.121499
0.989623
-0.838177
0.122725
-0.897809
0.330897
0.840385
-0.304649
-0.380799
0.158572
0.227109
0.351810
0.206094
-0.252922
-0.117052
0.332497
0.431650
-0.447795
-0.067422
0.497717
-0.600196
-0.001202
0.503379
0.004566
0.717654
1.000000
0.353333
-0.789958
-0.106594
-0.063474
1.000000
-0.600393
