-5.400000
4.000000
-1.000000
72.000000
-1.000000
-1.000000
60.400000
7.000000
-1.000000
5.200000
0.647746
-0.021047
0.732409
0.736502
0.702457
-0.312300
0.557314
0.113279
0.154637
0.906352
0.293340
0.424040
-0.452273
0.563433
-0.797386
-0.318296
0.167075
0.924785
0.266696
-0.742530
0.502173
0.300186
0.823889
0.818629
-0.130400
0.371111
-0.270760
-0.560978
-0.075846
-0.947970
-0.614514
-0.073925
-0.206466
-0.765866
-0.974742
0.742972
-0.560520
-0.770286
0.050808
-0.343854
-0.152209
-0.925466
0.511823
-0.633169
-0.684812
-0.669688
0.348944
0.436306
0.677970
0.768586
0.093222
-0.045418
-0.698992
-0.476457
-0.067515
-0.860028
-0.379213
0.919170
0.864457
0.276848
0.354710
-0.359378
0.965708
-0.480103
-0.132249
-0.462412
-0.642506
-0.396130
0.310118
-0.298371
0.005358
0.522238
-1.000000
-0.711521
-0.953665
-0.332162
0.448614
-0.206576
-0.941408
-0.314262
-0.740832
-0.829607
-0.889312
0.562774
0.038800
0.978298
-0.506798
-0.753781
-0.217949
0.217784
-0.976942
0.292035
0.099421
0.623838
0.205563
-0.564801
0.076908
-0.015908
0.517571
0.997040
0.725612
-0.623545
0.378223
0.715063
0.419363
0.748176
-0.785918
0.321129
-0.579230
0.199200
-0.611332
-0.050062
0.686898
0.005311
0.641644
0.803766
-0.762668
0.057371
0.281555
0.062906
-0.678216
-0.438204
-0.798016
-0.579288
0.670824
0.573694
-0.518240
0.600165
0.987688
-0.699890
-0.524850
0.878385
0.023943
-0.923933
-0.340785
0.042086
-0.475399
1.000000
0.898755
-0.883216
0.967820
0.675015
0.763377
-0.451893
0.175614
0.450197
0.691640
-0.275116
-0.277001
0.353065
0.429215
0.854000
0.477281
0.605075
0.650525
0.260157
-0.096674
-0.122464
0.925611
0.458664
0.212175
0.371557
-0.802552
0.493966
0.458784
0.645443
-0.226799
-0.393784
-0.863528
0.855824
0.459378
0.997085
-0.728708
0.056674
0.570972
-0.228565
0.278898
0.871006
0.100404
0.886159
-0.793866
-0.587550
0.834449
0.099920
0.490234
-0.552823
-0.755612
0.867206
-0.990308
0.383926
-0.802826
0.564320
0.119351
0.975609
-0.697998
0.203408
-0.899928
0.630368
0.171371
-0.922730
-0.291835
0.838816
0.390109
-0.361323
-0.735014
-0.694418
0.383173
-0.036858
0.768055
-0.521483
-0.556306
-0.004135
0.158724
0.717871
0.314753
0.364499
0.578200
-0.942958
-0.284873
0.190073
-0.377839
-0.460303
0.790814
0.604702
0.646637
0.271682
0.151324
0.929147
0.812226
-0.476023
-0.918027
0.925237
-0.625522
-0.039696
0.521783
0.428031
-0.451835
0.259209
-0.401772
0.445426
0.395468
0.463831
0.766969
0.346547
0.595622
0.140430
-0.223501
-0.364801
0.576947
-0.217975
0.417550
-0.428498
0.791691
-0.768705
-0.015284
-0.057263
0.047816
-0.028470
0.396855
-0.821439
-0.712525
-0.771334
0.413819
-0.640865
-0.876261
