0.643321
0.676168
0.365560
0.768947
0.325702
-0.891362
0.339337
0.965303
0.560772
-0.978538
0.235161
0.178502
-0.616694
0.194546
0.924601
-0.283500
0.010502
0.849816
0.158613
0.451914
-0.251391
0.979049
0.086467
-0.754505
-0.678858
-0.926365
-0.958042
0.057652
-0.582521
-0.751234
1.000000
-0.205021
-0.886028
-0.635228
-0.678826
-0.210637
0.258893
-1.000000
0.430485
1.000000
-0.428305
-0.712361
-0.278080
-0.108523
-0.268896
0.445810
0.685588
0.107082
-0.293591
0.779498
0.362069
-1.000000
0.115342
0.865078
-0.392246
-0.671505
-0.329214
-0.030663
-1.000000
0.880899
-0.508067
-0.025065
-0.322220
-0.199345
0.908511
-0.430372
0.589438
0.880331
-0.390682
0.114436
-0.288119
0.733603
-0.951962
-0.508249
-0.708032
0.115510
-0.080521
0.915371
-0.603864
-0.339125
-0.469528
-0.456291
0.241487
0.985381
0.689074
0.977037
-0.691730
-0.224292
0.471652
0.602904
-0.057459
0.262213
0.901557
0.629260
0.604410
-0.776431
-0.855247
-0.987718
0.249406
0.159732
0.427540
0.441902
0.084061
0.217984
1.000000
-0.901773
-0.497948
-0.743914
-0.412753
0.043863
0.296793
0.783548
0.780042
0.532818
0.052306
0.692109
-0.162791
0.154018
-0.874391
0.256125
-0.480006
0.153182
-0.535274
1.000000
-0.227609
0.238034
0.174610
0.990814
0.175568
-0.132760
-0.089513
0.003122
-0.569938
-0.431499
0.788187
0.368946
0.632907
-0.771486
0.601887
-0.176908
1.000000
0.699869
0.847394
-0.970178
0.038542
-0.017749
-1.000000
-1.000000
1.000000
0.838353
-0.003238
-0.438761
1.000000
0.280751
-0.392092
-0.157381
0.004402
0.972866
0.554803
-0.104853
0.380315
-0.634592
0.286956
-0.868795
-0.730948
-0.728758
-0.669586
-0.247909
-1.000000
0.624025
-0.857713
-0.166374
-0.384746
0.421071
0.103820
-0.873654
0.807070
-1.000000
-0.658566
0.681399
0.107886
-0.645063
-0.063399
0.978513
-0.528341
0.049406
-0.643706
0.783412
0.104617
0.192211
-0.349327
-0.708011
-0.560009
-0.339926
-0.657746
0.775782
-0.371459
-0.789732
0.839753
0.677299
0.587876
0.148747
0.428817
-0.637178
1.000000
0.772719
0.010677
0.569999
-1.000000
0.809815
0.234665
-0.508734
0.616385
0.317311
0.289972
-0.600833
-0.915076
-0.778546
-0.913400
0.763649
0.109468
0.427758
-0.651560
0.336026
0.642964
-0.531108
-0.188548
-0.140110
0.688377
0.963291
-0.273049
0.259038
0.369799
1.000000
0.545462
0.110138
-0.010506
-0.478803
0.360713
-0.342079
0.813808
0.748033
1.000000
-0.600628
-0.128894
-0.056712
-0.758522
-0.224613
0.119672
0.830571
0.668927
0.184032
0.797836
0.823068
-0.756537
-0.144492
-0.050650
0.415841
-0.007395
0.661028
-0.803682
0.897651
-0.948991
0.447981
-0.071995
