-0.340631
0.101804
-0.592630
0.132955
-0.019261
-0.577703
-0.040085
-0.381838
-1.000000
0.620459
0.993849
-0.036552
-0.895337
-0.261490
-0.329267
0.560856
1.000000
0.479243
0.235026
0.823758
1.000000
-0.223131
-0.032486
-1.000000
-1.000000
1.000000
-0.904827
-0.205090
1.000000
0.618552
0.040813
0.652300
0.512275
-0.937912
1.000000
-0.189316
-0.485877
0.273877
0.666230
0.756306
-0.257184
-0.024031
-0.732647
-0.916362
0.143085
0.166689
-0.505011
0.583970
0.623228
1.000000
1.000000
1.000000
0.756219
1.000000
0.950252
-0.420156
-1.000000
0.953978
-1.000000
-0.077371
-0.951143
-0.823019
1.000000
-0.346323
0.388841
-0.216248
-0.262083
-0.469303
1.000000
0.137682
-0.803444
-0.304306
-0.535861
-0.501310
-0.097151
-1.000000
-0.870821
0.024349
0.428301
-1.000000
-0.804179
-0.261560
0.503163
-0.429418
-0.259590
-0.043782
0.640735
0.870585
0.459125
-0.337145
-0.100801
-0.400438
-0.746892
-1.000000
-0.774273
-0.189704
-1.000000
-0.276260
-0.440599
-0.187242
1.000000
-1.000000
0.981296
-0.057847
0.962065
0.040685
0.192926
-0.702878
0.507451
-0.650654
0.854087
-1.000000
-0.754185
-0.284517
-0.603301
0.190100
-0.261380
0.295849
0.822161
0.092558
-0.904982
-0.108136
-0.150822
0.651651
-1.000000
0.936438
0.605037
0.828799
-0.366889
-0.591584
-0.005517
-0.168946
0.556829
0.624442
1.000000
-0.190526
-1.000000
1.000000
0.493082
0.775031
0.469578
1.000000
0.590656
0.480506
-1.000000
-0.505575
-0.903898
0.956666
0.223915
-1.000000
-0.288034
-0.071477
0.844074
0.196467
0.928684
-1.000000
0.229575
-0.307806
0.441292
0.512226
0.457055
0.157044
0.957520
-0.179581
-0.225044
0.077713
-1.000000
-0.174262
1.000000
0.579646
1.000000
-1.000000
-0.487788
0.775995
-1.000000
-0.443860
-0.555463
0.137022
1.000000
-0.271675
0.793137
-0.414388
0.494609
-0.399616
-0.501523
0.099188
-0.124797
-1.000000
-0.831881
-0.156585
0.463250
-1.000000
-0.364262
0.493693
0.017330
1.000000
0.286349
-0.585632
0.567929
0.055705
0.286199
-0.172166
0.123352
0.714403
-1.000000
0.157271
0.156616
-0.217143
-0.179452
-0.786437
0.031040
0.805459
0.077268
0.667396
-0.023944
-0.177213
0.539606
-0.042874
0.485321
-0.208957
-0.116700
-0.696255
-0.875414
0.975624
0.072429
-1.000000
-1.000000
-0.389709
-0.283537
0.153816
1.000000
-1.000000
-0.843305
0.129237
-0.592601
0.120592
-0.527480
0.799302
-0.503268
0.415410
0.964765
0.427015
0.480122
0.397873
-0.387518
-0.207878
-0.931513
-0.862160
-0.456287
0.675765
1.000000
-0.390753
0.165095
0.418555
0.403285
-1.000000
0.892482
-0.309116
1.000000
0.662848
-0.535527
-0.764816
0.920737
0.537471
1.000000
