-0.228141
-0.450434
1.000000
-0.819208
-0.041537
-1.000000
1.000000
0.521323
0.757386
-0.736526
-0.843202
1.000000
0.377552
0.008921
-0.633272
0.099496
-0.223838
-0.282120
-0.062131
-0.176622
-0.113820
-1.000000
-1.000000
0.358255
1.000000
-0.081908
0.841193
0.524476
0.879771
-0.977768
-0.631477
-1.000000
0.848850
0.502686
0.731711
-0.788631
1.000000
1.000000
0.082141
0.535777
-0.358740
-0.245659
-0.319971
-0.367948
1.000000
1.000000
-0.524349
0.523701
-0.787430
-0.287643
-1.000000
0.110711
0.881029
1.000000
0.399833
-0.616014
1.000000
1.000000
0.163098
-0.189105
0.682848
1.000000
-0.597375
0.020999
-0.813170
1.000000
-0.903036
1.000000
1.000000
-0.943117
0.606752
0.293422
0.457538
-0.023671
-0.038109
-0.023496
-0.649606
-0.589634
0.237420
-1.000000
0.916376
-0.741206
-0.624617
0.766107
-0.715752
-0.234786
-0.947317
-0.525375
-0.663556
-0.436501
-0.108214
-0.645952
-0.076052
0.427288
0.597574
1.000000
-0.304984
-0.301533
1.000000
-0.727447
-0.970129
-0.629849
-0.937863
-1.000000
0.835663
0.391952
0.380316
-0.340469
0.664385
1.000000
1.000000
-0.908337
0.876022
0.004135
-0.681287
1.000000
-1.000000
-0.284864
-0.720903
-0.190142
-0.642481
0.798625
0.186146
0.335892
0.812089
1.000000
0.053887
-0.104403
0.313717
1.000000
-0.467153
0.925193
-0.757774
0.447157
-0.228548
-0.283474
0.041974
0.740919
0.487766
0.943229
-0.034935
-0.538105
-1.000000
-0.661954
-0.155845
-0.175232
-1.000000
0.460844
-0.916313
0.728437
0.361609
0.960338
0.840606
0.446646
-0.361749
-1.000000
-1.000000
0.963833
-0.802582
-0.805002
-1.000000
-0.790317
0.667311
1.000000
-1.000000
-0.384826
-0.850610
0.725405
-0.551186
0.956948
-1.000000
0.054494
-0.182811
0.207192
0.456207
0.012445
1.000000
-0.207536
-0.186890
-1.000000
-1.000000
-0.288054
-1.000000
-0.835159
0.728685
-0.945347
1.000000
0.530920
-1.000000
0.683319
-0.188759
0.991009
0.183260
-0.665727
-1.000000
0.750711
0.427083
-0.064814
-0.795692
-0.291847
0.960072
-1.000000
0.416591
0.055130
-1.000000
-0.175986
0.301971
0.089033
-0.030871
-1.000000
0.082678
0.283095
-0.574521
0.373187
-0.920237
0.287254
1.000000
-0.314763
0.034866
-0.548701
1.000000
-0.076169
-0.539807
1.000000
0.455539
0.804383
0.675396
-0.376529
0.195790
0.573682
-0.096720
0.193877
-1.000000
0.682065
0.448079
-0.382562
0.285075
0.483644
0.699248
1.000000
0.248695
0.485216
-0.503902
1.000000
0.512098
-0.818661
-0.389469
0.667353
0.815932
0.400200
-1.000000
-0.793625
0.971004
-0.238363
-0.138322
0.610345
1.000000
-0.305885
-0.117135
0.364162
0.021941
-0.227871
0.217140
1.000000
0.783016
