0.805962
1.000000
0.248461
1.000000
-0.811252
-0.095666
-0.598537
-1.000000
0.606339
0.417796
1.000000
-0.413275
-0.708870
0.180086
0.226498
1.000000
0.442157
1.000000
-0.748037
-0.325976
-0.142257
0.767914
0.571765
0.959862
0.298836
0.429848
0.390003
-0.058410
-0.733511
-0.426920
-1.000000
0.624325
0.661249
-0.502975
-0.316845
-0.631736
0.622725
-0.253067
-0.419738
0.538874
-0.889912
0.573726
-0.279357
-0.311295
-0.617000
-0.350889
0.145214
-0.702039
-0.560466
0.394567
0.353608
0.402389
0.587662
-0.486902
-0.286004
-0.257974
-0.893014
-0.314397
0.258704
0.740677
0.790218
0.266861
-0.435784
1.000000
-0.368111
-0.789483
0.060995
-0.050162
-0.151902
-0.139380
0.350783
-0.749777
-0.186450
-0.527333
-0.780188
-0.170660
-1.000000
-0.450253
-1.000000
0.875582
0.369527
0.593300
0.459643
0.983796
-1.000000
-1.000000
0.914756
-0.157276
0.278031
-0.797822
-0.656208
-0.045403
-0.451219
1.000000
-0.262318
1.000000
0.004316
-0.568611
-0.271760
-0.194815
-1.000000
1.000000
-1.000000
0.836390
0.651841
0.674736
0.301363
-0.241246
0.546654
-1.000000
0.677349
0.552030
-0.396066
0.437771
1.000000
1.000000
0.397142
-0.797870
-0.126487
-0.951207
1.000000
0.752061
0.242959
-0.284969
-0.928392
0.805734
0.010127
0.160587
0.403400
1.000000
-0.885006
-0.938895
-0.122058
1.000000
-1.000000
-0.644370
1.000000
0.211567
-0.307304
0.524921
1.000000
-0.582325
-0.332383
-0.560356
-0.135051
-0.316817
-0.748433
0.375789
-0.983549
0.334832
-1.000000
1.000000
0.492106
-1.000000
-0.093615
-0.650981
0.821595
0.076676
-0.029876
0.053363
0.749940
0.579336
-0.651664
-0.477723
0.551761
-0.120098
-0.717980
0.190772
0.372528
0.554189
-0.209229
0.409466
-0.995535
0.221051
0.031338
1.000000
-0.716139
-1.000000
0.716981
-0.056109
0.225830
-1.000000
-0.017767
1.000000
-0.177573
0.605936
0.754146
-0.654779
0.793269
-0.058830
0.411884
-0.015383
0.007332
0.377290
-1.000000
0.761513
1.000000
-0.023088
-1.000000
0.014695
0.168540
-0.943275
-0.600141
0.100543
0.195843
-0.824116
0.374101
0.854980
0.915168
0.126324
0.020251
0.923236
-0.233847
-0.300604
-0.517567
0.660825
-0.879408
-0.709650
0.291596
0.516963
-1.000000
1.000000
1.000000
0.798306
-0.514959
0.227382
0.880510
-1.000000
0.145696
-1.000000
-0.892042
0.609175
-0.554369
-0.695000
0.912253
-0.823416
-1.000000
0.287490
-0.738326
0.561811
0.272589
-0.651067
-0.300263
-0.423284
0.703868
0.491509
-0.923071
1.000000
1.000000
1.000000
0.876612
0.254126
-0.664602
0.738137
1.000000
1.000000
-0.012302
0.805124
-0.122633
-0.004732
-0.031989
-1.000000
0.311948
0.235387
-0.541499
