-743.200000
0.000000
-1.000000
-1.000000
-1.000000
-1.000000
-1.000000
-1.000000
-1.000000
-1.000000
-0.642687
-1.000000
0.899499
-0.592531
0.041263
0.373559
-1.000000
0.597685
-0.673979
0.585093
-1.000000
-0.232005
-1.000000
-0.899574
0.008510
-1.000000
-1.000000
1.000000
-0.047081
0.641870
-0.830569
0.298286
-1.000000
-1.000000
-0.327103
-0.136891
1.000000
0.885418
-1.000000
-0.524034
-0.851656
1.000000
-0.725987
-0.309380
0.318773
0.500038
0.906412
-0.415044
-0.097781
1.000000
-0.565882
0.819247
-0.532625
1.000000
-0.084808
0.718230
-0.573709
0.763137
-0.836181
0.371942
-0.809086
0.752256
1.000000
0.781521
-0.101398
-0.185869
-0.280501
0.426771
-0.840840
0.506692
0.059383
-0.595287
-0.723667
-1.000000
0.544436
-0.634730
0.769455
0.366352
0.892758
-0.820354
0.343664
-0.775413
0.123549
-1.000000
0.396769
1.000000
0.817674
-0.791349
0.081676
0.119777
0.932768
-1.000000
-0.440426
0.263281
1.000000
-0.335946
0.210917
0.077446
-0.278672
-0.508205
-1.000000
-1.000000
0.115182
-0.083540
-1.000000
-0.391289
-0.766874
-0.443420
0.706318
-0.500769
-0.631930
-0.319403
0.701674
0.321794
0.688699
0.629500
0.244110
0.299597
0.573608
-0.476065
-1.000000
0.008750
0.784517
-0.883833
-1.000000
0.442198
0.676430
0.603764
-1.000000
1.000000
-0.364275
-0.708916
0.226743
-0.466360
-0.926291
-0.405021
-0.582787
-0.508917
-0.825453
1.000000
-1.000000
0.295745
0.695213
0.461052
0.498619
0.558714
1.000000
-1.000000
1.000000
-1.000000
-0.929120
-0.748883
-0.460704
0.610104
-1.000000
-1.000000
-0.092171
0.240873
-0.351838
0.147773
0.246858
-0.590303
0.312956
0.173504
1.000000
1.000000
0.546063
-0.826135
-0.636059
0.102760
-0.853162
0.844328
0.261873
1.000000
-0.280816
0.619819
0.033607
1.000000
-0.471554
1.000000
0.493560
0.008253
-0.900705
0.631722
0.496827
0.012745
0.911678
0.256803
-0.360858
-0.063803
-0.374594
-0.597174
-0.768154
0.840640
-0.685777
0.290226
0.438457
0.664654
-0.427009
-1.000000
0.281118
-0.979237
0.665350
0.613961
1.000000
0.724107
-0.454447
-0.927997
0.324674
0.651333
-0.750987
0.663459
1.000000
0.119206
0.191152
-0.028818
-0.193958
-0.654437
1.000000
1.000000
0.483803
-0.289658
0.379997
1.000000
0.549120
0.074747
-1.000000
1.000000
-0.602963
-0.196040
0.297231
0.724159
-0.898729
1.000000
1.000000
1.000000
0.863827
1.000000
0.656070
0.375254
-0.247551
-0.222252
0.983381
0.379828
-1.000000
0.820392
0.491137
-0.467527
0.445946
-0.975203
-0.936626
0.318495
0.501591
0.204659
-0.288642
-0.071337
0.606965
-1.000000
-0.674191
0.687297
-0.598053
-1.000000
-0.850546
-0.702893
0.799257
0.703966
-1.000000
0.140834
-0.510337
0.599524
0.206724
-0.155196
1.000000
0.647487
-0.776954
