-112.400000
2.000000
-1.000000
82.000000
-1.000000
-1.000000
55.600000
-1.000000
-1.000000
-1.000000
-0.792952
-0.468195
-0.839524
-0.942493
-0.999340
0.882136
0.556721
-0.024619
-0.539370
-0.029331
-0.772052
0.448688
0.999316
0.129723
0.618747
0.665996
1.000000
0.798601
0.113063
-0.138451
0.536352
0.963711
-0.624865
-0.106660
0.965154
0.912810
-0.415274
0.629447
0.848897
0.485750
0.576872
0.275395
-0.180407
-0.650284
-0.989151
-0.579585
0.674618
0.197442
0.261320
-0.711338
0.055668
-1.000000
0.689169
0.531997
-0.684653
-0.475897
0.423790
0.503569
0.318009
-0.229486
-0.978464
-0.369220
0.133953
0.364099
-0.311249
0.485004
0.209709
-0.551393
-0.482429
0.095574
-0.564809
-0.102201
-0.871721
-0.458320
0.907255
0.950022
-0.744254
0.472481
0.963850
0.198032
0.516027
-0.128974
-1.000000
0.561177
-0.013019
-0.212517
-0.649089
-0.009623
1.000000
-0.130249
0.341825
0.592789
0.091781
0.915128
-0.888242
-0.506792
0.091339
-0.940597
0.589723
-0.980584
-0.501083
0.475650
-0.929486
-0.432179
0.383188
1.000000
0.359989
-0.846549
-0.765384
0.625387
0.419483
0.745692
-0.820285
0.890151
-0.037456
-0.799199
0.274768
-0.217943
0.663735
-0.316292
-0.001380
-0.770173
0.625949
-0.348804
0.116832
-0.231889
0.517414
0.183284
-0.147626
0.500463
0.914297
-0.033637
0.605930
-0.131946
0.663650
0.007644
0.718686
-0.404134
-0.098723
-0.723092
-0.627913
0.922677
-0.441019
-0.698600
0.939007
-0.991625
0.442465
0.898561
-0.766018
0.018642
0.785857
-0.597445
-0.074237
-0.156215
0.438783
0.793362
-0.741351
-0.501659
0.369407
-0.686646
0.412191
-0.141570
0.002847
-0.652028
-0.882140
0.452812
-0.863405
-0.717057
-0.989264
-0.121564
0.061297
-0.055760
0.605732
-0.930233
-0.084319
0.599758
0.256163
0.184565
0.800067
-0.842985
0.141325
-0.573405
0.421475
0.412099
-0.494715
-1.000000
-0.518856
0.570538
0.259268
-0.115279
-0.207992
0.876598
-1.000000
0.368722
0.099895
-0.136099
-0.637401
0.808527
-0.188453
-0.994610
-0.475383
-0.091050
1.000000
-0.791565
0.119252
0.831397
0.482203
-0.704331
-0.473287
0.204778
-0.945188
0.127609
0.974665
0.883350
-0.148059
-0.709463
1.000000
-0.355905
0.523250
-0.629155
-0.798959
0.194607
-0.105392
1.000000
-0.020707
0.342290
-0.739393
-0.533648
-0.899129
-0.481332
0.042861
0.240750
-0.079123
0.937354
0.107900
-0.483011
0.694487
0.259710
-0.221008
-0.891948
0.165184
-0.860609
-0.289037
0.733639
0.022441
0.326006
-0.926878
-0.503442
0.146242
0.181587
-0.868020
-0.070988
0.193525
-0.347409
0.430818
-0.115310
-0.331210
0.779656
-0.065559
0.431843
-0.309063
-0.817979
0.122425
0.683001
-0.486246
0.206635
1.000000
0.287664
0.166890
0.039842
0.583946
-0.337077
-0.523337
-0.994780
0.238196
