-590.000000
0.000000
-1.000000
-1.000000
-1.000000
-1.000000
-1.000000
-1.000000
-1.000000
-1.000000
-0.318336
-0.587736
1.000000
0.251433
0.751011
0.318558
0.585149
0.737646
0.745513
-0.297644
-0.936350
-0.846691
1.000000
0.359648
-0.678872
-0.808191
-0.183569
0.073268
-0.496063
0.061819
0.091962
0.790884
-1.000000
1.000000
1.000000
-0.854062
0.120725
0.970439
-1.000000
0.549974
1.000000
0.322627
-0.694755
-0.078351
0.735775
0.172789
0.128129
1.000000
-0.802955
0.551879
-1.000000
0.123451
0.643578
-0.725897
0.892192
0.939209
1.000000
-0.348553
0.051360
0.318999
-0.532523
-0.318831
0.641432
-0.799347
0.254638
1.000000
-0.085358
0.484422
-0.690249
0.713554
-1.000000
-1.000000
0.626178
-0.506975
-0.820179
0.098372
-0.284955
-0.742056
-0.185702
0.129554
0.204084
0.815387
-0.619375
0.059389
-0.229438
-0.343497
-0.150120
-0.872506
-0.476434
0.336279
-0.109711
0.041056
0.868176
0.947825
0.806129
-0.395836
-0.477383
1.000000
-0.452617
-0.470589
1.000000
-0.032944
-0.563352
-1.000000
0.082431
-0.846803
-0.446908
1.000000
-0.914388
-0.589935
-0.083018
-0.972146
0.395527
0.164500
1.000000
0.383322
1.000000
0.600926
0.836518
-0.474969
-0.449857
-1.000000
-1.000000
0.357741
-0.573233
-0.784060
-0.246933
-1.000000
1.000000
0.352336
-1.000000
0.273097
-0.144904
0.505962
0.003212
0.314924
1.000000
-0.701019
0.253076
-0.238288
-0.640758
-0.596353
0.012246
-1.000000
1.000000
-0.698915
1.000000
0.385765
-0.867278
-0.428494
-0.742979
-0.323071
0.113434
1.000000
0.764181
-1.000000
-0.292181
-1.000000
-0.517224
-0.568211
0.179781
0.635801
0.413108
-0.508437
-1.000000
0.115571
0.198324
-1.000000
1.000000
-0.084418
0.027683
0.071765
-0.052339
-0.089482
-1.000000
0.197216
0.096639
-0.231013
-0.106993
0.798692
-0.933164
0.942548
0.642751
1.000000
-0.534703
0.863581
0.841412
-0.235543
-0.593251
-0.426044
0.534170
-0.367655
1.000000
0.223794
-0.200280
1.000000
0.832523
-0.340301
-0.635201
0.813153
0.173345
-0.538174
-0.668466
-0.236191
-0.772533
0.522594
-1.000000
0.498516
0.794094
1.000000
0.683145
-1.000000
-0.085153
0.495772
0.416042
0.655010
0.687742
1.000000
0.225730
-0.391347
-0.895002
-0.630311
1.000000
-0.059980
0.736241
-0.009447
0.238304
0.380463
-0.941880
0.189601
0.050461
1.000000
-0.325144
0.815846
0.490461
1.000000
-0.820046
-1.000000
0.341331
-0.200626
-0.325065
1.000000
0.088072
0.730578
0.315768
0.516162
1.000000
0.736163
0.489517
0.786137
1.000000
-0.665306
0.920260
0.176525
-0.885414
-0.108275
1.000000
0.872475
-0.670480
-0.645178
-0.919949
1.000000
0.852697
-0.453287
0.299532
-0.682254
0.031975
1.000000
0.465609
-0.216994
-0.035507
-0.272682
0.503725
0.228462
0.834466
