0.835394
-0.670645
-0.137003
-0.666213
-0.968301
0.917516
0.216725
-0.825032
0.512332
0.620827
0.182983
0.257031
-0.683739
0.351598
0.800356
-0.665185
-0.094977
-0.380269
0.990919
-0.009800
-0.163108
0.894082
0.425188
-0.074606
0.112357
-0.752104
-0.117543
0.912962
0.675404
-0.689140
0.604771
-0.951594
-0.557753
-0.428116
-0.838832
0.310226
-0.626175
-0.786005
0.928456
-0.371828
0.978593
0.286287
-0.824803
0.459804
-0.186025
0.223949
0.649912
-0.789742
0.363732
0.343712
-0.316322
-0.492907
-0.956805
0.052007
0.507494
0.907945
0.492529
0.373166
0.696686
-0.369383
-0.116078
-0.362609
0.407441
0.377314
-0.326935
0.001778
0.474561
-0.157724
0.824433
-0.120195
0.057851
0.998825
-0.555430
-0.324856
-0.229931
-0.401606
-0.326808
0.069442
0.581908
0.906032
-0.696808
-0.394446
-0.611330
-0.615234
0.110330
-0.042444
0.148301
-0.331114
0.247683
0.845867
0.854398
0.213088
-0.959533
-0.474956
0.062938
0.800415
0.754061
0.829788
-0.978341
0.117707
0.136639
-0.921375
-0.130640
-0.115458
0.350662
-0.105574
0.284785
0.057533
-0.825162
-0.927196
-0.222341
0.406039
-0.611317
0.491833
0.232342
0.909089
-0.050491
0.582892
-0.211454
-0.680071
0.802827
0.691114
-0.891580
0.751804
0.690462
0.776596
0.209872
0.216777
-0.961489
-0.807245
-0.900387
-0.291882
0.398370
-0.859001
0.611549
0.093642
-0.041126
0.302529
0.894780
-0.299450
0.841379
0.589915
-0.579935
0.845058
0.604290
-0.693434
-0.003594
-0.328595
0.101820
0.168622
-0.931932
0.314582
-0.364463
0.236080
0.818311
-0.766867
-0.768123
0.409515
0.420310
-0.643400
0.600054
0.068385
-0.396540
-0.109620
0.902517
0.387922
0.232628
0.994899
0.594293
-0.495696
-0.161335
-0.994339
0.595830
0.348573
-0.367630
-0.964095
0.439112
-0.569106
0.231919
0.328398
0.481831
-0.186136
-0.598761
0.006707
-0.728845
1.000000
-0.892531
0.939147
-0.576759
-0.204098
-0.889571
0.634481
0.535839
0.614031
-0.911215
0.054766
-0.945047
0.711051
0.514439
-0.781080
-0.488434
0.102035
0.911997
0.067154
0.557628
0.236719
-0.890449
-0.256240
0.283287
-0.325678
0.488258
-0.021185
0.222633
0.671419
-0.490246
0.932102
0.323502
0.511593
0.947519
0.835435
-0.871675
-0.036487
-0.327349
0.783299
-0.095292
-0.425465
0.683239
-0.084199
0.129696
0.164877
-0.435016
-0.025087
-0.008981
0.675316
0.667664
-0.828358
0.293051
-0.360028
-0.966839
-0.308442
-0.153261
0.918649
0.713715
-0.590504
-0.327686
-0.874214
0.394547
0.559593
0.765086
-0.073827
0.154240
0.780387
0.810646
-0.964191
0.143767
0.275130
-0.170331
-0.436130
0.171167
0.556722
0.857659
0.480214
0.987785
0.994669
0.687456
