0.228671
-0.723805
0.574462
-0.508638
0.985817
0.853003
0.374644
0.403287
0.424319
-0.299612
-0.105506
0.857469
-0.058264
0.263185
-0.919130
-0.520868
-0.076959
0.515716
0.232208
0.681536
0.874067
0.174374
0.260499
-0.403241
-0.933354
0.994969
0.034943
-0.579853
0.712869
-0.660244
0.782971
0.107745
-0.778846
-0.845267
-0.191294
-0.825118
-0.497158
-0.377503
0.377757
-0.183114
0.780214
0.527140
-0.926007
-0.291430
0.681132
-0.749649
0.052664
0.644640
-0.927744
-0.295048
0.820779
0.156395
0.066868
0.537707
0.014066
-0.664733
-0.278123
0.388767
-0.342058
0.472190
-0.478887
0.664047
0.102171
-0.126637
-0.971808
0.767513
0.944420
0.859385
0.870402
-0.886941
-0.462474
-0.148139
0.733772
0.736471
-0.771807
-0.683442
-0.428741
-0.063206
-0.651691
0.186456
0.164143
-0.681967
-0.433848
0.111485
-0.049185
-0.628300
-0.467662
-0.343513
-0.945674
0.099183
-0.947431
0.027904
0.134959
-0.146319
0.600396
0.459677
0.566589
-0.020033
-0.696614
0.133587
0.724631
-0.985186
0.553582
-0.712491
-0.613543
-0.349457
0.218609
0.222705
0.847264
-0.515234
-0.387616
-0.680627
-0.703283
0.021613
-0.680262
0.445151
0.795349
0.581290
-0.724011
-1.000000
-0.511654
0.435660
0.198692
-0.777116
-0.401067
-0.534479
0.863277
0.588069
-0.972230
-0.359061
0.325743
-0.019082
0.258418
-0.579972
-0.818602
0.681409
0.150757
0.450995
-0.333083
0.588219
0.952472
0.557796
-0.147493
0.332962
0.279577
-0.265436
-0.476417
-0.827161
-0.007243
-0.764925
0.453911
0.005073
0.933659
0.628311
0.639501
1.000000
0.626645
-0.862070
1.000000
0.206264
-0.855113
-0.567873
-0.054371
0.800489
-0.705517
-0.183584
0.013789
0.523674
-0.603292
-0.806374
0.422879
-0.810968
-0.860464
-0.323244
-0.586355
-0.692060
-0.753564
-0.913479
0.739706
-0.263041
-0.154404
-0.177350
-0.490609
0.202542
0.854422
0.428964
0.726675
-0.108424
0.262397
0.377101
-0.983200
0.718268
-0.143756
0.289370
0.729057
0.504161
-0.444241
-0.460362
-0.587734
0.223606
-0.371499
-0.874019
0.148719
0.002197
-0.991401
0.216664
1.000000
0.881664
0.346233
0.012303
-0.422271
0.763996
-0.508852
-0.748702
0.580838
0.027863
0.104913
-0.236255
0.741806
-0.933562
0.964116
0.315302
0.183554
0.364253
0.360931
-0.745949
0.107207
-0.434093
-0.779690
-0.192988
0.644569
-0.404634
0.136173
0.692858
0.683180
0.736954
0.427364
0.338759
0.320760
-0.920775
-0.382643
0.829632
0.796423
0.251574
0.090683
0.413745
-0.923071
0.981999
-0.311588
-0.311793
-0.670432
0.645156
-0.586239
0.567902
-0.484126
0.846790
-0.344099
0.478076
0.362037
-0.803167
0.605149
-0.858635
-0.619765
0.292833
-0.292630
