-0.514183
0.642482
-0.849846
0.447338
-0.155397
0.084719
0.956155
-0.233003
0.659977
-0.005868
0.516061
1.000000
-0.429306
-0.495986
-0.952544
-0.857702
-1.000000
0.041208
-0.643106
0.096134
0.421357
0.071964
0.983279
0.867483
0.970056
-0.270329
0.076436
0.994890
-0.632932
1.000000
0.485440
0.453798
0.799474
0.076240
-0.161507
0.815495
0.883591
-0.569769
-0.739094
0.136689
0.523154
0.234611
0.296301
0.376010
-0.096600
0.190318
-0.097137
0.356728
-0.936407
-0.116919
0.356980
-0.077554
-0.272519
-0.510840
0.562422
-0.898089
0.790685
0.774359
-0.111008
0.419234
-0.206517
-0.154454
0.165378
-0.835214
0.528410
-1.000000
0.092801
0.343918
-0.303393
0.837100
-0.638264
0.659293
-0.447077
0.435562
0.522423
0.095878
0.581002
-0.657228
0.841561
0.556840
-0.405715
-0.427497
-0.541075
0.920237
-0.379010
0.666065
0.078686
-0.813004
0.492685
0.199816
0.087468
-0.501052
1.000000
-0.570050
0.329632
-1.000000
-0.012223
-1.000000
-1.000000
-0.247722
-0.479300
1.000000
-0.346388
-0.452418
-0.246922
0.061319
-0.180263
-0.331599
-0.470011
0.881842
0.872352
-0.175129
-0.763407
-0.640142
-0.848888
0.967336
-0.610541
-0.617367
0.169923
-0.439573
0.180559
-0.484648
-0.712016
0.729477
0.822087
0.308926
-0.558184
0.588425
-0.070805
0.702702
-0.846469
-1.000000
-0.456329
0.497767
-0.465156
-0.487203
0.396195
-0.223426
-0.537982
-1.000000
0.622413
0.747045
0.847924
-0.222364
-0.833563
-0.096231
0.407356
-0.369750
0.157503
0.214259
0.399159
0.366797
-0.089630
0.602503
-0.993183
-0.678508
-0.140878
0.917813
0.228401
0.020673
-0.504383
0.985251
-0.851590
-0.833298
0.778826
0.945256
0.312279
-0.470707
-0.005860
-0.320208
0.188688
-0.259618
0.322752
0.688832
0.487396
-0.830108
0.471625
0.917319
-0.174375
-1.000000
-0.032259
-0.731351
-0.463412
-0.560663
0.373519
0.742081
-0.519616
0.707849
-0.536736
1.000000
0.281158
-0.727574
-0.564281
-0.378982
0.990674
0.599708
0.362369
-0.099510
-0.013873
0.177998
-0.540016
0.388063
0.876405
0.708466
0.237852
0.133592
-0.875270
-0.726649
0.653221
-1.000000
0.173164
-0.714581
-0.646260
-0.722672
-0.244145
-0.925884
0.096956
-0.281260
-0.154756
0.995915
0.610741
0.723997
0.810725
0.399781
1.000000
-1.000000
-0.148337
0.533101
0.029906
0.373430
-0.108293
0.929508
-0.779106
-0.984654
0.330613
0.352421
-0.273503
0.715385
0.848430
0.256261
-0.981407
-0.175771
0.522701
0.934561
0.399747
-0.109102
0.791113
0.861041
-0.026497
-0.167345
-0.913836
-0.003273
0.802240
-0.207349
0.473898
0.093679
-0.998127
-0.160970
-0.325974
-0.861158
-0.926245
-0.963835
-0.315840
0.682948
0.642368
