0.555697
0.877046
-0.644092
-0.641382
-0.434988
-1.000000
0.369961
-0.017513
-0.638199
-0.235397
0.736449
-0.422087
0.251105
1.000000
-0.815968
1.000000
-0.045739
0.250209
-0.318034
-0.120473
0.976527
-0.510802
0.205198
-0.193060
0.262455
-0.010364
0.666531
-0.805333
-0.955511
0.992466
-0.185772
0.743647
-0.569626
0.727902
1.000000
0.185978
1.000000
-0.106519
-0.080678
-1.000000
0.646234
0.321436
-1.000000
-0.096114
0.789825
-0.695601
-0.222133
-0.420283
0.366326
0.956636
-0.685703
0.365154
-0.161046
0.165336
-0.816423
-0.292698
-0.179613
0.710789
-0.761610
1.000000
-0.013692
0.498810
-0.288179
-0.644781
0.638950
0.250455
1.000000
-0.376730
-0.536714
-1.000000
-0.075249
1.000000
-0.219574
1.000000
1.000000
0.518153
-1.000000
0.182802
0.162106
-0.705509
0.488771
-0.489275
0.996695
-0.046072
-0.714131
0.549321
-0.364090
-0.073877
0.674419
-1.000000
0.448734
-0.937457
1.000000
-0.003080
-1.000000
0.673195
0.460608
0.187320
-1.000000
-1.000000
-0.654510
-0.134251
-0.683586
-0.970045
0.014740
0.189188
-0.026179
-0.211763
0.652272
-1.000000
-1.000000
-0.160715
-0.527139
0.228759
0.992142
0.789757
-0.027804
-0.264150
0.632723
0.190131
0.954909
-0.751302
0.039469
1.000000
0.290226
0.811431
0.306924
1.000000
0.230571
1.000000
0.485281
0.315617
-0.267544
-1.000000
1.000000
0.586507
-0.021208
-1.000000
0.383218
-0.233079
1.000000
-0.290491
-0.471495
1.000000
-0.188180
-1.000000
0.588332
-0.476238
0.456506
-0.272125
0.547451
1.000000
-0.924850
0.076115
-0.872302
0.175974
1.000000
0.068709
0.160565
0.429809
-0.119069
0.104080
-0.439265
-0.261767
-1.000000
-0.599945
-0.188993
-0.565801
-0.109986
0.763081
-0.763528
-0.670914
-0.862906
0.263371
-0.801530
0.411041
0.605302
-0.547192
-0.350584
0.798913
-0.162269
-1.000000
0.179378
0.114931
0.496372
-0.437799
-0.941640
-0.939085
0.926045
-0.571015
-0.862584
0.315024
0.330504
1.000000
0.456269
0.497671
0.164042
-0.011467
-0.652111
-0.817047
1.000000
0.033127
-0.668836
0.714146
0.422490
0.343425
0.662654
1.000000
-0.574905
-0.848766
-1.000000
-0.152559
-1.000000
-0.607684
-0.586110
-0.032433
-0.071322
0.216732
-0.009268
-0.042296
-0.083734
-0.887667
-0.163341
0.497846
0.832222
0.665138
-1.000000
-0.902271
0.663584
-1.000000
1.000000
0.517602
-0.594042
0.653190
0.433682
-0.985268
0.373597
0.917928
-0.279588
-0.829094
1.000000
1.000000
0.278598
0.777172
0.678064
-0.036849
-0.551112
0.442122
-0.529778
1.000000
-0.421312
-0.939056
0.847831
-0.046342
-0.058673
-0.289948
-0.822562
0.332049
-0.474282
-0.599709
0.639104
-0.221711
0.769876
0.394012
1.000000
