0.507274
-0.576580
-0.602468
-0.345616
-0.041755
0.457068
0.009883
0.853894
0.967437
-0.928739
0.467643
0.405826
0.085842
0.463608
-0.471849
-0.089968
-0.940341
-0.979512
-0.629164
-0.042119
-0.655934
0.979727
-0.197578
0.721337
1.000000
-0.340981
-0.528175
-0.809096
-0.510934
0.417630
0.082869
-0.966137
0.589997
0.600371
-0.141661
0.235554
-0.534560
0.313601
-0.164642
0.786976
0.050248
0.145517
-0.532396
-0.202506
-0.660927
0.373318
0.089256
0.177512
-0.966613
0.690447
0.938808
0.213495
0.036925
-0.297610
0.705812
0.063035
-0.502837
0.070437
0.152352
0.877134
0.957668
-0.252807
-0.613390
-0.443850
-0.829751
-0.250213
0.147341
-0.148873
-0.994012
0.082521
-0.656636
0.859955
0.036778
0.980666
-0.110648
0.305519
-0.055352
0.512216
0.884472
-0.845875
0.699938
-0.037631
0.534136
0.403143
0.663322
0.180494
-0.729081
-0.147332
-0.388072
0.475363
-0.264884
0.993304
-0.760772
-0.144719
0.549365
-0.099234
-0.696919
0.875407
0.485380
-1.000000
0.122280
0.055739
0.187221
0.812260
-0.622901
0.281549
-0.821319
0.155333
-0.764378
1.000000
-0.380810
0.726088
-0.353648
0.820402
0.745812
0.248235
-0.562613
-0.897548
0.322635
0.544861
0.595707
0.930606
-0.648968
0.249406
-0.635995
0.718235
0.489322
-0.710230
0.282031
-0.586117
-0.550260
-0.303390
0.829969
-0.598069
0.858330
0.105432
-0.811735
-0.874363
-0.879108
-0.878530
-0.517044
-0.515152
0.180008
-0.576669
-0.813725
0.335158
-0.785482
0.120604
1.000000
0.513340
0.144382
0.142557
0.378916
-0.760308
0.504026
0.974839
-0.805610
-0.678573
-0.330876
0.120748
0.574274
0.271815
0.027620
-0.797252
0.952230
-0.136122
-0.522338
0.816133
-0.533163
0.292390
0.446998
0.850841
-0.276022
-0.775702
0.114388
0.811232
0.615616
-0.123943
-0.493748
0.271897
-0.003432
-0.784559
0.168107
0.967404
-0.443688
0.213205
-0.328264
0.529567
-0.605577
0.433904
-0.171444
0.577128
0.475204
-0.765006
-0.097217
-0.613560
-0.935328
0.199834
0.932195
0.294165
-0.800796
-0.421712
0.876945
-0.380293
0.434637
-0.517741
0.011883
-0.888239
0.878506
-0.102241
-0.746722
-0.238748
-0.861649
0.760205
-0.322429
-0.054135
-0.494052
-0.763070
0.446184
-0.994882
-0.000245
-0.146952
0.677179
-0.558617
0.856268
-0.264308
0.073358
-0.391641
0.943671
0.214430
-0.878764
-0.348619
0.553010
0.632457
-0.118001
-0.955578
0.008864
-0.443283
0.975271
0.641113
-0.569256
-0.242935
0.727823
-0.561286
-0.693730
-0.886326
-0.570095
0.787009
0.829139
-0.379923
0.654976
-0.320562
0.211009
-0.273378
0.235333
-0.921703
0.305446
-0.011558
0.797511
0.993792
-0.241310
0.504996
0.684473
-0.210067
0.221456
