1.000000
0.070466
-0.499306
0.031759
0.481580
0.418947
0.527683
1.000000
0.888118
-0.599888
0.953105
1.000000
-0.924171
-0.493655
-0.817617
-0.797975
-0.405412
1.000000
-0.535688
0.898754
1.000000
-0.447247
-0.829043
0.261702
-0.634502
-0.527803
-0.602959
-1.000000
0.272931
0.280842
-0.509681
0.662512
0.873943
-0.000096
-0.418921
-0.249550
1.000000
-0.368257
1.000000
0.375786
1.000000
-0.413546
-1.000000
0.870554
-1.000000
-0.243790
-0.055442
0.051877
1.000000
1.000000
-0.266857
0.417547
0.763663
-1.000000
-0.806068
-0.903452
0.370271
-0.722497
-0.454540
-1.000000
-0.051262
-1.000000
-0.961113
0.420227
0.269098
0.021817
0.464099
0.545652
-0.307420
0.360270
0.823178
0.152513
0.400590
0.869576
-1.000000
0.169402
0.966277
0.376029
0.726245
-0.030397
0.429256
1.000000
1.000000
-0.216846
0.213113
1.000000
1.000000
0.776548
0.517099
0.161022
-0.596929
1.000000
1.000000
1.000000
-0.784320
0.230242
-1.000000
0.498646
0.376958
-1.000000
0.479889
-0.728711
0.392181
-0.041764
-1.000000
0.820492
0.972683
-0.953706
-0.441373
-1.000000
-0.120346
0.808521
0.812785
-0.706653
-1.000000
0.269754
-0.117312
1.000000
0.755910
-1.000000
0.079612
-0.901612
0.157008
-1.000000
0.345826
-0.901068
0.413758
-0.000178
-0.357626
-1.000000
1.000000
0.052261
-0.788522
-0.493420
-0.802824
0.150594
-0.180984
-0.207845
-0.588812
0.010592
0.339874
0.055290
-0.538659
0.388808
-0.377170
1.000000
-0.760416
-0.066102
0.252628
0.376468
0.149463
-0.846594
0.488885
-0.090777
0.116717
-0.289568
-1.000000
-1.000000
1.000000
0.219591
0.673378
-1.000000
-0.884884
0.565982
-0.014949
0.276110
-0.220474
0.145168
-0.127295
-0.349445
0.015532
0.856727
0.122680
0.407634
-1.000000
-0.850026
0.690976
-0.848274
0.313713
0.266395
0.365026
-0.965179
0.202379
1.000000
-0.544726
1.000000
-0.853230
0.659564
0.851250
-1.000000
-0.456629
-0.998303
0.990278
0.047049
-0.329606
0.858847
0.080665
0.326091
-1.000000
-0.369907
-0.144521
-0.116228
-0.478427
1.000000
-0.514110
1.000000
-0.211114
0.793661
0.623384
0.617515
-1.000000
-1.000000
0.012119
0.988234
0.047293
0.748943
1.000000
0.180248
1.000000
0.381138
-0.501634
0.322302
-0.979736
0.410991
-0.212629
0.462244
1.000000
0.382115
1.000000
0.624150
-1.000000
-0.934516
-1.000000
-0.158851
-0.705771
0.454742
-0.670086
0.150504
0.988745
0.368487
-0.487960
0.203096
1.000000
-0.840740
-0.227557
-0.984507
-0.856485
-0.215291
0.400257
0.124514
-0.418303
-0.403267
0.051899
1.000000
0.201681
0.296384
0.650629
0.774653
-0.033133
-0.074432
-0.387667
-0.020855
-1.000000
-0.089883
0.571792
