0.334196
-0.546279
-0.399894
-0.858622
0.136969
-0.567358
0.082264
0.693500
-0.185524
0.860590
0.449937
0.780667
0.383288
0.967884
-1.000000
0.890490
0.218634
0.679482
0.428707
-0.409423
0.911688
-0.438843
-0.116490
0.960489
-0.236109
-0.285727
0.721738
-0.907078
0.755441
-0.580331
0.099409
0.743382
0.545662
0.651042
0.965451
-0.857854
0.652406
-0.683145
-0.671035
0.952330
-0.830431
-0.293853
-0.063155
0.636658
-0.189056
-0.425080
-0.939529
-0.590237
0.015847
0.831443
-0.750552
-0.676801
-0.604869
-0.916833
0.800378
-0.341921
-0.252258
0.568197
0.444992
0.966200
0.111453
0.042034
-0.891279
0.677079
-0.222842
-0.843084
-0.420326
0.331341
-0.674234
-0.932433
-0.470034
0.424920
-0.566536
0.830959
0.537569
-0.046729
-0.995736
-0.067621
-0.642839
-0.172158
-0.651519
0.299520
0.790517
-0.847978
0.246175
-0.658324
0.292520
-0.110546
0.480670
0.258403
-0.953489
0.959611
0.428364
0.656577
0.806313
-0.592174
0.611045
-0.540736
-0.665595
0.143877
0.754833
0.067032
0.367972
0.561695
0.347682
-0.862781
-0.658188
0.071495
-0.102538
-0.205321
0.235304
-0.958645
-0.938156
-0.065098
-0.310078
1.000000
-0.639608
0.371485
0.652708
0.916651
-0.807743
0.030294
-0.504582
-0.560483
0.830570
-0.169783
-0.264404
0.767223
-0.024919
-0.872070
0.805096
-0.858296
0.967406
-0.445458
0.586963
-0.801799
0.883343
0.535556
-0.760800
-0.366236
0.951573
0.663027
-0.852568
0.069728
0.818872
-0.046023
-0.742225
-0.121788
-0.817252
-0.838881
0.430121
0.006296
-0.238119
-0.172896
-0.906701
0.274313
-0.930636
0.145441
1.000000
0.303017
-1.000000
-0.122539
0.257392
0.116714
0.187073
-0.247395
-0.700106
0.056144
-0.736826
-0.046133
0.585527
-0.383847
-0.852168
0.591416
-0.803259
-0.203364
0.052943
0.323323
-0.542922
-0.608212
-0.108669
-0.306592
-0.244904
-0.554381
-0.145337
0.837457
-0.375979
-0.468995
-0.257810
-0.837691
-0.064574
0.313353
-0.379340
0.566260
-0.912419
0.445899
0.854948
0.933309
-0.833509
-0.199928
-0.192185
-0.380354
-1.000000
0.199701
0.633442
-0.364105
0.400883
-0.738302
-0.391307
-0.105210
-0.424262
-0.281379
-0.990633
0.229929
0.557143
0.879463
0.364323
0.767678
-0.097513
0.168415
-0.883222
-0.054535
-0.214870
-0.111571
0.628392
0.947859
-0.188860
0.748437
-0.572544
-0.717624
-0.299189
0.715725
0.677848
0.073156
0.199971
0.600873
0.773546
0.567331
0.773031
-0.198207
-0.560860
0.125014
-0.080726
-0.090819
-0.320380
0.240595
0.024422
0.692289
-0.500948
0.587427
-0.460873
-0.293495
0.300925
-0.846728
0.552559
-0.240422
-0.614532
0.292968
-0.961445
-0.201427
-0.623076
-0.874036
0.188342
0.229197
-0.181384
