0.901727
-0.911762
-0.248538
-0.213540
-0.198055
-0.019562
-0.953317
-0.695554
0.377319
-0.716557
-0.254403
0.532665
0.390115
-0.777325
0.842497
-0.773938
0.312432
0.621366
-0.721690
0.447852
-0.881216
-0.237845
-0.136508
0.751547
0.016007
-0.783344
-0.080076
-0.605167
-0.269060
-0.825126
-0.467175
-0.484197
-0.790827
0.304628
-0.049821
0.372822
0.999055
0.419595
-0.567426
0.834621
-0.789623
0.409245
-0.463168
-0.235157
-0.613708
-0.082013
0.847041
-0.449437
0.404577
0.849010
0.546588
0.499424
-1.000000
0.427909
-0.668624
0.508690
-1.000000
0.113216
0.303282
-0.498492
0.693193
-0.518523
-0.314371
-0.539231
-0.533947
-0.112587
-0.687546
0.429098
-0.711506
-0.197261
0.005975
0.464684
-0.752750
0.000127
-0.563405
-0.588037
-0.989835
1.000000
-1.000000
1.000000
0.726371
0.973904
0.729251
0.649755
-0.840080
0.561283
-0.512449
-0.965796
0.906530
1.000000
-0.386852
0.511950
0.472963
0.613033
0.390526
-0.724742
0.468717
-0.211785
-0.647314
-0.624453
0.808013
0.330252
-0.043241
-0.196362
-0.599442
-0.008329
1.000000
0.112532
0.595783
0.825571
0.775927
-0.123993
0.268253
1.000000
-0.527403
0.314597
0.252101
-0.491500
0.711972
-0.185232
1.000000
0.898713
0.876339
0.281241
-0.008076
0.547972
-0.292796
-0.767561
-0.530964
0.212467
0.638319
0.327292
-0.186023
0.699002
0.135048
0.485166
-0.422408
-0.927657
0.100291
0.782718
0.643298
0.533774
-0.690929
-0.506600
-0.125777
0.529855
-0.365846
-0.182057
-0.036071
0.704282
0.511772
-1.000000
-0.210391
-0.040877
0.403088
-0.372164
-0.267188
-0.044083
-0.887709
0.392213
0.739374
-0.859947
-0.658501
0.379344
0.755602
-0.366129
0.976747
0.861648
-0.373684
-0.270825
0.511296
0.578991
0.594645
-0.082750
0.471662
0.808021
0.947961
-0.288862
0.403443
0.060692
0.182602
0.759041
-0.007927
0.026743
-0.631729
0.417497
-0.321954
1.000000
0.593733
0.941127
0.061194
0.349303
-0.395308
0.477937
-0.527837
0.392036
0.600166
-0.644633
-0.493711
0.214017
-0.506937
-0.468700
1.000000
0.836200
0.148668
-0.372403
0.577921
-0.039626
-0.103882
0.911686
-0.253463
0.027355
0.414439
0.504034
0.336642
-0.004516
-0.578369
0.057280
0.216149
-0.577058
-0.297844
-0.816177
0.789710
0.764033
-0.515757
0.837103
0.076591
-0.468680
0.725431
0.335248
0.040877
-0.260222
-0.233017
0.546328
-0.006455
0.121273
0.702621
0.210426
-0.608429
-0.545329
-0.425079
-0.733533
-0.165805
-0.910551
0.215579
0.404419
-0.798828
0.431505
-0.104002
0.880540
-0.274591
0.926847
-0.064937
0.754377
0.421390
0.269168
0.516661
1.000000
0.914070
-0.747690
-0.451654
0.942316
0.274049
-0.379769
0.100964
