-0.621871
-1.000000
1.000000
0.261046
-0.453898
1.000000
-1.000000
0.424150
0.127120
-0.670435
1.000000
-0.782907
-1.000000
0.145178
-0.399744
0.785607
1.000000
0.965404
-0.942574
-0.650695
-0.662978
-1.000000
0.920750
0.132933
0.967412
-0.486939
-1.000000
0.356588
-0.634656
0.256341
-0.085409
-0.179129
-0.852981
0.362951
1.000000
-0.984546
-0.996399
0.749529
1.000000
-0.052609
-0.901928
-0.145197
0.083999
0.412431
-1.000000
0.923111
0.098326
-0.537238
0.812658
0.644697
-1.000000
-0.013450
1.000000
0.752978
-0.235123
0.120750
-0.274533
-0.449662
0.651263
0.475988
-0.901663
-1.000000
0.396329
0.225131
0.179166
0.752468
0.999836
-0.808108
0.058660
-0.818716
0.071769
-0.661343
0.070138
-0.370972
0.497994
1.000000
-0.339550
-0.345163
-0.633350
0.962594
-0.344938
-0.279234
-0.154022
0.413076
-0.019367
0.281885
-0.363627
1.000000
-0.044981
-0.858708
-0.104126
-0.046830
-1.000000
-1.000000
1.000000
0.478968
-0.471126
0.246160
0.722806
0.213372
0.346317
0.140781
-0.866142
-0.159658
-0.245670
0.551645
0.859113
1.000000
-0.290691
-0.729461
-1.000000
0.437993
-0.136986
-0.050053
0.890187
1.000000
0.392041
-1.000000
1.000000
-0.349568
-1.000000
-0.391318
-1.000000
-0.537606
0.787943
1.000000
-0.453212
-0.205163
-0.737216
-0.251480
-0.979079
0.524252
1.000000
-1.000000
0.113427
-1.000000
0.549764
-0.083088
-1.000000
0.947375
-0.054526
0.957565
0.645855
0.847713
-1.000000
0.035692
-0.792462
0.026571
0.542789
0.713093
-0.645338
1.000000
1.000000
0.894217
1.000000
-0.361118
0.452945
-0.785917
0.165280
-0.813489
0.309019
-0.583736
0.335143
0.611499
-1.000000
0.110112
0.961071
0.745755
0.194279
0.015086
0.436783
1.000000
0.859185
-0.238819
0.838800
-0.387692
-0.364936
1.000000
0.717496
0.327812
-1.000000
0.493420
0.078359
0.557795
-0.475813
1.000000
-0.242053
-0.187875
0.821270
0.961046
-0.078564
0.313816
0.377566
-0.288137
-1.000000
0.592909
-1.000000
-0.345668
-0.020381
-0.195949
0.728591
0.587944
-0.312578
-1.000000
0.551274
0.402226
-0.198313
-0.002933
1.000000
-0.035807
-0.845737
-1.000000
0.609738
0.156871
0.041984
0.049488
0.597921
0.637590
1.000000
-0.172347
-0.904837
-0.288210
-0.372236
0.546052
-0.701176
-0.063880
1.000000
0.918529
-0.197109
-1.000000
0.548943
-0.164747
0.979337
0.673898
-1.000000
-0.364141
0.798769
-1.000000
-0.947921
1.000000
-0.986218
-0.386706
0.398169
0.025431
-0.098864
-0.967410
0.913841
-1.000000
-0.117061
-0.229222
0.016985
0.015589
0.428230
1.000000
0.099503
-0.052946
-1.000000
0.876682
-0.740923
-0.798698
0.152417
0.931210
0.607398
0.295430
0.045177
