-0.981606
-0.525876
-0.845270
0.608336
0.733028
-0.628212
0.503482
-0.107037
0.778913
-0.217272
0.642894
0.251646
0.927202
-0.364847
0.331360
0.765334
-0.409730
0.190650
0.410986
-0.542591
-0.053189
0.643776
0.931130
0.078557
-0.043685
0.213459
-0.764949
-0.910952
0.646768
0.617714
0.135947
-0.626261
-0.312340
0.183292
1.000000
0.620430
-0.544680
-0.974437
0.436859
-0.979554
0.559425
0.328233
0.703794
-0.061952
-0.148017
0.034150
-0.042787
1.000000
0.367141
0.437853
0.391413
0.314138
0.209466
-0.646950
0.295880
0.688206
-0.207104
-1.000000
-0.674353
-0.832355
0.324207
-0.738088
0.052294
-0.785480
-0.474187
-0.082921
0.064848
0.448797
-0.834617
-0.019995
-0.027251
0.179921
-0.349222
0.321775
0.174362
-0.232701
0.627703
-1.000000
0.626555
-0.420607
-0.957223
-0.369007
0.555763
-0.978851
-0.672696
0.793313
-0.334347
-0.720850
-0.173600
-0.065981
0.190106
-0.547931
-0.810316
0.723550
0.494984
0.078352
0.106094
0.616488
0.966403
0.319396
-0.615946
0.294622
-0.210387
-1.000000
0.457789
-0.683384
-0.647595
-0.588897
-0.870073
0.839986
-0.301303
-0.308430
0.723526
-0.304911
-0.232407
0.954244
-0.365590
0.884984
0.411646
0.838937
-0.286858
-0.366062
0.002403
0.628768
-0.642960
-0.217431
-0.151837
0.825326
-0.646865
-0.162454
0.225088
-0.573270
0.125765
0.292363
1.000000
-0.800740
-0.038404
-0.242692
-0.385636
-0.238520
-0.697886
-0.734060
-0.770918
-0.659697
-0.918081
-0.065211
0.759043
0.448870
0.245631
-0.589783
0.850740
-0.661478
-0.377594
0.574529
-0.860719
-0.428340
-0.825316
-1.000000
-0.770692
-0.843374
0.614916
0.807826
-0.672089
-0.494592
-0.353595
-0.818138
-0.705116
0.108775
0.654917
-0.190065
-0.429611
0.466878
-0.328838
0.224317
-0.039725
-0.395986
0.789174
-0.914865
0.188211
-0.296474
0.563511
0.088732
-0.886752
1.000000
-0.935230
-0.743863
0.288917
-0.602634
-0.415518
0.134732
-0.675140
0.403605
-0.632077
0.018071
1.000000
0.457311
0.891007
0.839504
-1.000000
1.000000
-0.077392
-0.178278
0.249647
0.220454
1.000000
-0.046300
-0.877612
0.684704
-0.500427
0.803031
-0.694744
-0.313864
0.598258
0.879506
0.312482
-0.913085
0.933588
0.251161
-0.265611
-0.677755
0.694789
1.000000
-0.386486
-0.226266
-0.879037
0.507754
0.334628
0.359179
-0.527010
-0.695713
0.256032
0.332627
-0.170742
0.016455
-0.246514
-0.114454
-0.470757
0.937610
0.958343
0.245140
0.904808
-0.348466
-0.256796
0.485437
-0.100674
0.710639
0.359535
-0.490978
0.212547
-0.932980
0.506601
-0.873080
0.071441
-0.584267
0.514156
-0.931225
0.288694
0.808399
-0.359187
-0.459129
0.573859
-0.370288
0.395507
0.621832
0.482107
