0.980531
-0.610941
0.601961
0.681154
0.542214
0.081898
0.205485
-0.764676
0.025021
-0.270412
-0.425785
-0.723445
0.043364
0.587849
-0.356047
-0.222982
-0.556170
0.811904
-0.746945
-0.382305
0.978850
-0.672662
-0.780348
0.621737
0.108614
-0.580734
-0.000075
0.857779
0.284501
-0.623203
0.902754
-0.763737
0.588980
-0.832388
0.076418
-0.885803
0.555610
0.922309
0.604665
-0.925016
0.734859
0.644114
-0.623912
0.535936
0.406196
-0.111263
-0.778286
0.679662
0.682459
-0.402138
-0.332317
-0.240938
-0.493086
0.384297
-0.364328
0.811157
-0.412761
0.700025
1.000000
-0.090122
-0.682164
-0.510667
0.309033
0.632223
0.305867
0.825178
-0.891962
0.487422
0.021961
-0.927744
0.328904
-0.036239
-0.844118
0.979558
0.700428
0.384959
-0.662797
-0.463829
0.312686
0.804613
0.687971
0.425786
-0.327625
-0.249684
0.556220
-0.660580
-0.856617
-0.700582
-0.630107
-0.331231
-0.090699
0.393217
-0.046424
-0.284470
-0.304503
0.865135
0.706613
0.690371
-0.269678
-0.068454
0.514490
-0.800715
0.009202
0.284229
0.153819
0.805899
-0.826841
-0.786470
-0.849063
0.548432
0.307677
0.739873
-0.804763
-0.247857
0.389958
0.057058
-0.873858
-0.085276
0.276432
-0.023430
-0.105563
0.874277
0.000894
0.360825
0.159162
0.791842
-0.483561
0.840987
0.153460
0.611901
0.989347
0.839278
0.655285
-0.913435
-0.308573
-0.618974
0.733769
-0.797397
0.230693
0.831968
0.222306
0.209898
0.545928
0.488254
0.584592
-0.977351
-0.345260
0.103930
0.872487
-0.790372
-0.137891
-0.372816
0.911650
-0.278652
0.448737
-0.462157
0.723961
0.891725
-1.000000
0.948478
-0.664888
-0.041907
0.991662
-0.111764
-0.873226
0.493690
-0.617153
-0.381481
-0.277482
-0.685675
0.269531
-0.470257
0.755899
0.317468
-0.801790
-0.636580
-0.006831
0.702426
-0.567062
-0.947090
-0.807666
0.791958
-0.039309
-0.943910
-0.009190
0.456739
-0.164625
0.210442
0.674218
0.832262
-0.126329
-0.080481
0.193566
-0.152622
-0.932273
-0.396286
0.406572
-0.975248
0.986678
-0.545659
0.180629
0.642029
0.834243
-0.264720
-0.101707
-0.192649
0.152034
0.014395
0.293853
0.955978
-0.947126
-0.800970
-0.792895
-0.074261
-0.618213
-0.890912
-0.692561
-0.493716
0.331557
0.878574
-0.044883
0.764910
0.757898
0.730776
0.973897
0.084183
0.555375
0.241118
0.684336
-0.784210
-0.834929
0.489976
0.646141
-0.080336
-0.250374
-0.479386
-0.892645
-0.261231
0.138184
0.258327
-0.549098
-0.226373
0.038831
-0.699533
0.306431
0.933529
-0.325988
-0.607324
0.281398
-0.667791
0.868192
0.288515
0.817107
0.987300
-0.705147
0.207623
0.193102
0.991296
-0.600303
-0.690233
-0.674281
0.176259
0.573268
0.514736
-0.978667
