0.702014
0.390010
-0.780567
0.961798
0.016773
0.522548
-0.024607
-0.004521
0.190010
0.210665
0.063125
0.448407
0.898683
-0.871168
-0.274973
-1.000000
-0.117611
-0.811022
-1.000000
0.167592
-0.428793
0.443434
-1.000000
0.342183
0.214770
0.554462
-0.443712
-1.000000
-0.570440
0.783808
-0.142881
1.000000
-0.022214
0.446154
1.000000
0.974696
-0.288839
1.000000
-0.259617
-0.053497
-0.827659
0.430972
0.783913
-0.262193
-0.638223
0.492967
-0.697205
0.711626
0.762888
0.382969
0.544083
-0.358637
1.000000
-0.712218
-1.000000
-0.666694
-0.679310
-0.690348
0.011552
-0.347911
-1.000000
-1.000000
-0.376291
-0.106447
1.000000
0.023777
-0.260796
-0.505626
-0.921812
0.549932
-0.182795
-0.020468
1.000000
0.440309
-0.779190
0.407556
0.561035
0.238997
0.452205
-1.000000
0.765085
0.533128
-1.000000
0.655205
-0.347021
0.842183
0.338949
-0.685127
-0.402834
1.000000
-0.963829
-0.822557
0.112953
1.000000
-1.000000
0.057676
-0.661980
-0.346158
1.000000
-1.000000
-0.282308
-0.531498
1.000000
-0.360675
0.417854
-0.354314
0.165114
1.000000
0.549375
0.386656
0.336654
-0.849857
-1.000000
-1.000000
0.580077
-1.000000
-0.208265
-1.000000
-1.000000
-0.341864
0.111502
0.947478
-0.893088
-1.000000
-0.426216
-0.183330
-1.000000
0.854843
-0.474106
-1.000000
0.329024
-0.898462
0.236586
0.332685
-0.193321
-0.497801
-0.157334
-1.000000
-0.033301
-0.603596
-0.398308
-0.322482
-1.000000
0.685496
-0.428850
1.000000
0.626408
0.288450
-0.376253
-0.777256
-0.525350
-0.927283
-0.383081
0.243588
0.868680
0.134511
0.136972
0.366969
0.647879
1.000000
-1.000000
-1.000000
-0.686618
-0.317458
0.734866
-0.549710
-1.000000
0.221170
1.000000
-0.139731
-1.000000
0.623991
-0.163494
-0.408190
0.675428
0.078393
-0.951639
-0.277030
0.681279
0.194700
0.486693
0.584317
0.584417
1.000000
0.119919
-0.582179
-0.247116
-0.201730
-0.821497
-0.122631
-0.330236
-0.434581
0.056451
0.213048
1.000000
0.248675
-0.493231
-0.747667
0.798573
-1.000000
-0.179525
-1.000000
-0.790813
-0.828406
-1.000000
-0.237518
0.554506
0.632996
0.811381
-0.805996
-1.000000
-0.461982
1.000000
-0.695497
-0.772485
0.073506
0.516388
-0.579489
0.049731
-1.000000
-1.000000
0.935658
-0.835077
-0.428733
-1.000000
1.000000
1.000000
-0.094049
1.000000
0.284545
-0.389088
0.135553
-0.947609
-1.000000
1.000000
-1.000000
-1.000000
1.000000
0.641576
-0.840124
-1.000000
0.150665
0.596859
0.854912
-0.650436
0.385693
-0.122014
0.687003
-1.000000
-0.085191
-0.215873
0.406947
0.148288
-0.879691
-0.959351
-0.664407
-0.242329
-1.000000
0.773689
-0.371329
-0.431521
-0.730657
-0.147123
-0.906619
0.997246
