0.117872
0.556786
0.749524
0.248235
-0.076189
-0.813243
0.692168
-0.730591
-0.290182
0.252711
1.000000
1.000000
0.206005
-1.000000
-1.000000
-0.956022
-0.115895
-0.351554
0.619336
1.000000
-1.000000
0.117861
0.569226
1.000000
-0.400417
0.318760
0.056012
-0.801972
-0.454652
0.964450
-1.000000
0.032858
-1.000000
1.000000
-1.000000
0.854055
0.427805
1.000000
-0.381934
0.084584
-0.422542
0.067627
-0.773909
-0.107980
0.393738
-0.859958
-0.947026
1.000000
-0.144910
0.397047
-1.000000
-0.411018
0.431764
-1.000000
-1.000000
-0.977177
1.000000
-0.983165
-0.615721
-0.390310
1.000000
1.000000
-0.454376
-0.867357
0.948322
1.000000
0.806740
1.000000
1.000000
0.393338
0.903950
-0.743943
-0.848219
1.000000
-1.000000
-0.981757
0.902248
0.268444
1.000000
1.000000
1.000000
0.724149
1.000000
1.000000
-0.197004
0.685792
-0.494239
1.000000
-0.410608
0.410196
-0.563861
-0.907527
-0.333909
-0.400837
0.748333
-0.566170
0.644738
1.000000
1.000000
-0.851427
0.502467
0.864405
-0.362078
0.485278
-0.332561
-0.422285
-0.948651
0.334971
1.000000
0.993719
-0.880768
0.648364
0.952987
0.666459
0.773244
0.961446
0.162184
-0.560003
0.012240
-1.000000
-0.008405
-1.000000
0.060143
0.709172
-0.545046
-0.640626
-0.604909
-0.162338
-0.037472
-1.000000
0.210033
-0.707094
-0.939507
-0.715763
-0.218340
1.000000
-0.397074
-0.721485
-0.993876
-0.227332
-0.242665
0.798634
-0.628911
-1.000000
-0.068815
-0.309794
-0.002281
-1.000000
0.923254
0.471812
-0.337634
-1.000000
0.009077
0.906972
0.417996
-1.000000
-1.000000
-0.097486
1.000000
-0.936479
-1.000000
1.000000
0.370547
-1.000000
-0.540671
1.000000
-1.000000
0.323468
-1.000000
-0.917504
0.537255
-0.849817
-0.378200
0.901844
0.480691
-0.514336
-1.000000
0.089888
0.055361
-0.355087
1.000000
-0.632147
0.287330
-0.265790
0.549224
-0.345850
0.926068
0.637207
-0.526022
-0.435375
-0.312181
-0.501741
0.726941
-0.711798
0.363272
-0.441718
-1.000000
-0.721660
0.960821
-0.305191
0.433089
-0.339903
-0.442746
1.000000
-0.046004
0.202024
-1.000000
-1.000000
-0.687719
-0.057465
-0.623617
-0.549361
1.000000
0.712895
1.000000
-1.000000
-0.020119
-0.544980
-0.436366
-0.409245
0.947693
-0.226784
-0.826574
-0.705110
0.123071
-1.000000
-0.107445
1.000000
-0.327095
-0.470494
1.000000
0.514715
-0.096726
-0.889407
-0.195652
-0.560037
0.526623
-0.234299
-0.305575
-0.574868
0.581672
0.447944
-0.636763
-0.790190
0.832013
0.646035
-1.000000
0.668381
-0.308298
-0.149312
-0.648019
0.016182
0.554321
1.000000
1.000000
-0.592353
-0.561032
1.000000
1.000000
-0.993200
-0.621881
0.695291
0.795687
0.798624
-0.910557
