-8.200000
4.000000
-1.000000
74.000000
-1.000000
-1.000000
64.600000
-1.000000
91.000000
32.200000
-0.815859
-0.345701
0.157410
-0.276048
-0.562063
-0.156244
-0.543024
0.596448
-0.615946
-0.670538
0.930005
0.349709
-0.418953
0.113340
0.438130
-0.430259
0.083063
0.499609
-0.170415
0.732796
-0.667314
0.059748
0.510314
-0.283636
-0.054630
-0.111417
-0.964983
-0.074281
0.466858
0.333687
-0.723203
-0.920625
0.044841
-0.802057
0.471812
0.960650
0.679078
-0.545417
-0.634319
-0.294152
-0.691395
0.869025
0.147341
1.000000
0.708665
1.000000
1.000000
-0.425311
-0.928034
0.162580
-0.925599
1.000000
0.423440
-0.617393
0.034289
-0.711025
0.613469
0.216409
0.319805
0.738627
0.493884
0.632590
0.641612
0.560139
0.268225
0.092546
0.301990
-0.730903
-0.171678
-1.000000
-0.051025
0.085564
-0.018709
-0.598068
-0.390314
-0.122560
0.611532
-0.411915
-0.428680
-0.503180
-0.445085
-1.000000
-0.564096
-0.059568
0.688370
-0.141598
-0.084074
-0.174498
0.301136
0.916979
-0.056525
0.686874
0.739997
0.100811
0.088354
0.128418
-0.235920
0.030708
0.235528
0.814485
-0.000662
0.387713
-0.956042
0.241103
-0.469335
-0.322121
-0.066359
-0.354327
-1.000000
-0.748806
0.730979
-0.150034
-0.175796
-0.176311
-0.707603
0.198627
0.109266
-0.095905
-0.762394
0.718865
-0.882180
0.555598
-0.078885
-0.286095
-0.130183
0.539923
-0.668242
-0.999169
-0.351765
0.349905
0.691465
0.969355
-0.491912
0.325125
0.780210
1.000000
0.674450
-0.060267
-0.465110
1.000000
0.002699
0.140822
-0.777592
-0.450615
-0.699144
0.267912
-0.209659
1.000000
-0.055448
-0.202186
0.540283
-0.165220
0.572534
-0.760054
-0.697418
0.314660
-0.517384
-0.722200
-0.767597
0.751912
0.852019
-0.281448
-0.366478
0.208158
0.546671
0.004627
0.062824
-0.376933
-0.557367
-0.544763
-0.954437
0.782200
1.000000
-0.118048
-1.000000
0.679504
-0.682303
-0.088073
0.663097
-1.000000
0.930263
0.886219
0.836292
-0.228106
-0.928094
-0.230547
-0.035689
-0.827490
0.345185
-0.933331
-0.005655
-0.518276
-0.217426
-0.194722
0.086310
0.541645
0.090162
0.403062
0.404702
0.541497
-0.786782
0.025898
-0.965511
-0.280299
-0.062308
0.823810
-0.210455
-0.051188
-0.091063
0.192457
-0.701451
0.055933
0.769086
-0.495684
-0.759105
-0.438044
-0.535273
0.443516
-0.619014
1.000000
-0.713406
-0.796602
-0.387321
0.708975
-0.107322
0.231981
-0.295742
0.301452
0.745385
0.951711
-0.015939
0.900861
0.852546
-1.000000
-0.475433
0.121784
0.613528
-0.982342
1.000000
0.041167
-0.583052
0.040300
-0.428442
0.908158
0.765222
0.203279
-0.520593
0.673048
1.000000
-0.470964
0.124069
0.813144
0.087582
0.299773
-0.643576
-0.151823
-0.928707
-0.547190
0.431616
-0.043954
-0.539047
0.241814
0.244745
-0.207050
0.378078
