97.800000
4.000000
100.000000
52.000000
-1.000000
-1.000000
53.200000
-1.000000
-1.000000
52.600000
-0.459849
0.972388
-0.434251
0.884607
-0.058247
0.730631
-0.783411
-0.447738
-0.305572
-0.952226
-0.874115
-0.457527
-0.710571
0.881391
-0.231403
0.549848
-0.744312
0.432995
-0.392813
-0.954488
0.826967
0.762520
0.952972
-0.183211
0.515201
-0.770010
-0.184023
-0.314529
-0.258354
0.720289
0.378874
0.514894
0.702483
-0.042736
-0.417572
-0.332770
-0.060788
0.895487
0.938921
-0.939582
0.772155
0.334911
-0.855121
0.369901
-0.723906
0.032468
-0.820546
-0.060137
-0.424636
-0.060205
-0.155499
0.941972
0.161563
0.037177
-0.981281
-0.655367
-0.907355
-0.755567
0.555829
-0.859817
0.871794
-1.000000
0.433560
0.923461
0.612879
-0.411119
-0.305563
-0.279244
0.262568
0.063615
0.991828
-0.170763
-0.854980
0.526119
0.131539
-0.663468
0.824918
0.924059
-0.945869
-0.146393
-0.906048
0.004940
0.467439
0.214442
0.947427
-0.542612
-0.683520
-0.404222
-0.098688
-0.439439
0.137719
0.491336
0.612102
0.423545
0.203032
-0.784871
-0.097700
-0.289669
-0.644470
0.014092
0.529783
-0.949490
-0.966183
0.969169
0.478192
-0.351288
-0.453576
0.910726
0.958026
-0.544031
0.916338
-0.213369
-0.723607
0.565487
-0.516585
-0.638572
0.269554
-0.592483
0.303627
-0.650849
0.878190
0.493431
-0.383051
-0.148734
0.062707
-0.988558
-0.534104
0.982941
0.285779
0.450350
0.114405
0.184998
-0.779127
-0.490141
0.061480
-0.939187
0.528744
-0.265833
0.208441
0.678757
-0.754370
0.167373
-0.747098
-0.749234
-0.847010
-0.878028
-0.052594
0.548155
-0.138345
0.924772
-0.234966
-0.411567
0.369135
0.888294
-0.068872
0.189105
0.977329
-0.664925
0.689527
0.993933
-0.279705
0.917935
0.215495
-0.263329
-0.175806
-0.051886
0.425382
-0.739967
0.990826
0.007418
0.546636
0.466366
-0.587913
0.081475
0.998050
-0.150974
0.679115
-0.697999
-0.373448
0.858019
0.092494
0.194016
0.324384
0.227600
-0.363390
0.211425
1.000000
-0.344750
-0.113300
-1.000000
-0.235544
-0.066160
0.531104
-0.184437
0.158057
-0.255497
-0.909444
0.884482
0.920834
0.903745
-0.540260
0.997867
-0.124499
-0.374995
0.519794
-0.750060
-0.806961
0.961735
0.401256
0.884659
0.084616
-0.092088
0.010026
0.224208
0.111693
-0.969668
1.000000
0.010725
-0.490199
-0.575372
0.162752
-0.839572
-0.737942
-0.065318
0.591545
0.866058
0.973148
0.936425
0.793025
0.606085
0.306030
0.820341
0.382236
0.930711
-0.950726
-0.553631
-0.727010
0.690520
-0.220417
-0.115113
0.781907
0.777091
-0.893824
-0.407777
-0.980186
0.417402
-0.118549
0.864330
0.246493
-0.259659
-0.112470
-0.389336
-0.618094
0.440921
0.781213
-0.470092
0.138581
0.348259
0.412709
-0.080988
0.841019
-0.830949
0.185532
0.294356
0.617930
