0.307746
-0.519907
-0.337566
-1.000000
0.195618
0.028635
1.000000
-0.367356
0.521201
-0.648264
-0.142753
-0.584385
-0.038577
-0.331814
-1.000000
-0.038553
-0.760847
-0.688137
0.753574
1.000000
-0.122905
0.341497
-0.664343
-1.000000
-1.000000
1.000000
-0.399363
0.675078
-1.000000
-1.000000
0.355265
-0.059154
0.381514
1.000000
-0.855455
0.123007
1.000000
0.180157
0.104801
0.413530
0.404915
-0.858961
-0.341545
-0.584580
-1.000000
-1.000000
-0.415218
-0.147446
0.963341
0.536504
-0.445074
-0.135232
-1.000000
0.241206
1.000000
-0.886381
-1.000000
0.716533
0.879223
-0.114402
-0.477825
-0.007406
-0.380772
-0.552984
1.000000
1.000000
0.825308
-0.727195
-1.000000
-0.701476
-0.436561
0.973319
-0.445842
0.746822
1.000000
0.729675
-0.719886
0.529854
0.070064
-0.805593
0.000495
-0.884642
-1.000000
0.287252
0.518601
0.036343
-1.000000
1.000000
-0.065726
0.856706
-0.587685
0.065058
0.288894
0.756343
0.468278
0.465991
-0.343526
0.327662
0.710518
0.020953
-0.125672
-0.765716
-0.656986
-0.494680
-0.342612
-0.576518
-0.210519
-0.855300
-1.000000
-0.924977
0.142963
1.000000
-0.963761
0.362590
0.713177
-0.494352
-0.644647
-0.143408
0.656482
0.729473
0.649686
-0.330582
0.405309
-0.098073
0.873851
0.058867
0.225630
0.572649
-1.000000
0.441507
-0.567374
1.000000
0.786590
-0.439107
-0.962856
0.759520
-0.957728
-0.078515
0.873715
0.233496
0.151744
-0.075028
0.579969
0.499644
0.492550
1.000000
0.143475
-0.030951
1.000000
-0.132519
0.309948
-0.579891
-0.793295
0.605361
0.530002
-0.228969
0.612453
1.000000
-0.317226
1.000000
-1.000000
0.966428
-0.189257
-0.573201
0.655893
0.402303
-0.042226
0.166584
0.193868
-1.000000
-0.296212
0.514833
-0.312472
-0.947234
-0.747903
1.000000
-1.000000
1.000000
-0.081757
1.000000
-0.074859
-1.000000
0.119132
-0.377534
0.348556
0.511953
0.032302
0.047803
0.667637
-0.364990
0.819624
0.502799
-1.000000
-1.000000
-0.948911
0.275982
-1.000000
0.911100
-0.386281
-0.446759
-0.237954
-1.000000
0.269026
0.348279
0.770624
0.989314
-0.509706
-0.148838
0.370121
0.278054
0.243565
-0.622385
1.000000
0.696087
-0.266050
0.731139
1.000000
0.670813
0.015346
-1.000000
0.273686
0.254928
-0.302110
1.000000
0.573658
0.307056
-0.233280
1.000000
0.578211
-0.800141
0.235897
0.089583
-0.039983
0.800108
-0.519406
0.278911
-0.523287
0.745720
-0.358333
-0.390115
-1.000000
-0.042910
0.866850
0.331678
-0.034878
-1.000000
0.431734
-0.736790
1.000000
0.044830
0.285872
1.000000
0.513575
0.739450
-0.090721
-0.983075
-0.481331
0.061151
-0.343904
1.000000
-0.881419
-0.221531
0.407901
-0.139259
-0.635916
