0.096785
-1.000000
-0.194239
-0.228630
0.096628
-0.089423
-1.000000
1.000000
-0.355109
-1.000000
-0.243096
0.207698
-0.984487
0.307607
-0.450525
-0.398929
-0.663410
-0.560486
-0.593927
0.687084
-0.348045
1.000000
-0.357647
-0.062943
-0.352378
-0.132870
0.591462
-0.505832
0.067623
0.039709
-1.000000
-0.742497
1.000000
-1.000000
0.745644
-0.432791
-0.812280
-0.901299
-0.051064
-1.000000
-0.052415
-1.000000
-0.113186
0.936643
0.147372
-1.000000
-0.548147
0.520795
0.834283
0.134142
-0.596439
-0.444746
-0.540288
0.682356
-0.452541
1.000000
0.847367
0.964652
0.007951
0.227536
-0.046651
1.000000
0.717127
-0.087588
-0.291740
-0.236372
0.583122
0.210238
-0.791023
-0.230720
-0.184933
-0.636606
-0.089917
0.384836
0.710925
0.771460
1.000000
0.879989
0.850268
0.193570
-0.438010
0.031473
0.808789
0.795256
-0.230036
-1.000000
-1.000000
-0.050810
-1.000000
-0.419361
-0.089750
0.352441
0.545445
-0.270945
1.000000
0.466237
0.406373
0.785997
0.623725
0.828379
-0.682051
0.269327
-0.099450
0.676362
0.121220
1.000000
-0.050816
0.142999
-0.341612
0.695896
0.525221
-0.516838
0.583309
-0.423755
0.220059
-0.766134
-0.867032
0.670595
0.312410
0.184779
-0.257530
-0.384246
-0.192323
-0.751512
-1.000000
0.904300
0.761930
-0.651359
-0.939457
1.000000
0.207746
-0.849179
-0.348668
0.100464
-0.773277
-0.386979
0.387919
-0.075034
-0.442270
0.323618
-0.706957
-0.979549
0.382981
0.024587
0.217818
-0.003649
0.923593
-0.496502
-0.060140
-0.498857
-0.140378
-1.000000
-0.410803
0.887767
-1.000000
-1.000000
-0.440615
-0.456746
0.627486
0.221005
0.105264
-1.000000
0.211252
1.000000
-0.841198
-0.748175
-0.314799
0.041504
1.000000
0.226418
-1.000000
-1.000000
0.366203
-0.075686
-0.957405
-0.546670
0.333821
0.400285
0.323043
-0.817356
0.396325
0.454734
0.511602
-0.055437
-0.345889
-1.000000
0.157739
0.038964
-0.061617
-0.050213
0.157878
-0.679119
0.702827
0.017323
-0.888883
-0.012469
-0.717117
0.014766
-0.356004
-0.194184
-0.023781
-0.199068
-0.523946
0.065202
0.261633
-0.902137
0.110948
0.999383
-0.945222
0.575992
-0.884556
0.773889
0.950938
-0.011135
-0.621824
-0.157367
-1.000000
0.725720
0.537901
-1.000000
-0.074689
-1.000000
-0.091684
0.274180
-0.694872
-1.000000
-0.025788
0.128616
0.883419
0.299287
-0.009640
0.085163
0.497708
-0.156786
-0.357920
-1.000000
1.000000
-1.000000
-0.257857
0.360464
1.000000
-0.540176
0.263839
0.163575
-0.750621
-0.778331
-0.751909
-0.398166
-0.849206
0.359400
0.052789
-0.014414
1.000000
0.755498
0.414835
-0.352446
-0.770297
-1.000000
-0.285219
-0.885952
0.639091
-0.704553
0.510469
-1.000000
-0.007897
