0.594706
0.888699
0.112076
0.260138
-0.676273
0.151378
-0.900045
0.865297
-0.841260
0.698537
-0.691293
-0.190126
0.344603
0.484174
-0.343219
-0.366306
0.428819
0.959551
0.490602
-0.672911
0.089811
0.057346
-0.691898
0.028116
-0.786147
0.075845
0.072502
-0.626373
0.887157
0.959527
1.000000
-0.433918
0.759050
1.000000
-0.906994
0.181526
-0.467105
0.392028
-0.707870
-0.765393
-0.254331
-0.168592
-0.762543
0.450435
0.860077
-1.000000
0.777612
-0.762326
0.430179
0.382018
1.000000
0.450637
-0.871115
-0.087492
0.500037
-0.896248
-0.139446
-0.332442
0.614068
0.982997
-0.146295
0.984916
0.525203
0.245724
-0.626128
-0.229307
0.460570
0.114617
0.384937
0.421393
0.855756
0.987823
0.011397
-0.409780
-0.917549
0.540718
-0.972625
-0.150152
0.314309
0.192390
-0.872778
-0.865902
-0.133252
-0.653749
0.255907
-0.197137
0.229821
0.619755
0.491761
-0.857064
0.747786
-0.185660
0.624786
1.000000
-0.290748
-0.558116
-0.806849
-0.682030
-0.472649
-0.585511
-0.512061
-0.716859
0.254548
-0.390086
-0.608599
0.935683
0.655887
-0.815127
0.846807
-0.904035
-0.336370
0.566960
-0.564737
0.836663
-0.343609
-0.756250
0.430401
-0.062071
-0.948847
-0.480435
-0.008255
0.259031
0.007552
-0.489698
0.491147
0.452111
0.650353
-0.828282
0.296832
0.680545
-0.689831
-0.869613
0.277240
0.360780
-0.394125
-0.611460
0.924093
0.726239
-0.745365
-0.853624
0.794493
-0.046225
0.889706
0.605360
0.520756
0.311178
0.608511
0.154765
-0.615467
-0.763556
1.000000
-0.709608
-0.217934
-0.557884
0.914459
0.442389
-0.293745
-0.412993
-0.683110
-0.497584
0.951099
0.917610
-0.703700
-0.335732
0.791762
-0.165625
-0.232555
-0.919729
0.031182
0.981111
0.458446
0.226931
0.218446
0.568722
-0.776571
0.956969
-0.206136
-0.067799
0.761437
0.914933
0.248983
0.361764
-0.052434
0.767679
0.101195
0.956012
-0.673859
-0.242569
-0.196942
-0.513596
0.379222
0.593429
0.872051
0.913291
-0.748967
-0.597680
-0.421870
0.553854
0.307036
0.047796
-0.680680
-0.699603
0.057849
0.937305
0.522491
-0.529011
-0.318399
0.793322
0.659002
-0.850494
-0.239366
0.546689
0.730105
-0.521142
-0.373443
-0.530453
0.915953
-0.010678
0.897412
-0.732386
-0.443082
0.061628
-0.550083
0.021069
-0.288221
0.761854
-0.732427
0.308001
0.479360
0.085526
0.067190
0.163947
-0.095333
0.467041
0.647893
-0.170969
-0.476731
-0.636179
-0.076942
-0.936792
-0.386821
-0.479714
0.608071
-0.981922
0.798424
-0.759289
-0.162759
0.548427
0.418214
-0.579125
0.563584
-0.588322
-0.671466
0.009903
0.991331
-0.105348
-0.898767
-0.114453
0.868255
-0.694054
0.198974
-0.775230
0.853661
0.324272
0.603610
