0.783039
-0.049556
0.440395
-0.088427
-0.544154
-0.460703
-0.141751
-1.000000
0.413255
0.625089
-0.975745
-0.983852
0.542529
-0.341992
0.887266
0.940886
-0.127802
-0.196810
-0.243531
-0.636338
0.762360
-0.162186
-0.565250
0.107110
-0.097277
0.393604
0.067408
-0.278181
-0.459924
-0.150970
0.548760
0.207289
-0.458854
-0.150070
-0.689391
0.805667
-0.096820
-0.305651
0.799691
-0.045632
-0.829562
0.613228
-0.068436
-0.891566
0.133120
-0.600024
0.058380
-0.886840
0.577975
-0.219360
0.512641
0.944682
-1.000000
-1.000000
0.805808
-0.906306
0.068446
0.915837
0.680785
0.716402
-0.572788
-0.207462
-0.933135
-0.307462
0.004204
-0.342632
-0.172120
0.979663
0.995347
-0.710101
0.215824
0.898462
-0.937004
0.579178
-0.255902
-0.538276
-0.339054
0.015081
0.420045
0.788388
-0.893642
-0.268863
0.718164
-0.377721
1.000000
-0.536987
-0.661634
-0.319567
0.581606
0.380007
0.927539
0.702263
-0.046062
0.826328
-0.500887
0.503892
-0.812330
-0.676332
0.731759
-0.756246
-0.010017
-0.341989
-0.142744
-0.231241
0.059663
-0.429980
0.623360
-0.104622
0.954391
-0.331007
-0.910235
0.078305
-0.662316
0.264913
0.710912
-0.206003
-0.588025
0.377160
0.682083
0.005113
0.016394
0.989599
-0.975936
-0.230508
-0.592608
0.404147
0.359207
-0.473187
-0.498271
-0.481517
0.333655
-0.615503
0.405867
-0.089805
-0.381881
0.567396
0.878185
0.805958
-0.232970
-0.349685
-0.324135
0.871927
0.638915
0.870506
0.629187
0.499244
-0.588980
1.000000
0.791095
0.662891
0.184919
0.693611
-0.686889
0.765893
-0.178800
-0.952015
0.029058
0.688468
0.129599
-0.099648
0.014376
-0.384147
0.274254
-0.103853
-1.000000
-0.623503
0.852709
0.446948
-0.411440
-0.801112
-0.907445
-0.406672
0.570544
-0.400583
-0.599736
-0.705016
-0.909467
0.188115
-0.686415
0.209901
1.000000
0.770260
0.416925
-0.515705
0.629851
0.155427
0.353034
0.793921
0.750005
-0.626263
-0.162196
-0.543769
0.653157
0.751547
-0.459560
-0.432740
0.024411
-1.000000
0.526327
1.000000
0.899832
0.968749
-0.304466
-0.270316
-1.000000
-0.122168
0.974741
-0.285774
0.228501
0.014608
-0.683038
0.797795
-0.523493
-0.899909
-0.008014
0.102695
0.531725
0.683073
-0.395666
0.494755
-0.332942
-0.049840
0.852120
0.845001
-0.687653
-0.986574
0.808426
0.918273
0.819689
-0.356963
-0.559061
-0.914297
-0.215071
-0.522105
-0.329008
1.000000
-0.291847
0.757196
0.967216
-0.604040
0.986992
0.683458
0.331081
0.164509
-0.544670
-0.435017
-0.074932
-0.544879
0.244755
0.614425
-0.990811
-0.729751
0.535430
0.777952
-0.115012
0.032476
-0.667373
0.298534
0.507711
0.076128
-0.259180
-0.906089
0.217575
0.521394
-0.003968
