-0.824156
1.000000
0.828870
-0.624031
0.534595
-0.539946
-0.320629
-0.312692
-0.415107
0.288793
0.940638
-0.880771
0.662516
0.057619
0.467497
0.696173
0.425545
0.747012
0.372851
-1.000000
-1.000000
0.143520
-0.700402
0.363657
0.339083
1.000000
1.000000
-0.471513
1.000000
-0.907343
0.294795
0.170406
-0.114872
-0.217470
-0.978069
1.000000
-0.623742
0.894837
0.079256
-0.141617
-0.336133
-0.579090
-0.020090
0.462158
-1.000000
0.667933
0.068572
1.000000
-0.672158
0.237859
-0.283709
-0.577355
-0.035515
-1.000000
1.000000
-1.000000
-0.226732
0.560966
-0.715669
-0.486911
0.548595
-0.545177
0.636592
1.000000
0.072235
0.635718
-0.582269
0.961722
0.302076
0.881967
-0.192680
-0.069343
0.108423
-0.467253
0.363127
-0.149860
-0.558072
1.000000
0.219443
0.814357
-0.180048
-0.012121
0.460499
0.086479
1.000000
0.928301
0.198871
-1.000000
0.223943
0.327873
0.072731
1.000000
-0.502623
0.409304
0.371908
0.842194
-1.000000
-0.301609
0.364796
0.906960
-0.230537
-0.219795
-0.899301
0.588168
-0.554778
-0.165502
0.055280
1.000000
-0.552130
0.781812
0.766519
-0.671225
-0.202487
0.843259
0.383381
0.061813
0.266991
0.468364
0.766040
-1.000000
0.366329
0.653861
-1.000000
-0.419192
-0.415484
-0.311562
0.702040
-0.403710
1.000000
0.340904
-1.000000
-0.711735
0.766260
-1.000000
0.637371
-0.379291
0.286898
0.244350
-1.000000
0.457953
0.801477
1.000000
-0.408084
-0.654047
-0.142629
0.192449
-0.674947
0.824825
-0.451673
-0.574427
-1.000000
0.927601
-1.000000
-0.177891
-0.290210
-0.550856
0.173451
-0.308223
0.225211
0.215508
-0.623507
-0.372947
-1.000000
0.436279
-0.528968
-0.021115
1.000000
0.095197
1.000000
-1.000000
-0.763463
0.709498
-0.854452
0.339284
-1.000000
-0.415918
-0.931739
-0.014729
-0.512378
1.000000
0.620675
0.974874
0.405969
0.452243
-0.806631
0.737605
-1.000000
0.166922
-1.000000
-1.000000
-1.000000
1.000000
0.848635
0.153296
1.000000
-1.000000
-0.781515
0.179514
0.194616
0.549799
0.200108
0.404235
0.432277
-0.508830
0.287354
-0.742812
-1.000000
-1.000000
-1.000000
0.361238
-1.000000
-1.000000
0.497771
0.122356
0.937870
0.533106
0.868457
-1.000000
-1.000000
-0.776987
-1.000000
-0.528785
0.477221
1.000000
-1.000000
0.595882
0.497642
0.194400
-1.000000
-0.044769
-0.119566
0.915405
0.952165
1.000000
1.000000
0.532503
-0.901656
0.110250
-0.353398
0.402425
-1.000000
0.706949
0.167617
-0.389610
-0.209668
-0.125775
-0.470205
-0.053309
0.158020
0.666315
0.364965
0.148183
0.682157
0.327931
-1.000000
-0.852806
-0.212246
-0.908754
-0.696237
0.175268
-0.396245
0.651522
-0.690878
-0.686387
-0.926107
