0.114813
-0.379420
1.000000
-0.387851
0.080994
0.625337
1.000000
0.033968
0.505644
0.190602
-0.935466
-1.000000
-0.015509
0.005180
1.000000
1.000000
0.831457
0.571366
-0.651069
-1.000000
-0.301182
-0.936792
0.287818
-0.375548
0.439211
0.557116
-1.000000
0.611161
-0.579204
1.000000
0.554465
-0.101990
0.270611
0.163036
-0.666583
-0.952680
-0.863789
-0.385733
-0.109676
-1.000000
1.000000
0.950563
-0.829524
0.508526
-0.023942
-0.792059
1.000000
1.000000
-1.000000
-1.000000
0.059216
-0.473100
-1.000000
0.447126
-0.656311
-0.428383
0.320410
1.000000
-0.266259
0.399658
0.088875
-1.000000
-1.000000
-0.920079
-0.153190
-0.691705
1.000000
-0.499148
0.473028
-0.061241
-1.000000
0.273872
0.098076
0.819323
0.287786
-0.089459
-0.468522
0.682672
-1.000000
0.177958
-0.942927
-0.658881
1.000000
-1.000000
-0.000280
-1.000000
-0.445885
0.623093
-0.629698
0.215129
-0.670287
-1.000000
-0.555534
1.000000
1.000000
-0.867276
-0.999747
0.290554
0.923419
1.000000
1.000000
-0.861564
0.007803
-0.969179
1.000000
-0.743720
0.568059
-0.098660
-1.000000
-1.000000
-1.000000
0.681426
0.371254
-0.754977
-0.857687
-0.485054
0.647421
1.000000
0.031921
-0.124007
0.715463
-0.773589
1.000000
1.000000
-0.310255
0.163424
0.306346
0.702524
-1.000000
0.834126
-0.802484
-0.739958
-0.918611
0.688993
0.841478
0.967156
0.205599
1.000000
0.647029
-1.000000
-0.142043
-0.190715
-0.168285
-0.839233
0.334957
-1.000000
-0.150267
-0.611887
1.000000
0.200205
-0.907294
0.410593
-0.442556
-0.561882
-1.000000
0.152538
-0.708926
0.241268
0.244544
-0.156465
1.000000
-0.401738
0.323090
0.377578
-0.697939
0.216129
-0.042736
1.000000
-1.000000
-1.000000
0.410854
0.346830
-0.233609
-0.031788
-0.100169
1.000000
-1.000000
-1.000000
-0.333133
-0.494312
-1.000000
0.485432
0.205900
-0.003386
-0.940213
1.000000
-0.058886
0.246461
0.553793
-1.000000
1.000000
1.000000
-0.443838
0.208152
-0.269167
0.525777
-0.399891
0.072511
0.983055
1.000000
0.162331
0.969635
0.799516
0.100535
0.245100
-1.000000
-0.287677
0.593786
0.247443
-0.518016
-0.832477
0.747481
0.817584
1.000000
0.228113
1.000000
-0.450682
0.493933
0.586441
0.430773
0.220317
-1.000000
-0.700653
0.826734
-1.000000
0.505228
1.000000
0.566993
-0.751830
-0.060482
1.000000
-1.000000
0.626656
0.563973
0.609467
-0.719989
0.488001
-1.000000
-0.172385
0.254292
-0.458849
-0.206191
0.450346
0.792843
-0.787183
0.021857
0.353135
-0.118288
0.548328
-0.960064
-0.950172
-1.000000
1.000000
0.949501
-0.014197
0.877104
-0.998158
-1.000000
0.104712
-0.332163
-0.003175
-0.931699
0.110548
-0.789080
-0.100252
