-0.163696
0.899150
0.298441
-0.150523
-0.014255
-0.600185
-0.097133
0.168607
-0.255978
0.636751
-0.444906
0.377097
1.000000
-0.319406
-1.000000
0.917228
0.564088
-0.658087
-0.890563
-0.927062
-0.691661
-0.441625
-0.292722
0.449212
0.465610
-1.000000
-0.011081
-1.000000
-0.936690
1.000000
-0.656370
0.319381
0.073787
0.982955
-0.865502
0.142713
-0.548225
0.439506
-0.517195
0.104339
1.000000
0.808368
0.993936
0.078952
-1.000000
0.711521
0.922141
-1.000000
0.093044
-0.115337
0.075735
0.529379
0.151492
1.000000
-0.596648
1.000000
-0.899505
0.996598
-0.209172
-0.305948
-1.000000
-0.930891
0.799826
0.888235
-0.821111
1.000000
0.138269
0.372973
1.000000
1.000000
-1.000000
0.929829
0.925417
1.000000
-1.000000
0.901108
0.269429
-0.682279
1.000000
0.757140
1.000000
0.477439
-0.309768
0.985590
-0.980888
-0.000246
0.872798
1.000000
1.000000
0.324807
0.781385
1.000000
0.629957
0.064343
-1.000000
-0.063829
-0.069441
1.000000
-0.894560
-0.355718
-0.428148
-0.592889
-0.421602
-0.988009
1.000000
0.732975
0.457812
0.215778
0.336925
-0.954236
-0.641626
0.494553
0.241718
0.778060
0.062077
0.847550
0.595967
-0.515394
0.576554
-0.249019
0.073196
-0.122557
-0.292178
1.000000
-0.852547
-0.542428
1.000000
-0.161576
-0.609292
0.766866
-0.505258
-0.168889
-0.177024
-0.373995
-0.112438
0.801046
1.000000
-0.401950
0.002030
-1.000000
0.639251
-1.000000
-0.684297
0.482303
-0.348773
0.425077
-0.714137
-0.326903
-0.145105
-0.512884
0.784392
-0.309727
0.974564
-0.736328
1.000000
0.819663
-0.255022
0.100447
0.410299
1.000000
0.066709
0.369770
0.505017
-0.373586
0.710846
0.113270
-0.574740
-1.000000
-0.488064
-0.491040
-0.152674
1.000000
1.000000
-0.076707
-1.000000
-0.861625
-1.000000
1.000000
-0.477329
-0.506659
-0.800254
1.000000
0.272801
-0.695763
0.542339
0.171046
1.000000
0.180978
0.181944
-0.359822
0.823232
1.000000
-0.584750
-0.415639
-0.004298
1.000000
-0.590929
0.401115
1.000000
-0.549754
0.997945
1.000000
-0.801538
-0.556292
0.844239
0.684615
-1.000000
0.438643
0.574977
0.563398
-1.000000
0.177297
0.299880
-0.118906
0.733043
0.446564
-1.000000
-0.776083
0.383524
1.000000
-1.000000
0.279538
-1.000000
-0.671522
0.154815
1.000000
0.725420
0.641879
0.493058
0.050758
-0.115792
-0.358748
0.508824
1.000000
0.293534
0.888685
-0.494715
-0.472886
0.536786
0.766797
0.178833
-0.816475
0.430653
0.658987
1.000000
0.164120
0.893004
0.641970
0.387559
-0.088731
-1.000000
0.205440
-0.197381
-0.188673
1.000000
0.219239
-0.348627
1.000000
0.848513
-0.619187
-0.168103
-0.304641
1.000000
-1.000000
-0.015980
