-0.206719
1.000000
-1.000000
-0.490206
1.000000
0.559972
-0.127942
-0.258217
0.175800
-0.143585
0.203518
1.000000
0.513336
-0.673238
-0.256886
0.087956
1.000000
0.402558
-1.000000
1.000000
-0.906020
-0.744883
0.593809
1.000000
-0.614612
1.000000
-1.000000
-0.620511
0.070698
0.484110
-1.000000
0.200283
-0.410281
-1.000000
-0.737717
-1.000000
-0.209390
1.000000
-0.540309
-0.888167
0.485812
0.321225
0.206859
0.498255
0.445233
0.724264
-0.475554
-0.976560
0.908723
0.317922
0.664355
-1.000000
0.159221
-1.000000
0.855878
0.653311
-1.000000
0.639235
0.833191
0.899784
-1.000000
-1.000000
1.000000
-0.447895
0.193441
0.719176
-0.240517
0.274253
-0.529521
-1.000000
0.118887
1.000000
-1.000000
0.279023
1.000000
1.000000
-0.178293
-0.954448
-0.945412
-0.561762
0.808003
1.000000
0.450240
-1.000000
0.772695
0.327319
-0.451596
0.679399
-0.415192
-0.097587
-1.000000
1.000000
-0.275950
0.149082
-1.000000
-0.511273
-0.361084
1.000000
0.912246
-0.755879
0.651761
0.556357
-0.990913
-0.568325
-1.000000
0.322298
-0.081606
-0.753390
-0.553712
-0.545438
0.867766
-0.653290
1.000000
-0.973447
-0.193049
-0.484894
0.110600
-0.959696
-1.000000
0.377657
0.192298
0.000213
-0.867684
0.447689
-0.261967
0.884506
-0.624602
0.584796
-0.394575
-0.430305
-0.074566
0.327524
0.550163
1.000000
1.000000
0.651752
-1.000000
-0.562205
-0.564716
-0.595395
-0.567622
-0.658712
-0.145418
-0.625572
-0.312417
-0.263403
-0.398912
0.926342
0.745098
0.674817
-0.072634
1.000000
0.756727
-1.000000
0.804996
-0.124078
0.929959
-0.868569
0.573422
0.326400
0.526337
-0.442774
0.702649
-0.999054
0.591830
0.471648
0.157427
0.188958
-0.211590
-0.212427
1.000000
-0.639246
0.558659
0.071650
-0.883773
-0.181531
0.329041
-1.000000
-0.245559
0.270493
0.249715
-0.139747
0.572056
0.567245
0.077313
-0.689377
-1.000000
0.627584
-0.405000
0.397270
-0.725627
-1.000000
-0.124431
-0.178318
-0.329946
0.559250
-0.715974
-0.850157
0.955886
-1.000000
-0.571297
-0.212278
-0.161946
-0.256674
-0.915752
-0.411427
-0.794282
-0.280940
-0.374447
-0.845171
-1.000000
0.182228
0.658884
-1.000000
0.357455
-1.000000
1.000000
0.149795
0.823957
-0.547595
0.419843
-0.351697
-0.775038
1.000000
-0.915854
-0.777836
0.086130
1.000000
-0.558307
-1.000000
0.053125
-0.182859
0.323321
-0.224052
0.228520
-0.619301
0.409025
0.903502
0.498941
1.000000
0.274786
-0.621108
-0.102462
0.559543
-0.314966
-0.070381
-1.000000
0.150847
0.480443
-0.139952
-0.758428
-0.689192
0.587412
0.410375
1.000000
-0.365950
-0.266582
1.000000
0.101705
-0.494148
-0.804528
-0.307987
0.841332
0.909073
1.000000
