105.200000
4.000000
100.000000
76.000000
32.000000
-1.000000
77.200000
-1.000000
-1.000000
-1.000000
-0.000772
-0.685607
0.079662
-0.691633
0.249902
0.485275
-0.814404
0.401818
-0.381781
0.416280
-0.112705
-0.631259
-0.724026
0.497004
0.715560
-0.609445
0.117423
0.662125
0.073814
-0.046001
-0.453001
-0.728101
-0.253023
-0.668182
-0.010666
0.697712
0.773262
0.075808
-0.910694
0.373028
0.446756
0.991061
0.541472
0.704118
-0.115970
-0.379130
0.870746
-0.595986
-0.343905
0.085369
0.681087
-0.094074
-0.336752
0.612967
-0.270610
-0.321225
-0.649019
0.575764
-0.603514
-0.840552
-0.074491
0.754102
0.687355
-0.830431
0.842049
0.299286
0.189450
-0.211234
-0.658924
0.463992
0.951843
-0.325950
0.018362
-0.735897
0.067000
0.802648
0.061241
0.459726
-0.278258
-0.480664
0.633185
0.521446
0.477806
0.560976
-0.906603
-0.588011
0.246904
-0.367434
-0.961380
-1.000000
-0.908754
-1.000000
0.531964
0.622829
-0.051330
-0.263751
-0.806036
-0.769471
-0.410032
-0.677849
-0.539301
-0.714360
0.655490
0.907198
-0.546085
0.231576
0.091868
0.288661
-0.328649
-0.286285
0.886763
0.835785
0.217095
0.781729
-0.198403
-0.831992
-0.934066
0.565552
0.213572
0.110043
-0.230862
0.527957
-0.771384
-1.000000
-0.868043
0.763584
-0.304088
0.386729
0.579731
-0.858956
0.781131
0.143444
-0.778742
0.222004
-0.619739
-1.000000
-0.347039
-0.265067
-0.306674
-0.752930
0.024778
0.006352
0.047639
-0.788062
0.837971
-0.855303
-0.816180
0.441148
-0.174038
-0.851600
-0.763226
0.795047
-0.608165
0.788182
-0.955354
0.140409
-0.816286
-0.442539
-0.259773
-0.035559
0.898529
0.679031
-0.217116
-0.811868
0.713862
-0.193786
-0.202983
-0.516993
0.535635
-0.504565
0.201414
0.819028
-0.298047
-0.357757
0.106014
-0.705675
-0.800641
-0.043390
0.030506
0.849240
-0.902873
0.320302
0.494688
0.630537
-0.393698
-0.270208
-0.459330
0.918326
-0.434931
0.535624
0.229510
-0.105196
-0.966233
-0.212199
0.176004
-0.974360
0.780342
-0.853444
-0.916204
-0.247992
0.150948
-0.282918
0.563649
0.550246
0.332817
-0.357704
0.024659
0.812354
-0.528262
-0.745394
-0.948289
-0.182537
-0.057147
0.386892
0.623062
0.496181
-0.632323
0.794660
-0.692427
0.153784
-0.897954
-0.309212
0.557174
0.548656
-0.126113
-0.807788
-0.043785
0.503802
1.000000
-0.018385
-0.310633
-0.706318
-0.128436
-0.070902
-0.381266
-0.639386
0.150682
-0.083121
0.203931
-0.390312
0.582781
0.754446
0.039179
0.284722
0.531291
0.495691
-0.076626
-0.111036
0.304359
0.490115
0.924013
-0.065184
0.786089
-0.057218
-1.000000
0.955925
-0.116435
0.043331
0.221900
0.710088
0.134929
0.131594
0.682762
-0.280049
0.316659
-0.920901
0.909370
0.405205
0.656564
-0.380021
-0.606849
0.451161
0.382202
0.138167
0.015810
