-387.400000
1.000000
-1.000000
-1.000000
-1.000000
-1.000000
82.600000
-1.000000
-1.000000
-1.000000
-0.015202
-1.000000
1.000000
-0.668284
1.000000
1.000000
-0.417748
-1.000000
-0.552288
0.169372
0.320243
0.430866
-0.172708
-0.680425
0.742202
-0.592504
-1.000000
-0.363700
-0.554286
-0.961642
-0.799129
-1.000000
-0.687185
1.000000
-0.143631
-0.911136
0.102661
-0.198519
0.967747
-0.184071
-0.380386
-0.085210
1.000000
0.182378
0.797794
-0.844062
0.614664
-0.343676
0.578869
0.256400
0.505429
0.912485
-0.256658
0.780425
0.400677
-0.822273
0.969132
-0.909055
1.000000
0.851140
1.000000
-0.584439
1.000000
1.000000
-0.084412
0.507839
-0.496588
-0.643253
0.569616
-0.858687
-0.322904
-0.005661
-0.211275
-0.601527
-0.181453
-1.000000
-0.954548
-0.674986
0.274491
-1.000000
0.271928
-0.522002
-0.519651
-0.810299
-0.669694
0.298357
-0.160759
-0.196159
0.033665
-1.000000
0.713517
1.000000
-0.549492
0.615788
0.448508
0.284099
0.034753
-1.000000
-0.871800
0.401847
-0.997644
-0.462969
1.000000
-0.693525
0.704438
0.370926
0.855328
-0.368447
-0.476340
-0.294334
-0.911409
-1.000000
-0.561724
1.000000
-1.000000
-0.234190
0.042832
0.624054
-1.000000
1.000000
-0.139994
-1.000000
0.744709
1.000000
0.577057
0.036167
-0.287786
0.082904
0.103108
-1.000000
0.455517
-0.449660
-0.109735
-1.000000
1.000000
-0.465265
-1.000000
-0.995737
1.000000
0.169196
-0.787031
-1.000000
0.081392
-0.979053
1.000000
0.508081
-0.219596
-0.239723
0.869639
-0.802918
0.217574
0.420757
0.909901
1.000000
0.460512
0.912702
0.579577
1.000000
0.581334
1.000000
-0.545189
-1.000000
0.855206
0.281529
0.146614
0.318315
0.358297
0.601228
1.000000
0.468052
0.934270
-0.710616
1.000000
0.580964
0.363892
-0.319728
-1.000000
-0.523623
-0.524004
-0.012067
0.367404
0.893820
-1.000000
-1.000000
-0.274029
-0.107456
0.501128
0.009504
-0.297899
-0.053417
-1.000000
1.000000
0.389796
0.754023
-1.000000
-0.128588
1.000000
-0.100175
-0.363034
0.329237
-0.485761
-0.014739
0.947539
-0.058315
-0.155409
-0.978640
-0.690209
0.340209
-0.445524
-0.687575
0.956219
0.062754
0.476374
-1.000000
0.084725
-0.782675
-0.257806
-0.227228
0.225205
-0.033765
0.570124
-0.466092
-0.644348
0.887278
-0.393638
0.945707
-0.541581
-0.490338
0.552061
-0.032515
-0.840485
-0.819231
1.000000
-0.535978
0.086858
-0.154177
-0.541667
1.000000
-0.160736
-0.770312
-0.248184
0.094160
1.000000
-0.560253
-0.388360
-0.843339
1.000000
-0.310536
0.071403
-0.113961
0.437291
-0.502409
-0.238254
-0.383862
0.543876
0.814983
0.975907
0.342561
1.000000
-1.000000
0.483918
0.103961
1.000000
0.419708
-0.446663
-1.000000
-0.993313
-0.677730
0.625868
-0.340591
-0.492473
-0.635525
-0.434318
1.000000
-0.570245
