0.725089
0.112947
-1.000000
-0.166973
0.917776
-0.538538
0.946579
0.121588
1.000000
-0.134458
1.000000
1.000000
-0.655077
-0.614725
-0.791122
-0.415347
-0.073018
0.429502
0.652057
-0.268709
0.039133
-0.536394
1.000000
1.000000
0.853451
0.769316
-1.000000
-0.730184
-0.308255
-0.448366
-0.483603
0.155090
-0.804109
-0.559558
0.560002
-0.551973
-0.229899
0.385712
-0.076890
0.513233
-0.112244
0.433829
0.933397
-0.676313
0.715677
-1.000000
0.226410
0.715120
1.000000
-0.238701
1.000000
0.848429
1.000000
0.181551
-0.794370
0.555197
1.000000
-0.200720
0.601889
-1.000000
-0.142287
0.107606
-0.436928
-0.467047
0.134345
0.019541
-1.000000
1.000000
-0.419119
0.387810
0.126066
1.000000
-0.193165
0.360240
-0.315287
0.743388
-0.829762
0.116389
0.954272
-0.551160
0.456059
-1.000000
-0.623858
0.245917
-0.678757
-0.153168
0.300327
-0.050602
0.930799
-0.615096
0.272960
-1.000000
-0.212751
-0.036186
-0.165678
-0.302866
-0.456159
-0.865317
-1.000000
0.582579
0.065914
-0.200801
0.571236
0.091899
0.967680
-0.904481
0.245740
0.139457
-0.171084
-0.001388
0.827310
-0.494304
0.641868
-0.594601
-0.710512
0.121275
1.000000
-0.268319
0.253590
0.145253
-0.293222
0.084021
-0.874784
-0.361563
0.955553
-0.987198
1.000000
0.062913
-0.008226
1.000000
0.658349
-1.000000
0.421196
0.670325
0.778964
0.094186
-0.388225
-0.327018
0.512184
0.185783
0.750271
0.003557
0.718383
0.319545
-0.165832
-0.297340
-0.152906
-0.786255
-0.702819
0.768952
1.000000
1.000000
0.469863
-0.090748
-0.489343
-0.896663
0.632139
-0.382377
-1.000000
0.135113
1.000000
0.803336
0.331380
-1.000000
0.141769
-1.000000
0.597746
-0.211118
1.000000
0.453611
-0.417294
0.188098
-0.670623
0.131293
0.257190
-0.021629
0.118874
-0.341293
0.786917
0.365069
0.732883
0.100522
-0.191273
-1.000000
0.568097
0.071224
-1.000000
0.747883
-0.162785
0.040079
0.070513
1.000000
-1.000000
-1.000000
0.370057
-0.062553
1.000000
-0.081777
-1.000000
-1.000000
1.000000
-0.585769
-0.088703
-1.000000
-0.643430
-0.454092
-0.503305
-1.000000
-0.421037
1.000000
1.000000
-0.366797
-0.213014
0.972960
0.880682
-0.904390
1.000000
1.000000
0.257958
1.000000
0.987071
0.039810
0.658947
0.595579
-0.695462
-0.548051
1.000000
-0.341559
0.749890
0.764331
-0.492973
-1.000000
-1.000000
0.118889
0.734511
0.010177
-0.269275
-0.353779
1.000000
-0.131396
0.075899
0.257323
0.856483
-0.113332
1.000000
-0.181657
-0.504633
0.164476
-0.374215
0.835790
1.000000
-0.093471
-1.000000
-0.660128
0.700378
-0.236990
-0.298859
0.219639
0.408083
0.367102
-1.000000
0.710583
0.907843
-0.104355
-0.293071
