-82.200000
3.000000
-1.000000
-1.000000
-1.000000
-1.000000
60.400000
-1.000000
43.000000
54.400000
0.507262
-0.192598
0.016666
0.366710
-0.489305
0.499411
-0.742917
-0.526697
-0.336667
0.560439
0.223841
-0.278256
-0.362551
-0.429254
0.171649
0.945499
0.550780
-0.966658
0.309955
-0.619286
-0.997619
0.935178
-0.962374
0.242806
0.393784
-0.280551
-0.681970
-0.389481
-0.797933
-0.110798
-0.171289
-0.184953
-0.345267
-0.300294
0.715214
-0.699138
0.931279
0.962987
0.561214
-0.619281
-0.470367
-0.153466
0.592635
-0.274583
0.873883
-0.207107
-0.525720
-0.638092
0.575494
0.461688
-0.488264
-0.786631
-0.324928
-1.000000
0.969229
-0.081494
-0.040898
-0.183428
-0.299807
0.352328
-0.485821
-0.246293
0.253687
-0.314331
-0.583549
-0.636563
-0.033366
0.286184
1.000000
0.255060
0.754588
0.659056
-0.673667
-0.518697
0.397141
-0.974123
-0.068137
-0.550484
0.652859
-0.395842
0.917181
-0.678048
0.609238
0.313684
-0.674433
0.316877
0.962083
-0.664670
0.238096
0.829466
-0.606971
-0.884567
-0.514027
-1.000000
-0.208949
0.652488
0.560250
-0.703249
-0.753331
0.519825
-0.255386
-0.364351
-0.548496
0.341685
0.055387
-0.430409
-0.803011
0.980066
-0.982850
-0.350163
-0.533914
-0.302643
-0.566928
-0.741622
-0.466478
0.791314
-0.431921
0.578531
-0.041554
0.549910
-0.866514
0.416640
0.036620
-0.684752
0.065483
-0.344635
0.185742
-0.101601
-0.356537
0.629379
-0.971603
0.746019
-0.420767
1.000000
-0.975530
0.178976
0.836335
-0.620223
0.558075
-0.477663
0.861171
0.226054
1.000000
0.572242
-0.168195
-1.000000
-0.923841
-0.690247
0.664649
-0.118300
0.396526
-1.000000
0.773377
0.535046
0.430839
-0.696552
0.052264
-0.919691
0.077412
0.234092
-0.052211
-0.158192
0.263173
0.162127
-0.406337
-1.000000
0.766908
0.374274
0.328240
-0.322750
0.651277
-0.384863
-0.689114
0.429536
0.385430
-0.695409
-0.458185
0.017449
0.243868
-0.062597
0.530991
0.386255
-0.923824
-0.305001
0.125216
0.539315
-0.027865
-0.710913
0.517653
0.447694
0.115728
0.741899
0.180619
0.750204
-0.743611
-0.811889
0.632359
0.124335
-0.450876
-0.523077
-0.979668
0.537932
-0.891676
0.005526
0.151888
-0.606691
-0.330557
-0.194120
-0.633199
-0.725976
-0.935272
1.000000
0.175394
1.000000
1.000000
0.850501
-0.637400
0.372020
-0.822072
-0.455144
0.251834
0.568915
0.873138
0.744089
-0.426712
0.333013
-1.000000
-0.417558
0.462177
0.519117
0.009704
-0.560715
-0.074035
-0.689946
0.111763
0.463984
0.399908
-0.229393
1.000000
0.824322
-0.428054
0.075257
-0.517329
-0.112230
1.000000
0.225197
-0.322054
-0.060794
0.969615
0.120224
0.528935
0.774728
-0.413412
0.268484
-0.455646
0.978396
0.690126
0.072444
-0.112533
-0.819158
-0.742088
-0.347358
0.798837
0.027609
-0.633698
