-98.200000
4.000000
-1.000000
70.000000
-1.000000
20.200000
83.800000
17.800000
-1.000000
-1.000000
-0.202813
0.712355
-0.909200
-0.160074
-1.000000
0.427570
0.454145
-0.195619
0.005334
0.018217
-0.430638
0.878263
-0.374838
0.495323
-1.000000
-0.617792
0.466003
0.982935
0.670891
-0.685662
-0.929393
-0.916346
-0.424438
0.075630
-0.402656
0.931924
-0.119289
0.346515
0.401460
0.538619
-0.764028
0.438543
0.414377
0.927801
-0.244970
0.522645
-0.857844
0.444653
0.231328
-0.621918
-0.060337
0.708303
-0.715549
-0.804919
0.529098
-0.674557
0.242971
0.209869
-0.794976
0.808414
-0.205795
0.617273
-0.353229
-0.383339
0.600980
0.821660
-0.550739
-0.714877
0.368156
-0.940173
-0.037090
0.269020
-0.016703
-0.253405
0.468656
1.000000
0.297785
-0.974842
-0.007115
0.909614
0.199820
-0.221845
0.526845
0.216947
0.786068
-0.684546
-0.468218
0.283239
0.751398
-0.995497
0.780162
-0.653477
-0.147370
-0.612246
0.469421
0.950559
0.213509
-0.742907
0.101403
-0.076120
-0.568098
0.846693
-0.011413
-0.797380
0.255097
0.410796
0.604349
-0.854884
-0.957293
0.574602
-0.171388
0.595737
-0.961582
0.404348
0.948776
0.751062
0.487559
-0.948407
0.945576
-0.427589
-0.087102
0.632134
0.220615
-0.400797
0.346165
-0.323899
0.605667
1.000000
0.647932
0.197002
0.533953
0.588686
0.346904
-0.552499
0.006622
0.857253
0.414197
0.465489
-0.193773
0.842306
-0.600574
-0.721120
-0.282754
0.601749
-0.564027
-0.549263
-0.626425
-0.173335
-0.445812
0.152601
0.553051
-0.276658
-0.781289
-0.865544
0.268801
0.153755
-0.082388
-0.230210
0.509156
-0.109354
0.079687
0.519461
-0.691892
-0.433009
-1.000000
-0.022653
-0.619545
-0.873217
-0.360234
0.210722
0.470892
0.098118
0.234261
0.514300
0.667637
-0.185480
-0.375802
0.766261
0.843426
0.734119
0.217746
-0.208927
-0.446712
0.610971
0.256938
-0.518164
-0.059407
0.446425
-0.898562
-0.770447
0.280916
0.236528
0.634138
0.941549
-0.904106
0.920822
0.967960
0.378044
0.707127
0.559681
0.540296
-0.455339
-0.347001
-0.737189
-0.030963
-0.981641
0.273757
0.157623
-0.766719
-0.214606
0.303868
0.219713
-0.292837
0.818992
-0.369980
0.851476
-0.614386
0.025686
-0.950993
-0.994735
-0.762463
-0.919317
0.062867
0.433595
-0.956515
0.715483
-0.577785
-0.333494
0.084357
-0.251199
-1.000000
0.967442
-0.994234
1.000000
0.289505
-0.388425
0.900336
-0.450796
0.774812
0.921739
-0.552472
0.627073
0.997918
0.916701
0.062074
0.976650
-0.132317
1.000000
-0.746135
0.296686
-0.704118
-0.336710
0.014671
0.916577
0.229139
0.533173
0.085157
1.000000
-0.619018
-0.203426
0.119574
0.944306
-0.247621
-0.908150
-0.194853
-1.000000
-0.631912
0.188630
0.988624
0.882936
-0.252964
-0.921103
0.581121
-1.000000
0.139460
