0.542002
1.000000
0.196832
-0.722064
0.858388
0.151890
0.452558
-0.287583
0.245890
0.013664
-0.721973
-1.000000
-1.000000
-0.017361
0.061248
0.666666
-1.000000
-0.206758
-0.517169
-0.245954
-0.938774
-1.000000
0.679052
0.456638
0.405715
0.632354
-0.909717
-0.414556
0.606619
0.212320
-0.399456
-0.560458
-0.431596
-0.146762
1.000000
0.117222
1.000000
-0.669405
-1.000000
-0.212298
0.313187
0.653649
-0.384004
-0.958095
-0.609927
0.120738
0.280604
0.729526
0.002902
-1.000000
-0.703441
-0.270105
0.742177
0.109635
-0.739628
-0.786649
0.434165
-0.799832
0.016115
0.540615
1.000000
-0.919457
0.289539
0.815215
-1.000000
-0.469692
-0.332121
-0.322399
1.000000
-0.787437
0.111814
-0.214006
1.000000
-0.361941
0.062925
-0.224701
0.169204
0.177832
-0.249885
0.782730
-1.000000
-0.774078
-0.924276
1.000000
-0.508907
-0.238382
-0.065637
-0.032770
-0.984233
0.555027
-0.608168
0.288165
0.174436
1.000000
0.100777
-1.000000
0.335374
-0.290012
0.224007
-0.010000
0.019156
-0.556595
0.981689
-0.881139
-0.686882
-0.999596
0.582495
-0.810960
-1.000000
-0.822929
0.829777
-0.260469
-0.537510
0.385733
-1.000000
-1.000000
0.196496
-0.362774
-0.556580
-0.001924
1.000000
0.081094
-0.888141
0.514060
-1.000000
0.701895
1.000000
0.031100
-0.726952
0.809398
-0.607869
-0.679886
0.969658
0.525190
-1.000000
0.532686
0.979441
0.031464
-0.723296
0.191653
1.000000
0.311338
0.958686
0.227022
-0.420318
-0.106128
0.349577
0.727686
0.259789
-0.647133
-0.770741
0.409440
-0.006927
-1.000000
-0.562441
-1.000000
0.018410
-0.993395
-0.827053
-0.022799
0.173402
0.055768
0.794163
-0.047962
0.632020
-0.784821
0.104794
0.878988
0.814603
0.373612
0.438766
-0.614375
-0.467502
-0.715108
0.005280
0.225879
-0.056699
0.489141
0.344332
-1.000000
0.332754
-0.613287
-0.377926
-0.226699
0.121964
-0.229993
1.000000
-0.763580
-0.740770
0.837950
0.375090
0.898090
-0.774976
-0.205208
-0.911988
-0.753354
1.000000
0.832749
0.677237
0.000370
0.697175
1.000000
0.303414
0.162115
-0.415838
0.133890
0.557586
-0.082640
0.652758
0.289775
-0.644138
-0.267071
0.485481
-0.481007
-0.905775
-0.131886
-0.993087
0.348184
0.180675
-0.665858
0.536812
0.836881
-0.351537
-0.708625
0.599622
0.010152
-0.948400
0.559021
0.911902
-0.909034
1.000000
0.642602
-1.000000
0.746557
-0.802000
0.456227
1.000000
-0.565985
0.830373
0.914964
-0.914268
-0.325497
-0.974243
0.323657
1.000000
-1.000000
-0.305975
1.000000
0.011624
0.529833
0.716440
0.309683
-1.000000
1.000000
-0.821631
-0.853660
-0.047229
0.101711
0.808405
0.481899
-1.000000
1.000000
-0.218002
-0.484290
0.074397
