97.000000
4.000000
100.000000
70.000000
-1.000000
-1.000000
87.400000
-1.000000
79.600000
-1.000000
-0.369274
0.876240
-0.286425
-0.145228
0.029667
-0.047534
0.100030
0.657793
0.302516
0.362011
-0.164805
0.249106
0.201252
0.421014
-0.778314
0.267663
-1.000000
-0.334220
0.339263
-0.179870
0.632427
0.357214
0.893667
-0.758801
-0.063114
-0.981725
-0.433842
-0.365637
0.689782
-0.264661
-0.463516
1.000000
0.320885
-0.917208
-0.603292
0.197564
0.376450
-1.000000
-1.000000
-0.368386
0.293334
0.050516
0.172046
0.880426
0.681414
0.401715
-1.000000
-0.482637
-0.773420
1.000000
0.296379
0.522845
0.215180
-0.388945
0.814480
-0.348370
0.002016
-1.000000
-0.597401
0.617046
-0.010923
-0.024569
-1.000000
-0.998908
0.356077
-0.593685
-0.273778
-0.100893
-0.083215
0.812861
0.131506
0.029777
0.189398
0.451845
0.548655
-0.583387
0.554909
0.370138
0.404331
0.881445
0.341615
-0.427710
0.449120
0.268266
0.324589
1.000000
-0.995095
-0.668096
-0.272272
-0.147061
-0.225654
0.111416
0.393237
0.864925
-0.988537
-0.448460
-0.753380
-0.509523
0.773322
0.565449
-0.960924
0.678578
0.509108
0.986472
-0.145156
-0.753579
1.000000
0.145873
-0.261744
-1.000000
1.000000
1.000000
-0.297084
0.204166
-0.205452
1.000000
-1.000000
-0.839165
0.054802
-0.829592
-0.522291
-0.098789
-0.677864
-0.139440
0.916094
0.600524
0.242761
-0.301640
0.407496
-0.405725
-0.400980
-0.787195
0.870148
-0.626261
0.174788
-0.090222
0.330430
-0.926509
1.000000
-0.504059
-0.122970
0.121781
-0.042020
0.699085
-0.980583
0.855918
1.000000
1.000000
-1.000000
1.000000
-0.506903
-0.616366
-0.372475
-1.000000
0.573343
-0.228568
0.375562
-0.857936
0.266043
-0.358038
0.213540
0.579784
-0.402811
-0.628192
0.078180
1.000000
-1.000000
-0.007404
-0.464137
0.156355
-0.209286
0.631965
-0.470237
-0.241587
0.532398
0.522488
0.275343
-0.126794
-0.707169
-1.000000
1.000000
-0.917046
-0.444815
-0.289344
0.897415
-1.000000
-1.000000
-0.117909
-0.831789
0.279238
0.426057
-0.251855
-0.409741
0.004516
-0.977890
0.374048
-0.647988
-0.706278
-0.080494
0.536742
-0.445848
-0.808488
-0.989455
1.000000
1.000000
-0.418001
0.055186
-0.838884
0.434300
0.556316
-0.627646
0.136389
0.836022
1.000000
-0.047315
-0.829522
-0.483088
0.408294
-0.377386
-0.447808
-0.303907
-0.560816
-0.723609
-0.967118
-1.000000
-0.301949
-0.714674
1.000000
0.599590
-0.537881
-1.000000
0.545957
0.625262
-0.338827
0.629266
-0.017132
0.465999
-0.160453
1.000000
0.203055
-0.355786
-0.965532
-0.490298
-0.262352
0.955330
-0.740987
-0.161772
0.132861
1.000000
0.411866
0.528935
-0.842787
-0.282490
1.000000
-1.000000
-0.115190
-0.387385
0.392259
0.982147
-0.553606
1.000000
-0.098779
1.000000
0.147315
0.442381
