-127.600000
3.000000
-1.000000
24.000000
-1.000000
-1.000000
30.400000
-1.000000
28.000000
-1.000000
-0.323771
0.795674
0.020780
0.133217
-0.734348
0.738412
1.000000
0.500530
0.330579
-0.035583
0.677657
0.636769
-0.386101
-0.693092
0.965760
0.839450
-0.031329
-0.545454
0.665395
1.000000
-0.684727
-0.354140
1.000000
1.000000
-0.109092
-0.428627
0.166510
-0.526056
0.000050
0.754920
-0.886719
-1.000000
-1.000000
-0.484170
0.795574
0.389799
-0.996697
0.713852
-0.046156
1.000000
-0.380160
1.000000
0.085241
-0.980409
0.623547
-0.467249
-0.270501
0.430192
1.000000
0.681137
-0.406195
-0.683558
0.486510
-0.173081
-0.570635
1.000000
0.275047
-0.338021
-1.000000
-0.114203
-1.000000
0.333934
-0.016547
0.570270
-0.434989
-0.934320
-0.843709
0.480703
-0.955717
-1.000000
-0.581997
-1.000000
-0.851446
0.382518
-0.193276
-1.000000
-0.099960
0.408548
0.230164
0.046606
-0.477180
0.923775
-0.200160
0.671661
-0.095806
0.162240
-0.972179
1.000000
-0.244467
-0.001141
1.000000
0.977259
-0.741002
0.293333
0.986940
0.558317
-0.580813
-0.470158
-0.214741
0.300536
-0.320015
-0.795054
0.612165
1.000000
-0.177014
0.029979
0.636187
0.576591
-0.456310
0.033292
-0.308699
0.538219
-0.719312
0.368132
-0.684788
-0.712599
-0.626453
0.181403
-0.787112
0.021048
0.925483
-1.000000
-1.000000
0.650357
0.069144
0.712311
0.017215
-0.830282
-0.062619
-1.000000
-0.045804
-0.151009
-1.000000
1.000000
-0.259533
-0.117537
-0.665826
0.393610
0.752074
0.296543
1.000000
-0.976303
-0.471919
-0.499443
-0.988298
0.406136
0.272423
0.130872
-1.000000
1.000000
0.499866
0.722600
0.794465
0.511378
-0.276227
-0.989681
0.774363
-0.060269
-1.000000
-0.209694
-0.127894
-1.000000
-0.651693
0.814512
-0.758050
1.000000
0.251930
1.000000
1.000000
0.826295
-0.607578
-0.923024
0.264575
-0.291473
-0.984992
0.338828
0.793313
-0.665231
-0.329196
0.192594
-0.118914
0.682384
0.913639
0.783525
0.669885
-0.396970
0.651262
0.622146
-0.623852
-0.437905
0.081971
0.313073
0.152527
-0.712037
-0.331108
-0.151587
0.478077
0.361548
0.088446
0.969742
0.106516
-0.457832
0.966764
-0.567040
-0.299475
-0.128716
-0.409611
0.989363
0.174170
-0.523458
0.693931
-0.698855
0.560953
-0.722890
0.250956
-1.000000
1.000000
0.602178
0.186904
0.353197
0.027317
0.683006
-0.366039
0.945782
0.805780
0.408007
0.231457
-0.292101
0.111637
-0.130218
-1.000000
1.000000
-0.496572
0.458710
-0.982001
0.301341
-0.085205
0.178021
0.912304
0.775855
1.000000
0.892518
-0.025131
0.597459
0.816992
0.580159
-0.411607
-0.382111
1.000000
-0.298625
-0.490813
-0.420179
0.918622
0.879006
-0.345391
-0.647448
0.300699
-0.617021
-1.000000
0.625685
-0.583873
-0.534032
0.281656
0.376165
0.612559
