-208.000000
2.000000
100.000000
82.000000
-1.000000
-1.000000
-1.000000
-1.000000
-1.000000
-1.000000
1.000000
-0.712446
-0.486483
-0.872942
-1.000000
0.197654
-0.126043
1.000000
-0.605931
-0.670137
0.394798
0.240806
-0.301264
0.684587
-1.000000
0.753672
0.510728
-0.015282
-0.506610
0.018431
-0.029963
-0.384971
-0.784527
0.136166
-0.068290
-0.045072
-0.498734
0.783716
0.372209
0.619308
0.606225
-1.000000
0.841200
1.000000
-0.714532
-0.715950
0.991314
1.000000
0.656454
0.774558
0.726348
-0.576734
0.286530
-1.000000
0.752556
-0.184464
0.675276
0.746944
-0.097204
-0.926729
-0.360928
-0.627808
-0.689283
-0.071029
-0.239580
0.125151
0.313849
-1.000000
-0.296155
0.741867
0.512196
-0.997093
0.742182
0.768011
0.386472
0.225316
0.759705
-0.277173
0.734387
0.137104
-0.506159
-0.228774
0.295383
-0.495848
1.000000
-0.146847
-0.976244
0.645993
-1.000000
-0.346417
1.000000
-0.368064
-0.243928
-1.000000
-0.755509
0.472130
0.546953
0.855870
-0.231273
0.203818
-0.689036
-0.266865
1.000000
1.000000
1.000000
-0.884038
-0.821547
0.638746
0.261154
0.636516
-0.595848
-0.230294
0.716275
0.098650
-0.238714
0.010748
0.586099
-1.000000
-0.526768
0.319015
0.453338
-0.133821
-0.838251
-1.000000
0.690808
-0.286196
-0.839113
-1.000000
1.000000
0.047659
-1.000000
-0.540429
1.000000
-0.437783
0.306373
-0.255997
-0.470226
-0.990504
0.011596
-0.027413
-0.045705
-0.138412
-0.886411
0.750604
-0.913168
0.218505
0.927956
1.000000
0.221589
-0.079322
-0.380217
1.000000
-0.504331
-0.362183
-0.197054
1.000000
0.383099
0.453356
0.385176
-0.270422
-0.464709
-0.161156
-0.567875
0.037427
-1.000000
0.207679
0.313206
0.462295
-0.467258
-0.603406
-0.213896
0.797442
-0.630989
0.034583
-1.000000
0.023428
-1.000000
0.168584
0.002577
-0.478621
0.676639
1.000000
-1.000000
-0.617588
0.173011
0.490585
-1.000000
0.492146
-0.236021
0.870300
-0.612100
-0.873895
0.631541
-0.041285
0.809761
0.775525
-0.366555
-0.686811
-0.743522
-1.000000
-1.000000
-1.000000
-0.703097
-0.708502
0.246743
-0.164765
-0.670107
0.557038
0.460101
-0.151498
0.798473
-0.701593
0.290862
1.000000
-0.381271
-1.000000
-1.000000
-0.158821
-1.000000
-1.000000
0.892643
-0.218578
0.817742
-0.191319
0.120822
-0.424557
-0.819077
0.407326
0.578299
-0.980751
1.000000
0.663953
0.986321
0.702213
-0.705685
-0.856987
0.113409
0.951930
-0.017647
1.000000
1.000000
-0.152609
-0.107845
0.823591
-0.077122
-0.498416
-0.614393
0.533896
-0.406598
0.069416
0.086742
-0.174640
-0.408505
1.000000
1.000000
0.339066
-1.000000
-1.000000
1.000000
-0.190491
-0.702203
0.046505
0.250393
0.212000
-0.366298
-0.622032
-0.830517
-0.734280
-0.588655
0.852185
-0.342129
-1.000000
0.884829
0.751205
-0.755065
