0.517583
0.794532
0.353223
0.411336
0.472999
0.290681
-0.820397
-1.000000
0.048319
0.211762
0.621383
-0.120953
0.241853
0.017957
1.000000
0.942484
0.144307
0.305660
-0.962388
-0.637009
0.111031
-0.901546
0.376693
0.878945
0.873368
-0.986777
0.196595
0.295754
-0.828593
-0.303408
0.455307
0.295176
0.966412
-0.787087
-0.371725
1.000000
-0.408895
-0.951307
0.317595
0.151897
-0.113779
0.073661
-0.460774
0.738652
-0.830683
-0.057405
0.059143
-0.790102
0.657492
0.831661
-0.195573
0.006595
-0.491876
-0.401930
-0.761141
-0.292436
-0.412312
0.558341
-0.401005
0.535929
0.284688
0.550268
0.520009
-0.859450
-0.420442
0.801752
-0.618077
-0.639492
0.244638
-0.316499
-0.548324
0.213792
-0.560677
1.000000
1.000000
-0.788371
-0.875949
-0.624517
0.662012
-0.021460
-0.303747
0.904769
0.897083
0.800005
0.496358
0.139229
-0.731495
0.545945
-0.172771
0.960166
0.561221
0.483117
0.647545
-0.091179
0.151236
-0.026914
-0.839565
0.018631
-0.726455
0.338039
0.673712
-0.365500
0.150885
-0.438696
0.075553
-0.200804
-0.108586
0.935479
-0.908293
0.333563
-0.215538
0.786121
-0.386293
0.508046
-0.957191
0.431068
-0.447165
-0.415872
-0.875229
-0.330388
0.967380
-0.734330
-0.913807
0.030760
0.671797
-0.274059
-0.774045
0.313619
0.993235
0.697352
-0.583020
0.887082
-0.680300
0.020922
0.871912
-0.627334
-0.328244
0.599737
1.000000
-0.247995
0.057755
0.972280
0.305530
-0.234879
-0.915431
-0.464384
-0.284592
-0.007268
-0.390712
-0.625777
0.881645
-0.763793
-0.841065
0.407103
-0.803477
-0.172241
-0.108593
-0.727122
0.750405
-0.162018
0.092008
-0.128161
0.157335
0.368368
-0.467103
0.331229
-0.399351
0.688355
-0.725544
-0.401124
0.531649
0.796938
0.899936
0.412831
0.858377
0.161698
0.397485
0.457347
-0.420430
-0.323790
-0.991248
0.102969
-0.355411
0.951136
0.605450
-0.057898
0.930748
0.087142
0.488777
-0.943961
-0.934752
0.408061
-0.274729
0.378491
-0.946825
-0.960367
0.407272
-0.800186
-0.026847
-1.000000
0.326279
0.997438
0.309792
-0.871684
0.724059
-0.405100
-0.942196
0.323233
-0.193912
0.396649
-0.255077
0.031920
0.171247
0.235883
-0.808403
0.288375
0.559993
-0.228968
0.511332
0.267269
-0.032674
-0.939105
0.699354
-0.615280
0.635611
-0.726075
0.051053
-0.016160
0.695956
-0.839406
0.558092
0.199818
0.968687
0.536050
0.511824
-0.043590
0.551767
-0.261323
0.318681
-0.640406
-0.177940
-0.853785
-0.272017
0.092400
-0.427548
-0.882560
0.207005
-0.616013
-0.576325
-0.500633
-0.772644
-0.898109
-0.772690
1.000000
0.441021
-1.000000
0.014350
0.176560
0.140322
0.470358
0.795059
0.438342
-0.424641
-0.487148
0.353583
