-0.598561
0.673888
0.090032
-0.977942
0.847154
0.480545
0.823551
-0.735701
0.915914
-0.464357
0.999029
-0.551189
-1.000000
-1.000000
0.739079
1.000000
-1.000000
0.974203
-0.203061
0.247399
0.110078
-0.553253
-0.213780
0.766937
1.000000
-0.006330
0.878071
0.776471
-0.887344
0.354550
-0.034353
-0.131822
0.536738
0.223251
0.915667
-0.488541
0.133243
0.245258
-0.285735
-0.548580
0.109774
-0.247448
-0.558214
0.556238
-0.043021
0.169350
-0.587285
-0.275790
0.081639
-0.878161
0.478943
1.000000
0.363115
0.088211
-0.215013
-0.386623
-0.202155
-0.606530
-0.292827
0.478824
0.462331
-1.000000
-0.208767
-0.520237
-1.000000
-0.957401
-0.308116
-0.353007
0.493044
0.372992
0.850490
0.096164
0.158980
0.379693
-0.357963
-0.311949
0.231171
0.342220
0.158078
-0.297076
0.299019
-0.478982
0.733061
0.511463
0.877048
0.732685
0.212047
0.081476
-0.677004
-1.000000
-0.085165
0.717389
0.913168
-0.301520
0.397922
-0.908037
-0.696353
0.771369
-0.130334
-0.456848
-0.852910
-0.413743
-1.000000
-0.607904
0.394679
-0.703001
0.675550
0.729182
0.205006
-0.341378
-0.940381
-0.847101
0.499382
-0.196487
0.100813
0.031042
-0.571444
0.823881
-0.132181
-0.116570
-0.651434
-0.538152
-0.425421
0.588184
-0.248551
-0.418472
0.870084
0.161809
0.881598
-0.184905
0.217698
-0.909558
-0.705462
0.972718
-0.644881
0.092907
-0.279289
-0.227033
0.112009
-0.655923
-0.862393
0.733667
-0.415827
0.123675
0.419458
0.461882
-0.773137
0.303392
-0.581922
0.267263
0.106359
-0.766445
0.705506
-0.116688
0.033650
0.105280
-0.514122
-0.031599
0.411531
0.355821
-0.658369
-0.891808
-0.960204
-0.139226
0.948239
0.192014
-0.233313
-0.224487
0.178820
-0.873745
0.256949
0.112237
0.996489
-0.998389
0.760350
-0.430438
0.274279
0.935593
-0.345261
1.000000
-0.336498
0.459473
-0.925522
0.226398
-0.333532
-0.729683
0.134099
-0.474376
0.566413
0.964304
-0.722131
0.951462
-0.358814
0.426000
0.366438
0.732618
0.722337
0.113586
-1.000000
-0.089704
-0.218023
-0.136163
0.213834
0.357447
-0.259378
0.041513
-0.526426
0.699335
-0.868880
-0.894779
0.019351
-0.251507
-0.304440
-0.207555
-0.192428
-0.625022
0.723967
-0.723354
-0.288482
-0.017204
0.595921
0.886740
0.654087
-0.071979
0.887192
0.639594
0.085951
0.537729
0.941154
0.606568
0.037339
0.916758
-0.337503
0.646949
-0.432683
0.888513
0.862136
-0.201468
-0.642045
-0.641614
-0.507539
0.604513
0.598934
0.492728
-0.799439
-0.618958
0.481611
-0.441833
0.719860
-0.255823
-0.962379
0.676594
0.584123
0.919988
-0.505395
0.165675
0.620716
0.559931
0.846402
-0.788950
0.793604
-0.680882
0.893517
-0.038984
0.171074
