-0.150907
-0.589501
-0.802674
0.194741
-0.227953
0.944055
0.000584
-0.163456
0.493140
-0.345967
-0.913331
-0.461802
-0.535461
-1.000000
-0.881120
-0.610692
-1.000000
0.739035
-0.170525
-0.077287
0.022708
-1.000000
0.297076
-0.559030
-0.325156
0.041285
-1.000000
-0.130766
-0.827801
-0.289013
0.378134
0.467092
-0.513036
-0.240079
-0.750204
-0.348696
1.000000
0.847314
1.000000
0.612981
-0.693096
-0.696021
0.261852
-0.592779
-0.747238
0.271249
-1.000000
-1.000000
-0.012048
0.105896
-0.227654
1.000000
-0.880525
0.427233
0.330586
0.635045
-0.893291
-0.203050
0.404900
-1.000000
0.447938
0.006094
-0.817257
0.726896
-0.946781
-0.366993
1.000000
-0.375599
0.473224
-0.103397
-0.377356
-0.488860
-1.000000
-0.724955
-0.089660
-0.957065
-0.932421
-0.032041
-0.284504
0.259483
0.179517
-1.000000
-0.521259
-0.583790
-1.000000
-0.135844
-0.690436
-0.700799
0.646945
-0.401807
-0.652262
0.401423
-1.000000
0.276509
0.492455
-0.562049
0.767747
0.812798
-0.997076
1.000000
0.068903
0.646535
0.326350
-1.000000
0.011135
0.039428
-0.356797
1.000000
0.086688
0.396151
-0.480848
-0.655779
0.194377
0.192203
0.377768
-0.149646
1.000000
0.752975
-0.290072
-0.689795
-0.298038
0.472978
0.968511
0.630921
-0.510352
0.677376
0.692436
1.000000
-0.030899
-0.308610
-0.844235
0.656870
-0.629911
0.224300
-0.137986
0.351597
-0.959448
1.000000
-0.763011
0.558170
-0.353085
-0.970968
0.527409
-0.224836
-1.000000
-0.658597
1.000000
0.963685
0.580142
0.150165
0.372339
-0.187295
-0.524066
-0.075873
1.000000
0.773345
0.195821
0.146990
0.120008
0.007597
-0.336742
0.896183
-0.844765
-1.000000
-0.346076
-0.804268
0.301453
-0.470210
-0.224860
-0.616678
-0.636217
0.932861
-0.625030
-0.210775
0.041957
-0.917514
-0.754611
1.000000
-0.653154
-0.895443
0.942147
0.005412
-0.320920
-0.775767
-0.343864
-0.918525
0.209643
-1.000000
0.854448
-0.011878
1.000000
-0.324871
-0.707742
0.275457
-0.567505
-0.134663
0.483879
-0.199288
-0.814981
-0.733193
-0.489485
-1.000000
-1.000000
-1.000000
0.703602
-0.525304
-1.000000
-0.599493
-0.786151
0.470020
-0.354610
-0.797252
0.618526
0.598800
-1.000000
-0.144109
-0.233614
1.000000
-0.399919
-0.789622
0.872171
0.223178
-0.104188
0.740432
0.793394
-0.061090
-1.000000
-0.856263
-0.729464
0.347703
0.217167
1.000000
0.150681
-1.000000
-0.905437
-0.717887
-1.000000
1.000000
1.000000
0.640574
-0.806151
0.346389
-0.434256
0.105030
0.585825
-1.000000
0.960822
-1.000000
-0.110975
-0.705563
-0.797674
-1.000000
0.757581
-0.674835
-0.483125
1.000000
0.463914
-0.210493
-0.254050
-0.342632
-0.884665
0.900598
-0.013825
0.545921
0.673435
