-30.400000
5.000000
-1.000000
64.000000
-1.000000
-1.000000
62.200000
7.600000
10.000000
5.800000
0.504195
-0.144088
0.371388
-0.170316
-0.478924
0.981764
0.790987
-0.905109
0.594076
-0.528506
-0.831281
-0.433159
-0.717709
0.195974
0.015207
-0.253330
-0.654866
0.351221
-0.766901
-0.677444
-0.385768
-0.670366
-0.120432
0.082627
-0.057182
-0.391884
0.461501
0.013780
0.379951
-0.971605
0.636227
-0.547592
-0.184261
-0.127359
0.259799
-0.599818
0.541736
0.382325
-0.830526
0.031294
-0.479280
0.509863
0.095747
-0.800835
0.899619
0.756777
-0.666228
-0.643093
-0.301465
-0.807966
0.112442
0.668647
0.130328
0.514224
-0.482069
0.162538
0.496050
0.467085
-0.922263
0.290674
-0.144448
0.581134
-0.103773
-0.117425
0.342691
0.754411
-0.972812
0.027504
0.120060
0.692358
0.690238
-0.451956
-0.564172
-0.032107
-0.134224
0.200410
-0.862774
-0.685713
-0.725956
0.700517
0.386698
0.231160
0.607000
0.413631
0.767714
0.535413
-0.711797
-0.180789
1.000000
-0.762531
0.448127
0.786331
-0.222087
-0.621252
-1.000000
0.645414
0.173828
-0.593549
-0.287154
0.105944
0.841541
-0.827312
-0.646359
-0.100761
-0.949856
0.572089
-0.280608
0.898397
-0.046784
-0.364392
-0.706928
-0.330352
-0.846132
-0.999667
-0.286057
-0.629320
-0.631797
-0.955482
-0.276345
0.874403
1.000000
0.491412
-0.579722
-0.753134
-0.263322
0.612518
-0.249141
-0.315893
-0.872370
-0.755858
0.067067
-0.718262
0.972235
-0.588190
-0.276735
-0.398288
-0.791133
0.788986
0.534293
-0.211468
-0.965480
0.394673
0.412636
-0.584036
0.584941
-0.129383
-0.762890
0.583306
0.646072
-0.697103
-0.588900
-0.351993
-0.141574
-0.097337
-0.179885
-0.856878
-0.994916
0.527200
-0.573897
0.441140
-0.663334
-0.538323
-0.700155
0.269474
0.373577
-0.188155
-0.236078
0.675949
1.000000
0.601453
-0.288549
0.748217
0.269291
-0.244072
-0.186862
0.766994
-0.907958
-0.646473
-0.557518
-0.714442
0.628266
-0.962463
0.757195
-0.452089
0.917897
0.640256
-0.671966
0.039456
-0.162149
-0.153025
-0.868823
-0.124640
0.364899
-0.154159
-0.090817
0.562565
0.144998
0.301764
-0.730541
0.444234
0.319841
-0.440117
-0.056931
-0.162530
0.312185
0.760129
0.514801
0.079746
0.908837
0.701616
0.116567
-0.857607
-0.123829
-0.296939
-0.422914
-0.739466
-0.564136
-0.144187
0.311833
0.143767
-0.314684
-0.803873
0.383668
0.187378
0.007821
0.853436
0.150812
-0.652064
0.536277
-0.014398
-0.931049
0.973687
0.598339
-0.130048
-0.474433
-0.475329
0.428589
0.716536
0.129822
0.373069
-0.455299
0.627781
0.406729
1.000000
0.924995
-0.943415
0.098318
-0.551473
-0.023834
-0.946653
-0.217256
0.369308
0.626927
0.625978
0.030580
0.570773
0.495730
-0.740548
-0.541395
0.513730
0.445516
-0.506715
0.492386
-0.833710
0.675657
