-171.600000
4.000000
-1.000000
56.000000
-1.000000
-1.000000
-1.000000
16.600000
47.200000
28.600000
0.006814
0.281643
-1.000000
-1.000000
0.086321
-0.820324
0.482773
-0.904521
1.000000
1.000000
-0.702495
-0.880046
0.203649
0.058233
0.518354
-0.712827
-0.152066
-0.748058
-0.200228
-0.985261
-0.200675
-0.955023
1.000000
-0.972488
-1.000000
-0.158180
-0.708204
0.052627
-0.440821
1.000000
-0.841516
-0.466748
0.985747
-0.718955
0.927410
0.150111
-1.000000
-0.217297
-1.000000
1.000000
1.000000
0.329570
0.698364
0.426216
-0.478401
-0.239145
-0.841999
-0.401086
-0.770934
0.446051
-0.452839
-0.949672
-1.000000
0.597731
0.540552
-0.679668
-1.000000
-1.000000
-0.036381
-1.000000
-1.000000
0.032203
-0.422583
-0.302870
0.117021
-0.040970
0.231271
0.358326
-0.658008
1.000000
-1.000000
0.798670
-0.531165
-0.376659
-0.010469
-0.471299
-0.791358
-0.338765
0.411109
0.781545
-0.006027
0.741135
0.513523
0.387642
0.266091
1.000000
-0.846029
1.000000
-1.000000
0.496707
0.841882
-0.633442
1.000000
-0.448995
-1.000000
1.000000
-0.750467
-1.000000
1.000000
0.334120
-1.000000
-0.907597
1.000000
-0.416881
0.039271
-0.797283
0.806868
1.000000
0.818113
-0.247525
-0.893005
-0.575209
-0.271262
-0.824232
-0.412709
-0.232302
0.477646
-0.086104
-0.806103
-0.378603
0.839372
-0.231703
1.000000
-0.233291
0.792248
0.070646
-0.709709
-0.080057
-0.367385
-0.195388
0.371975
-0.750412
0.544414
0.535514
-0.096739
0.589253
0.427747
-0.411023
0.184954
-1.000000
-0.289469
-0.627388
-0.242567
1.000000
0.724412
-1.000000
0.135377
0.572400
-0.862197
-0.096814
-1.000000
-0.803097
0.454746
-0.082661
1.000000
0.949457
1.000000
1.000000
0.541431
0.177369
-0.301205
0.191281
1.000000
-0.545661
1.000000
-0.363741
0.641142
0.634787
-1.000000
-0.470857
-0.845678
0.977441
-0.176266
-0.881439
-0.597524
0.054823
1.000000
0.766340
-0.650743
-1.000000
-0.064346
-1.000000
0.624439
-1.000000
-0.019600
0.049134
0.576541
0.827433
-0.355355
-1.000000
-0.581684
0.178204
0.465873
-0.687551
1.000000
1.000000
-0.294193
-0.127874
0.078287
-0.803417
-0.110953
-0.618410
0.976010
-1.000000
-0.098005
-0.632859
-1.000000
-0.287959
0.349097
0.955139
-0.261725
0.791637
0.034399
0.727799
1.000000
0.865100
0.346300
-0.552132
-1.000000
0.409346
-0.489951
-0.607230
-0.709452
-0.273212
0.045632
0.219451
0.634971
-0.314273
-0.147910
0.711305
-0.157902
-1.000000
-0.305531
-0.630674
-0.730551
-0.003369
0.542393
0.822436
0.888495
-0.470256
0.130021
-0.496135
-1.000000
-0.458314
0.389426
0.119139
0.898430
-0.073630
-0.416039
-0.078191
-0.113173
0.069694
-0.149592
0.860330
-0.395506
1.000000
0.836091
-1.000000
-0.104942
0.778540
-0.663835
-0.619501
0.317019
-0.760152
1.000000
