-0.482003
0.926870
-0.813876
0.473656
0.575635
-0.061798
-0.849631
-0.077509
0.398571
0.910013
0.471694
0.259027
-0.221928
-0.164002
1.000000
-0.208822
-0.596535
0.979954
0.492354
-0.366200
0.398455
-0.522665
-0.300494
0.833901
1.000000
0.151071
-0.684029
-0.572334
0.042830
0.593891
-0.510080
0.682077
-0.630729
0.173566
-0.356097
-0.997459
0.062800
-0.226519
-0.665213
1.000000
0.528227
0.611612
0.132362
-0.527633
0.571667
-0.045248
-0.671686
-0.221189
0.392344
-0.597579
-0.278467
0.416115
0.517209
1.000000
0.572582
0.740907
0.432405
1.000000
0.560581
-0.285953
-0.471340
0.693050
0.216501
-0.526278
0.586435
-0.558624
-0.219063
-0.073106
0.884805
-0.827807
-0.102284
0.267021
0.498919
0.447532
-0.684946
-0.016708
-0.066647
0.047889
-0.303754
-0.500277
-0.425113
-0.815296
-0.367344
0.794108
0.551563
-0.900308
-0.396266
0.579968
0.201026
0.911243
-0.718976
0.030438
-0.840110
-0.750428
0.774459
-0.146154
-0.538081
-0.277771
1.000000
0.910726
0.698627
0.198641
0.937319
0.609504
0.543941
0.322331
-0.914878
-0.557858
0.971890
-0.700590
-0.169282
0.165963
0.012619
-0.857101
-0.090471
-0.032602
-0.833403
0.161554
0.493246
-0.579420
-0.770043
-0.952781
-0.617381
-0.592718
0.507214
-0.060394
0.314914
0.162396
-0.739768
-0.657795
-0.807891
0.902712
0.759125
-0.746089
-0.430390
-0.097542
-0.544477
-0.343622
-0.424359
0.406550
0.123895
-0.895559
-0.631239
0.609346
0.004832
-1.000000
0.487055
-0.607873
0.619144
-0.789098
0.603741
0.917769
-0.851505
-0.502208
-0.406196
-0.221152
0.381788
-0.591515
-0.885988
0.114363
0.314286
0.783412
0.652574
0.007169
-0.518597
0.200394
0.824339
-0.345505
-0.650692
0.406441
-0.658065
0.944758
-0.745052
-0.054658
-0.703679
0.902331
-0.648205
-0.166604
-0.678012
0.115985
-0.233467
0.005585
-0.656818
-0.755816
-0.741439
0.762507
0.334022
-0.989668
0.755151
0.248923
0.818522
0.323200
0.792223
0.726423
-0.878618
-0.345866
0.947544
-0.046488
0.322134
0.863537
0.237721
-0.599960
-0.237772
-0.730292
-0.211494
-0.238398
-0.648465
0.908439
0.130721
-0.006483
-0.512359
-0.522386
-0.759265
0.775691
-0.985711
-0.200347
-0.110299
-0.578507
-0.038183
0.433874
-0.552955
0.042222
-0.211621
0.818886
-0.863576
-0.717897
-0.037790
-0.955677
0.944868
0.874569
0.687078
0.846538
-0.890095
0.286359
-0.275661
0.726572
-0.051093
0.738484
0.412400
-0.296497
0.478433
-0.702478
-0.652862
-0.643264
0.409545
0.549356
-0.557834
0.142732
-0.948634
0.076027
0.181314
-0.877430
0.295758
-0.634269
0.110808
0.316703
0.827750
0.709392
-0.071441
-0.769665
-0.947841
0.000386
0.487871
-0.318702
0.314178
