0.007048
1.000000
-0.499138
-0.849784
0.998242
-0.235471
-0.621318
-0.910840
-0.763741
-0.274780
-0.860686
0.059361
-0.339059
0.510646
-0.556585
0.291309
0.894198
1.000000
0.478729
-0.210798
0.116693
0.155303
0.369210
1.000000
-1.000000
1.000000
-0.787220
0.009737
0.388379
0.391283
0.802122
0.744705
0.421708
0.584891
-0.262420
-0.447444
0.369751
0.069068
-0.848995
-0.737865
0.048864
-0.896401
-0.226462
0.635170
-0.560753
0.328872
0.677861
0.468744
-0.360060
-0.140648
-0.994637
-0.551046
0.097676
-0.485989
-0.042970
0.441820
0.323046
0.166086
-0.468028
0.066647
-0.865103
0.648403
-0.497204
-0.401593
-0.233229
-0.677221
-0.453204
0.154778
0.339413
0.795141
1.000000
1.000000
0.923306
-0.891073
0.694136
-0.914365
-0.859592
0.888311
0.260731
-0.118833
-0.422161
-0.717520
0.131395
-0.741514
0.574154
0.340447
1.000000
0.618253
1.000000
0.048833
-0.412224
-0.508540
-0.822287
-0.821684
-0.678974
-0.125782
-0.750795
0.823624
0.322973
0.797662
-0.770076
-0.387256
0.627695
0.974181
0.027405
0.149681
0.865602
-0.771281
-0.407971
0.354725
-0.558263
0.056055
-0.803248
0.203039
-0.898171
-0.157829
0.119432
0.056642
0.973224
-0.066199
-1.000000
-0.575017
-0.916363
-0.153463
0.379697
0.052114
-0.248490
-0.650995
0.049867
-0.523890
1.000000
-0.293441
1.000000
-0.493522
-0.734418
-0.003620
0.700291
0.713314
-0.814280
0.668778
0.000307
-0.309939
-0.139757
-0.462294
0.628523
-0.623502
0.676905
-0.077358
-0.641368
-0.842790
-0.685515
0.584881
-0.056118
-0.947416
-0.192585
-0.639508
0.560846
0.009853
-0.359677
0.004933
-0.805068
-0.602186
-0.584482
0.904528
0.160303
0.603088
0.828652
0.820095
0.568972
-0.826496
-0.002573
-0.939375
-0.933622
0.617818
-0.821977
0.294342
0.697234
-0.172205
0.678025
-0.000823
-0.166517
-0.382551
0.911750
-0.754359
-0.526301
0.145726
-0.114525
-0.559101
-0.561474
0.803475
0.346188
0.282031
0.684800
0.126206
-0.231844
-0.602440
0.432276
0.045859
-0.971249
0.577143
-0.103075
-0.198146
-0.521671
-0.905220
0.105822
0.736304
0.546564
-0.823135
0.470620
0.233624
-0.824147
-0.243291
0.353879
0.888579
0.762664
0.254267
-0.451875
-0.745237
0.485692
0.914732
0.893555
0.290570
-0.375866
0.423005
-0.290481
-0.730604
-0.149019
-0.601062
0.541233
-0.698140
0.988261
0.074221
0.291465
-0.096526
-0.886216
0.924285
-0.131977
-0.368273
-0.384229
0.226368
0.407466
-0.220790
0.177530
0.083157
-0.588833
-0.288425
0.943770
0.788402
0.701395
0.320782
-0.389180
-0.300716
0.627517
-0.016384
1.000000
0.059056
0.229724
0.437145
0.741492
-0.800235
1.000000
0.422591
-1.000000
-0.765533
0.445545
