0.117347
-0.148391
-0.899113
0.623480
-0.044683
0.293189
0.931261
0.005779
-0.847804
0.457788
0.102957
0.050842
1.000000
-0.624921
1.000000
0.110138
-0.149390
-0.803184
0.527910
-0.889837
0.385901
-0.013799
-0.172606
-0.074906
-0.012715
0.479834
0.555597
-0.091597
-0.325295
-0.156822
0.818783
-0.756532
0.621712
0.324372
0.861271
-0.466491
0.453882
0.515920
-0.992299
0.461723
0.548027
-0.370360
-0.846009
-0.099766
0.824372
-0.982635
0.542808
-0.201230
0.287929
-0.669327
1.000000
-0.016677
-0.678330
0.795253
-0.126603
-0.965083
-0.104330
0.993319
0.649233
-0.562592
0.725369
0.278402
0.834195
-0.400758
-0.337820
0.218899
0.894784
0.816822
-0.243465
-0.466985
-0.278643
-0.123741
-0.943253
0.628993
0.334173
0.535675
-0.558117
-0.641324
0.389781
0.729785
-0.640765
0.221699
-0.752137
-0.514367
0.638955
0.485814
-0.233697
0.694278
0.523107
1.000000
-0.726607
0.949239
0.686836
-0.323556
-0.968831
0.793151
0.698565
-0.078108
-0.711082
0.801911
-0.443478
0.234540
-0.999355
-0.567995
0.322106
-0.675468
-0.893454
0.076645
-0.098180
-0.329849
-0.741784
-0.781000
0.027073
-0.144730
-0.737842
0.146687
-0.296120
0.705466
0.577739
0.845598
-0.384965
0.129386
0.687451
-0.853644
-0.848421
0.591494
0.208673
0.181121
-0.372630
0.199108
0.796005
-0.375862
0.647707
0.015806
0.544338
0.835889
0.151214
0.183506
-0.111520
-0.214026
1.000000
-0.770409
-0.006127
-0.064269
0.070479
-0.624735
-0.024390
-0.859009
0.474969
0.046739
0.898841
0.785629
-0.066478
0.271118
0.144061
0.100101
0.134904
-0.980876
-0.255116
0.249930
-0.587482
0.083821
0.235666
0.602836
0.756454
0.464949
0.873922
-0.122431
0.989749
-0.007285
0.680289
-0.238465
0.027723
-0.904177
-0.622430
-0.750835
-0.671677
-0.969272
-0.623176
-0.298767
0.359717
0.377763
-0.054728
-0.359795
0.097878
-0.099176
-0.949953
0.484863
-0.507626
0.905242
-0.799355
-0.833377
0.493035
0.226372
0.032112
0.879788
1.000000
0.415685
-0.371368
0.153718
0.364908
-0.113947
0.817754
-0.559664
0.356623
-0.450006
-0.633794
-0.700211
0.880036
0.938295
-0.922476
-0.825885
0.078356
-1.000000
1.000000
0.001931
0.464529
0.138564
0.854397
-1.000000
0.042997
0.702778
0.298200
0.256433
-0.166294
-0.263503
0.585979
0.918749
0.068439
-0.013737
0.798216
-0.558802
0.504556
0.845422
-0.648913
-0.413740
-0.907044
0.087128
-0.925797
0.233463
0.078645
0.461129
0.985449
0.861351
-0.515449
-0.657024
0.119055
-0.135805
-0.730171
0.713127
-0.098312
-0.920749
-0.864889
0.284191
0.749423
0.133015
-0.216586
-0.579754
0.868617
0.516325
-0.924051
0.892746
-0.699642
0.546387
0.629937
