0.810409
-0.823787
-0.841463
-0.066569
-0.897370
0.104080
0.031655
0.261269
-1.000000
-0.935653
1.000000
0.234905
1.000000
-0.473000
0.241527
-0.491947
-0.541176
0.336976
1.000000
0.715240
1.000000
0.187045
0.453829
1.000000
0.342816
0.060414
-1.000000
-0.861635
-0.567666
-0.873523
-0.838252
0.888826
1.000000
0.082705
1.000000
-0.649245
1.000000
-0.587965
-0.939409
-0.430985
1.000000
-0.655847
1.000000
1.000000
0.936335
0.733935
0.091913
-0.546511
-0.709217
-0.616569
-1.000000
0.811932
-1.000000
0.309495
-0.211606
1.000000
0.670990
0.590502
0.024508
-1.000000
-1.000000
-0.986465
-0.490346
-0.774123
1.000000
0.812285
-0.669456
0.417040
-0.053421
-0.643369
-1.000000
-1.000000
0.097613
1.000000
-0.028232
1.000000
0.314032
-0.142117
1.000000
0.341547
0.152593
0.029331
-0.025447
0.364504
-0.677411
-1.000000
1.000000
-0.463451
-0.058175
-0.403204
-0.115811
0.885603
-0.524662
1.000000
-0.559035
1.000000
-0.179733
0.201464
-0.914912
-0.633891
-0.472238
-0.770426
-0.494074
0.825003
-0.157795
1.000000
0.340422
0.758486
0.992080
0.888807
0.049977
-0.227645
-0.881107
-0.411274
0.186587
0.817756
-0.024960
-0.496170
-0.630121
-0.012992
1.000000
0.966602
-0.369401
-0.496200
-0.827867
0.569877
-1.000000
0.443214
0.156475
0.036949
-0.434207
0.076089
0.483774
0.391308
-1.000000
0.795446
0.331321
-0.349414
0.557423
0.881136
-0.264741
-0.737079
1.000000
-0.342223
-0.793622
0.171379
0.943570
-0.499746
-0.101607
0.206770
0.266240
-0.616870
-1.000000
1.000000
-0.720606
1.000000
-0.061218
0.299689
-1.000000
-0.431392
-0.125439
-0.991322
-0.202871
1.000000
-0.344222
-0.437916
-0.706519
0.714442
0.030820
0.930425
0.576234
-1.000000
-0.063033
-0.011580
-0.255958
0.282534
-1.000000
0.959893
0.109994
0.767424
1.000000
-0.261705
-0.257726
0.236990
-0.215469
0.524228
0.384010
1.000000
-1.000000
1.000000
0.009642
0.411038
-1.000000
0.072149
-0.856422
-0.311946
-0.967018
0.332931
-0.211080
0.076355
0.551102
-1.000000
0.701862
0.806557
1.000000
0.799353
-0.746762
0.458316
-1.000000
0.051296
-0.019423
-0.122115
-0.776863
0.953770
1.000000
-0.470906
0.158538
-0.243247
0.427363
-0.600958
-0.150712
0.416339
-0.261384
-0.535766
1.000000
0.980508
0.778105
1.000000
1.000000
-1.000000
0.034762
-1.000000
-0.194902
-0.549405
-0.068902
0.040464
0.298348
0.375465
1.000000
0.540378
-1.000000
0.086406
1.000000
0.050394
0.393533
-0.653979
0.265953
0.071449
-1.000000
-0.904515
-0.532790
-0.381677
0.012694
0.294369
-1.000000
0.008387
-0.387915
1.000000
0.147362
0.646317
-0.350073
1.000000
1.000000
-0.724744
1.000000
