0.963536
-0.158938
1.000000
0.954544
1.000000
0.562655
0.378639
0.413849
-0.918794
-1.000000
-0.306174
-0.076764
-0.170885
-0.473219
-0.040669
-1.000000
0.675139
0.567992
-0.326611
-0.186365
0.530856
-1.000000
0.685796
-0.301894
-1.000000
1.000000
-0.344197
-0.292461
0.391489
0.588728
0.677655
-1.000000
0.176072
-0.749591
-0.327503
-0.235660
0.184957
0.814120
0.371895
0.888460
0.082642
-1.000000
-0.328943
-0.644788
0.016091
-0.050081
-0.496297
-0.167574
-0.970346
-0.355207
0.334206
0.164007
-0.436953
-0.848027
-0.422094
-0.684023
0.205676
0.719625
-0.667751
1.000000
0.821653
0.696889
0.351817
0.324626
0.161630
-0.283293
0.170005
-0.766714
-0.367265
-1.000000
1.000000
-0.342597
-0.534037
0.334766
1.000000
0.484488
-0.116054
-0.026523
-0.509676
0.448941
0.511486
-0.736428
-0.431617
-0.653124
0.140467
-0.332547
0.547995
-0.108666
0.675178
0.507942
0.128803
-0.340115
0.890077
-0.162348
-0.435874
-0.566177
0.207634
0.964619
0.213565
-0.200956
-0.449342
1.000000
-0.986637
0.027204
0.919969
0.331947
1.000000
0.885646
0.414465
0.447128
-0.920454
-0.989410
-0.562755
-0.150709
-0.392686
0.434405
-0.555060
-1.000000
-0.055156
0.600887
-0.632660
0.049822
1.000000
0.950708
1.000000
0.682732
-1.000000
-0.946896
-1.000000
-0.486251
0.550178
-0.100756
-1.000000
-0.159837
0.230985
1.000000
0.118993
-0.410577
0.573563
0.468082
0.251026
-1.000000
0.346795
0.344279
0.814300
0.437777
-0.198679
1.000000
-0.924262
0.525531
0.801512
-1.000000
-0.030013
0.454512
0.740656
-0.249305
-0.024091
-0.021685
0.431345
0.381224
0.138493
0.809984
-1.000000
-0.694623
-0.366247
0.300651
-0.002711
-0.832859
0.430887
0.403395
-1.000000
-0.289241
-0.381726
-0.389271
0.419856
-0.052304
0.750631
-0.140158
-0.762299
-0.689856
-0.676150
0.651855
-0.087710
-0.242342
-0.212803
0.659797
-1.000000
-0.452304
0.953277
0.078930
0.455284
-0.628446
0.766500
0.285942
-0.562776
0.053544
-1.000000
0.438273
0.484693
1.000000
0.122505
0.267603
-0.729386
0.395667
0.165315
-0.514658
0.493574
-0.835610
1.000000
1.000000
-0.776157
0.842332
0.109823
-0.944709
0.490688
0.214364
-0.937361
1.000000
0.357105
-0.271058
1.000000
-0.554298
-0.936819
0.617051
0.680729
-0.738311
1.000000
-0.352559
-0.520773
-0.307271
-0.661625
-0.477053
-1.000000
-0.921106
-0.215303
-0.020191
0.279248
-0.273319
0.666990
0.295155
0.216287
0.842970
-0.437912
0.468681
-0.319583
-0.158909
-0.799704
-1.000000
0.706220
-0.128343
1.000000
0.286591
1.000000
0.938310
-0.904626
0.378597
-0.728547
0.121500
-0.215398
-1.000000
-0.048982
-1.000000
0.393307
-0.294672
0.776670
