-0.394086
-0.604699
0.867174
1.000000
0.661981
0.995553
-0.873551
0.640907
-0.544626
-0.997204
-0.416588
-0.512270
-0.820945
-0.002623
-0.267598
0.306453
0.290617
-0.163558
0.655608
-0.041325
-0.093257
-0.780298
0.955680
-0.123566
0.612910
0.187082
-0.479437
-0.133387
-0.902550
0.297616
0.494958
0.999528
0.670525
0.213624
-0.535762
-0.569392
0.587316
0.678203
-0.989632
-0.089171
-1.000000
0.624895
-0.485082
1.000000
0.230844
0.385191
-0.775954
0.888937
-0.338283
-0.138528
0.078558
-0.964312
0.700084
0.842798
-0.297250
-0.252917
-0.182025
-0.032855
-0.450132
-0.645517
0.831764
0.601626
0.183010
-0.485998
-1.000000
-0.455664
1.000000
1.000000
-0.405022
0.900306
0.357044
0.752202
-0.213208
-0.657553
0.892954
-0.363420
0.010786
0.418594
-0.310673
-0.866009
-0.002061
0.190511
0.370958
0.285209
-0.713655
-0.716231
-0.093490
-0.244347
0.958793
-0.998128
-0.253796
0.482098
0.795438
-0.286593
0.013351
0.898611
0.266196
-0.351321
-0.812881
0.968286
0.349368
-0.694543
-0.552574
-0.811685
-0.648916
-0.537949
-0.502094
0.797916
1.000000
-0.092462
0.119516
0.363448
0.861831
0.855512
-0.708051
-0.598535
-0.791822
0.124378
-0.545861
0.656792
-0.229869
1.000000
0.356077
0.310359
0.181984
0.189294
-0.686094
0.785475
0.609425
-0.011402
1.000000
-0.463355
0.333810
0.047499
-0.060814
-0.760447
-0.504275
-0.068509
-0.472375
0.459271
-0.920981
0.606342
0.516292
0.655428
0.161823
0.418191
-1.000000
0.245550
-0.510970
-0.484174
-0.676485
0.823666
-0.878619
0.069180
-0.669012
0.063658
-1.000000
-0.819265
0.648543
-0.453752
-0.345463
-0.034636
-0.938849
-0.420523
0.745537
0.640566
-0.288371
-0.932599
0.000734
-0.941765
0.436153
0.050098
-0.993376
-0.785745
0.001860
-0.946370
0.371330
-0.263799
-0.284707
0.249513
-0.516236
-0.164209
0.041543
0.946749
0.681828
0.106497
-0.936972
0.042355
0.719664
-0.136974
0.810372
0.182810
-0.057277
1.000000
0.764802
-0.747473
-0.628304
-0.676419
0.881169
0.848716
0.400390
-0.932552
-0.001438
-1.000000
0.742083
0.371390
0.402217
-0.031234
-0.589941
-0.168437
0.316337
-0.074836
-0.232872
-0.614744
-0.235243
-0.690000
0.663567
-0.108897
0.970765
0.932829
-0.269511
-0.955890
-0.285220
0.130433
-0.494716
0.061317
0.796189
0.114078
0.503222
-0.309562
-0.125876
0.709155
-0.205217
0.466126
-0.771783
0.618692
0.955310
0.842849
0.897192
0.002823
-0.325682
0.530512
1.000000
-1.000000
0.035647
0.636275
-0.693975
-0.439086
0.335237
0.432716
-0.569290
0.137522
-0.426091
0.076006
0.571529
0.891302
-0.848038
0.850050
-0.126243
-0.335949
0.061968
0.577760
0.471960
-0.397175
0.547146
