0.199697
0.029375
-0.133105
0.901218
-1.000000
1.000000
0.111868
-1.000000
-0.503350
-0.335098
-0.977692
0.284518
-0.532510
0.509328
0.123208
0.331823
0.110288
0.515394
-0.050024
0.632448
-0.572873
0.723117
-0.169594
0.151893
0.722947
-0.140023
0.183840
0.541713
0.120699
-0.636004
0.903790
0.097517
-0.260637
-1.000000
-0.399677
-0.089539
-0.404457
0.632710
0.101673
1.000000
0.392884
0.321253
-0.781394
-0.694699
-0.916094
-1.000000
-0.808103
0.377133
-0.261339
-1.000000
-1.000000
-0.728043
-0.604601
1.000000
0.201170
-1.000000
0.702323
0.492749
1.000000
0.488821
0.044938
1.000000
0.083366
0.404630
-0.585612
0.550153
-0.423258
-0.780195
-0.339617
-0.664185
-1.000000
0.393059
1.000000
-0.330390
-0.751433
0.439331
-1.000000
-0.088160
-1.000000
-0.415358
-1.000000
-0.243461
0.267814
-0.668058
0.159630
-1.000000
0.357518
-0.711376
0.124197
0.024114
0.445440
0.091376
0.451780
0.140378
0.818620
1.000000
0.310751
1.000000
-1.000000
0.017200
0.129594
-0.093667
0.860205
0.129847
-0.768760
-0.373391
0.389214
-0.466177
0.006513
0.966455
-0.030516
0.413305
0.750595
0.838439
-0.356945
0.979925
0.012640
0.397859
0.943066
-0.306673
0.965345
0.661065
0.071301
-0.070399
0.524248
1.000000
0.620888
0.490737
1.000000
-0.531385
1.000000
-0.661226
-0.721355
0.951846
0.811382
0.937063
0.833561
-0.612498
-0.781642
0.490772
1.000000
-0.557896
0.178413
-0.827261
-0.541652
-0.702207
0.178719
0.975839
-0.081117
0.087577
-0.982564
0.045924
-0.131784
0.996881
0.044514
1.000000
0.010413
1.000000
0.587947
-0.767371
-0.977971
-0.451970
0.622336
-0.259874
-0.816972
-1.000000
-1.000000
-0.238445
0.506717
0.307566
0.566749
0.540802
0.173808
-0.758372
-0.741295
-0.697838
-0.454651
-0.487591
-1.000000
0.226357
0.003863
0.642007
-0.819987
0.794898
-0.991749
-0.322140
0.577035
0.452099
0.337829
-0.306506
0.097500
-1.000000
0.688364
-1.000000
0.821680
-0.692145
-0.407036
1.000000
-0.850594
0.533403
-0.951202
0.113896
0.526332
0.048450
-0.614128
1.000000
0.100583
1.000000
-0.092186
-0.122622
0.125391
0.291873
0.547691
0.828816
1.000000
-0.928971
0.499425
0.312748
-0.369042
0.727428
-0.084580
0.255918
1.000000
0.081843
-1.000000
-0.655747
0.561082
-0.409743
0.071176
0.318998
0.653202
-0.268458
-0.567795
-0.225718
1.000000
0.093911
0.088169
-0.861626
0.839515
-0.577481
0.070430
0.665514
-0.204645
0.069921
0.388600
0.336817
-0.714292
-1.000000
0.778998
-0.419571
-0.252644
0.125158
1.000000
-0.279019
0.873864
0.420934
-0.323838
-1.000000
-0.702472
-0.209993
-0.369696
0.945868
-0.928407
-0.622331
0.828283
