-210.800000
2.000000
-1.000000
-1.000000
-1.000000
-1.000000
82.000000
-1.000000
-1.000000
47.200000
0.105808
0.741867
0.452893
-0.009432
-0.201359
-0.945975
-0.443837
0.497202
0.895796
0.799311
0.309172
-0.233609
-0.759802
-0.863534
-1.000000
-0.558064
0.682577
0.141885
0.812757
-0.466048
-0.449263
0.891746
-0.637001
0.744298
0.022829
0.587708
-0.583740
-0.161787
0.492457
-0.161708
0.118210
-0.360668
1.000000
-0.442115
-1.000000
0.705646
-0.176798
-0.547100
0.830182
-0.473344
0.922375
0.129968
-0.216628
-0.833904
0.292930
0.495107
-0.536666
-0.510946
0.099640
-0.583742
0.223417
-0.358871
0.360698
-0.141985
0.943649
-0.351071
0.095797
-0.209771
-1.000000
0.857976
-0.247489
0.523053
0.711794
0.826408
0.972640
-0.561593
0.729319
0.628843
-0.912373
0.275580
-0.866569
-0.084940
0.809841
-0.077393
0.579302
0.027137
0.313699
-1.000000
0.397600
-0.363440
1.000000
-0.849933
-0.726300
-0.379299
-0.264957
0.679726
-0.088852
-0.601446
0.451460
0.544454
-0.107991
0.225852
0.446037
-0.178036
0.540435
0.954368
-0.533354
-0.522884
-0.839180
0.902069
0.220144
-0.518763
-0.898938
0.378914
0.883144
0.422692
0.965156
0.218278
0.212009
0.779358
-0.160802
0.678881
0.467474
0.684211
0.809310
-0.286822
-0.694431
-0.009945
-0.696179
-0.689074
-0.054491
0.548429
-0.734044
0.833139
-0.743817
0.275819
-0.415771
0.384296
-0.922654
0.253854
0.665781
0.978649
0.330003
-0.354998
0.451894
0.859643
0.808875
-0.090274
-0.759254
0.762369
0.030863
-0.056504
-0.868309
0.583849
-0.336330
-0.430702
-0.922158
0.778940
-0.501782
0.512065
0.607218
-0.635082
-0.241366
0.020008
-0.094277
1.000000
-0.025027
0.973621
0.889865
0.409590
0.490104
-0.982319
0.664475
-0.195474
0.469612
-0.141066
0.704730
0.297357
-0.673668
-0.757918
-0.092789
0.603427
0.996833
-0.930293
-0.617543
-0.881528
-0.896786
0.575660
-0.252939
-0.925102
-0.006525
-0.827240
0.024440
-0.744955
-0.071754
-0.945059
-0.293846
0.739482
0.131096
0.978480
-0.433965
0.773258
-0.264455
0.601208
-0.381948
0.614249
-0.169796
-0.945731
-0.473315
0.212379
0.215844
0.033480
0.115246
0.302158
0.828262
0.179373
0.764794
-0.183340
-1.000000
-0.413015
0.605099
0.342999
0.813516
0.809862
-0.252805
-0.623017
0.909681
-0.591950
1.000000
0.309683
-0.705984
0.394896
-0.409859
1.000000
-0.534412
0.167975
-0.549558
-0.426314
0.507958
0.937479
-1.000000
-0.413017
0.699148
0.519794
-0.986587
0.951901
-0.877874
0.438668
0.142549
-0.476842
-0.022533
0.394843
-0.662772
-0.479775
-0.466447
0.573149
-0.077009
0.796921
0.625433
0.397829
-0.876743
-0.587241
0.209509
-0.107889
-0.137521
-0.890620
0.389259
-0.689842
-0.694911
0.223798
-0.816374
-0.851092
0.506564
-0.710584
0.148265
