-390.400000
1.000000
-1.000000
-1.000000
-1.000000
-1.000000
-1.000000
-1.000000
-1.000000
19.600000
0.536670
-0.504305
-0.655333
-0.690710
-0.489570
-0.950652
-0.550973
0.993020
-0.499429
0.635259
0.782554
-0.518014
0.899780
-0.525070
0.756876
-0.342931
0.598992
0.585231
0.609962
0.103221
0.987189
0.140153
0.303737
0.677979
-1.000000
-0.633524
-0.237480
-0.233369
0.730794
-0.797458
-0.880192
0.338093
-0.196184
0.525515
0.793076
-0.255298
-0.133388
-0.419284
-0.930352
0.661424
-0.648585
0.140799
-0.002060
0.152724
0.276568
-0.412674
0.820157
0.258907
0.563286
-0.710584
-0.775830
0.486107
-0.537102
-0.997073
-0.832595
0.855490
-0.387080
0.856207
0.230919
0.962698
-0.079703
0.008621
0.215456
0.772974
0.636110
0.049468
0.005083
-0.852935
-0.927522
0.431415
0.300757
0.337829
0.145763
-0.985652
1.000000
0.351859
-0.991823
0.725601
-0.851156
-0.224906
-0.030373
0.906699
-0.124313
-0.725990
-0.539150
0.454285
0.046738
-0.431699
0.111106
0.821341
0.188465
-0.484634
-0.939071
0.036571
-0.640124
-0.334071
0.768896
-0.015068
0.231497
0.141768
0.492153
-0.766883
-0.435365
-0.455940
-0.635481
-0.515258
0.019745
1.000000
0.531342
0.593554
0.923014
-0.223020
0.834513
-1.000000
-0.231107
-0.050176
-0.593627
-0.034027
-0.055609
-0.360921
0.584698
-0.489339
0.926272
-0.274374
-0.155901
0.341685
0.642766
0.832481
0.953928
0.058289
0.154340
-0.727216
0.207989
0.502014
0.741197
0.184756
-0.238463
-0.296300
0.496033
-0.166622
0.870016
-0.316498
0.717222
0.988506
0.184517
0.470125
-0.630184
-0.531877
1.000000
-0.178867
0.530094
0.641581
0.858415
-0.566520
0.696901
0.029385
0.631040
0.974299
-0.270831
0.979236
-0.315136
-0.502664
0.095398
-0.248550
0.355862
-0.391841
0.646484
0.167734
-0.058501
0.658250
-0.454098
-0.992978
-0.625048
-0.006457
0.297752
0.204155
0.736007
-0.965886
-0.860701
0.246369
-0.158648
-0.551389
-0.374480
0.225482
0.823108
0.069286
0.091135
-1.000000
0.332378
0.623104
0.792941
0.104845
0.636692
0.332923
-0.800407
-0.635281
0.824030
0.794947
-0.378383
-0.599652
0.080780
0.916212
0.538215
-0.302253
0.188251
-0.039867
-0.078052
-0.598969
-0.353799
-0.618087
0.183940
-0.226437
-0.189460
0.841792
-0.714970
-0.066844
-0.979701
-0.843100
0.597807
0.667600
0.052120
1.000000
0.131843
-0.494699
0.975734
-0.877222
0.282323
-0.114490
0.853391
-0.649484
-0.680203
-0.594132
-0.378122
0.612200
0.819101
0.212150
-0.015721
-0.118818
-0.932055
-0.498345
0.555987
0.410116
-0.180786
-0.190713
-0.428995
0.322326
-0.551777
0.649007
0.571838
0.605093
-0.372725
0.174010
0.672886
-0.332267
-0.993270
0.109865
0.418818
-0.050533
0.647678
-0.745829
-0.543825
0.671483
0.402165
-0.757000
0.926447
