-0.535343
0.153019
-0.223797
0.093771
1.000000
-1.000000
0.146727
0.261406
-0.685581
-0.877074
-0.214814
-0.454703
0.802024
0.750324
1.000000
0.127672
1.000000
-0.029189
-0.341523
0.355257
0.500665
-0.195600
-1.000000
-0.118735
-0.996748
-0.892198
-0.121421
0.927307
-0.032249
-0.324201
0.083585
0.228791
-0.190956
1.000000
1.000000
1.000000
1.000000
0.026391
1.000000
1.000000
0.044245
-0.923645
-1.000000
0.208257
0.306762
0.716137
0.793767
-0.422687
-0.948521
0.139719
0.118236
0.040055
0.191984
-0.785476
-1.000000
0.446515
-0.522343
0.939240
0.311132
-0.301217
1.000000
1.000000
0.754128
0.506714
0.752495
-0.338994
1.000000
0.681134
0.916600
-0.532681
0.306325
1.000000
1.000000
-0.057985
0.409271
-0.328994
-0.034509
0.904099
-0.847727
1.000000
-0.227187
-0.127462
0.239890
-0.347794
0.424090
0.220415
-0.199221
-0.039016
0.186304
-1.000000
-0.622473
0.735498
1.000000
1.000000
-0.057393
0.359759
-0.361571
0.284917
0.836510
1.000000
1.000000
-0.738678
-1.000000
-0.167892
-0.380594
-0.769729
-0.485650
-0.599485
-0.093346
-1.000000
-0.522707
-0.543775
-0.517244
-0.230950
0.071460
-0.882066
-0.873229
0.114288
-0.139962
0.726491
-1.000000
0.314857
0.799485
-0.231524
0.642828
-0.645664
0.005152
0.515988
0.763149
-0.573678
0.475904
1.000000
-0.998964
-0.395795
-1.000000
1.000000
-0.619986
0.233446
0.262826
1.000000
0.319009
-0.710233
0.090601
0.088275
-1.000000
-1.000000
1.000000
0.375479
0.144472
0.486662
0.489662
0.623986
0.366673
0.884808
-0.523731
-0.488206
0.240721
-1.000000
0.165270
-0.769058
-1.000000
-0.657487
1.000000
-1.000000
0.951810
1.000000
-0.546002
-0.344656
-0.258754
-0.751345
-0.320026
1.000000
1.000000
-0.445823
0.567885
0.200666
-0.842849
-0.129129
-0.435225
-0.358255
0.375049
0.286238
0.324586
-1.000000
0.737969
-0.364401
-0.357643
0.718774
0.373565
-0.891645
1.000000
-0.352951
-0.271392
0.293931
-0.319794
0.493986
0.717254
0.017198
0.296193
0.993918
-0.364483
-1.000000
0.667030
-0.908107
0.014370
0.398990
-0.229909
0.895836
0.952749
0.317129
0.102854
-0.379217
0.496998
1.000000
0.002991
-0.101493
-0.268754
1.000000
-0.229992
1.000000
-0.571703
0.636322
0.349352
0.163458
-0.105211
-0.115484
0.564333
1.000000
-0.044201
-1.000000
0.470806
0.538766
-0.096817
1.000000
-1.000000
0.245491
-1.000000
0.789349
0.818971
0.876395
-0.313736
-1.000000
-0.417038
-0.508519
0.012440
0.512114
0.781925
1.000000
-0.162908
-0.766259
-0.602044
-0.543474
-0.630674
-0.007984
-0.448791
-1.000000
-0.224662
-0.194171
0.175095
1.000000
-0.385848
1.000000
1.000000
-0.601102
0.317043
