-151.200000
4.000000
-1.000000
-1.000000
14.000000
20.800000
91.000000
-1.000000
-1.000000
13.000000
-0.143599
-0.480995
-1.000000
-1.000000
-0.124903
0.329654
-1.000000
0.296177
-0.817037
0.719622
-1.000000
-0.035170
1.000000
0.294617
-0.037060
-0.054771
1.000000
0.611443
1.000000
0.680697
-0.952613
0.766412
0.492942
-1.000000
-0.823858
-0.187318
-1.000000
0.417501
-0.209348
-0.316126
-0.085314
-0.937824
1.000000
1.000000
-0.745513
-0.110636
0.279291
-0.496161
-0.356950
-0.072693
0.314862
0.046344
0.293108
-1.000000
1.000000
-1.000000
0.012397
-0.069040
0.477460
1.000000
-0.820954
-1.000000
-0.094099
0.757359
0.844509
0.103415
1.000000
0.997203
-1.000000
-1.000000
1.000000
-0.561106
0.957602
-0.764415
-0.845393
0.843923
-0.846719
-1.000000
0.810124
-0.003588
0.389244
-1.000000
-0.143299
0.171988
-0.876512
0.918304
-1.000000
0.896304
-0.089493
-1.000000
-0.282987
-0.450776
0.347074
0.647221
0.785319
0.441223
0.807690
0.852102
0.201010
-0.899795
0.385610
-1.000000
0.900599
0.257662
1.000000
0.378585
-1.000000
1.000000
-1.000000
1.000000
-0.316992
-0.065054
-0.479844
-0.786650
0.801508
-1.000000
-1.000000
0.127409
0.938307
-0.344309
1.000000
-0.609303
1.000000
0.000510
-1.000000
-0.759554
1.000000
-0.605776
0.006613
-1.000000
0.151878
0.112482
-0.647520
0.057174
0.318164
0.039069
-0.473281
-1.000000
0.399633
1.000000
0.536195
0.291235
1.000000
-1.000000
0.191610
-1.000000
0.848406
-0.304517
0.119510
-0.091491
-0.566421
0.621182
0.976000
0.238680
0.726919
-0.536353
-0.816849
0.674364
-1.000000
-1.000000
-1.000000
0.293142
0.084848
-0.229883
-0.474148
-0.828844
-0.231641
1.000000
1.000000
1.000000
0.399180
-1.000000
-0.833731
-0.997892
-0.358996
0.465528
0.360396
-0.174907
0.155712
1.000000
-0.882844
0.734409
0.025569
-0.356851
0.088112
1.000000
1.000000
-1.000000
0.080178
0.473162
-0.393554
-0.188170
-0.440781
0.898039
0.781582
-0.578156
-0.867538
-0.779616
0.797565
-0.771582
1.000000
-0.856997
-0.298971
0.898949
-0.731264
-0.075324
0.283525
-0.648332
1.000000
0.553929
-0.378839
-0.439900
-0.828688
-0.478474
0.354881
-0.926007
-0.334239
-0.316947
-0.292838
-0.958119
-0.315499
-1.000000
1.000000
0.330741
-0.600338
0.654516
-0.488151
-0.250669
0.528399
-0.383127
0.960947
-0.214797
-0.789178
-0.487922
0.360564
0.102501
0.080632
0.892627
0.285470
-0.501183
-0.090255
0.936857
0.804318
0.690949
-0.858289
0.200215
1.000000
0.289990
-0.486272
0.915565
-1.000000
0.298032
0.761299
0.493967
-1.000000
0.619499
0.504393
-0.944263
-0.527224
0.550019
-0.290864
0.503782
0.745818
0.201832
-0.754829
-0.472116
-0.730520
-1.000000
0.741329
0.218749
-0.642193
-0.134703
0.052326
1.000000
1.000000
