-336.600000
2.000000
-1.000000
-1.000000
-1.000000
19.600000
-1.000000
-1.000000
-1.000000
53.800000
-0.937310
-0.480434
-0.851548
1.000000
-0.323138
-0.201043
-0.033433
-0.237227
0.897547
-0.093103
-0.709298
-0.078264
0.306835
0.414479
1.000000
0.443393
-1.000000
0.147136
0.093176
0.154831
-0.827398
0.151245
-0.024229
-0.558153
0.219148
0.369069
0.664846
-0.142390
-1.000000
-0.284345
0.309026
0.032625
-0.999734
-0.754335
0.399099
-0.335640
0.148226
0.113927
0.607311
0.938583
0.340917
0.222348
-0.285487
-1.000000
0.143185
1.000000
-0.041886
1.000000
-0.040282
-0.729984
0.119313
1.000000
0.972053
0.446066
1.000000
-1.000000
-0.744285
0.798880
0.156572
-0.220896
0.225139
0.733096
0.299289
-0.513861
-0.965966
-0.934437
-0.001170
0.230092
-0.382725
-0.816645
0.564894
-0.134087
-0.086034
-0.143376
-0.811017
0.501594
-0.486142
0.456793
0.249372
-0.376170
0.471496
-0.862963
0.447708
-1.000000
-0.248407
0.850426
-0.545875
0.707962
0.061208
-0.629036
0.486084
0.994554
-0.121820
-0.355211
0.621723
0.266864
0.259695
-0.231884
0.143162
-1.000000
0.928473
-0.313192
0.097406
-0.396507
-0.434625
-1.000000
0.659954
-0.243187
0.390795
-0.141248
-0.290832
-0.268317
-0.654834
0.151641
-0.513007
0.287014
-0.014854
-0.610577
0.656106
0.106798
1.000000
-1.000000
0.963753
-0.183847
0.278863
0.229032
0.219088
0.276509
0.020210
0.044512
0.693224
-0.427508
-0.433288
-1.000000
0.182668
-0.921561
-0.967302
-0.278700
0.159330
0.348048
0.157361
-0.350810
-1.000000
-0.272737
0.632944
-0.405938
0.031803
-1.000000
0.986610
-0.016160
0.939428
1.000000
0.782890
-0.486405
0.510181
0.248222
0.669431
0.819871
0.315512
1.000000
-0.841790
-0.789729
-0.027191
-0.592522
-0.804529
0.831696
-0.911956
1.000000
-0.264258
0.115090
-0.075089
0.648725
0.028968
1.000000
-0.545537
-0.860307
0.779157
0.055982
-0.758347
-0.203792
-0.557869
-0.478727
-0.003195
0.434768
0.395927
-0.270637
-0.840299
0.110343
0.765100
-0.076299
0.385810
0.104141
1.000000
0.663445
-0.023027
0.616462
0.012045
-0.030733
0.875677
-1.000000
0.047741
-0.090384
-0.181086
-0.214020
0.119478
-1.000000
0.536511
-0.782394
-0.732449
0.246379
0.899141
0.436759
-0.290415
0.266499
-0.994603
0.032077
0.386911
0.347178
0.156353
-0.323831
-0.254037
-0.399697
-0.140376
-1.000000
0.141983
-0.373477
-0.882646
0.955450
-0.486519
0.365806
1.000000
0.040548
0.537306
0.995583
-1.000000
-0.221890
0.798495
1.000000
0.274173
-0.360390
0.022906
-0.650037
-0.469195
0.662985
1.000000
-0.592348
-0.345481
1.000000
0.610707
0.420426
-0.049620
0.732157
-0.138923
-0.559186
-0.579412
-0.684383
0.017224
1.000000
1.000000
0.004730
0.868293
-0.848474
-0.132409
-0.888440
0.227562
