-333.200000
0.000000
-1.000000
-1.000000
-1.000000
-1.000000
-1.000000
-1.000000
-1.000000
-1.000000
1.000000
0.662863
0.712187
0.666416
-1.000000
-1.000000
0.148681
0.667014
0.084804
-0.918741
-0.126074
0.123699
-0.906386
-0.000145
0.200460
0.363695
-0.566556
-0.749853
-0.596762
-0.501656
-0.863169
-0.284621
-0.939648
1.000000
0.879881
0.448933
0.494025
-0.340930
-1.000000
0.488495
0.460927
-0.819449
-0.866622
-0.813387
-0.316641
-1.000000
-0.017867
0.204353
-0.026823
-0.567491
-1.000000
-0.032324
0.432298
0.277034
-0.522764
-0.451652
-0.298329
0.482838
0.513870
0.099052
0.579170
0.646811
-1.000000
-0.991051
0.423137
-0.034027
-0.205111
-0.906563
0.738283
-0.659053
-0.559158
-0.465918
-1.000000
-0.936250
-0.139241
0.388175
-1.000000
0.710495
0.704024
0.645090
0.049292
0.006332
-0.840541
-0.015058
-0.548876
0.722287
-1.000000
-0.042227
-0.438898
1.000000
0.511213
-0.071313
1.000000
0.981745
-1.000000
-0.348016
-0.489435
-0.168636
-0.773705
-0.567630
0.661611
-0.295081
1.000000
-0.238543
-0.860126
0.871852
0.487367
-0.123631
0.179975
1.000000
-0.798520
0.786425
-1.000000
0.520334
0.852707
-0.138282
0.790123
-0.425146
0.412798
1.000000
0.656627
1.000000
0.279088
-0.347503
0.055561
0.216173
0.561996
-0.591509
0.929754
0.842171
0.076215
-0.108865
-0.156439
0.953976
-1.000000
-1.000000
0.156755
-0.415723
0.976938
0.875409
0.433183
-0.989840
-0.470897
-0.349922
-0.004171
-1.000000
0.303651
0.711460
0.685624
0.581786
0.092914
1.000000
-0.084520
0.913899
-0.733230
0.033798
0.222195
1.000000
-0.165496
-0.217914
-0.142954
-0.214840
0.629763
-0.128760
-0.510302
0.235989
1.000000
0.343768
-0.854871
-0.507471
-1.000000
1.000000
0.287473
0.452754
0.439297
-0.216323
-0.437031
0.498552
-0.103995
0.294197
1.000000
-0.441685
0.661443
0.156664
0.944554
1.000000
0.050047
0.335539
1.000000
-0.115373
0.590791
0.069888
-1.000000
0.774489
0.494818
-0.540336
-0.660749
0.423349
-1.000000
0.531653
0.181796
0.025390
-1.000000
1.000000
-0.684601
-0.058223
1.000000
1.000000
-0.927426
-0.246515
0.986649
1.000000
-1.000000
0.093634
0.087950
0.625150
-1.000000
0.386108
0.032505
-0.034481
0.522382
0.858266
-0.413393
0.231988
-0.329715
-0.689080
1.000000
0.720567
0.375009
0.854054
-0.679674
-0.569385
0.276115
1.000000
0.922543
0.996836
-1.000000
-0.185007
0.240487
-0.079187
1.000000
-0.247507
1.000000
-0.459930
0.500406
1.000000
0.090674
0.312267
-0.391826
-0.897863
-0.855043
0.014977
0.321047
-1.000000
-0.842592
-0.862148
0.352798
0.429073
1.000000
0.170784
0.081833
-0.137886
-0.164189
-0.631314
-0.563543
0.143696
-0.941148
0.525658
0.871785
-0.061711
-0.537070
0.694447
-0.514181
-0.538899
-1.000000
