0.337580
-0.448458
0.735731
-0.014528
-0.319946
0.756371
-1.000000
0.250376
-1.000000
0.083139
0.699776
-0.462478
0.927752
0.904564
-0.947033
-0.593807
0.160039
-1.000000
-0.403815
-0.399913
0.641500
-0.848085
-0.093389
0.772098
0.606242
-0.768007
0.663533
-0.969807
-0.480624
-1.000000
-0.332463
-0.780728
-0.013713
0.318869
0.869444
0.405492
0.603055
0.178337
0.396665
-1.000000
-0.033297
-0.133732
-0.597857
0.475317
0.161912
-0.828692
-0.165972
0.104781
-0.469452
-0.813731
-0.474343
0.144372
-0.306435
-0.246424
0.274399
0.043840
1.000000
-0.043602
-0.975413
1.000000
-0.684233
1.000000
-0.140610
0.077002
1.000000
0.203655
-0.231292
0.302617
-0.160517
0.990991
0.162671
1.000000
1.000000
0.126121
-1.000000
0.027660
-0.425433
0.663266
-1.000000
-0.393010
-0.518205
-0.602164
0.077558
-0.438985
1.000000
-1.000000
0.590339
-0.316187
0.283576
0.603710
-0.878061
-1.000000
0.970428
0.889732
-0.020910
0.172163
-0.895154
0.153354
-1.000000
0.480112
1.000000
0.230633
0.116443
0.930668
1.000000
1.000000
0.814776
-0.837107
-0.362968
0.906141
-0.282053
-0.673577
0.157215
0.804143
-0.772944
-0.337391
-0.790814
0.244279
0.992256
0.247202
1.000000
-0.182332
-0.561328
-0.747149
-0.508221
0.080269
1.000000
0.303971
0.147562
0.298168
-0.623690
0.084129
0.032892
0.514545
0.660604
0.546281
0.140233
-0.526413
1.000000
0.326843
-0.521686
-0.506514
-0.715226
-0.167911
-0.376491
0.031708
-0.202579
-0.386888
-1.000000
0.398075
-0.779116
-1.000000
-1.000000
-0.766975
1.000000
0.729783
0.345669
0.017725
-0.223715
0.719486
-0.023420
-1.000000
0.695600
1.000000
-0.435609
0.205324
-0.568203
-0.226070
-1.000000
1.000000
-1.000000
0.564085
-0.002319
-0.308394
-0.310891
0.404950
-0.534562
-0.813948
1.000000
0.423154
-0.434614
-1.000000
0.540005
1.000000
0.723810
-0.280790
-0.094257
0.057427
-0.567307
-0.354688
0.885610
-0.821435
-0.070550
0.269918
-0.481179
-0.089074
-0.816351
-0.477701
0.085692
-0.410054
0.002641
0.318763
-0.261938
-0.508468
0.077135
0.800487
0.208218
0.008076
-0.904389
-0.735730
-0.591134
0.044298
-0.477267
0.736390
0.165905
1.000000
0.284037
-0.288633
-1.000000
0.852516
0.573643
-0.022655
-0.835502
1.000000
-0.271333
-0.436391
1.000000
-0.840469
0.356278
-0.145712
-0.387644
-0.021932
0.078075
0.482085
0.507259
-0.966548
0.361998
0.272765
1.000000
-0.635802
0.703181
0.029091
-0.857976
-0.578926
-0.791828
-0.179259
-0.910217
0.764073
0.459719
0.953308
0.354002
-0.423244
-0.893977
-0.640166
0.850253
-0.346600
-0.589742
-0.680176
0.064483
-0.173630
1.000000
0.758773
0.040211
0.225748
-0.038649
