1.000000
-0.089654
0.347907
-0.075362
-0.126474
0.311539
0.678102
-0.953170
0.549069
-0.482293
0.144091
0.002008
-1.000000
-0.063333
0.565144
-0.382285
0.267892
-0.052365
-0.799089
-1.000000
-0.359705
-0.002625
0.577050
0.309709
-0.670897
0.077315
0.509181
-1.000000
-1.000000
0.906654
-1.000000
0.658752
0.140711
1.000000
0.756469
0.053840
0.229522
0.754265
-0.437635
-0.720196
-0.215230
1.000000
-0.109624
-0.085956
-0.769633
1.000000
-0.964627
-0.636033
-0.067153
-0.390036
-0.507745
-1.000000
0.788378
-1.000000
-0.891812
1.000000
0.673136
-0.723515
0.059630
0.659601
0.171479
-1.000000
0.869343
-0.005588
0.991032
-1.000000
-0.451519
-0.938277
0.270220
0.636977
0.056309
0.792384
1.000000
-0.008418
-0.155275
0.556519
-0.952029
-0.065011
-0.800945
0.802431
0.522462
-1.000000
0.398858
0.223376
-1.000000
0.018257
0.466791
-0.008476
1.000000
0.600105
0.975311
-0.415093
0.610708
-0.783788
-1.000000
1.000000
0.297603
-1.000000
-0.253251
0.431714
-1.000000
0.596797
0.579250
-0.140927
1.000000
-0.639450
0.427964
1.000000
0.352217
-1.000000
-1.000000
0.725483
-0.299699
-1.000000
-0.164482
0.308600
0.144087
0.330502
0.838057
-0.502875
-0.398611
0.993778
-1.000000
-1.000000
0.264905
1.000000
-0.778273
1.000000
-0.684593
-0.974647
-0.870225
0.943067
1.000000
-0.296181
-0.391352
0.558351
1.000000
-1.000000
1.000000
0.066392
-0.527022
-0.278280
-0.146435
-0.999952
0.463698
0.908602
0.205892
1.000000
-0.201467
0.870799
-0.481612
-0.759577
-0.310357
0.849737
-1.000000
-0.522992
0.203306
0.818765
0.291765
0.647963
-0.196142
0.067698
-0.271321
1.000000
-0.194024
-0.459045
0.644296
-0.028125
-1.000000
1.000000
0.511659
0.100523
-0.010087
-0.405800
0.997500
0.149318
0.201864
-0.853110
-0.419362
-1.000000
-1.000000
0.699496
1.000000
-1.000000
1.000000
0.846131
1.000000
-0.162660
-1.000000
0.109789
0.292980
-0.440819
0.689568
-0.102787
-0.395074
0.927620
-0.420434
0.316529
-0.604709
-0.516638
-0.179120
-1.000000
0.474534
-1.000000
0.290265
-0.712755
-0.624559
0.846636
-0.867726
-0.036442
-0.315045
0.920361
0.795104
0.010894
-0.405279
-1.000000
-1.000000
0.035092
0.743775
-1.000000
-0.909504
-0.721884
-0.805277
-0.348690
0.513132
-0.358630
1.000000
0.863366
1.000000
-0.401102
0.041585
0.152607
-0.471742
-1.000000
-0.192975
0.832024
-0.549191
-0.416012
1.000000
-0.093498
-0.678727
-1.000000
0.142598
1.000000
0.196300
-1.000000
-0.207334
-0.216280
-0.595142
0.657956
-0.441179
-0.608429
0.200234
0.203088
1.000000
-1.000000
0.687973
-1.000000
-0.495010
-0.342840
-0.265522
-0.652039
0.514686
-0.455424
-0.606118
