-0.109755
-0.645996
-0.274285
-0.470012
0.969074
0.400331
0.052596
0.417373
0.682324
0.926882
0.836796
0.550482
0.031213
-0.219622
-0.221120
0.120872
-0.794608
0.716156
0.461624
-0.906087
0.290112
-0.418157
0.969295
-1.000000
-1.000000
-0.413910
0.992204
-0.846707
0.040607
0.940023
-0.740439
0.570308
-1.000000
0.925766
0.861764
-0.141272
0.906112
-0.296985
0.176947
0.548764
0.501273
-0.892253
-0.510870
-0.646712
-1.000000
-0.351866
-0.789111
0.298285
-0.994660
-0.491788
-0.011108
-0.187334
-0.290294
0.529093
-0.938346
1.000000
-0.531229
-0.126426
-1.000000
-0.616337
-0.556498
0.945546
-0.574523
-0.120071
1.000000
-0.982385
-0.822692
0.328122
0.049160
-0.827928
0.483592
-0.346921
0.775939
0.134193
0.600918
0.948850
-0.882841
-0.398153
-0.902880
0.382003
0.995835
0.646884
0.003637
-0.235587
0.166967
-0.948482
-0.106031
-0.003199
-0.694370
0.988531
-0.982304
0.323159
0.377495
0.676414
-0.813274
0.943931
-0.661785
-1.000000
-0.037428
0.764628
0.505874
-0.233453
0.583990
-0.148576
0.361968
0.832801
0.423188
-0.681182
0.258858
-0.574046
-0.012867
0.555451
0.306030
-0.634363
-0.783541
0.648092
-0.436548
0.368558
-0.790092
0.237719
0.700005
-0.636033
0.656405
0.817333
-0.769697
0.810390
0.539817
-0.669845
-0.160253
0.704571
0.115785
0.046047
-0.450525
0.689249
-0.153591
-0.685481
0.489078
0.692599
-0.979030
0.117539
-0.202423
-1.000000
0.088010
-0.424388
0.491919
0.376121
-0.418924
0.607599
-0.074716
-0.310593
-0.369636
-0.389404
-1.000000
-0.529792
-0.603190
-0.580446
0.127602
0.969297
0.115398
-0.844883
-0.557978
-0.214233
-0.004856
0.434727
-0.729741
-0.111724
-0.901465
-0.301967
-0.439872
-1.000000
0.253132
-0.991770
0.914475
-0.481832
0.392206
0.301254
0.204656
-0.697837
-0.821596
0.334243
-0.148767
-0.313126
-0.408421
-0.829048
0.241168
-0.500892
-0.597226
0.001322
0.997944
-0.155060
0.352563
0.648657
-0.308901
0.694504
-0.242387
0.025713
-0.527101
-0.245721
0.014365
0.789916
0.433706
-1.000000
0.865211
0.056304
0.302298
0.401610
-0.857249
-0.956898
-0.343207
-0.149577
0.018033
-0.632839
-0.526007
-0.983310
0.640851
-0.246877
0.006565
0.156617
0.796030
-0.840848
-0.977329
0.941657
-0.253364
0.758356
0.852006
0.851595
-0.910848
-0.646138
0.174351
-0.913853
-0.447982
-0.396735
0.145261
0.682937
0.957991
-0.119260
-0.386083
-0.463009
1.000000
-0.776659
-0.481416
0.926108
0.646472
0.202631
0.472246
1.000000
-0.941167
0.941291
-0.946019
0.896791
-0.349142
-0.739925
0.921273
0.494341
0.160409
0.789933
-0.935307
0.255092
0.010775
-0.436384
-0.668210
0.503341
0.946849
0.505179
0.584005
