-0.562491
0.387594
-0.662331
-0.832795
0.407494
-0.033704
-0.712748
-0.165971
1.000000
-0.174091
-0.387038
-0.634746
0.607671
1.000000
-0.830141
-1.000000
0.467459
1.000000
-0.406317
1.000000
0.073954
-0.293884
0.311494
-0.272981
0.563602
-1.000000
-1.000000
0.418334
0.615563
0.252255
-0.240342
-1.000000
0.057251
1.000000
1.000000
1.000000
-0.979148
0.581459
-0.833476
-0.703521
0.089612
0.396297
0.116955
0.331641
0.580371
-1.000000
0.626841
0.519159
0.505528
-0.258174
-0.548851
0.568760
-1.000000
-0.718176
0.968822
-0.435170
0.350570
-0.263643
0.889576
-0.279300
0.046715
-0.571346
-0.493655
-1.000000
0.005194
1.000000
-0.880363
0.838210
0.351497
-1.000000
1.000000
-0.420057
-0.252005
0.372578
0.864992
-1.000000
0.484031
-0.317900
1.000000
0.471726
-0.254215
-0.079626
-0.213432
0.137184
-0.513214
-0.550454
0.788701
-1.000000
-0.338116
0.108654
0.215927
1.000000
0.887706
-0.579766
-0.318496
0.972441
-0.788667
-1.000000
0.928214
-0.826213
-0.730311
-0.162455
0.854523
0.555866
1.000000
1.000000
-0.387857
-0.011987
-0.687499
-0.325353
-0.463215
-1.000000
1.000000
0.571873
-0.580581
-1.000000
-1.000000
0.945151
0.756181
1.000000
-0.578429
0.326799
0.981814
0.615832
0.783405
-0.348894
-0.469620
0.490788
-0.217560
0.110521
0.552593
-0.699440
0.829810
1.000000
0.202733
-0.490672
0.820970
-1.000000
-1.000000
0.702757
0.156287
-0.492137
0.739052
-0.494588
0.935158
0.260779
-0.226987
-0.695550
-0.950415
-0.191388
-0.564824
-0.537881
-0.798171
-0.533965
-0.138394
0.450259
-0.497738
0.431885
0.549793
-0.820218
0.178395
0.322633
0.088054
-1.000000
-0.887179
0.332599
0.875059
0.013084
0.271790
0.347103
0.230008
-0.756171
1.000000
0.077624
-0.263458
-1.000000
-0.252824
1.000000
-0.705401
-0.717547
-0.556616
-0.562562
1.000000
1.000000
-1.000000
0.557739
-0.154724
-1.000000
0.542215
0.006509
-1.000000
-0.683038
-0.167512
-0.484295
1.000000
-1.000000
0.016752
-0.210854
-0.355103
-0.752962
1.000000
1.000000
-0.914047
0.271026
-0.627069
0.052848
1.000000
-0.557678
0.842377
0.467824
0.443691
-0.166114
1.000000
0.167889
0.889091
-0.654843
-0.098897
1.000000
0.388585
1.000000
0.235807
-0.108659
0.876174
-1.000000
-0.220587
-1.000000
-0.498287
-0.434644
-0.174746
-0.805241
-1.000000
-1.000000
-0.872058
-0.162804
-0.783286
-0.024292
0.191179
1.000000
1.000000
1.000000
0.407541
0.864230
0.590448
1.000000
1.000000
0.484149
-1.000000
1.000000
0.977058
-1.000000
-1.000000
-1.000000
-1.000000
0.707533
0.308074
-0.540256
-0.059786
1.000000
-1.000000
-1.000000
-0.383537
-1.000000
-1.000000
0.447145
0.177664
