-159.200000
2.000000
-1.000000
70.000000
-1.000000
-1.000000
50.800000
-1.000000
-1.000000
-1.000000
1.000000
-0.259757
0.448028
0.005928
0.062744
-0.978735
1.000000
-0.329136
-0.048046
0.825062
0.538820
0.874459
-0.589769
1.000000
0.979653
0.801660
-1.000000
0.310333
0.156304
0.697622
0.810347
-0.405386
-0.647989
-0.366252
1.000000
-0.508152
-0.803021
-0.192063
-0.447302
-0.379784
-0.936701
-0.508415
0.986859
-0.597774
0.720588
-0.067281
-1.000000
-0.890280
-0.787371
-0.825808
0.895594
-0.167284
-0.585875
0.420393
-0.423466
0.472489
-0.879773
-0.812630
0.961445
0.639852
-0.473049
-0.426927
-0.965121
0.024086
-0.805384
0.012276
-0.959772
0.742032
-0.671325
0.795948
-0.218072
0.710287
-0.139104
-0.440054
0.166160
-0.011400
1.000000
-0.295111
0.335019
0.497007
-0.026427
-0.949918
0.268862
-0.735013
0.770009
-0.569232
-0.927443
1.000000
-1.000000
-0.330126
-0.812358
-0.493034
-0.705188
-0.393699
-1.000000
0.157888
-0.697261
-0.366020
-0.107348
0.456194
-0.051703
-1.000000
-0.686216
0.189110
1.000000
-0.542479
-0.790387
-0.196662
0.701925
-0.841472
-0.728310
-0.953133
0.083878
-0.348496
-0.531400
0.980698
0.326761
0.392896
0.906932
0.466083
-0.170815
0.636046
-0.115587
-1.000000
-0.716739
0.415790
-0.457855
0.278150
0.474353
-0.830309
0.227868
0.370822
0.395810
-0.549154
0.622694
0.434367
0.118990
0.462453
0.831485
-0.121092
-0.513361
-0.124246
-0.038462
0.721177
-0.994616
-0.764937
0.123767
0.301679
-0.866375
0.982505
-0.419011
-0.511482
-0.166183
-0.866125
0.398405
0.143922
0.648688
-0.999683
-1.000000
-0.512723
0.661067
0.079651
0.572858
-0.885733
-1.000000
0.991154
-1.000000
-0.689428
0.306419
-0.920782
-0.860516
1.000000
0.099077
0.358196
-0.179780
0.466130
-0.551046
0.733435
0.792848
0.450004
-0.093668
-0.498510
-0.679341
-0.613852
0.447677
0.239448
-0.503474
0.013534
0.100363
-0.097827
-1.000000
-0.788421
-0.104234
-1.000000
0.176893
0.343409
-0.969058
0.481522
-0.054869
-0.897374
0.678120
1.000000
0.292107
0.647892
-0.932926
0.121179
-0.629427
-0.137628
-0.602444
-0.836680
0.784513
-0.608777
0.078302
0.197030
0.771977
0.244656
-0.473313
0.696681
0.324736
0.718203
-0.321938
-0.946786
0.955761
0.401626
-0.465540
0.417860
-0.098151
-0.209894
-0.752223
0.589883
0.701628
-1.000000
-0.592885
-0.822574
-0.475570
-0.592071
-0.154880
-0.965470
0.651766
0.958868
-1.000000
0.175373
-1.000000
-0.756452
0.126362
-0.687209
-0.774930
-0.919514
0.410508
0.465304
-0.552874
0.969224
0.824642
1.000000
0.983957
0.706843
-0.007251
-0.259399
-0.786983
1.000000
-0.460949
1.000000
1.000000
0.551585
0.752730
0.077839
0.321362
-0.058162
-0.127847
0.679193
0.991865
0.269674
-0.269739
0.379562
0.305855
