-572.000000
1.000000
-1.000000
24.000000
-1.000000
-1.000000
-1.000000
-1.000000
-1.000000
-1.000000
-0.572978
0.070269
-1.000000
-0.735904
-0.365858
0.640946
0.710399
-1.000000
0.691705
1.000000
-0.355089
1.000000
-1.000000
-1.000000
0.056079
0.587512
0.511282
-0.615454
-0.176754
-0.182808
-0.439154
-0.351331
1.000000
0.263190
1.000000
-0.222271
0.256516
-0.064970
0.616099
-1.000000
0.964115
-0.138359
-0.524944
0.107722
0.801009
0.802221
-0.293074
0.614745
-1.000000
0.609587
0.856604
-0.097107
-0.035636
0.831858
1.000000
0.634662
-0.468411
-0.164573
-0.929864
-0.489013
0.705428
-0.444476
-0.588716
-0.815792
1.000000
1.000000
-0.604161
-0.364817
1.000000
-0.267709
-0.502468
-0.156722
-0.636522
-0.314349
-1.000000
1.000000
-0.492373
1.000000
1.000000
-0.358446
-0.562699
0.361131
-1.000000
0.005164
-0.254910
1.000000
-0.459984
0.066167
0.958425
-0.007149
0.304018
-1.000000
0.444346
-0.699004
0.160947
0.297865
-1.000000
-0.715776
0.064175
-1.000000
-0.550783
-0.619069
1.000000
-1.000000
0.572355
0.409990
-0.358248
0.939570
-1.000000
-0.431034
-1.000000
-1.000000
-0.331239
-0.436322
-0.921264
-1.000000
-1.000000
1.000000
-0.515165
-1.000000
0.418506
-0.162318
-0.963804
0.288465
-1.000000
-0.458615
0.505847
0.512379
0.089974
-0.468395
-0.444995
-0.657365
0.811375
-0.058450
-1.000000
0.158551
0.543298
0.569318
-0.502467
-1.000000
-0.624063
0.361906
0.857553
-0.057583
-0.555071
1.000000
0.094743
-0.214647
0.164748
1.000000
1.000000
-0.381944
0.737210
-0.135649
0.283326
0.317082
-0.903339
-0.027343
1.000000
1.000000
0.399264
0.312503
0.412659
0.286467
-0.257216
0.090326
-0.833604
0.333147
-1.000000
-0.251259
1.000000
0.330403
-0.200712
0.436736
-0.450878
-0.173549
0.711024
-1.000000
0.661523
1.000000
-0.247471
1.000000
0.023027
-1.000000
-1.000000
1.000000
0.547623
-0.218397
-0.872861
0.398088
-0.434347
0.123206
0.543395
0.253891
-1.000000
0.053130
0.541790
0.877483
0.191644
0.907100
-0.976656
0.422751
0.652046
-0.908425
-0.898390
0.138859
0.051346
-0.675695
-0.654175
0.400768
0.934877
-0.576793
-0.328152
-0.684056
-0.553094
-0.618742
-1.000000
-0.769318
-0.804296
1.000000
-0.419893
0.447943
-0.413630
0.179506
1.000000
-0.106869
-0.772893
-1.000000
-0.507126
-1.000000
1.000000
-0.495969
0.029051
-0.410597
0.189035
0.511269
1.000000
-0.676852
-0.177655
0.456786
0.494253
0.136796
-0.898907
0.075876
0.161426
0.848087
-0.464145
0.179613
1.000000
-0.489129
0.400530
-1.000000
1.000000
0.860404
-0.382814
-0.533917
-0.086146
-1.000000
-0.701274
-0.015881
0.070399
-0.715008
-1.000000
0.544608
0.833820
-0.861588
1.000000
-0.421319
-0.072800
-0.749138
-0.299772
0.599770
0.092158
-0.959439
-0.081036
