-697.400000
0.000000
-1.000000
-1.000000
-1.000000
-1.000000
-1.000000
-1.000000
-1.000000
-1.000000
1.000000
-0.398825
0.485218
1.000000
-0.046560
-1.000000
0.547475
-0.928919
-0.288259
-0.490907
-1.000000
-0.444267
-0.807955
0.304385
-0.547621
1.000000
0.545495
0.391226
-0.508125
0.736880
-0.654679
-0.612539
0.741011
-0.835183
0.031131
-0.501402
0.074653
-0.584710
0.269839
0.697387
0.123609
0.071859
0.562059
-0.431838
0.252663
-0.102575
-0.001724
-0.040049
-1.000000
0.730616
1.000000
0.703591
-1.000000
0.578721
-1.000000
-1.000000
-0.070774
-0.402938
0.544200
0.636665
-0.853525
0.446190
-1.000000
-0.531994
0.173287
0.399001
0.004443
0.815136
1.000000
0.029449
-0.524699
-1.000000
-1.000000
0.195283
-1.000000
0.705028
0.320736
-1.000000
0.102362
0.914674
-0.540546
1.000000
0.156229
-1.000000
-1.000000
1.000000
-1.000000
0.009123
-1.000000
0.700518
-1.000000
0.251681
-0.580170
-0.454179
1.000000
0.915341
-0.279849
0.243084
-0.045664
-1.000000
0.040808
-1.000000
-0.871630
-0.112908
-0.068780
0.118151
0.016632
-0.797440
1.000000
1.000000
0.921246
1.000000
1.000000
-0.407012
-0.272204
-1.000000
1.000000
0.182534
0.027679
-0.413840
0.292577
-1.000000
-0.636059
-0.365578
0.056407
-1.000000
0.337025
-0.397336
-1.000000
-0.889696
-0.484729
-0.122242
0.049357
0.000494
-0.440813
0.349568
0.565241
-1.000000
-0.776962
0.812863
-1.000000
-1.000000
-0.199030
-0.785032
-0.909558
-0.645248
0.227479
1.000000
-0.489219
0.764136
1.000000
-0.326729
1.000000
-0.064990
0.498874
0.218904
0.006220
-0.137205
0.270588
0.295707
-0.312133
-0.609054
0.595823
1.000000
-0.523297
0.049188
0.819176
0.628307
0.371441
-0.330715
0.191696
0.027080
0.935379
-0.266338
-0.421692
-0.359506
0.376271
-1.000000
-1.000000
-0.495026
0.033850
0.472530
-0.182507
0.396549
-0.419884
0.794443
-0.802994
0.359825
-0.365171
1.000000
-0.873654
0.490259
0.479921
-0.662826
-0.635994
0.585113
-0.740400
-0.306289
-0.852638
0.287592
0.211288
1.000000
-0.372156
0.164055
-0.624684
0.358409
-0.701271
0.474236
-0.049513
-0.892583
-1.000000
-0.871835
-0.775849
0.422049
-0.640141
1.000000
-0.894971
0.220792
0.536626
-0.174535
0.384429
1.000000
1.000000
-0.082861
-0.840839
-1.000000
-1.000000
0.388134
0.056858
1.000000
-0.730126
-0.971789
0.399641
-0.412032
-0.276842
0.336312
-1.000000
0.105005
-0.141963
0.551396
-0.706773
-0.492416
-0.674889
0.991904
-0.269000
-0.007559
0.454076
-0.810822
-0.625873
0.199932
0.097373
-0.017747
-0.645349
-0.158008
0.148135
1.000000
-1.000000
1.000000
-0.243050
-1.000000
1.000000
0.216280
-0.484414
-1.000000
-0.135131
0.827106
1.000000
0.322577
-0.391593
0.274454
-0.715908
1.000000
0.695502
0.612837
-0.222914
