-197.800000
3.000000
-1.000000
-1.000000
-1.000000
-1.000000
58.600000
13.000000
-1.000000
70.600000
0.695802
-0.935364
0.231057
0.783016
0.284327
0.398080
0.043856
0.631399
-0.848802
-1.000000
0.519148
-0.848968
-0.515691
0.737224
0.708993
0.083278
-0.842108
0.788165
0.224051
0.262435
0.713755
0.367078
-0.054565
-0.126699
0.020159
-0.311101
1.000000
-0.662987
0.144846
-1.000000
-1.000000
-0.081681
0.938751
0.973702
-0.290211
-0.020518
0.504148
-0.836249
-0.440137
-0.443780
-0.053904
0.834800
-0.494682
-0.820709
0.337098
-0.425235
1.000000
0.966021
0.578816
0.894488
-0.433386
0.348141
0.922657
0.355256
0.214823
0.323966
-0.637698
-0.285910
-0.944778
-0.847841
-0.347108
0.596508
-0.083226
0.714273
0.536405
0.761262
0.452878
1.000000
0.189743
0.351369
0.149413
-0.318802
0.840088
0.224195
-0.195524
0.208342
-0.985278
-0.755043
0.367161
0.848920
-0.750501
-0.260828
0.087197
-0.365191
-0.184618
0.660382
-0.503419
0.207098
-0.501797
-0.071053
0.084297
-0.545228
0.155680
0.071396
-0.624141
0.178686
-0.019080
0.068167
-0.241948
-0.903136
-0.928835
0.712416
0.631283
-0.276265
0.058203
0.556965
0.522401
-0.619815
-0.971357
0.829687
0.561240
0.605124
-0.794827
-0.860777
0.366982
0.012569
0.408587
0.770989
-0.233454
0.515845
-0.252407
-0.653474
-0.280450
-0.782637
0.714764
-0.651920
-0.883829
0.889916
-0.577383
-0.843825
-0.400230
-0.625771
-0.141875
-0.587964
0.422691
0.465563
-0.326277
-0.331596
-0.232076
0.883597
-0.114588
0.427519
-0.422370
-0.126503
0.038011
0.151915
0.443102
0.153765
-0.046989
0.213707
0.714932
-0.200798
0.178096
-0.439251
-0.795586
0.075015
0.857054
0.607886
-0.965874
0.586022
-0.919046
0.068637
-0.777490
-0.841374
-0.123160
-0.644343
-0.141219
0.038645
-0.631874
-0.702294
0.232312
0.181915
0.868118
0.335097
0.987463
0.186302
0.890745
-0.066669
0.713576
-0.807000
0.971942
-1.000000
0.102655
-0.784552
0.132992
0.600942
-0.334212
-0.926964
-1.000000
0.527720
-0.405708
0.365987
-0.146866
-0.493872
0.480243
-0.532539
0.548357
-0.687592
0.718264
-0.744883
0.158437
-0.749157
-0.717350
0.364337
0.278582
-0.723157
0.418307
0.098202
-0.536630
-0.198632
0.594085
0.793745
0.484918
0.867488
0.091525
0.205616
0.462869
0.321384
-0.428721
-0.236238
-0.137077
-0.723639
-0.988231
-0.475298
-0.909199
-0.698136
-0.514681
0.672459
-0.097595
-0.160232
0.754363
0.757395
0.974603
0.921162
-0.403849
-0.305215
0.315909
0.909660
0.036903
-0.847812
-0.280984
0.578665
-0.649148
0.830811
-0.525173
0.037242
-0.387037
0.197785
1.000000
0.905244
0.001504
0.287293
0.594513
-0.889956
0.021032
0.624917
-0.696417
0.873682
-1.000000
-0.081587
-0.761277
-0.903246
-0.095260
-0.904048
0.399659
