-318.400000
2.000000
-1.000000
8.000000
-1.000000
-1.000000
-1.000000
-1.000000
13.600000
-1.000000
-0.807876
-0.180255
1.000000
1.000000
1.000000
0.890018
-1.000000
-0.202707
-1.000000
0.542217
-1.000000
-1.000000
0.548230
0.283878
0.547039
0.335034
0.495609
0.962073
-0.169804
-0.937491
-0.382398
0.592486
1.000000
-0.433381
-0.392899
0.015181
0.395391
-0.578532
-0.107342
0.653334
-0.069747
0.284573
1.000000
-0.437109
-0.303123
-0.302926
-0.544152
-1.000000
0.406397
-0.075145
-0.468952
-0.778397
-0.294678
-0.666224
0.172709
-0.220955
1.000000
0.015729
-0.827930
-0.583198
-0.434764
0.182005
-0.134948
-0.073474
-0.767070
0.718012
0.237309
-0.102526
-0.261093
-1.000000
-0.471725
0.073495
0.042941
-0.031413
-0.323732
0.285825
-0.835853
-0.954712
-0.097626
0.335869
-1.000000
-0.147031
1.000000
-0.895589
-1.000000
-1.000000
0.727674
0.592346
-0.613878
0.969391
0.205566
-0.635487
-0.948123
0.045113
-0.279619
-0.022902
0.312247
1.000000
-0.141629
1.000000
0.273738
-0.235659
-0.745810
-1.000000
-1.000000
-0.385530
0.446396
-1.000000
-0.935869
0.946530
-0.571494
-0.623221
1.000000
0.858069
0.043500
-0.176183
-0.729671
0.895529
1.000000
0.488535
-0.550623
-0.785352
1.000000
-0.069467
0.449635
-0.458726
0.839716
-0.212861
-0.173086
0.944041
-0.059761
0.495763
-0.054754
0.073938
1.000000
-0.838735
0.011901
0.636124
0.517661
-0.839969
0.432680
-1.000000
0.809486
0.874057
-1.000000
-0.361894
-0.070488
0.237402
-1.000000
-0.196275
0.574962
0.702752
-1.000000
0.497250
-1.000000
-0.087074
0.769449
1.000000
-0.731281
-0.588551
0.069462
0.711093
0.745168
0.591567
-1.000000
-0.100263
-0.231501
0.233514
-1.000000
-0.346050
-0.959280
-0.212128
-0.597910
1.000000
0.189574
-0.674070
1.000000
-1.000000
0.796825
-0.054890
-1.000000
-0.459685
-0.475765
0.890571
-0.014343
0.965562
0.043035
0.436174
1.000000
-0.757387
-0.666746
-0.981319
1.000000
0.634190
0.620171
-0.330757
-0.464855
-1.000000
0.022120
-0.641815
0.172884
-0.938720
0.512645
0.455535
0.731430
-0.350394
0.015533
-0.528411
0.967984
-0.987781
0.695685
-0.165360
-0.326803
-0.338866
-0.724764
0.891126
0.441825
0.298249
-1.000000
-0.212087
0.483794
-0.220513
0.638006
0.432934
1.000000
0.657639
1.000000
-0.256235
-0.665291
0.560163
1.000000
-0.068968
-1.000000
-1.000000
-0.095561
-1.000000
-0.147513
0.512174
-1.000000
0.288061
-0.095587
0.722955
0.311194
0.634239
0.585678
0.983326
0.201959
-0.084173
0.332424
1.000000
0.506910
-0.457010
0.072257
0.417297
-0.172477
-0.716435
0.201648
-1.000000
0.797794
1.000000
1.000000
0.444920
1.000000
-0.753281
0.400422
-1.000000
0.398272
-0.661761
0.422381
0.189232
0.134798
1.000000
0.648759
0.542489
-1.000000
