-105.200000
3.000000
-1.000000
42.000000
-1.000000
-1.000000
42.400000
-1.000000
-1.000000
30.400000
0.995266
0.551004
0.303055
0.105829
0.296172
0.525717
0.167045
0.123070
1.000000
1.000000
-0.935641
0.271235
-0.200154
-0.799500
-0.425382
-0.260591
0.031379
-0.428765
-0.798728
0.186553
0.062280
-0.955084
1.000000
0.702664
-0.814308
0.802461
0.099053
-0.960961
-0.838128
0.699744
0.868606
-0.778651
-0.556858
-0.801741
0.401633
-0.680832
-0.184915
0.079941
-0.201182
1.000000
0.802943
0.943986
-0.679403
0.352601
0.548209
-0.329852
-0.730709
0.492546
-0.277338
-0.155888
0.359665
-0.109856
-0.966220
-0.745570
0.594961
-0.313445
-0.276243
-0.989134
-0.525189
-0.826056
-0.489440
0.393525
0.449890
0.666164
-0.346965
0.714358
0.243200
-0.872245
0.726255
0.679984
0.180247
-0.849950
0.356162
-0.724848
0.393918
-0.735325
-0.943007
-0.388351
0.953392
-0.403920
0.039052
0.706025
0.401639
0.379249
0.572825
0.485119
-0.500390
0.388345
-0.057807
-0.456139
0.571514
-0.763901
0.287230
-0.626133
-0.218970
-0.879840
0.008406
0.275424
-0.428729
0.560560
-0.509807
-0.217778
0.426109
-0.583421
0.977578
0.582004
-0.037531
-0.959152
-0.615928
0.804425
0.129176
-0.260401
0.069811
-0.280871
-0.604312
-0.807405
-0.021059
0.455198
-0.771511
-0.562641
-0.706297
0.071463
0.738594
-0.808578
-0.708896
-0.203714
-0.694276
0.661059
0.669748
0.641926
-0.902279
0.901737
1.000000
0.768678
0.995915
-0.115734
-0.100019
-0.395022
0.733390
0.096084
-0.761380
-0.377050
0.319699
0.875773
-0.407282
-0.932687
0.144186
0.676947
-0.830128
0.791566
0.816355
-0.938159
-0.972621
-0.449868
0.882173
-0.693083
-0.925605
-0.598715
0.127656
-0.156988
0.333135
0.515057
0.997747
0.004744
-0.549682
-0.569800
-0.864069
-0.162116
-0.431471
-0.988002
0.976314
0.957166
-0.180168
-0.012966
0.016783
-0.908857
-0.857691
0.955907
0.915378
-0.585687
0.788651
-0.712011
0.890579
-0.445746
-0.251462
-0.438027
-0.747721
0.588215
-0.656493
-0.842359
0.249812
-0.564372
0.501162
0.124976
-0.582986
0.719442
0.033780
-0.040887
0.427131
0.148255
0.259600
-0.322683
-0.166123
0.984532
0.402343
0.120397
0.585093
0.982188
-0.776987
0.875124
-0.372465
0.245661
0.050731
0.343600
0.762540
-0.155818
-0.637402
-0.812696
0.937025
-0.016894
0.274757
-0.370555
-0.402633
0.431032
-0.816453
0.499774
0.988202
0.943657
0.491925
0.229813
-0.875517
0.644822
0.697696
1.000000
0.674568
-0.720638
0.043097
0.055717
0.617428
-0.167516
0.103204
0.013791
0.160709
0.145192
1.000000
0.864464
0.779255
1.000000
0.972145
0.218837
0.869512
0.033216
-0.160790
-0.832109
0.781219
-0.401682
-0.636282
-0.729459
-0.790946
0.016460
-0.449102
-0.697777
0.587748
0.392024
-0.781279
