0.294323
0.317312
0.848024
1.000000
1.000000
0.564707
-0.842721
-1.000000
1.000000
-0.633414
-0.233702
-0.070862
0.280677
0.622027
0.054740
-0.602408
0.016243
-0.024800
-0.490184
1.000000
1.000000
1.000000
0.865899
-0.777839
-0.284455
0.704166
-0.983988
0.101941
-0.620005
-0.120843
0.842326
0.116623
0.631537
-0.690401
-0.488374
-0.410766
0.768135
-1.000000
0.172508
0.836392
0.507833
-1.000000
0.512371
0.842647
-1.000000
-0.633243
-0.741606
-0.213242
-0.288513
0.300844
-0.542654
-1.000000
1.000000
-0.731418
1.000000
-0.877605
0.000901
0.108052
0.358613
-1.000000
-0.867022
0.790658
-0.648555
1.000000
0.090210
-0.179941
0.189671
0.053081
0.224308
-0.117431
0.899642
0.674616
-1.000000
1.000000
-1.000000
0.469009
-0.320334
1.000000
0.064352
0.082849
-0.963132
-0.241444
0.643084
-0.747861
0.106379
0.109707
-0.655440
0.171400
-0.229006
-0.276533
0.403809
-1.000000
-0.661845
0.549915
1.000000
0.269317
-0.063355
1.000000
-0.615480
-0.293820
-0.546092
-1.000000
-0.544627
0.257492
0.513916
-0.923775
-0.065443
-0.474092
-1.000000
0.699223
0.401684
0.924605
0.545607
-0.315489
0.342306
-0.599018
0.427744
0.612631
0.612735
0.570833
-0.942707
-1.000000
1.000000
0.524481
-0.339712
-0.762662
0.059913
-0.529949
0.926082
-0.886200
-0.211425
-0.859331
0.545432
-1.000000
0.425763
0.334172
0.614674
-0.699182
0.470897
0.145387
-0.933580
0.012683
-0.991661
-0.020703
0.507708
0.514209
0.255313
0.946809
-1.000000
-0.620858
-1.000000
0.036869
-1.000000
-0.565106
-1.000000
-0.974793
-0.352036
0.141750
1.000000
0.835799
-0.932761
-0.203991
0.298812
-1.000000
0.232385
-0.781800
1.000000
-0.264132
-0.654729
-0.563110
-1.000000
0.480429
0.051517
0.428357
-1.000000
-0.141525
0.757986
-0.689849
-1.000000
-0.437508
-0.418980
-1.000000
-1.000000
1.000000
-0.406940
1.000000
0.291266
0.743424
-0.432959
0.549463
1.000000
0.470347
0.106170
0.607311
-0.843843
0.276344
-0.504109
-1.000000
-1.000000
1.000000
1.000000
0.424197
0.904595
-1.000000
1.000000
-1.000000
0.104496
-0.365940
0.410399
-0.278246
-0.847312
-0.110619
0.330239
0.591208
-0.589329
1.000000
-1.000000
-0.618102
0.184107
0.741198
-1.000000
-0.521295
-0.231351
-0.833815
-1.000000
0.708481
0.782122
0.847366
0.782332
0.060215
-0.614938
0.307663
-0.462298
-0.308922
0.614660
-1.000000
-0.566803
0.910043
0.834909
-0.088453
0.896699
0.338999
0.890692
-0.274217
0.592313
-1.000000
-0.894512
0.120190
0.930873
0.372083
1.000000
1.000000
-0.563407
0.749748
-0.555207
-0.685609
-0.413691
0.613540
-0.647876
-0.592153
-0.792939
1.000000
0.267451
-0.864079
-0.192506
