-0.315533
0.949512
-0.934889
-0.944841
0.243016
0.591102
0.953288
0.600185
0.414053
-0.210265
-0.234827
-0.850623
-0.310819
0.816897
-0.756127
-0.946144
0.203269
0.786431
-1.000000
-0.362574
-0.701263
0.277527
0.240107
0.181892
-0.507500
-0.634939
0.553866
0.842154
-0.867740
-0.172498
-0.006410
-0.425650
0.766827
-1.000000
-0.734177
-1.000000
0.377453
-0.925154
-0.715473
0.940331
-1.000000
-0.550541
0.592189
0.977463
0.478388
-0.089965
-0.038259
0.236986
0.348892
-1.000000
0.351341
-1.000000
-0.474119
0.504842
1.000000
-0.679317
0.991766
-1.000000
0.535405
0.632766
0.281836
-0.196914
-0.104735
-0.385234
0.447075
0.151349
0.643698
0.862369
-0.009061
-1.000000
-0.841716
-0.681832
0.690976
0.360464
-0.325266
-0.874351
-0.481146
-0.117594
0.800504
1.000000
-0.581467
-0.473435
0.929283
1.000000
-0.049566
-1.000000
-0.394615
0.629267
-0.684110
1.000000
0.791693
0.121583
0.564639
0.615310
-0.049205
0.413411
-0.766867
-0.090477
-0.757908
-0.154890
1.000000
1.000000
0.602266
-0.254242
0.434523
0.595665
0.388055
-1.000000
0.027598
1.000000
-0.054898
-0.237412
1.000000
0.942972
-0.497220
-0.558670
-0.081731
0.541306
-1.000000
0.800026
0.512338
-0.288843
0.151012
0.455877
0.561527
0.252531
-0.835947
-0.502059
-0.356005
-1.000000
-0.538826
-0.461249
-1.000000
-0.390193
-0.130391
-0.957934
-0.489053
0.022776
-0.882252
0.681972
0.729578
0.139305
-0.396325
0.552324
0.112403
0.135902
0.124179
-0.259415
0.953586
0.706370
1.000000
-0.284468
0.147542
-0.692483
1.000000
0.241581
-1.000000
-0.022730
0.553087
1.000000
-0.285368
0.276538
0.055459
-1.000000
0.743686
1.000000
-0.164068
-0.727092
1.000000
0.135681
-1.000000
0.385928
1.000000
-0.914023
0.753116
-0.451685
-0.121076
1.000000
0.101413
-0.229653
0.506610
-0.424704
0.148198
0.456095
0.213983
-1.000000
-0.256922
0.445366
-0.648893
-0.402884
-0.314807
-1.000000
0.032942
0.259415
0.316276
-0.706265
-0.884144
-0.873713
0.540982
1.000000
-0.355836
-0.221681
0.019365
0.021191
1.000000
-0.187481
-0.597075
0.034959
0.805058
-0.653609
-1.000000
0.139812
-0.566789
0.210413
-0.000363
0.703584
0.254612
0.957857
0.802004
0.780374
-0.242354
0.680348
0.518975
1.000000
-0.469339
1.000000
-0.433262
1.000000
1.000000
1.000000
0.882391
-0.637434
1.000000
-0.678615
0.956668
-0.803472
-0.144632
0.862599
1.000000
0.580871
-0.685287
1.000000
-0.821629
0.911831
-0.317317
1.000000
0.174242
0.658334
-0.297918
-0.498129
1.000000
0.369414
0.988921
-0.338406
0.342480
-0.102242
0.035882
-0.015644
0.630327
0.810873
-1.000000
-1.000000
1.000000
0.666907
-1.000000
