0.853348
-0.975748
0.391195
-0.557710
-0.273572
-0.773791
-1.000000
1.000000
0.135942
0.632269
0.851386
0.241685
0.631655
0.747437
0.907158
-0.457864
1.000000
0.015893
0.348013
0.330401
-0.114717
0.144795
-0.862626
0.648382
0.207947
0.373296
-0.938054
-0.137663
0.528377
0.803915
-0.661269
0.374093
-0.441113
-0.689088
0.139552
1.000000
0.305533
-1.000000
0.283535
-0.159475
0.293069
-0.918266
-0.444951
-0.310040
-0.255434
0.083698
-1.000000
0.525968
-0.208216
-0.010186
0.093321
0.366583
-0.505073
-0.097353
0.744513
0.186463
0.250160
-0.230517
0.193650
1.000000
-0.645160
-0.333636
-0.008321
-0.693402
0.915959
1.000000
0.375463
-0.547004
-0.491929
0.208670
-0.102672
0.723344
0.712357
0.120047
0.120720
-0.606727
0.717304
0.360472
0.900391
-0.277434
1.000000
0.385125
-0.025591
0.344433
0.286890
0.082956
1.000000
0.052874
1.000000
0.730970
0.095214
-0.360939
-0.152591
-0.567423
-0.799583
-0.735952
-0.011956
-0.049741
-0.327703
1.000000
0.199028
-0.882080
-0.345299
1.000000
-0.277328
-0.175756
0.284067
-0.215643
-0.028106
-0.394230
-1.000000
1.000000
-0.406350
0.915968
-1.000000
-0.321808
0.797868
-0.136085
0.874886
-1.000000
-0.273180
-0.403817
0.176381
1.000000
-1.000000
-0.432286
-0.639314
-0.951733
1.000000
0.707752
-0.206300
-1.000000
-0.050264
0.535399
1.000000
1.000000
0.756483
-0.673993
0.327886
0.856169
-0.396111
0.197652
0.443380
0.020461
0.333319
0.760608
0.390636
-0.793332
1.000000
-1.000000
-0.440220
-0.523116
0.055688
-0.328487
0.861604
-0.621543
-0.695661
-0.521106
-1.000000
-0.740497
0.329977
-0.128478
1.000000
-1.000000
0.861093
-0.113618
0.753954
-0.409253
-1.000000
0.039545
0.340165
-1.000000
-0.093548
0.449361
-0.153139
0.213544
0.369550
-0.286966
-0.929926
-0.683286
-0.043510
-0.290676
-1.000000
-0.524374
0.193028
-1.000000
1.000000
0.420139
0.743690
0.710503
0.449619
-0.733078
0.185149
-0.457324
-0.140030
0.114363
-0.139146
-0.754596
-0.981185
-1.000000
0.321095
-0.978629
-0.225078
-0.138680
0.988131
-0.368398
-1.000000
-0.829276
-0.757504
0.146521
0.087598
0.817182
-0.111989
0.122601
-0.568220
-0.207009
1.000000
0.394759
-0.411285
0.689307
0.048062
0.173141
-1.000000
-0.104206
0.530352
0.275360
0.499668
-0.052409
0.170734
0.196903
-1.000000
-0.999900
-1.000000
0.954573
1.000000
-0.863367
1.000000
1.000000
-1.000000
0.200177
-0.962329
-0.759525
0.127845
-0.666088
0.561126
0.483594
-0.815127
1.000000
0.899420
-0.442780
1.000000
-0.010641
-0.186442
-0.203580
0.325885
0.118298
-0.693885
-0.567231
0.864515
0.616684
0.219978
0.497097
-1.000000
1.000000
0.038844
