-465.000000
1.000000
-1.000000
-1.000000
-1.000000
-1.000000
55.000000
-1.000000
-1.000000
-1.000000
-0.693087
-0.990013
0.715219
1.000000
-0.954831
-1.000000
1.000000
-0.312526
-0.906393
-0.851577
-0.915598
-1.000000
0.396347
-0.824229
-0.991223
1.000000
-0.861462
-0.986718
-1.000000
-1.000000
-0.239316
0.300064
0.926453
0.616531
0.098080
0.835799
0.831258
-0.320814
0.576666
0.190205
1.000000
-0.526650
-0.634608
1.000000
-0.229520
1.000000
-1.000000
0.139484
-0.143707
-0.648459
0.542110
0.370643
0.993713
0.338188
-0.862505
1.000000
-1.000000
-0.071353
0.424591
0.921896
1.000000
-0.040899
0.537082
0.100578
1.000000
0.448448
-0.573680
-0.550073
-0.401144
-0.618018
-1.000000
-0.360307
-0.835039
0.359580
0.284871
-1.000000
-0.610814
-0.003206
1.000000
1.000000
-0.165555
-0.513011
0.176120
-0.543212
-1.000000
-0.165786
1.000000
-1.000000
-0.790249
-0.677657
1.000000
-0.627732
1.000000
-0.111753
0.211616
-1.000000
0.074382
-0.677393
-1.000000
1.000000
-0.558615
0.078109
-1.000000
0.847024
0.327961
-0.198234
-1.000000
0.408436
1.000000
-1.000000
-0.326170
-0.577835
-0.032574
-1.000000
-0.129989
0.108229
0.290942
-0.413714
0.749181
0.147564
-0.481371
-1.000000
0.722389
-1.000000
0.030500
-0.683993
-0.430601
1.000000
1.000000
0.156565
0.461675
0.345376
0.027107
0.316655
-0.800173
0.514171
0.378505
-1.000000
-0.478118
0.957631
0.751403
0.540840
-1.000000
-0.634886
-1.000000
1.000000
-0.607823
0.035691
-0.572691
-0.929127
0.641934
0.133640
0.147964
0.662231
-0.319787
-1.000000
-1.000000
0.362021
0.992458
0.046300
-0.641785
1.000000
0.014406
-0.472393
0.639986
0.190519
0.379857
-0.360687
-0.488385
-0.065245
-0.239231
0.128216
-0.022893
0.297143
0.456702
1.000000
0.073419
0.387841
-0.691823
0.377657
0.345718
0.104577
-0.525268
-1.000000
0.310258
-0.261295
-0.093602
1.000000
-1.000000
0.232583
0.111468
-0.432580
0.883864
-0.436191
0.370919
-0.160433
-0.887652
-0.068773
-0.077766
0.371305
0.567760
0.009691
0.643832
0.849221
0.384823
0.436188
-0.303226
0.413407
1.000000
-0.417196
-0.315936
1.000000
-0.873978
-0.542645
-0.477322
1.000000
-0.019122
0.385238
-0.598665
1.000000
-0.097176
0.536169
0.044693
0.433816
0.325774
-1.000000
-1.000000
0.933048
1.000000
0.449764
-0.732127
-0.792130
0.341288
-0.980497
-0.115452
1.000000
1.000000
-0.966746
0.333338
-0.861007
0.058435
1.000000
-0.073908
-1.000000
-1.000000
-0.343442
-0.127605
-0.044815
-0.228616
0.739229
0.289079
1.000000
0.145240
0.830846
-0.737318
-1.000000
0.915089
-0.075837
-0.423215
0.604547
0.572692
-0.100263
-1.000000
0.652584
1.000000
1.000000
-0.951766
-0.120588
0.355995
0.108185
-0.892727
-1.000000
0.217371
0.622549
0.968129
