-144.200000
2.000000
-1.000000
70.000000
-1.000000
-1.000000
65.800000
-1.000000
-1.000000
-1.000000
0.335177
-1.000000
-0.150437
-0.279535
-0.814253
1.000000
0.856937
0.347523
0.728349
-1.000000
0.038647
0.195878
0.632155
0.190347
-0.745558
-0.568880
-0.077866
0.386427
-0.581428
-0.538144
-0.038641
-0.269634
-0.933111
1.000000
-0.571690
-0.561308
0.014010
-1.000000
-0.441767
0.187296
0.178496
-0.846203
0.041605
0.485237
-0.656256
-0.779251
-0.661623
0.756404
0.514832
1.000000
0.124508
-0.209392
-0.851819
-0.753879
-0.138674
-1.000000
-0.053785
-0.240575
1.000000
-0.038756
-0.459379
1.000000
0.092982
-0.574812
-0.818865
-0.655886
-0.400855
-0.743718
-0.046492
0.341550
-1.000000
-1.000000
-0.646006
-0.091078
-1.000000
-0.842849
0.685656
0.144817
-1.000000
-1.000000
0.047494
1.000000
-0.873832
1.000000
-0.457174
0.053319
0.110087
0.998001
1.000000
0.238767
-0.154041
-0.351853
-0.773460
0.058924
0.178740
-0.232334
-0.999532
1.000000
0.414140
1.000000
0.056579
1.000000
0.092738
1.000000
1.000000
-0.868985
-0.145988
0.585798
-0.106204
1.000000
1.000000
0.164627
-0.324512
-0.516721
1.000000
-0.056506
-0.423157
-0.002058
0.646813
0.309033
-1.000000
0.023598
1.000000
-0.136527
-0.509903
-0.691461
-0.156022
0.699157
-1.000000
0.461652
-1.000000
-0.136424
0.469886
0.227947
-0.122516
0.648684
-1.000000
-0.570826
0.414612
-0.302321
1.000000
0.054579
0.139806
0.660724
0.150370
-0.914851
1.000000
-0.349026
-0.972258
1.000000
0.322894
0.702658
-0.367759
1.000000
1.000000
0.061228
-0.562887
0.889682
0.679910
-0.659074
-0.681393
-0.592914
0.679403
0.794270
-0.012361
-0.207634
-0.250141
0.240444
-0.531906
-0.117080
-0.170428
-0.659181
-0.552655
0.060785
1.000000
1.000000
0.940280
1.000000
-0.330431
-0.123391
0.263266
-0.057943
0.471042
0.590632
-1.000000
0.376938
-0.587360
0.898550
-0.249363
0.191956
1.000000
-0.035993
1.000000
1.000000
-0.663881
0.228376
-0.975737
-0.202591
1.000000
-0.903810
0.917870
0.343289
-0.582331
-0.422702
-1.000000
1.000000
0.114461
1.000000
0.197275
1.000000
0.143392
0.127440
-0.106759
-0.996903
-0.714152
-0.866221
-1.000000
-0.585808
0.497647
-1.000000
-1.000000
0.164214
0.985136
0.278831
1.000000
-1.000000
0.419907
-0.132586
0.051531
0.020679
0.511044
0.467623
1.000000
0.422062
-0.335955
-0.166642
-0.636068
0.953930
0.202526
-0.135113
-0.531589
-0.082371
1.000000
1.000000
-0.776830
0.575062
0.664213
0.414044
-0.300558
-0.370470
-0.696254
-0.651625
-0.486805
-0.687791
0.530936
-0.103314
0.935178
0.265770
-0.458580
-0.359088
-1.000000
-0.000221
-0.094433
0.979934
-0.054255
-0.266540
-1.000000
-0.069606
1.000000
0.458879
0.210848
0.510435
-0.481999
0.393807
0.682087
