-308.000000
1.000000
-1.000000
-1.000000
-1.000000
-1.000000
82.000000
-1.000000
-1.000000
-1.000000
-0.273928
0.883315
-0.187242
-0.336237
-0.000444
0.057610
0.059030
-0.851421
-0.252653
0.667212
1.000000
0.905826
0.746022
-0.464401
0.029059
0.123223
-0.118074
0.390755
1.000000
-0.845016
-0.251239
0.339116
0.066145
-0.243878
-0.078719
-0.970349
-0.251837
-0.220911
0.770674
-0.550108
-0.700235
0.181845
-0.088730
-0.337517
1.000000
-0.832303
-0.910171
0.959598
-0.373776
0.373530
0.931370
-1.000000
-0.355713
0.181841
1.000000
-0.979744
0.797476
-0.057906
0.175181
-0.836519
-0.974904
-0.433104
0.718483
0.166918
0.473404
-1.000000
-0.122044
1.000000
-0.018732
-1.000000
0.235083
-0.295176
1.000000
0.575892
0.839660
-0.151746
0.309306
1.000000
-0.338111
0.419576
0.911900
0.745862
1.000000
-1.000000
-0.409435
0.108400
0.735197
0.096808
-1.000000
-0.960241
-0.104934
0.930639
-0.908971
0.307570
-0.307703
-1.000000
0.728384
-0.091906
-0.746854
0.513657
-1.000000
0.074892
1.000000
0.874107
1.000000
0.015629
0.356808
-0.673710
-0.591635
0.258404
-0.046377
0.422740
0.633014
0.649700
-0.505414
-0.406903
0.121885
-0.019831
-0.812195
1.000000
0.077188
-0.399533
0.613758
0.456495
0.108031
0.646444
0.262528
0.775559
-0.954430
1.000000
-1.000000
1.000000
-1.000000
0.975772
0.694040
0.875507
-0.036706
0.768312
-0.895403
-0.234443
-1.000000
0.510447
0.441504
-0.530751
0.414033
0.062658
1.000000
-0.612482
-0.765404
-0.541927
-0.654919
-0.179254
0.710725
0.330203
-0.434577
-0.315760
-0.582788
1.000000
-0.337321
-0.047268
-0.651276
1.000000
0.669376
0.536941
-1.000000
0.807274
-0.320584
0.502099
0.950486
-0.421824
-0.501788
1.000000
-0.994817
0.240940
0.445963
0.661663
0.415989
-0.026696
-0.545864
-1.000000
0.052748
-0.781044
0.099611
0.570934
-0.385566
-0.004639
-1.000000
-0.854343
0.737581
1.000000
0.494604
0.215955
-0.423563
0.689869
-0.995908
-0.050513
-0.541233
-0.353445
-0.496987
-1.000000
-0.943206
0.056717
1.000000
0.285931
0.436939
0.112776
-0.755807
-0.970276
0.234009
1.000000
1.000000
-0.392123
0.350909
-0.381759
0.739088
0.077381
-1.000000
-0.256344
-0.020695
1.000000
-0.448706
0.816938
1.000000
0.506624
-0.967946
0.351074
-0.085891
-0.368831
0.724918
-1.000000
-0.380875
-0.794597
0.686990
-1.000000
-0.798052
-0.956917
0.562193
0.434039
0.831026
0.013231
-1.000000
-0.344549
-1.000000
0.694242
-0.254700
0.405180
-0.461170
0.511665
0.205441
-0.277673
0.699726
0.548265
-0.588962
0.513101
-0.462974
-1.000000
-0.603615
-0.321903
0.813783
0.292666
0.707721
-0.636018
1.000000
-1.000000
-0.262089
1.000000
0.534096
0.797238
1.000000
-0.074563
0.611562
0.475514
0.252228
1.000000
-0.067050
