-282.600000
2.000000
-1.000000
-1.000000
28.000000
-1.000000
69.400000
-1.000000
-1.000000
-1.000000
-0.051489
0.398479
0.219532
-0.193559
0.949729
-0.033845
-0.938582
0.498397
-0.258128
0.123798
-0.133167
-0.462948
0.306208
0.312222
-0.987643
-1.000000
0.421411
0.812923
-0.838550
0.011385
0.956578
-0.403881
-0.545083
-0.902601
-0.861229
-0.583555
-0.047026
0.559527
0.318084
0.020911
0.803706
0.593097
0.389921
-0.641134
0.178236
-0.060959
0.029511
-0.690728
-0.724161
-0.777594
-0.466989
0.228518
0.199196
-0.535769
0.887843
0.671169
0.171048
-0.237132
0.204587
-0.108181
-0.351228
1.000000
0.844896
-0.978547
0.814991
-0.707313
-0.265145
-0.663447
-0.518700
0.487092
0.466508
0.293569
0.334199
-0.836532
-0.289166
0.822466
-0.051216
0.368348
-0.115679
-0.093872
-0.854208
-0.400184
0.392795
0.992355
0.781558
-0.375111
-0.884788
0.876189
-0.149125
0.990661
-0.334161
0.645709
0.705880
-0.980142
0.303808
0.641218
0.766974
0.878399
0.822096
0.880132
0.794218
1.000000
0.303207
-0.452435
-0.597530
0.593221
-0.941617
0.674558
-0.030176
0.821330
0.542390
-0.231998
-0.718238
-0.620251
-0.320118
-0.406640
0.272154
-0.205240
0.636071
-0.377503
1.000000
0.302326
0.805732
0.537062
-0.803625
1.000000
-0.561559
-1.000000
-0.645577
-1.000000
0.961196
-0.143656
-1.000000
0.538756
-0.182585
-0.562796
0.810610
0.250417
-0.436797
-0.252046
-0.536804
-0.992711
0.773942
0.893948
0.154956
0.815763
-0.530520
0.129133
-0.422554
-0.680154
0.081388
-0.008684
0.758514
0.480304
0.141928
-0.693948
0.322155
0.353171
-0.360204
-0.784209
-0.368165
-0.135422
0.554365
-0.487148
-1.000000
-0.815698
0.928001
-0.776330
0.184490
1.000000
0.918046
0.972853
1.000000
0.553693
0.815469
0.753076
-0.184335
-0.108853
0.856707
-0.693690
0.979339
-0.815402
0.753012
-0.072771
-0.440350
0.437800
-0.525117
0.303732
-1.000000
1.000000
-0.843039
-0.924940
-1.000000
0.993728
1.000000
-0.868413
1.000000
-0.603827
0.984428
0.287062
-0.741764
0.420948
-0.380048
-0.654045
-0.036516
-0.058000
0.268910
0.210565
-0.664994
0.981755
0.671747
-0.002396
0.290900
0.341341
0.448955
-0.722064
-1.000000
-0.468973
-0.310187
-0.612384
-0.586358
0.154773
-0.048039
0.409574
-0.950208
0.238872
0.930483
0.697964
-0.078890
-0.001003
-0.197686
0.001071
0.131647
-0.143234
-0.241764
-0.301875
-0.025416
-0.009876
-0.250228
0.494011
-0.912983
-0.672796
0.627560
0.891596
0.291058
-0.531306
-0.926941
-0.061339
1.000000
-0.457820
-0.104985
-0.869311
-0.934384
0.738265
0.835891
0.275776
0.034775
0.391273
-0.583525
-1.000000
-0.927888
-0.056042
0.839561
1.000000
0.922420
0.924200
-0.319597
-0.655044
-0.218695
-0.267877
0.128842
-0.282806
0.518613
0.417091
0.535831
