-763.000000
0.000000
-1.000000
-1.000000
-1.000000
-1.000000
-1.000000
-1.000000
-1.000000
-1.000000
0.362092
0.175045
1.000000
0.448745
0.328360
0.812297
0.585934
0.928880
-1.000000
-0.414508
-0.406227
-1.000000
0.258312
-1.000000
0.827708
-0.669389
-1.000000
-0.296777
0.110910
-0.194481
-0.292378
1.000000
-0.097534
-0.193437
-0.191854
1.000000
0.923231
0.357616
-0.880912
-0.490777
-0.201731
-0.171694
-0.533153
-0.678182
0.253453
-0.439212
-0.763615
0.022672
-0.130691
-0.295847
-0.436571
0.827629
-1.000000
0.070000
-0.666135
0.339979
1.000000
-0.044754
-1.000000
-0.264436
1.000000
0.869147
0.130248
-0.659350
0.941516
0.370009
1.000000
-1.000000
0.381137
0.498364
-0.803635
-0.519503
0.247598
-0.583968
-1.000000
-1.000000
-1.000000
-0.736374
0.220055
-0.436584
-0.354101
-0.562109
-0.331830
0.195970
-0.939651
-1.000000
-1.000000
1.000000
-0.474530
-0.232019
-0.335507
1.000000
0.027493
0.208736
1.000000
0.478598
-0.674825
0.070224
0.920729
0.254057
-1.000000
-0.528796
0.133021
-0.637956
0.438995
0.216285
-1.000000
1.000000
-0.441338
0.613228
-0.851921
-0.442543
-0.996115
-0.042538
-0.464184
-0.362049
0.686849
0.950827
-0.552650
0.937406
-0.125471
1.000000
0.588217
-0.733914
-0.451084
-0.227204
0.390341
0.439750
0.071912
-0.270944
1.000000
-1.000000
0.105615
1.000000
-0.185301
-0.122517
-0.425291
0.421848
0.050054
0.980619
-0.427328
1.000000
0.351804
0.499988
-0.098533
0.128532
-0.481251
-1.000000
-0.450186
0.611609
-0.582566
-1.000000
0.188085
0.116649
0.372026
-1.000000
0.078094
-0.001666
-0.551404
1.000000
0.339648
-0.750067
-0.806059
0.595244
-0.517210
-0.494257
-0.139489
-0.807204
1.000000
-0.632994
-0.247778
-0.719900
0.397208
0.653425
1.000000
0.604508
-0.868114
-0.567769
0.513834
0.301514
-1.000000
0.790246
0.980864
-1.000000
-0.337128
-1.000000
-1.000000
0.606137
0.365307
-1.000000
-0.604881
0.944071
1.000000
1.000000
0.818142
-0.747439
-0.145238
-1.000000
1.000000
0.617609
-0.016536
0.932652
0.354272
0.288171
0.771262
0.002858
1.000000
0.655912
-0.769047
-0.405457
0.675502
0.820390
-0.102741
-0.434309
-0.950782
0.077994
0.217110
-0.946381
1.000000
-1.000000
-1.000000
1.000000
-1.000000
0.915782
-0.089386
0.183435
0.025877
-0.867106
0.982015
-0.048865
-0.562858
1.000000
-0.246333
-0.440776
-1.000000
0.933596
-1.000000
0.690555
-0.198634
0.740759
1.000000
0.750117
0.662749
0.025879
-0.177024
1.000000
1.000000
1.000000
0.194606
-0.345018
0.386547
0.274013
-0.452008
-1.000000
1.000000
0.415039
-0.686965
-0.656726
0.029554
-0.366562
1.000000
0.892914
0.548154
1.000000
-0.469824
0.542952
0.129516
-1.000000
0.441305
1.000000
-0.313600
0.500427
0.397351
0.622499
1.000000
