-304.200000
2.000000
-1.000000
-1.000000
22.000000
-1.000000
83.800000
-1.000000
-1.000000
-1.000000
0.103996
0.612868
0.858649
0.828091
-0.472576
0.012942
0.088282
1.000000
-0.076481
-0.986305
0.108958
1.000000
-0.267742
-0.307784
1.000000
-0.860372
0.176574
-0.823649
-0.293247
0.253359
0.070995
-0.731981
-1.000000
-0.038525
0.689103
1.000000
0.616535
-0.790955
0.662328
0.597740
-0.019739
0.013007
0.997880
0.871723
1.000000
1.000000
0.704954
0.417776
0.389847
-0.184736
-0.658804
0.097884
-0.965387
0.846718
0.295992
-0.130740
0.764075
0.493133
0.930360
0.730190
-0.898036
1.000000
-0.644187
-1.000000
-0.068642
-0.148577
-0.317153
0.358438
-0.181299
0.334331
1.000000
-0.135171
-0.726178
1.000000
0.149974
-0.705912
-0.119946
0.513880
-0.863479
-0.098031
-0.467209
-0.811835
-0.690299
-0.230107
-1.000000
-0.648856
-0.453625
-0.724905
0.489228
0.286218
0.955778
-0.473511
0.386439
0.629075
0.233354
0.098899
0.240098
0.982280
1.000000
-1.000000
0.570481
0.569975
1.000000
-0.620658
-1.000000
0.777892
-0.017464
-0.115960
0.338424
-1.000000
1.000000
0.935614
0.319683
1.000000
0.896343
-0.662315
-0.966945
0.909402
1.000000
1.000000
0.663926
1.000000
0.150978
-1.000000
0.407415
0.316505
-0.745506
0.695736
-0.686630
-0.744393
-0.075078
-0.116859
-1.000000
1.000000
-0.244336
-0.891503
0.110985
-0.004095
-1.000000
0.611095
0.637562
0.124396
0.462038
-1.000000
-0.406928
-0.430936
0.292435
0.571593
-0.784092
-0.130007
0.635939
-1.000000
0.556163
-0.528182
-0.161147
-0.485375
1.000000
0.821657
0.240870
0.887001
-0.346294
-0.475385
-0.290067
1.000000
-0.158732
-0.884846
-0.653763
-0.200952
0.404202
1.000000
-0.508858
0.229829
0.791756
-0.205550
-0.498290
-0.480900
0.186969
-0.998086
-0.714850
0.353161
-0.729835
0.513931
0.023075
0.375308
0.838086
0.899145
0.407555
0.429247
-0.329534
0.241551
-1.000000
0.265482
1.000000
0.259163
0.149487
1.000000
-1.000000
0.186517
-0.574416
-0.446069
0.380375
0.130058
0.254749
-1.000000
-1.000000
-0.557132
0.855474
0.233615
-0.030636
-0.366315
-0.110529
-0.817121
0.273880
-0.971426
0.119206
0.209672
0.382837
0.246629
-0.268079
0.183898
0.953925
-0.512357
-0.076574
0.414341
-0.166061
0.257277
-0.247882
0.759599
0.623219
0.152350
-0.800911
-0.334126
0.009270
-0.656053
-0.956313
-1.000000
-0.995373
0.980024
-0.867872
-0.560992
-0.599447
1.000000
-1.000000
0.274188
-1.000000
-0.757099
-0.265573
0.280606
0.144449
1.000000
0.089530
-0.246334
0.733619
0.290489
1.000000
-0.648891
-1.000000
-0.990572
0.434785
-1.000000
-1.000000
0.218693
0.727553
0.413532
0.917084
0.215311
-0.736592
-0.087311
0.761923
-0.922504
0.762050
-0.943306
-0.618321
-0.663835
-0.722552
