-0.352332
-0.869478
1.000000
1.000000
-0.623400
1.000000
-0.256612
0.061272
-1.000000
0.193141
0.971250
0.575711
-0.681656
-0.184873
1.000000
-0.321000
-0.764264
0.650079
0.249198
0.119791
1.000000
-0.576955
-0.025163
-0.216797
-1.000000
-0.550537
-0.040202
0.244086
-0.822118
0.685264
0.562749
-1.000000
-0.443182
0.176534
0.470665
0.622266
-0.371068
0.321956
1.000000
-1.000000
0.651565
1.000000
0.572315
-0.015883
0.492866
0.777755
-0.225835
0.641929
-0.685239
-0.898102
0.796898
1.000000
-0.596588
0.574233
-0.421037
0.775441
-0.846755
0.749062
-1.000000
-0.605377
-0.140018
-0.685551
0.909314
0.846180
-0.577876
-1.000000
0.388053
0.305930
-0.626565
1.000000
0.023149
0.729285
-0.366102
-0.646688
0.367799
-0.862196
0.031366
-0.464639
-0.434048
-0.099632
-0.117231
-0.298672
1.000000
-0.471353
-0.394101
-1.000000
-0.354991
-0.287905
1.000000
-0.683499
-0.036894
-0.790848
-0.547979
0.359634
0.713768
-0.237182
-0.281983
0.349971
1.000000
0.786445
-1.000000
-0.321451
0.467490
-1.000000
0.221646
-0.416788
-0.708950
-0.968302
1.000000
-0.428039
0.207710
1.000000
0.492929
0.341933
0.590809
0.626564
-0.206048
0.830038
0.521480
0.571069
1.000000
-0.723784
-1.000000
0.293518
0.807922
0.943986
-0.322200
0.894206
-0.115376
-0.608700
-0.610995
-0.786359
0.158926
-1.000000
-0.713945
0.465389
0.623624
0.215724
1.000000
0.652014
-0.989121
-0.287563
-1.000000
0.830692
0.489061
-1.000000
-0.732830
0.452168
0.544732
-0.824603
-0.688075
-0.749585
-0.447812
-0.345110
0.543125
-0.712855
0.915587
-1.000000
-1.000000
0.025175
0.277762
0.213491
-0.790754
-0.683406
-0.590636
-1.000000
0.879991
-0.227212
-1.000000
0.938018
0.431807
0.836327
0.557378
0.560525
-0.249774
-0.590788
-0.619063
-0.042524
-1.000000
-0.002553
-1.000000
-0.037044
0.998917
-0.121300
0.392488
-0.489266
0.131408
0.297128
0.503570
-0.584074
1.000000
0.916434
-0.911769
-0.225444
0.357022
1.000000
1.000000
-0.362315
0.046813
-1.000000
-0.919925
-0.638065
-1.000000
0.464965
1.000000
0.311000
-0.528254
0.505061
1.000000
0.990318
0.336852
-0.477347
1.000000
0.952393
0.134589
-0.116696
-1.000000
-0.046960
-0.521735
0.077722
0.090074
-0.078668
-0.807960
0.524047
-0.448499
1.000000
0.643489
1.000000
-1.000000
-0.860892
-0.525097
0.782421
0.614195
0.974910
-0.791837
1.000000
-0.251272
0.965463
0.881831
0.844398
0.531358
-1.000000
0.053092
-0.549113
0.677742
-0.924009
-0.933023
0.864860
-0.174189
0.162136
-0.898627
0.629159
0.972152
0.486675
0.343526
-1.000000
1.000000
-0.535702
1.000000
-0.619372
-0.677359
-0.049232
-1.000000
1.000000
0.529370
