0.915819
-0.193929
-0.879636
0.102465
-0.612958
-0.134609
0.065061
-0.796172
-0.172080
-0.461733
0.637123
0.116036
0.247722
-0.756822
0.578876
-0.104509
0.032356
-0.318808
0.460153
1.000000
0.772755
0.352275
-0.872426
-0.609159
0.909226
-0.586124
-0.453561
-1.000000
0.933047
-1.000000
0.626671
0.410009
-0.417803
0.658219
0.691038
-0.434570
0.464015
-1.000000
0.231678
0.870972
0.362503
0.652299
-0.446671
0.316180
-0.350542
0.567751
-0.304325
-0.412890
0.144086
-0.166758
-0.647467
0.247319
0.688116
0.775453
0.223012
0.868722
-0.281138
0.990760
-0.330003
-0.993108
-0.063500
-0.567412
0.488713
0.812477
-0.210835
-0.073405
0.129199
-0.243017
0.993660
-0.558976
-0.717422
-0.385033
0.478971
-0.987861
0.146053
-0.186228
-0.503869
0.895926
0.385280
-0.110558
0.777133
0.702369
0.253909
0.662498
-0.079884
0.909329
-0.280869
-0.707642
-0.079976
0.838844
-0.606355
-0.246692
-0.945491
0.664467
-0.236194
0.847545
-0.846606
0.359064
-0.001676
0.425357
1.000000
0.161450
0.653419
0.753035
0.670195
0.193941
-0.137733
0.879599
-0.235070
0.855460
-0.734614
0.646069
-0.707511
-0.032535
-0.449538
-0.373276
-0.923454
0.701627
0.245169
0.124081
-0.107203
0.951062
0.939661
-0.954399
-1.000000
0.685938
0.600655
0.461062
0.868106
-0.721452
-0.754519
0.344125
-0.288309
0.467948
0.338133
-0.565925
-0.368279
-0.921593
-0.855824
0.119034
-0.587064
0.643616
-0.257106
-0.162356
-0.453238
-0.059790
-0.621221
-0.823721
-0.727547
0.193008
0.587808
-1.000000
-0.569608
0.522512
-0.000381
-0.721840
0.360164
-0.491637
0.359169
0.813002
0.261624
-0.679775
0.527196
-1.000000
0.390414
-0.444466
-0.769639
-0.101452
-0.547531
-0.780229
0.550795
0.440033
0.825620
0.504099
-0.375594
-1.000000
-0.792568
0.492921
0.471090
-0.738286
0.872577
-0.984480
-0.227189
-1.000000
-0.684640
-0.105633
-0.691079
-0.030768
-0.940445
-1.000000
0.790351
-0.866612
0.082120
0.838243
-0.307414
-0.125751
0.923705
0.855497
-0.681293
0.157835
0.672684
0.460371
-0.869687
-0.213447
0.685209
1.000000
0.932817
-0.377006
-0.082997
0.538641
-0.783684
0.754891
-0.501562
0.779351
-0.510428
-0.669011
0.406439
0.767790
-0.772697
-0.465271
-1.000000
-0.304634
0.950990
0.150469
-0.569357
0.732629
0.769416
-0.781507
-0.640072
0.026490
0.721040
-0.873393
0.240882
-0.049837
-0.572462
-0.955768
-0.859339
0.413796
0.911678
-1.000000
0.212618
-0.959801
-0.997954
1.000000
0.156275
-0.423132
-1.000000
-0.375524
-0.700398
-0.261153
0.318911
0.194545
0.880950
0.691200
-0.620698
0.299249
0.045280
-0.105345
-0.492562
-0.478201
0.957265
0.132316
0.577156
-0.347267
-0.984099
