1.000000
0.696796
0.476444
0.428485
-0.023674
0.823578
-0.454568
0.572605
0.608834
0.541161
0.989519
0.764463
-0.149210
0.334877
-0.486362
0.760938
-0.427804
-0.133313
0.927930
0.939040
0.833170
-0.552476
0.386492
0.780544
0.475488
0.832573
0.691999
-0.211975
-0.616962
0.625207
0.433733
-0.681581
0.611111
0.377031
0.312314
0.146481
0.255574
-0.015981
0.198061
-0.299714
-0.285075
-0.637019
0.653196
-0.584561
0.030606
0.330410
0.536365
0.462017
0.439763
0.074889
0.416447
-0.554340
-0.344875
0.345904
0.892533
-0.018531
1.000000
0.935481
-0.899071
-0.482810
-0.009496
0.849132
0.491122
-0.146260
-0.405106
-0.917862
-0.518098
0.475330
0.794918
-0.952411
0.412673
0.056336
-0.418782
-0.439679
-0.864424
0.002450
0.276330
0.939750
-0.094143
-0.062987
-0.435091
-0.361818
0.251944
-0.382675
-0.570736
0.198376
0.002578
-0.900556
-0.119583
-0.054622
-0.331124
-0.233714
-0.972764
0.029032
0.166040
0.027787
0.905213
0.871283
0.258902
-0.637679
0.252100
0.113999
0.368057
0.994123
-0.818642
-0.992610
-0.521236
-0.165609
-0.909734
-0.530669
0.528674
-0.179880
-0.076898
0.655757
-0.543639
-0.576565
-0.116721
-0.017042
-0.398731
-0.241062
-0.014087
-1.000000
0.776221
-0.729319
-0.426040
0.788646
-0.783585
-0.806631
0.980480
-1.000000
0.917378
-0.153459
0.404211
0.104030
0.495250
-0.494425
0.239159
-0.055929
-0.395869
-0.203863
0.111138
0.069684
0.826721
-0.094819
-0.510384
-0.937522
0.409114
-0.363437
0.990043
0.839004
0.182785
-0.600019
-0.118113
-0.772735
0.880558
0.342841
-0.856294
0.832852
-0.082857
-0.779286
0.185916
0.201592
-0.030363
-0.509495
-0.785853
0.417065
-0.194198
0.779348
0.264578
-0.547019
-0.790183
0.738695
-0.364107
-0.781859
-0.878322
0.386191
1.000000
0.005148
-0.311551
0.330297
-0.589599
-0.597242
-0.040344
0.585278
0.506090
0.034264
0.198218
0.218323
0.601490
-0.283544
-0.957054
-1.000000
-0.581312
-0.037428
-0.760981
-0.011605
0.023629
-0.915374
0.384829
-0.586961
-0.073421
-0.023650
0.060038
-0.125610
0.855349
0.075657
0.261172
0.282887
-0.805756
-0.106325
-0.419092
-0.336227
-0.917584
1.000000
-0.063777
-0.924883
-0.962130
0.362517
-0.519540
0.427773
0.191921
-1.000000
0.738279
-0.917701
-0.209665
0.386690
-0.164468
1.000000
-0.101123
-0.159777
-0.353696
-0.339712
-0.199078
-0.049814
1.000000
-0.758758
-0.640443
-0.886806
0.097499
-0.603267
-0.413598
-0.338850
-0.567879
-0.123909
0.534498
-0.319825
0.938645
0.907672
-0.080164
-0.952643
-0.787730
0.902841
-0.290481
0.227757
-0.430959
0.412769
0.662459
0.677314
0.167702
0.699812
0.618556
-0.766595
0.917107
-0.757132
0.905269
