-159.200000
4.000000
-1.000000
-1.000000
26.000000
0.000000
-1.000000
11.200000
-1.000000
62.200000
-0.103682
-1.000000
0.180051
-0.299676
1.000000
0.524037
0.837516
-0.312448
0.323656
-0.019712
-0.299672
0.010266
-0.064873
-1.000000
1.000000
-0.581067
0.971693
0.970344
-0.414136
-0.031015
-1.000000
-0.107509
0.531718
-1.000000
0.132263
0.407287
0.203919
1.000000
-0.026678
-0.609015
1.000000
0.329709
-0.688825
0.645225
1.000000
0.377769
0.304248
0.838408
0.718454
0.499083
0.588455
-0.937304
-0.816681
0.017773
-0.731889
0.844520
1.000000
0.678766
1.000000
-0.994387
0.884580
0.657776
0.065245
0.897363
0.766849
0.821748
1.000000
-0.724423
-0.258287
0.658259
0.754728
-1.000000
0.120826
-0.225076
1.000000
0.357475
0.439238
-0.268995
1.000000
0.438232
-1.000000
-0.783926
-0.327831
0.022115
0.388641
-1.000000
0.288064
-0.062507
0.174373
0.413134
0.504826
0.996036
-1.000000
-0.210891
-0.201181
0.306675
-0.962644
1.000000
-0.300930
-0.996339
0.350046
-0.765327
0.812380
0.957748
-1.000000
0.439318
-0.191333
0.202496
-0.159671
0.595076
0.016499
0.452080
0.616465
-0.579586
0.792507
-1.000000
-0.094757
1.000000
1.000000
0.239294
-1.000000
-1.000000
-0.644673
-0.124536
0.018631
0.551224
1.000000
1.000000
-0.799620
0.502910
-0.681380
-0.113287
0.167111
0.360655
-0.388484
-0.604942
0.442107
-0.145258
-0.954834
1.000000
-0.330818
0.046812
0.109803
1.000000
-0.045771
-0.329898
-0.742957
-0.449243
-0.189621
-0.126173
-0.322468
0.617774
-0.934625
-0.120349
0.234345
0.417077
0.278162
0.523934
1.000000
-0.189818
0.217756
-0.314812
0.293983
-0.021093
0.136645
-0.192543
-0.316538
0.534493
-0.789912
0.131084
0.567512
-0.362215
-0.007671
-1.000000
-1.000000
-0.702520
0.075673
-0.037463
0.621270
0.067861
0.318708
0.833118
-0.582028
0.419947
-0.359240
0.407636
0.459853
-0.224262
-0.212612
0.631680
0.159674
0.162389
0.230365
-0.315197
-0.651283
0.826461
-0.610885
0.450651
0.610690
-0.125071
-1.000000
-1.000000
0.429026
0.620858
-0.385409
-0.154160
-0.021140
-0.259228
-0.760715
-0.393544
-0.356413
-1.000000
0.357507
-0.697069
0.256207
0.038292
1.000000
0.628385
-0.183782
0.260490
0.480012
-0.668011
-0.294183
0.997806
0.918272
0.787748
-1.000000
1.000000
0.642570
-0.933690
0.138728
-0.126566
1.000000
-0.431166
-0.296409
1.000000
1.000000
1.000000
-0.696641
-0.209177
0.407648
-0.522587
0.831818
-0.666903
-1.000000
-0.335378
0.851272
-0.556636
-0.092546
0.525884
-1.000000
1.000000
-0.168800
0.104130
-0.196594
0.668798
1.000000
-0.534667
1.000000
-0.233321
-0.742835
0.031826
-0.589332
0.784440
-1.000000
0.653063
-0.637530
0.569671
0.283434
0.100316
-0.879417
-0.599661
1.000000
-0.095340
-0.647239
