-331.600000
1.000000
-1.000000
-1.000000
-1.000000
-1.000000
-1.000000
-1.000000
-1.000000
18.400000
0.679193
-0.626317
0.831649
0.654779
-0.688938
-0.204853
-0.941565
-0.983862
-0.856235
-0.376514
0.114786
0.598658
0.473706
-0.615995
0.080458
-0.270633
0.486503
-0.040880
0.739600
-1.000000
0.734194
-0.093314
0.468493
-1.000000
-0.138930
0.982971
1.000000
0.526882
1.000000
0.191991
-0.862493
0.145020
-0.840315
0.258792
-0.883896
0.414300
-0.432005
-0.733061
0.419753
-0.638393
0.375814
-0.456262
1.000000
0.385839
0.170466
-0.840558
0.195662
-0.159352
0.222546
-0.468550
-0.862659
-0.124944
1.000000
1.000000
-0.690464
0.969515
-0.286602
-0.609383
-0.518049
-0.554609
-0.511430
0.188769
0.565077
-0.593146
-0.788769
-0.604451
0.902641
0.389290
-1.000000
-0.615973
0.650740
-1.000000
0.534461
-0.071460
0.528971
1.000000
0.478744
-0.226019
0.538564
-0.416159
-0.872843
-0.650571
0.223904
1.000000
-0.403471
1.000000
0.149562
-0.172435
-0.302550
-1.000000
-0.315022
-0.806059
-1.000000
0.790545
0.495424
0.287724
0.640858
0.970458
-0.439579
-0.917531
-0.469598
-0.980515
-1.000000
-0.715929
0.298090
0.080183
-0.731570
0.336750
0.544229
-0.672247
0.026754
0.499549
1.000000
-0.639014
0.323239
0.635290
0.115908
0.326072
-0.502321
1.000000
0.310702
-0.521099
-0.797707
1.000000
0.717201
0.528296
-0.072120
0.196909
0.785939
0.441531
-1.000000
0.604944
-0.357571
-0.393909
-0.101038
0.193718
-1.000000
0.248849
0.576849
-0.261964
0.549556
-0.508032
0.993377
0.302370
0.208257
-0.020923
-0.437753
0.417037
-0.308049
0.820656
0.312450
1.000000
-0.575976
-0.291479
-0.842112
0.797710
0.825934
0.994682
0.752687
-1.000000
0.239289
-0.637763
-0.100949
-0.234324
-0.836028
-0.344861
0.024778
-0.153630
-0.142886
-0.440329
0.977921
-0.864857
0.448313
-0.738402
0.818015
-0.752336
0.071633
0.289542
-1.000000
-0.411493
-0.270611
0.324029
-0.590756
-0.425249
0.683386
0.316433
0.201994
-0.145977
0.341399
-0.385600
0.012418
-0.628633
0.529705
-1.000000
0.389072
0.482583
-0.903423
1.000000
0.225837
1.000000
0.664049
0.471519
0.470654
-0.239271
-0.353914
0.040050
0.464918
-0.098147
0.098027
-0.604801
0.361375
-0.580080
0.332281
0.464131
0.860528
0.020796
1.000000
0.571453
-0.615424
0.190276
-0.810507
-0.144328
0.837381
-1.000000
-0.618981
-0.381605
-0.077471
-0.024734
0.626392
-0.625276
-1.000000
-0.047584
-0.531867
0.984451
0.520611
0.115656
-0.783748
-0.848007
-0.879067
-0.258142
-0.193056
-0.034826
-0.770522
0.607562
-1.000000
-1.000000
-1.000000
0.323503
0.765412
-1.000000
0.493351
0.898543
0.515325
-0.345910
-1.000000
-0.943905
0.077208
0.160972
0.624077
1.000000
-0.667511
-1.000000
0.230753
0.238765
-1.000000
