-196.400000
3.000000
-1.000000
70.000000
-1.000000
-1.000000
-1.000000
-1.000000
23.800000
29.800000
0.960318
0.282005
0.947115
0.326278
0.002837
0.152690
0.350111
0.073347
-0.243561
-0.600050
-1.000000
0.164583
1.000000
-0.488258
-0.646169
0.373591
0.120508
0.274116
0.725276
-0.085548
-0.760021
0.397742
-0.511000
0.848428
0.176973
-0.964894
0.796080
0.653398
0.501297
-0.086914
0.407523
0.835692
0.088594
-0.533854
0.936150
0.373897
-0.396267
-0.308428
0.229315
0.075634
0.320146
-0.126798
0.063381
-1.000000
1.000000
-0.569701
-1.000000
-0.750991
-0.121269
-1.000000
0.439314
-0.744951
0.720726
-0.189912
-1.000000
-0.137750
0.854118
-0.396509
-1.000000
-0.125174
-0.852151
0.162848
-0.364735
-0.397551
0.441206
-1.000000
-1.000000
0.793073
0.392157
-0.361714
-0.190005
-0.768970
0.338667
0.299859
-0.436144
-0.025604
-0.605112
-0.702973
-0.724617
0.166774
0.027442
0.665316
0.270366
-1.000000
0.079846
-0.310029
0.173131
0.412259
0.397240
0.095704
0.124691
-0.953295
0.686008
0.027664
0.326907
0.176237
0.470639
0.178098
0.464664
0.786045
-0.684869
-0.774595
0.481480
-0.854831
-0.033707
0.858715
-0.601997
0.945464
0.150457
-0.708883
-0.395006
-0.748375
-0.178412
-0.980209
-0.070853
0.846675
0.463885
-0.298531
0.307714
-0.882493
0.986798
-0.341521
0.178562
-0.057998
0.359191
-0.800123
0.709108
1.000000
0.638264
-0.400999
0.579708
0.707425
-1.000000
0.191319
1.000000
-0.817879
-1.000000
0.387501
-0.008896
0.835486
-0.681779
-1.000000
0.453799
-0.468059
-0.487520
0.723401
-0.325464
0.021414
0.361973
-0.444746
-0.076324
-0.398787
-0.643396
0.334927
-0.111342
0.052417
0.874936
0.304379
1.000000
-0.779023
-0.843042
-0.579348
-0.383444
0.595796
0.467115
0.119292
-0.357555
0.397034
0.597453
1.000000
-0.045150
0.939555
-0.645641
0.858043
-0.250492
1.000000
-0.745281
0.745937
0.412746
0.224779
0.174233
-0.039321
-1.000000
-0.855451
0.984735
-0.223436
-0.387397
0.933885
0.084451
-0.571954
-0.033917
-0.715144
-0.200596
0.651665
-0.612610
-0.050740
-0.101579
1.000000
0.716212
-0.637107
-0.534130
0.957426
-0.811464
0.091529
-0.132306
-0.029985
0.313014
-0.235803
-0.848631
1.000000
-0.905744
-0.402294
-0.128006
-0.144634
-0.673842
0.703306
0.817033
0.007139
-0.657549
-0.108751
-0.782719
-0.591228
-0.003336
0.175188
-0.227493
-0.791656
-0.328964
0.605599
0.580113
-0.043955
-0.858392
-0.308949
-0.201480
0.174185
0.099800
-0.417809
-0.010495
-0.198882
0.943083
0.989900
0.116721
-0.725934
-0.406665
-0.808476
0.812421
-0.910409
-0.959180
-0.014493
0.540195
-0.451523
-0.077455
0.338730
-0.791254
0.435092
0.456659
0.011444
1.000000
-0.050778
-0.777839
-0.199838
-0.257780
-0.849036
1.000000
0.233902
-0.494816
