-0.355596
0.599813
-0.425516
-0.752918
-0.086593
1.000000
0.573488
-0.512311
0.113119
1.000000
-0.665758
-0.055962
0.882608
-0.151372
-0.909590
-0.944483
-0.481970
0.296754
-0.171618
1.000000
-0.652998
-0.954507
1.000000
0.050834
-1.000000
0.105664
0.150414
0.565677
0.839645
0.107881
0.115148
-0.971239
0.649668
-1.000000
-1.000000
-1.000000
-1.000000
-0.075709
0.280292
-0.128443
-0.526871
-0.747444
-1.000000
0.694790
1.000000
-0.650650
0.454780
0.164892
0.215478
1.000000
0.946242
-0.480151
-0.123444
0.704627
0.019442
-0.405191
-1.000000
0.110509
-0.031668
0.786206
0.403675
-1.000000
0.119324
-0.181835
1.000000
-1.000000
1.000000
0.066372
1.000000
-0.417930
-0.902834
-0.928781
0.711201
-1.000000
0.076834
1.000000
-0.074679
0.177796
-0.176007
0.948740
-1.000000
-0.160941
0.807998
0.734996
0.174680
-0.079645
-0.431329
0.947575
0.112430
-0.000064
-0.602967
0.385971
0.807153
-0.635577
-0.589062
-0.527724
-0.684285
0.627975
-0.900117
-0.692765
0.520163
-0.010919
0.817403
-0.534340
0.127325
0.010295
1.000000
-0.527724
1.000000
-0.754043
0.205679
0.439207
-0.237451
-0.010116
-0.543322
-1.000000
0.835291
-0.542736
1.000000
0.140938
1.000000
-1.000000
-0.314317
-0.334733
-0.265682
1.000000
0.337594
-0.357723
0.258921
-0.274679
-0.133388
0.838390
0.427309
-1.000000
0.298737
-0.833346
-0.390419
-0.090700
0.266601
-1.000000
0.655083
-1.000000
-0.751229
-0.186515
-1.000000
-0.479107
0.913695
0.986563
-0.415863
0.947098
-0.525583
-1.000000
0.947850
1.000000
0.417366
0.216263
0.503133
0.121855
-0.555141
0.368924
0.278447
-0.483788
1.000000
-0.588745
0.439747
-0.841796
-0.673251
-0.848813
-1.000000
-0.950993
-0.517782
0.353332
0.204119
1.000000
0.886085
-0.854964
0.571980
0.207242
-1.000000
-0.126675
-0.268251
-0.532819
0.205297
0.496675
0.742291
0.180509
0.329420
-0.212362
0.661399
-0.471428
-0.422849
-0.655028
0.650001
0.423651
-0.036088
-1.000000
-0.343676
-0.687560
-0.080331
0.598256
-0.448486
-0.451571
-0.462145
-0.281700
-0.720210
0.083209
-0.029298
-0.228382
0.011925
-0.683102
0.147801
-0.852621
-1.000000
0.633580
0.988752
1.000000
-0.890681
1.000000
0.690857
-0.237223
0.004645
-0.778896
-1.000000
0.759799
0.469538
0.812806
0.316717
0.095080
1.000000
0.337959
-0.174318
0.136189
0.094420
-0.249893
0.000015
-0.486560
0.775696
-0.403777
0.902826
-0.386554
0.112111
-0.617046
0.658086
0.700172
0.821681
-1.000000
0.944069
0.022256
-0.374334
0.646297
-0.996796
-0.650977
-0.725412
0.493488
0.639148
-0.887353
0.041006
1.000000
-0.928742
0.864201
0.528554
-0.068497
-0.153207
-0.945988
-0.717900
