-0.268315
-0.559708
0.880449
0.853454
0.149787
-0.928710
-0.669118
-0.377564
0.022744
-0.717487
0.715895
-0.128592
0.837382
0.230688
-0.516531
-0.119905
-0.486269
-0.487836
0.043483
-0.617188
0.204890
0.091095
0.448341
-0.573951
-0.734307
-0.449620
-0.126814
0.936522
-1.000000
-0.899382
0.351975
-0.553938
-0.077458
0.342318
-0.381383
-0.928678
0.462178
-0.636612
-0.957555
0.831777
-0.558371
-0.011405
-0.666303
-0.856628
-0.360098
0.118987
0.527912
0.157159
-0.699491
-0.930061
0.566371
-0.439525
0.305379
0.906581
0.691610
0.438767
0.941494
-0.706128
0.996171
0.706085
0.914849
-0.100621
-0.510956
-0.151010
-0.387444
-0.366181
0.971183
-0.779981
0.316144
0.568548
-0.393216
0.129174
-0.087213
-0.919771
-0.214892
0.298464
-0.547683
-0.752092
-0.751259
-0.002595
0.477456
-0.992340
-0.700145
0.193896
-0.027558
0.799224
-0.161816
-0.457119
-0.137493
-0.873021
-0.589146
-0.147732
-0.695523
0.182460
0.991425
-0.872952
0.064837
-0.013438
0.907059
0.860791
-0.735886
0.586682
-0.061032
0.017584
-0.409307
-1.000000
0.531082
0.703658
-0.224478
-0.702765
0.143797
-0.900460
0.778392
0.228306
-0.228035
1.000000
-0.230337
-0.161252
-0.074579
-1.000000
0.099215
0.299703
-0.325413
-0.800950
-0.979967
0.915187
-0.496886
0.722035
-0.447773
-0.524345
-0.070482
0.579797
-0.935288
-0.960373
-0.260544
0.107746
0.214662
0.517751
0.267877
-0.827893
-0.307472
-0.475807
-0.031797
-0.623362
0.277389
0.146851
0.450174
-0.431903
0.873929
-0.842016
0.450497
0.966880
0.820279
-0.938413
-0.871981
0.868971
0.791589
0.427711
0.384816
-0.640443
-0.527828
0.586441
0.001555
0.025458
0.520378
-0.090395
-0.096581
-0.183755
-0.520864
-0.728819
0.563767
0.732323
-0.711073
0.459656
0.036296
-0.126184
-0.583620
-0.163247
0.778217
0.236263
-0.915287
0.266595
-0.325862
-0.481658
-0.589150
0.530473
-0.589385
0.582620
0.581692
0.579808
0.102955
-0.018135
0.574404
-0.412300
-0.098404
-0.308327
0.917320
-0.220119
0.019146
-0.143374
-1.000000
-0.720508
0.807015
0.387167
-0.459255
0.033838
0.583080
-0.055409
-0.667881
0.072550
0.263860
-1.000000
-0.584915
-0.842133
0.881066
-0.326347
-0.335681
0.494415
0.084181
0.699219
0.712642
0.766176
-0.544717
0.615867
-0.973737
-0.278842
0.646608
0.827343
0.530018
0.253329
0.882998
0.480390
-0.317260
0.651232
-1.000000
-0.786451
0.575156
-0.119046
0.845616
0.729757
-0.569607
0.678037
0.413300
0.995297
0.251167
-0.323236
0.956072
0.652223
-0.286279
0.858924
-0.815731
-0.480360
-0.111280
0.349695
0.260796
1.000000
0.580681
0.391234
0.559257
-0.916877
0.711203
0.715562
-0.087085
0.541949
0.799317
