0.401326
0.225272
0.097632
-0.455933
-0.581720
-0.540416
-0.360769
0.797268
0.509091
-0.189121
-0.853328
-0.666025
0.384807
-0.915084
-0.911140
-0.456726
0.387334
0.348790
-0.279966
-0.297178
-0.817831
-1.000000
-0.070801
-0.997814
-0.197397
0.883923
-0.131403
-0.510667
-0.864705
0.751134
-0.977096
-0.245831
0.734611
-0.643019
0.514726
0.298713
0.530036
-0.038930
-0.333775
-0.886269
0.298360
-0.526201
-1.000000
0.401849
0.842362
0.098834
0.868608
-0.525498
-0.575624
0.032511
-0.271305
-0.781966
0.594383
0.783930
-0.659891
0.205808
0.197357
-0.417986
0.176075
-0.213838
-0.400028
-0.495051
-0.211778
0.681563
-0.313717
0.222754
0.999445
-0.931580
-0.539439
-0.913972
0.601829
-0.023948
0.697764
-0.101211
-0.889744
-0.733206
-0.704672
0.708356
-0.759948
0.318215
-0.526780
0.289461
-0.039553
0.632333
0.439620
-0.496654
0.779941
0.765136
0.651555
-0.352199
0.349246
-0.462105
-0.952510
0.059590
-0.520323
0.907652
-0.225860
0.491426
0.738672
0.938240
-0.713763
-0.165941
0.924276
-0.306767
-0.154448
0.155798
0.063266
-0.211379
0.939150
-0.385554
0.955071
-0.522157
0.656561
-0.207238
-0.424292
0.227139
-0.585945
0.468608
0.448273
0.642437
0.738244
0.144202
0.695072
0.070201
-0.554051
-0.977198
-0.567888
0.796226
-0.542036
-0.997888
-0.946955
0.719794
0.621831
-0.668205
0.481805
-0.168142
-0.784927
-0.898544
1.000000
-0.343132
-0.052932
1.000000
0.227700
0.583465
0.598294
0.756553
-0.986406
0.439282
-0.869437
0.128138
0.616364
-0.166568
-0.480839
0.260447
-0.852623
0.668444
-0.728566
-0.230915
-0.483271
-0.523409
0.606637
-0.200110
-0.379914
0.239243
-0.674644
-0.071179
-0.856482
0.263311
0.349774
0.316972
-0.175125
-0.491517
0.729781
0.754782
0.704570
0.610176
-0.251228
0.245595
-0.152399
0.717788
-0.841129
0.456634
0.461284
-0.113662
0.971721
0.182880
0.237197
0.688945
0.680879
1.000000
0.300742
-0.399915
-0.083260
0.061142
0.448523
-0.357348
-0.028583
-0.366147
-0.830827
-0.339687
0.610088
-0.955982
-0.369549
0.901371
0.300195
-0.919989
-0.195496
-0.423965
0.699245
0.169416
-0.237545
0.412286
0.346307
-0.088035
-0.216528
-0.617151
-0.177911
-0.430323
0.544341
0.404431
-0.501392
-0.420249
0.972074
-0.053318
0.970652
-0.869806
-0.354902
-0.034023
0.843085
0.051058
0.550420
0.193731
-0.020675
0.762055
-0.083070
0.159410
-0.825752
-0.953602
0.812256
0.546666
0.113987
0.338578
0.300027
0.063499
0.061787
0.810437
-0.669640
0.042678
-0.815770
-0.624975
-0.069069
0.180781
-0.070822
0.444560
0.151724
0.489204
-0.308126
0.561811
0.349347
0.407682
-0.692560
0.012229
0.037698
-0.892641
0.310056
