-189.400000
3.000000
-1.000000
-1.000000
22.000000
-1.000000
79.000000
-1.000000
-1.000000
49.600000
-0.076500
-0.463581
-0.179543
-0.864033
-0.767547
0.676134
0.639173
-0.261414
0.368510
0.705285
-0.714352
-1.000000
-0.739953
-0.370813
0.331873
-0.872105
-1.000000
-1.000000
1.000000
-1.000000
1.000000
0.004600
0.357891
0.285473
-0.564857
-0.220807
0.321798
-0.492928
0.431521
0.801054
-0.776419
-0.416984
-0.541891
0.108336
-0.325727
-0.075050
0.126261
0.954521
-1.000000
-0.529895
0.349265
-0.529505
1.000000
-0.046732
-0.615470
-1.000000
-0.689154
-0.417745
0.525603
-0.756051
0.581382
0.288375
1.000000
0.022287
0.189946
0.401195
-0.227778
-0.510302
0.359943
1.000000
-0.606717
-0.883825
0.474452
1.000000
-0.584046
0.539099
-0.459134
-1.000000
0.896779
0.288318
1.000000
0.365608
0.377888
-0.459231
-0.303118
-0.398359
0.029901
-0.569170
0.510797
0.667698
1.000000
-0.374604
0.341582
-0.002617
0.376609
-0.154882
-0.263955
0.243539
0.971539
-1.000000
-0.366186
1.000000
-0.668623
-0.486574
-0.014425
-0.354039
-0.239164
0.678395
-1.000000
-0.969311
0.679066
0.186639
1.000000
-1.000000
-0.193172
0.727315
-0.220454
0.264514
-0.141294
-0.161824
0.851020
-0.161481
0.143366
1.000000
-0.760359
-0.626800
0.953711
0.083333
-0.129980
-0.901728
0.064907
-0.419443
-0.454632
-0.834698
0.801182
-0.329873
-1.000000
-0.228397
-0.385349
-0.005370
0.324471
-0.313704
0.121525
1.000000
-0.739671
-0.922740
1.000000
-0.163403
0.205507
-0.369347
0.084832
-0.858101
-0.452771
-0.320897
-0.205339
-0.766274
-0.642096
-1.000000
1.000000
-0.393152
-0.505147
-1.000000
-0.459456
-0.537351
-0.673389
-0.754523
-0.066378
-0.601908
-0.052613
-0.192965
-0.512855
-0.222486
-1.000000
-0.378247
-1.000000
0.002089
0.930255
0.954950
-0.654799
0.802798
1.000000
-1.000000
-0.457816
0.239692
-0.527641
-0.001101
1.000000
1.000000
-0.308389
0.440403
-1.000000
1.000000
-1.000000
-1.000000
0.072969
1.000000
0.588884
-0.719923
0.786671
0.275599
-0.514549
-0.195047
-1.000000
-0.271096
0.624580
0.225033
-1.000000
-0.071994
-1.000000
0.381683
-0.013171
0.136235
0.513191
-1.000000
0.660413
0.351941
-1.000000
0.046863
-1.000000
0.203594
-0.747394
-0.909306
-0.017261
0.301918
-0.902297
-0.825860
-1.000000
0.104267
0.203124
-0.781206
0.300767
0.995017
1.000000
0.827656
0.120176
-0.388560
0.068040
-0.136786
1.000000
-0.458004
0.359074
-0.252434
1.000000
-0.373614
0.276260
-0.169355
0.044484
-1.000000
0.614578
0.855013
-0.455883
1.000000
0.215269
-1.000000
-0.363439
-0.151131
0.184772
0.959620
-0.496136
0.158265
-0.824272
0.199518
0.777929
0.773147
-0.956129
-0.903644
0.498198
-0.128566
1.000000
-0.731084
-0.431304
0.465353
-0.497317
-0.992248
0.529998
