-175.000000
3.000000
-1.000000
-1.000000
50.000000
-1.000000
80.800000
-1.000000
-1.000000
14.200000
-0.027152
-0.029647
-0.187466
-0.537253
0.490125
0.659814
-0.263117
0.220811
-0.058655
0.528508
0.286580
-0.030551
0.729194
-0.013115
0.846396
-0.091209
-0.575570
-0.193116
0.656052
-0.695090
-0.184431
1.000000
0.594022
0.509087
0.215253
-0.423465
-0.284614
-0.610408
0.988384
-0.898525
0.271611
0.408644
0.325488
0.373989
-0.345097
-0.498297
0.620429
0.107599
0.698045
-0.223170
0.650584
-0.475089
-0.551862
-0.750410
-0.087898
-0.493961
0.195992
0.347011
-0.902504
0.915858
0.937829
0.183734
-0.475937
-0.981334
0.422976
0.075349
-0.502680
-0.319752
-0.256442
0.626088
0.577098
0.119951
-0.682732
0.087246
-0.114278
0.494654
-0.318748
0.227717
-0.708847
-0.990707
0.286619
0.620250
0.241168
-0.696787
-0.572728
0.600374
0.686740
-0.983898
0.936506
1.000000
0.587060
0.088914
0.307901
0.781858
0.079736
0.809281
0.456709
-0.812202
-0.327133
-0.638994
0.854178
0.268090
0.899504
-0.068626
0.275648
0.136860
-0.424719
0.565270
-0.296331
0.465445
0.473509
-0.356469
0.423632
-0.875063
-0.385891
-1.000000
-0.985272
0.793913
-0.754640
0.217126
-0.339908
-0.790718
-0.449827
0.826857
-0.980707
0.721011
-0.462609
0.466158
-0.689189
-0.341258
-0.245086
-0.345906
-0.809689
0.779325
0.293240
0.396514
-0.265435
-0.263182
-0.050590
0.885642
-0.114412
-0.280431
0.081037
0.443174
-0.126200
0.176229
-0.829712
-0.301938
-0.043142
0.585794
0.712703
-0.054888
0.482711
0.963293
0.285093
-0.464091
0.268133
0.622604
-0.779461
-0.767736
0.455781
0.760053
-0.303233
-0.691031
0.768066
0.683482
-0.351641
0.808177
-0.919991
-0.395550
-0.183778
-0.700839
0.878882
-0.949468
0.640013
-0.638674
-0.186112
0.937157
0.437787
0.049796
0.430081
-0.685889
-0.997895
-0.333972
0.401836
-0.487908
-1.000000
1.000000
0.912165
-0.465638
-0.027969
0.756249
-0.534061
0.725454
0.528507
-0.768830
-0.136987
0.583022
-0.616931
0.853050
-0.585256
0.912686
-0.356282
0.107541
0.616939
0.199473
0.667445
-0.895354
0.319987
-0.716443
-0.186412
-0.454448
-0.414718
0.026812
0.254137
0.520755
-0.374835
-0.251227
-0.182179
-0.458671
-0.852757
0.715558
-0.035873
-0.133664
-0.600679
-0.301368
0.150551
0.348703
0.877518
0.505381
0.063660
0.213384
0.164950
-0.165925
0.006033
-0.358378
-0.378955
-0.461828
0.095610
0.812544
-0.822327
-0.755797
-0.617898
-0.713878
0.698055
0.375782
-0.548749
0.699868
0.076931
0.353631
-0.568608
0.292401
0.614262
0.192103
-0.849624
-0.871086
0.432848
0.356086
-0.531475
1.000000
0.590158
-0.904224
0.506190
-0.082031
-0.277152
0.163148
0.752803
-0.216114
0.972877
-0.302284
0.795539
-0.543361
0.376498
-0.238470
-0.556378
