-90.200000
4.000000
-1.000000
-1.000000
22.000000
24.400000
72.400000
-1.000000
-1.000000
61.000000
-0.493158
-0.490643
-0.899467
-0.773836
0.777227
-0.282526
0.349177
-0.468623
-0.927568
0.118216
0.705691
0.558433
-0.697448
-0.790924
-0.828598
0.770836
-0.343233
0.069064
-0.602413
-0.757881
-0.193992
-0.657204
-0.492420
-0.627260
0.430782
0.479022
0.698139
0.677207
0.331816
-0.951670
0.278450
0.891303
-0.172932
-0.656333
0.360566
-0.973945
-0.068525
0.379685
0.032255
-0.966502
-0.884447
0.603130
0.758448
-0.836390
0.343115
0.195994
0.698949
-0.267404
-0.720597
0.745681
-0.636526
-0.315274
-0.530310
-0.630481
-0.364576
0.396420
0.942059
0.222571
0.741330
-0.603212
-0.912795
0.590396
-0.600526
0.413932
0.150662
-0.029301
0.986493
0.424541
0.198167
-0.925930
0.627057
-0.692216
0.636478
-0.017295
-0.429485
-0.106610
-0.047218
0.036528
-0.311310
-0.137798
0.684244
-0.277120
-0.235512
0.004349
-0.995602
-0.316087
-0.419998
0.110476
0.113104
-0.593622
-0.756031
0.964249
-0.458666
0.504074
0.393934
0.265837
-0.156514
0.629638
0.331370
-0.685199
0.707512
0.250578
0.570836
-0.216026
0.568985
-0.545015
0.901695
-0.114685
0.818630
-0.627311
-0.809381
0.414203
0.744283
0.441029
0.974190
0.067660
0.841017
0.020772
-0.884993
-0.643724
-0.457811
-0.078338
0.194131
-0.282939
0.814210
0.997037
-0.162843
0.991820
0.782721
0.859026
0.452816
-0.101214
0.557487
0.822570
0.831137
-0.879475
0.416952
0.656283
-0.942865
0.941937
-0.988014
-0.781939
-0.298184
-0.759543
-0.821987
-0.503387
0.015227
0.180681
-0.190229
0.409112
-0.447288
-0.110853
0.992301
0.746098
-0.284860
-0.939329
0.512314
0.496333
0.926983
0.044856
-0.751346
0.513128
0.146003
-0.437710
0.367952
0.528241
-0.940662
-0.609023
0.415133
-0.554642
-1.000000
0.988616
-0.464705
0.912720
-0.736567
0.464421
-0.181148
0.244038
-0.447536
-0.533544
0.146580
0.307347
-1.000000
-0.965551
0.662050
-0.336780
0.864650
0.142590
0.295234
0.979284
0.639189
0.952046
0.717006
-0.170412
-0.368473
0.233892
0.381311
0.005021
0.781150
0.247149
0.826160
-0.717270
-0.386173
-0.250155
0.859375
-0.569307
-0.051420
-0.066758
0.479836
0.993643
-0.783486
-0.291181
0.064725
0.952673
-0.085028
0.085464
-0.226520
0.360914
-0.836140
-0.459874
-0.749363
0.520753
-0.033970
-0.120244
-0.623681
-0.017414
0.919719
0.140089
-0.373661
-0.798493
0.652628
-0.453877
-0.766404
-0.991955
-0.678630
-0.552442
-0.579162
0.527034
0.782923
0.061646
-0.575948
-0.083376
0.296279
0.985281
-0.234396
0.368915
-0.352724
-0.099551
0.530704
-0.378891
-0.345386
0.285187
0.015236
0.222159
-0.728459
0.909660
-0.420855
-0.577659
-0.437196
-0.632691
0.228905
0.598955
-0.167004
0.540054
0.309215
