-72.200000
4.000000
-1.000000
68.000000
0.000000
47.800000
82.000000
-1.000000
-1.000000
-1.000000
-0.666115
0.437923
0.462380
0.281387
-0.811186
0.089228
0.394636
0.685590
-0.492000
0.369425
0.840504
0.035138
0.253618
-0.651355
0.168074
0.305114
1.000000
-0.940450
-0.890535
0.562129
0.783471
-0.487527
-0.169733
-0.897829
-0.325842
-0.334299
-0.332932
0.970508
0.112440
-0.726780
-0.379253
-0.248837
0.326857
-0.450962
0.290844
-0.254407
-0.130382
0.154728
-0.610034
1.000000
0.429335
-0.847994
-0.479833
-0.721367
-0.950566
-1.000000
0.945824
0.350224
0.024395
0.006776
0.268665
-0.503139
-1.000000
0.557579
-0.450200
0.226351
0.357798
0.591813
0.567511
0.548128
-0.555494
0.817224
-0.088888
-0.796211
0.219988
-0.173283
0.282404
-0.596871
-0.812977
-0.925686
-0.610598
-0.199180
-0.470547
-0.050776
-1.000000
0.793026
-0.861457
0.873624
-0.634139
-0.763191
-0.905736
0.290516
0.743399
0.216321
-0.535800
0.015274
-0.721928
0.291140
0.282584
0.950520
-0.824310
0.983396
0.082492
-0.040803
-0.381753
-0.113994
0.465823
-0.895961
-0.119787
0.097099
0.025043
0.757766
0.297391
0.114396
0.293027
-1.000000
-0.578640
0.906105
-0.512089
0.296149
0.010722
0.745308
0.007105
0.203426
0.280933
-0.019617
-0.533740
-0.288917
0.772428
-0.685423
0.404436
-1.000000
0.826196
0.743390
-0.693113
0.590757
-0.812045
1.000000
-0.672601
-1.000000
-0.513245
-0.430619
0.602240
0.365504
-0.537112
-0.393425
-0.159759
0.702523
-0.978970
0.782301
0.173311
0.386372
0.314798
0.714413
0.251978
0.561704
-0.891324
0.877873
-0.373151
-0.847817
0.093580
-0.728010
0.154522
-0.122917
0.333859
-0.813956
0.179025
0.035871
-0.137160
-0.009032
0.376968
-0.485013
0.778753
0.540885
-0.568723
0.350528
-0.029218
0.336614
0.610505
0.102374
0.093259
0.758216
-0.685292
-0.667919
0.592607
0.036791
0.603852
0.805979
1.000000
0.940025
-0.299997
-0.620012
0.467134
0.662595
0.565788
0.210477
-0.929178
0.447210
-0.301307
0.177934
-0.985434
0.079687
0.070341
-0.585442
0.574127
-1.000000
0.482552
-0.351820
-0.085908
0.089616
0.309909
0.545605
-0.682756
0.687094
0.934003
0.814096
-0.934779
0.956104
0.208396
0.979098
-0.461371
0.803935
0.440711
0.058253
-0.346194
0.417965
-0.555176
-0.362262
-0.085423
-0.861528
-0.864015
0.051454
-0.172016
0.528223
0.112762
-0.831989
0.411526
0.181492
0.675712
0.326172
-0.213973
-0.343668
0.572833
0.661650
-0.063029
-0.386056
0.381551
0.173986
0.855396
-0.122269
0.108436
-0.384302
-0.095607
0.066022
-0.729146
0.871565
-0.815215
-0.748019
-0.502378
-0.053028
0.499837
-0.679644
-0.022527
0.088383
0.932445
0.943476
0.995745
0.942562
-0.624389
-0.064042
-0.603627
-0.568815
0.551425
-0.363999
-0.806045
