0.757735
-0.190521
0.408184
-0.618414
0.734160
-0.170405
-0.169242
0.275355
0.328780
0.987466
0.528876
-0.452895
0.373563
-0.590340
-0.175725
-0.193470
-0.358299
1.000000
-1.000000
-0.440287
-0.417182
0.580905
0.543268
0.292836
1.000000
-1.000000
-1.000000
0.015161
-0.686084
-0.710049
-0.002909
0.087398
1.000000
0.164242
0.958601
-0.072264
-0.368603
0.573764
0.526910
-0.224814
-0.777824
-1.000000
0.747370
0.815733
0.129302
-0.721607
0.599792
-0.910906
-0.401501
0.046090
-1.000000
-0.246609
0.518954
-0.291326
-0.487992
-0.038646
0.384207
0.163386
0.299657
0.405576
-0.878810
-0.011465
-0.080911
-0.309002
-1.000000
0.053004
0.297936
0.355304
0.786034
0.634650
-0.444148
-0.390235
-0.096755
0.901696
0.270890
0.399358
-0.540726
-0.023622
-0.885926
0.822096
0.366674
-0.685737
-0.137214
-0.556140
0.843069
-0.008990
0.376540
-0.038960
1.000000
0.010853
0.575958
0.647687
-1.000000
0.712655
0.548801
-0.987287
-0.673078
0.468519
1.000000
1.000000
1.000000
0.613007
0.882459
0.587115
-0.290434
1.000000
-0.586262
0.365785
0.157426
0.378511
-0.123857
-0.825447
1.000000
1.000000
-1.000000
-0.361278
0.786980
-0.465180
-0.068434
-0.598638
1.000000
-1.000000
0.335196
0.265678
0.525477
0.280856
-0.709585
0.239696
0.599425
-0.135690
-0.019931
-0.785179
0.717866
0.351985
-0.836718
-0.096737
-0.954619
1.000000
-0.243178
-0.446570
-0.895716
0.546877
1.000000
-0.576457
0.350776
0.785815
-0.180392
0.290936
1.000000
1.000000
0.408215
-1.000000
-0.379857
1.000000
-0.074378
-0.771853
0.774222
-0.779960
-0.039286
0.464029
-0.509840
1.000000
1.000000
-0.899560
-0.071114
0.737301
-0.289937
0.748228
-0.970998
0.389176
0.207892
-0.124763
-0.090400
-0.111225
0.235069
0.558822
-0.639176
0.511864
0.170062
-0.482788
0.270584
-0.969451
-0.284433
-0.666846
-0.739231
-1.000000
1.000000
1.000000
0.741266
-0.455708
-0.964393
-0.677594
-0.080887
0.452711
-0.269263
1.000000
-0.890119
-0.079913
-1.000000
-1.000000
-1.000000
-0.009410
0.184550
0.018505
-1.000000
0.537737
0.795434
0.353286
1.000000
-0.055776
-0.586527
-0.916128
-0.844444
0.604924
-0.814448
-0.552646
0.138520
1.000000
-0.852803
0.402108
-0.069981
-0.183037
-1.000000
0.604424
0.492947
-0.334720
1.000000
-0.559190
0.699922
0.742672
0.619674
1.000000
-0.129167
-0.776755
0.189244
0.540069
-0.493602
-0.302119
-1.000000
-0.348444
1.000000
0.009675
0.825684
0.006986
-0.386163
0.435941
-0.892814
-0.185162
-0.104356
1.000000
-0.629951
0.460475
-0.279171
1.000000
0.052070
0.403855
-0.181999
0.070121
0.105183
0.467684
-0.210277
-0.688625
0.519838
0.670524
-0.750911
