0.625777
0.383946
-0.246732
-0.453605
1.000000
-0.872310
0.996306
0.317009
1.000000
1.000000
0.881251
0.040664
0.291603
-0.266009
-0.232091
-0.140090
1.000000
0.339832
0.047144
0.773760
1.000000
0.888380
0.532432
0.272470
-0.450572
0.697596
-0.261360
1.000000
-0.280008
-0.681910
-0.649160
0.575293
0.340513
-0.314495
-1.000000
0.140533
0.142241
-1.000000
-0.663247
0.934953
-0.479372
0.321144
0.228346
-0.386468
-0.047234
0.860266
-0.018211
-0.240932
-0.488272
-0.301398
0.943675
0.817283
-0.249961
-1.000000
-0.692624
-0.412936
-1.000000
0.436515
-1.000000
-0.048823
0.356455
-1.000000
0.515158
0.050442
1.000000
0.525999
1.000000
-0.405093
0.320165
-0.269407
0.920894
0.378846
-1.000000
1.000000
-0.683490
1.000000
0.324889
-0.732354
-0.598418
-0.720044
1.000000
1.000000
-0.087436
-0.694984
-0.673571
-1.000000
0.452452
1.000000
-0.895063
0.247317
0.858724
-1.000000
0.243851
-0.361065
-1.000000
0.220938
1.000000
1.000000
-0.222199
0.424066
-0.276171
-0.360424
-1.000000
0.805101
-0.633135
0.752383
-0.397425
-0.067415
0.442156
-0.377997
0.107425
-1.000000
0.624281
-1.000000
-0.634590
1.000000
0.444909
-0.450496
-0.128075
1.000000
1.000000
-0.836897
1.000000
0.970832
-1.000000
0.080941
-0.044293
-0.367973
0.639503
0.444659
-0.220033
-0.689260
-0.175927
0.919134
-0.353964
-0.818528
0.778524
1.000000
0.567697
-0.569588
-0.429946
1.000000
-0.004168
-0.370936
1.000000
-1.000000
1.000000
-0.887715
0.054218
-0.559968
-1.000000
0.350895
-0.373072
1.000000
0.364682
0.219676
0.714659
1.000000
0.025397
-0.777766
-0.997477
1.000000
-0.230910
-1.000000
-1.000000
-0.100467
-0.513491
-0.304773
0.533029
-0.824084
1.000000
-0.562976
0.745693
-1.000000
-0.537161
0.475544
0.576269
-0.660305
0.596226
-0.570786
-0.913675
-0.862171
0.379486
1.000000
-0.877175
0.645885
0.892289
0.065143
1.000000
0.020652
0.525008
1.000000
-0.716113
-0.932477
-0.365139
-0.280894
-0.186177
-1.000000
-0.173969
1.000000
-0.481142
-0.395606
-0.012870
0.875770
0.765015
1.000000
0.330704
0.738863
1.000000
-1.000000
-1.000000
-0.939419
-0.973148
-0.990428
0.519930
-0.219054
-0.481436
0.743527
1.000000
0.786866
0.706722
0.622695
-0.744890
-0.009681
1.000000
-0.554002
0.737398
1.000000
1.000000
-0.510989
-1.000000
-0.968353
-0.787200
0.313796
1.000000
1.000000
0.545051
-1.000000
0.278012
-0.542101
-0.555397
0.677118
0.922022
1.000000
0.020577
1.000000
-0.854322
1.000000
-0.045041
0.728896
-0.575661
-0.172790
-0.229402
-0.471984
0.361370
-1.000000
1.000000
-0.634429
0.068050
0.144118
-0.241010
0.740115
1.000000
0.715404
-0.663447
