0.549639
-0.562381
-1.000000
-0.439354
0.397950
-0.098739
-0.513852
-0.138835
0.812259
0.679735
-0.203546
-0.027573
-0.554585
0.632688
0.245243
0.342734
0.512675
-0.406164
0.340968
-0.212436
-0.266848
-0.539526
-0.267974
0.021800
-0.834564
-0.124760
0.507425
0.587925
-0.276140
-0.407399
-0.656215
0.511320
-1.000000
0.103481
-0.503045
-0.837492
-0.297167
1.000000
-0.032483
0.333909
0.743621
0.834220
0.659848
-0.434627
0.665671
-0.478413
-0.655121
-0.439103
-0.751286
-0.320772
-0.750102
0.368398
0.124963
-0.514562
-0.879387
-0.009279
0.071184
-0.519523
-0.356361
-0.315003
-0.803930
-0.719984
-0.709897
0.966295
0.934718
-1.000000
-0.409380
0.212910
-0.455641
-1.000000
0.637328
-0.176455
0.873485
-1.000000
0.325897
1.000000
1.000000
-1.000000
-0.996457
-0.834720
-0.641411
-0.482294
-0.508389
-0.035703
0.860150
-0.800255
-1.000000
0.170223
-0.964742
0.682593
-0.852724
0.277232
-0.832023
-0.689902
0.567540
-0.035924
-0.992485
0.458824
0.586148
-0.058261
0.674829
-1.000000
0.019174
0.191618
0.910318
-0.468477
-0.246912
-1.000000
-0.395957
1.000000
0.473981
0.485079
-0.247166
0.414548
-0.935818
0.608839
-0.882351
0.811244
0.553589
-0.501614
-0.258043
0.145011
-0.081611
0.360592
0.777338
0.148647
1.000000
-0.434905
0.143998
-0.839827
-0.759185
0.013206
-1.000000
0.828650
-0.275712
0.284302
0.638612
-0.923466
0.965236
-0.492630
0.166138
0.120825
0.720918
0.701488
0.253538
-0.285996
-0.793151
-0.895591
0.819458
-0.435324
0.860346
0.790370
0.674229
-0.197512
0.510911
-0.455995
-0.465533
-0.647368
1.000000
-0.584068
-1.000000
-1.000000
-0.526980
1.000000
0.348531
0.629020
0.710659
0.459984
-0.042692
1.000000
-0.826560
-0.694535
0.755511
-0.906620
-1.000000
-0.503090
-0.834089
-0.588856
-0.915617
-0.453603
0.148451
-0.771548
0.904661
-0.151272
0.122709
-0.149481
-0.851321
-1.000000
-0.853363
-0.569981
-1.000000
0.316992
-0.130854
-0.780471
1.000000
0.471912
0.747420
-0.981519
-0.478709
0.525614
0.359744
-0.584749
-0.189951
0.658655
0.005835
-0.611185
-0.875546
-0.156804
0.720052
-0.089797
-0.972083
0.070875
0.558738
0.126773
-0.186683
-0.322010
-0.021440
-0.088049
-0.867245
0.247162
-0.555943
0.832063
0.294122
-0.726733
0.125028
-1.000000
-0.006816
-0.192225
0.402688
0.030723
0.711309
-0.212894
0.450885
0.422837
-0.485950
0.162836
-0.517582
-0.891481
1.000000
-0.259297
-0.418152
0.924970
0.593517
-1.000000
-0.002801
0.340338
-0.070777
0.488435
0.440521
-1.000000
0.035722
0.833722
0.311182
-0.364340
0.799006
-0.760518
-0.984812
-0.090810
0.432300
0.806447
-0.398453
1.000000
0.505301
0.317180
-0.384805
