-214.600000
3.000000
100.000000
-1.000000
-1.000000
20.200000
95.200000
-1.000000
-1.000000
-1.000000
1.000000
-0.455510
-1.000000
-0.075820
0.212869
0.599356
0.607665
0.592697
-0.808527
-0.618101
-0.460658
-0.204867
1.000000
-0.430430
0.102593
0.042974
0.068976
0.240442
-0.701928
0.929083
0.114692
0.075504
-0.496363
-0.477963
1.000000
-1.000000
-0.344492
0.644222
0.500057
0.227844
0.036137
0.725392
-0.931167
-0.208660
0.070231
0.620079
0.864499
-0.597317
0.528904
1.000000
-0.508600
0.176564
0.222632
1.000000
0.032575
-0.669027
-0.216338
-0.239114
-0.520295
0.368886
0.240322
-1.000000
-0.021875
-0.431125
-0.824036
-0.735616
0.620665
0.871258
0.214478
-0.005235
-0.919988
-1.000000
0.751747
-0.031432
0.754740
-0.228798
0.271490
-0.506955
0.795671
-0.871286
-0.517239
0.175398
-0.031088
0.270340
-0.327600
-1.000000
-0.838105
-0.125001
-1.000000
0.771433
0.503083
1.000000
-1.000000
0.525802
0.469253
0.082425
-0.941939
-0.248006
-0.257429
0.475470
1.000000
-0.999614
0.178739
1.000000
-0.972183
-0.873616
-0.693512
-1.000000
0.509124
0.668645
0.310881
-0.524838
0.216526
-0.083129
0.844421
-0.057198
-0.904574
0.994189
-0.289413
-0.397852
-0.346990
0.710993
-0.352234
0.452575
0.387755
0.005448
0.186338
1.000000
0.618917
0.054749
0.155317
0.112185
-0.421698
0.278966
1.000000
1.000000
-1.000000
-0.446326
0.803844
-0.597807
0.932603
-0.434625
1.000000
0.352063
0.169269
0.159434
-0.623611
-0.192713
-0.375212
-0.143354
-0.885610
0.113520
-0.434667
-0.343578
-0.886133
-0.532633
0.369710
0.236507
-0.171004
0.873611
-0.582607
-0.922537
0.704052
-0.811278
-0.620849
-0.557529
0.005434
0.562019
-0.479895
0.902620
-0.448612
0.764800
0.267837
0.363099
-0.924378
0.432567
-0.094512
0.456149
0.982457
-0.537955
0.360029
0.965675
1.000000
1.000000
-0.342841
0.320499
-0.588902
1.000000
0.137956
1.000000
-1.000000
-0.850695
-1.000000
0.723768
1.000000
-1.000000
1.000000
-1.000000
0.828350
0.401295
-1.000000
-0.647701
0.048157
0.914074
0.023313
0.743494
-1.000000
1.000000
1.000000
0.215878
0.076455
-0.758304
0.283836
-0.819899
-0.658232
-0.517909
-1.000000
-1.000000
0.657936
-0.428485
-0.260392
-0.084961
0.105061
0.720594
-1.000000
0.676079
0.094080
0.438173
-0.609265
0.007580
0.752984
-0.707550
-0.574019
-0.709757
-0.458823
0.258445
-0.521699
0.371738
-0.988336
-0.002106
-1.000000
-1.000000
0.294799
-0.011248
1.000000
-0.836008
0.817272
0.140888
-1.000000
-0.162001
-0.497927
-0.209229
-1.000000
-0.246849
0.385696
-0.308949
-0.191735
-0.224620
0.280983
0.005353
0.354688
0.000621
0.207336
-0.146236
-0.183529
0.836777
0.912636
0.800458
-0.143951
0.235871
-1.000000
-0.596157
0.632056
0.655330
0.000181
