-233.600000
2.000000
-1.000000
-1.000000
-1.000000
24.400000
82.000000
-1.000000
-1.000000
-1.000000
-0.926912
-0.631224
-0.471826
-0.872388
0.027000
-0.709286
0.189023
-0.722401
0.273833
0.280143
0.155821
-0.790276
-0.006818
0.251727
0.874020
-0.930831
-0.115625
-0.884008
-0.569124
-0.349410
-1.000000
0.867055
0.267476
0.844660
-0.712962
-0.635321
0.832380
0.729758
0.108325
0.763483
0.722689
0.218682
0.712445
-0.944570
0.151009
0.325599
-1.000000
0.014960
-1.000000
0.407024
-0.552483
-0.103426
0.315215
1.000000
0.626803
0.520438
0.861507
0.767950
0.838507
0.262739
0.934162
0.207150
0.446178
-0.569556
-1.000000
-0.198027
0.726085
0.104252
-0.923223
-0.540233
-1.000000
-0.898645
-0.538322
0.563693
0.825708
-0.134856
-0.410182
0.119804
-0.412636
-0.204712
-0.342147
0.860070
0.159335
-0.857685
-0.998049
0.526252
-0.135887
0.920674
0.715888
-0.334928
-0.471870
0.401846
-0.669507
0.203607
0.153636
-0.061418
0.894073
-0.495920
0.755014
0.954272
0.666611
0.821311
0.438863
0.818249
0.086486
0.158490
-0.944346
-0.890529
0.454824
-0.464795
0.564274
-0.567402
0.524860
0.613370
-0.255823
-0.934744
0.683426
-0.583924
-0.736532
-0.047626
0.712273
0.561356
-1.000000
0.728863
-0.538034
0.579501
-0.616931
0.210511
0.573367
0.714977
0.217958
-0.431907
0.717952
0.080824
-0.360041
-0.459104
-0.484611
0.724672
-0.429187
0.727502
0.875888
0.322935
0.727712
-0.269078
0.873839
0.240981
-0.569601
-0.150850
-0.241802
0.332224
-0.652828
0.395637
0.510883
0.133289
0.703640
0.275978
-0.845623
0.951342
-0.552729
0.199364
-0.404744
0.441429
-0.164264
-0.159766
-0.400276
-0.985255
0.851736
0.584708
1.000000
-0.707655
-0.593184
0.822146
-1.000000
0.751359
0.797125
0.178223
-0.885615
-0.611350
-0.243780
1.000000
0.443435
-0.564587
-0.272136
-0.547092
-0.907392
0.638589
0.704851
-0.176085
1.000000
0.973341
-0.585121
-0.668093
0.029414
0.272477
-0.182373
0.946748
-1.000000
-0.704152
-0.470731
0.391114
-0.615552
0.353174
-0.238324
-0.217723
0.570980
-0.609977
0.108293
-0.263662
0.194536
-0.959269
-0.988424
-0.884452
0.767727
0.748070
-0.096670
-0.501645
0.249256
-0.037300
0.409492
-0.980783
0.032098
-0.952649
0.961694
-0.282677
-0.717280
0.683346
0.953222
-0.638861
1.000000
0.880871
0.468998
0.347678
-0.440049
0.022998
0.760065
-0.745929
0.553150
0.752357
-0.108459
-0.477752
0.095280
0.007557
0.250555
-0.491363
-0.049347
-0.941413
-0.908677
0.860903
0.704302
0.481479
0.176671
0.873586
0.078594
-0.197683
-0.199583
-0.726692
-0.079929
0.044410
0.787673
0.841095
0.182044
-0.824603
-0.969560
0.327450
0.615809
0.260560
0.542235
0.696106
-0.025613
-0.923136
-0.083481
-0.039589
-1.000000
0.604570
-0.573739
