-73.000000
4.000000
-1.000000
50.000000
-1.000000
43.000000
38.800000
5.200000
-1.000000
-1.000000
-0.495823
0.378704
-0.630166
-0.610214
0.849740
0.596002
-0.703507
-0.240035
-0.330866
0.064930
-0.117298
-0.720761
-0.353058
-0.500520
-0.295452
-0.302402
0.193152
0.213892
-0.361550
0.713473
-0.022888
0.841230
0.935902
0.572930
0.251123
-0.553145
1.000000
-0.134515
0.313884
0.350734
1.000000
0.345440
0.605865
-0.718264
1.000000
0.887608
-0.471546
-0.447852
0.299979
0.016340
-0.501939
0.288980
0.035674
0.439184
-0.780727
-0.156778
-0.979145
-0.305376
0.980588
-0.692864
-0.678382
0.956364
-0.373218
-0.169651
0.666348
-0.353803
0.446837
0.324413
0.666235
0.542559
1.000000
0.783667
-0.120271
0.381743
-0.933358
0.519834
-0.722866
-0.176155
-0.401662
-0.429311
0.360171
-0.957060
0.830144
0.258501
0.956340
-0.476746
0.406987
0.188057
0.681312
0.617090
0.479641
-0.347006
0.730304
0.679934
-0.281459
0.969363
-0.368160
0.644616
1.000000
-0.070128
-0.858308
-0.508454
-0.850312
0.320017
-1.000000
-0.724762
0.484213
0.930231
-0.065265
0.212871
-0.127649
0.500820
0.116607
-0.953461
-0.041413
0.489733
0.183909
-0.996016
0.336205
0.900950
0.681766
0.674085
0.960825
-0.429473
0.988065
0.680790
-0.473147
-0.290361
0.490970
0.491069
0.436803
-0.186693
0.811654
0.047152
0.718169
-0.950577
0.948788
-0.210601
-0.421975
0.452996
-0.870158
-0.258859
-0.557812
0.427863
-0.365262
0.799764
0.683909
0.916567
-0.201123
0.942686
-0.123259
-0.699644
0.722370
0.922027
0.069565
0.960937
0.437174
0.768434
0.042095
0.771226
0.717470
0.843400
0.773741
0.704000
-0.910188
-0.176437
0.111276
0.104583
-0.659998
0.104963
0.849647
0.805106
-0.699894
1.000000
-0.838758
-0.598290
0.231586
0.453732
-0.715628
-0.476504
0.588062
-1.000000
-0.280957
0.080863
0.903681
-0.040996
0.907976
-0.044433
-0.024123
0.482840
0.719006
0.748353
-0.110292
-0.499114
-0.901524
0.928320
-1.000000
-0.472597
0.536347
0.464505
-0.095075
0.477352
0.064073
-0.679816
0.415476
0.237728
0.684058
-0.588250
0.166216
0.705077
-0.877571
-1.000000
0.158624
-0.195395
0.428360
-0.916507
0.314919
-0.496222
0.170004
-0.257468
0.319870
0.899366
-0.500001
-0.159552
-0.424087
0.500023
-0.260624
0.325173
-0.186374
0.312522
-0.051015
0.172178
0.634420
-0.590143
-0.389299
-0.868937
0.289584
-0.757518
-0.238332
-0.742178
0.790701
0.768350
-1.000000
-0.139426
-0.531570
0.979148
0.528354
0.518441
-0.535995
0.028265
-0.748137
-0.835124
-0.934332
0.036020
0.742839
-0.896752
0.595217
0.828278
0.874606
0.571642
0.240397
0.888141
0.333305
-0.983897
-0.751272
-0.030503
0.543756
-0.278523
0.591643
-0.493901
0.004535
-0.637452
0.964499
0.903477
0.358380
