-0.167558
-0.066954
0.538503
-0.917926
-0.485561
0.148185
-0.044905
0.436717
0.136816
0.021622
-0.180984
0.919785
-0.137571
0.452060
0.897535
-1.000000
0.560476
-0.127823
0.888368
-0.647658
0.637436
-0.902450
-0.514543
-0.384159
0.800610
0.585343
-0.604715
-0.535595
-0.635220
0.191476
0.187153
0.375594
0.109875
0.408214
0.413386
1.000000
-0.991054
-0.526327
0.237008
-0.615732
0.321087
-0.225820
0.557389
0.786663
-0.691120
0.164141
0.576383
0.874033
0.962388
-0.042867
-0.226363
0.882099
-1.000000
0.347337
-0.942458
-0.399102
-0.752994
-0.111373
0.137000
-0.207351
-0.007728
-0.424414
0.923530
0.403774
-0.894787
-0.338534
-0.989799
0.446313
0.097585
-0.036319
-0.706217
-1.000000
0.495528
-0.325114
0.903037
0.765772
-0.880902
-0.146296
0.340996
0.857820
-0.887565
0.297592
0.011699
-0.368611
-0.276687
-0.205830
0.987248
0.323633
-0.768678
-0.091497
0.134910
0.169882
0.407097
0.376598
-0.447867
0.819465
-0.870222
-0.855134
-0.954086
0.168674
-0.138409
-0.589796
-0.383428
0.814517
0.627727
-0.491289
0.520795
-0.763106
-0.648246
0.844590
0.887271
-0.043108
-0.370462
0.032348
-0.176510
0.214400
0.233411
-0.440403
-0.701212
-0.693354
0.793626
-0.276203
0.482466
-1.000000
0.702058
-0.920063
-0.405506
-0.162061
-0.986216
-0.574890
0.716931
-0.176970
0.882242
0.530229
0.642814
-0.581677
0.226455
-1.000000
0.057816
0.493514
-0.118738
0.653331
-0.105815
0.321824
0.233325
-0.546853
1.000000
0.602103
-0.258657
0.369003
-1.000000
-0.018986
-0.747651
-0.728557
0.971801
0.816154
-0.211729
-0.793917
-0.051733
-0.952223
-0.770862
-1.000000
0.387818
0.752149
0.004401
0.157685
0.751389
0.997213
-0.654063
0.658014
-0.808640
-0.479268
-0.508406
1.000000
-0.290626
-0.432795
0.812363
-0.044244
0.520143
-0.537915
1.000000
0.037944
0.768519
1.000000
0.679371
-0.299390
0.697718
-0.165933
0.941698
-0.491219
0.695849
0.595224
-0.437906
-0.267101
0.522451
1.000000
-0.384827
-0.391585
-0.119511
0.364971
-0.405948
-0.216703
-0.508353
-0.167358
0.463126
-0.338876
0.403186
-1.000000
0.297447
0.021257
0.901293
-0.846126
-0.025563
0.537498
-0.863076
0.465028
-0.015523
0.619692
-0.822844
-1.000000
1.000000
0.969368
-0.968927
-0.660072
-0.778841
-0.768327
-0.997586
0.866768
1.000000
0.736050
-0.642524
0.733151
-0.647913
0.361855
0.414721
-0.313875
-0.271879
0.626495
0.425392
0.993898
-0.191610
0.227266
0.672449
0.610861
-0.922566
-0.228401
-0.344851
0.447388
-0.259291
0.645005
-0.759350
-0.023026
1.000000
-0.710272
0.459014
-0.425811
0.986670
0.485555
-0.242872
-0.630116
-0.361186
0.215761
-0.120212
-0.165997
0.086802
