-0.091286
-0.215709
0.149195
0.688641
-0.566159
-0.631964
0.654735
0.075302
-0.802648
-0.741823
-0.379018
0.871707
-0.033252
-0.416829
-0.099265
-0.611441
-0.572601
-1.000000
-0.313466
-0.237385
0.994747
-0.700938
1.000000
-1.000000
0.155987
-0.480458
-0.134128
0.415997
0.094482
-0.256702
0.558189
0.302078
-0.772227
-0.387077
0.709708
-0.625674
-0.316156
-1.000000
0.703056
0.000992
-0.819167
0.502798
-0.042305
0.215992
-0.302951
-0.660385
0.696339
-0.506964
0.485134
0.275531
0.308469
-0.617753
-0.874412
-0.137896
-0.666943
-0.932690
-0.948374
-0.973359
-0.810458
-0.170787
0.194258
0.798547
0.615675
-0.243821
0.214737
-0.138986
-0.844598
-0.349932
0.578960
0.472213
-0.957360
-0.667272
0.411435
-0.179332
-0.039247
0.024627
-0.935036
0.738919
0.594423
0.803682
0.430868
0.205744
-0.680198
-0.076288
-0.125545
-0.086619
-0.255184
-0.803466
-0.607109
-0.163628
0.306547
-0.344726
0.765123
0.782038
-0.672740
-0.430665
-0.058193
-0.303696
-0.901878
0.348531
-0.388540
-0.032803
0.760240
0.381341
-0.224571
0.401546
-0.934359
0.255521
-0.510138
-0.394271
-0.231099
0.432783
0.940885
-0.799578
0.892989
-0.701381
-0.145018
0.903922
0.950471
-0.661053
0.482600
0.393994
0.620522
0.647288
-0.092788
-0.780771
0.855806
0.106614
-0.640193
-0.758674
0.414709
0.707147
0.380742
0.246189
0.271110
0.378304
-0.747541
0.097340
0.754012
0.303533
0.242339
-0.003102
0.804399
0.192288
-0.663729
0.407613
-0.606068
-0.370353
0.784357
-0.194161
-0.099110
-0.562274
-0.497828
0.298683
-0.997650
0.243917
0.297870
-0.049024
-0.085536
-0.542860
0.441842
0.253196
-0.965351
-0.265865
0.598966
0.579157
0.051300
-1.000000
0.021840
-0.169626
-0.068586
-0.053951
-0.607690
-1.000000
0.357724
0.723005
0.061315
-0.389549
0.589277
-0.657623
0.698523
-0.651498
-0.924023
0.009858
-0.175433
0.765666
0.098133
-0.623437
-0.500693
0.272241
0.468492
0.650061
-0.356749
-0.947455
0.230987
0.984646
0.388398
0.128787
0.351488
0.276588
0.437354
0.938352
-0.803405
-0.171588
0.566536
-0.571789
-0.413025
0.292997
0.235593
-0.640377
-0.739087
0.201250
0.625910
0.868630
0.086070
-0.307510
0.046017
0.296639
-0.270681
-0.302509
-1.000000
-0.617194
-0.079816
-0.366088
0.502941
0.000053
0.468420
-0.476748
-0.529367
-0.112219
-0.898887
0.284535
0.538033
-0.017181
0.985165
0.807079
-0.316727
-0.341888
0.820823
-0.558650
-0.150817
-0.348362
-0.024976
-0.235274
0.255469
-0.039187
0.901478
0.673165
0.960166
0.809383
-0.908579
-0.027436
-0.816203
-1.000000
0.790023
-0.896395
-0.783799
0.766126
0.936340
-0.354635
-0.699909
0.630622
-0.973096
-0.357663
0.229158
