-0.166790
0.525166
1.000000
-0.333924
0.665311
1.000000
0.743815
1.000000
0.896536
1.000000
-1.000000
-0.076123
-0.355088
0.719066
-0.410214
-0.750304
-0.354830
0.491524
0.089986
1.000000
-0.162619
1.000000
0.115933
0.964893
-0.680271
0.184253
0.412154
0.646936
-0.437958
-1.000000
-0.276427
-0.567182
0.314686
0.254321
-0.821379
-1.000000
-0.628536
-0.755266
0.207925
-0.300309
-1.000000
0.262622
0.796002
1.000000
0.740406
1.000000
-0.315317
0.899191
0.186254
-1.000000
-0.106982
0.726999
-0.508607
-0.485626
-0.883090
-0.787772
1.000000
0.711877
1.000000
1.000000
0.091898
-0.500265
0.660274
0.280727
0.050258
0.276327
0.267144
1.000000
0.673550
1.000000
0.294489
-0.028405
-0.595023
-1.000000
-0.511720
-0.376919
-1.000000
-1.000000
1.000000
0.200066
-0.635371
-0.371130
-0.398479
0.675449
-1.000000
-0.153049
-1.000000
-1.000000
-0.573872
-1.000000
-1.000000
-1.000000
1.000000
1.000000
0.086740
-1.000000
0.852032
1.000000
1.000000
0.327419
-0.837588
0.777432
0.270550
-0.483666
0.741511
0.073761
-0.663395
-0.138544
0.868538
-0.509326
-0.059440
1.000000
-0.769402
0.779815
0.396956
0.941594
0.494637
-1.000000
0.589503
0.928204
-0.461639
-0.015536
0.877156
0.009582
0.405133
1.000000
0.826170
-0.229605
0.045141
0.448275
-0.374258
-0.089128
0.561240
0.341990
0.687094
0.924091
-0.047461
0.849885
-1.000000
-0.820315
0.989397
-1.000000
0.794114
-0.386195
-0.913328
0.419733
0.490466
0.684905
0.397934
0.781795
0.494229
0.467687
-0.974748
-0.213220
-0.195506
0.514190
0.298672
-0.202039
0.251038
-0.504273
-0.119630
1.000000
1.000000
1.000000
-0.567011
0.071982
1.000000
-0.755395
0.882854
0.304732
-0.044078
0.859099
-1.000000
-0.507101
-0.915668
-0.072160
0.509120
0.569234
0.396046
0.819637
0.513957
-1.000000
-1.000000
-0.820082
0.597385
-0.607565
-0.379865
1.000000
0.366098
-0.748450
-0.400601
0.088660
-1.000000
-1.000000
-0.239587
-1.000000
0.794742
0.747720
0.194690
-0.635328
0.130108
-1.000000
-0.526214
-0.320256
0.408570
0.247699
0.925695
-1.000000
-0.736600
-0.077373
-0.700996
-0.442729
0.157167
1.000000
0.715119
-0.929221
0.548585
-0.644091
-1.000000
0.061184
-0.147458
0.232645
-0.532964
-0.785136
-1.000000
0.108383
-1.000000
-0.566633
0.764630
0.193256
0.933020
-0.899015
1.000000
0.520126
-0.156090
0.060525
0.645848
0.392527
0.323033
0.351166
-0.463355
-1.000000
-0.665910
-1.000000
-0.654769
0.159987
0.065814
0.341648
-0.494650
1.000000
-0.340490
-0.549604
0.498327
0.030822
-0.558721
-1.000000
-0.562521
-0.192933
1.000000
-0.405083
-0.368993
-0.306813
1.000000
-0.749553
0.817420
