-0.005424
0.207978
-0.634286
0.542923
-0.969692
-0.788919
-0.045972
0.325022
-0.139877
-0.725081
-0.827887
0.615997
-0.279607
-0.559431
-0.254582
0.563018
0.639197
-0.531900
0.776323
0.140079
-0.186296
0.844183
0.318416
-0.161999
0.926975
-0.293624
-0.640103
-0.572860
0.243666
-0.822552
0.354904
-0.387212
-0.540051
-0.372826
0.974991
0.592778
0.033232
0.241175
0.723006
-0.993374
-0.592388
-0.472481
0.521264
-0.655136
-0.198703
-0.209504
-0.605111
0.676812
0.231349
0.616058
-0.055213
-0.569166
0.933084
-0.210995
-0.480164
-0.412368
0.734070
0.038359
0.437980
-0.496660
0.329240
0.384767
-0.916081
0.053885
0.190992
0.779593
-0.192017
-0.627401
-0.890361
-0.876755
0.022199
-0.218530
0.051608
-0.826793
1.000000
0.034680
0.752055
0.540634
-0.652652
0.254201
0.605761
-0.555509
1.000000
-0.308815
-0.608184
0.110146
0.356024
0.499057
0.192202
0.397535
-0.338562
-1.000000
0.128921
0.118645
0.239880
-0.307684
-0.830053
-0.023223
0.464472
-0.514928
0.850679
-0.642162
0.136056
0.485368
-0.425602
-0.300296
0.258033
1.000000
-0.192858
0.064751
-0.336291
-0.974178
0.369902
-0.151613
-0.020065
-0.112814
-0.100214
0.687879
-0.059877
0.870334
0.401094
-0.069522
0.004913
0.377008
0.872631
-0.524120
0.565264
-0.856377
-0.590828
-0.403863
0.962949
0.296449
0.449011
0.938106
-1.000000
0.674323
0.341264
0.956317
-0.394280
-0.065035
1.000000
-0.175603
-0.012036
0.464404
0.780027
-0.718047
-0.883698
0.738557
-0.982032
0.731469
0.739519
-0.287457
-1.000000
0.285194
0.642149
-0.812126
0.385310
0.149815
0.303207
-0.296626
0.049084
-0.197403
0.153650
0.251532
-0.197074
0.526702
0.158569
0.243430
0.888299
-0.788973
-0.566926
1.000000
-0.356264
0.458713
0.955459
0.794352
0.035073
0.140660
1.000000
0.952105
0.422905
-0.131257
0.751347
-0.917316
0.921870
-0.398931
0.173904
-0.840275
0.413003
0.596161
0.054837
-0.614307
0.392036
-0.268271
0.385246
0.062139
-0.920583
-0.445770
0.636342
0.392215
-0.643401
-0.989504
-0.868878
-0.221725
-0.465632
-0.878016
-0.344845
0.380403
0.433605
0.835756
0.636192
-1.000000
0.319079
-0.979315
-0.578372
-0.068269
-0.692999
-1.000000
0.396837
0.556626
0.442194
0.196285
-0.156079
0.618658
-0.251173
-0.775238
-0.438002
0.533980
0.141979
0.295314
-0.238216
0.800044
0.959572
0.688108
0.436453
-0.231750
1.000000
0.974808
0.347248
0.261437
0.591686
0.466148
0.837938
-1.000000
-0.694381
-0.903386
-0.785746
0.582036
0.673849
-0.926267
0.727110
-0.208082
0.222349
0.816759
0.321374
-0.552961
0.069643
0.441887
-0.127597
-0.916471
-0.540452
-0.531924
0.070350
-1.000000
0.595278
