-0.864213
-0.398823
-1.000000
0.183652
-1.000000
0.238494
-0.129537
0.167707
0.872091
-0.910251
0.081324
1.000000
-0.172387
0.205093
0.991713
1.000000
0.167255
1.000000
0.453824
-1.000000
0.507603
1.000000
-0.012591
-0.950097
0.770536
-1.000000
-0.920722
-0.355839
-1.000000
-0.122662
-0.786820
-0.482167
-1.000000
-1.000000
0.111067
1.000000
0.822053
0.204552
1.000000
0.272948
0.125169
-0.353545
0.617095
1.000000
-0.896496
0.378616
1.000000
0.070285
-0.758552
-0.414811
-0.653074
0.218819
-0.592491
1.000000
-0.043116
-0.375909
0.060600
-0.894899
-0.634753
0.742057
-0.350577
-0.041849
-0.259601
0.096251
0.017689
0.621720
0.046268
1.000000
0.729917
-0.290751
-0.089085
-0.892994
-0.717224
-0.297660
0.730914
0.193180
-0.043747
0.177480
-0.111754
0.332138
-0.944476
-0.745276
0.337351
-0.587008
0.029480
0.292914
0.879569
-1.000000
-0.395137
-0.843269
-0.191709
1.000000
-0.045732
-0.251296
1.000000
-0.800693
1.000000
1.000000
-0.537098
0.069045
0.343404
-1.000000
1.000000
0.145414
0.916447
-0.365894
0.415233
-0.024267
0.167261
0.471347
0.768724
0.717124
0.954130
0.839241
-0.346380
0.558440
0.237682
-0.121791
-0.610996
0.486712
-0.053149
0.073457
-0.305886
0.185173
1.000000
-0.179006
0.738402
-1.000000
-0.859670
-0.942589
1.000000
0.762454
0.580210
0.594843
0.263284
-0.671864
-1.000000
-0.075234
0.666393
0.411124
-0.031880
-0.801653
-0.183509
0.476459
-1.000000
-1.000000
-0.114436
0.153358
-0.592799
0.248394
0.251560
0.225841
-0.092639
-0.075958
-0.144498
0.403587
-0.191488
-0.372701
-0.401539
0.290484
0.032786
-0.127546
0.734192
0.369490
0.385736
0.690885
-0.779760
1.000000
-1.000000
0.475189
1.000000
0.432990
0.117557
0.431324
0.516769
0.705514
-0.403011
1.000000
0.625359
0.304288
-0.390385
-1.000000
0.478071
0.615598
0.724318
-0.642426
0.103919
-0.349118
-0.434862
0.099249
-0.016441
-0.114007
0.046232
-0.420813
0.297381
-1.000000
0.826808
-0.683718
-0.303420
-1.000000
-0.479748
-1.000000
-0.822149
0.767039
-0.016047
0.513425
-0.412344
0.535594
1.000000
0.729755
-0.028815
-0.968867
0.253574
0.623937
-0.044713
0.780049
-0.142717
-0.284111
0.385829
-0.815427
1.000000
0.727644
-0.896633
1.000000
-1.000000
-0.762089
0.151009
-0.581762
-0.498662
1.000000
1.000000
-0.459465
-0.893063
0.289844
-0.897229
-0.841394
-0.228369
0.529091
1.000000
0.103364
0.567279
-1.000000
1.000000
-0.215142
-0.371185
-1.000000
0.656591
0.366020
0.643886
1.000000
0.236896
0.402985
0.290442
-1.000000
0.848626
0.398265
1.000000
-1.000000
0.326436
0.078927
-0.682937
0.139603
-0.053158
0.174398
-1.000000
