-206.200000
3.000000
-1.000000
-1.000000
-1.000000
-1.000000
52.000000
-1.000000
29.800000
52.000000
1.000000
-0.115867
0.070645
-1.000000
1.000000
0.450797
-0.737823
0.238918
-0.203170
-0.141681
0.365122
-0.636489
-0.804443
0.853545
-0.791188
-0.805563
-0.327264
-0.112141
1.000000
-0.141974
-0.245378
0.590678
-0.936896
0.061484
-0.808814
0.363347
-1.000000
-0.701800
-0.167065
0.273967
-0.151901
-0.166312
0.628100
1.000000
1.000000
0.273290
-0.030296
-0.817097
-0.841683
-1.000000
0.507125
0.194706
1.000000
-0.009785
0.756356
0.453477
0.455788
0.058957
0.351824
0.157294
-0.399775
1.000000
0.183453
0.298118
-0.376630
0.909460
-1.000000
-0.289536
0.117361
-1.000000
0.031679
1.000000
-1.000000
-1.000000
0.755313
-0.764669
0.328330
0.199707
0.122306
0.337941
1.000000
0.929049
-0.839284
0.081279
1.000000
-0.186353
-1.000000
-0.223387
0.606132
-0.497411
0.076766
-0.041152
0.574917
0.142166
-0.870533
0.533043
-0.233011
0.582827
-0.419604
0.333406
0.507750
0.495893
1.000000
-1.000000
0.452562
0.371941
-0.689921
-0.938051
0.690857
-0.175647
0.163714
0.455533
-0.715418
0.146913
-0.201347
0.223549
-1.000000
-0.811750
-0.295032
0.548948
-0.402691
0.803814
-1.000000
-0.677783
-0.156482
0.191192
-0.421485
-1.000000
0.632618
1.000000
-0.169516
1.000000
0.289650
0.644998
0.305963
0.241582
-0.512018
0.043911
0.111890
1.000000
0.480471
0.780385
-0.344341
-0.238545
0.929237
0.287267
-0.770067
1.000000
1.000000
-0.405796
-1.000000
-0.740625
-0.635657
-0.887467
-0.108503
-0.118280
-0.783529
0.710978
0.279291
-0.576338
0.383556
-0.472897
0.593429
0.914494
-0.284539
0.582821
0.024424
-1.000000
-0.181734
-0.229962
-0.265282
0.090653
-1.000000
0.132018
1.000000
1.000000
-0.526901
1.000000
-0.629216
-0.557006
0.000761
-0.155999
1.000000
-1.000000
-0.476056
1.000000
1.000000
-0.279366
-0.062125
0.115693
0.394965
0.201656
0.075180
-0.218344
1.000000
-0.345572
0.426441
0.683489
-0.044022
0.223308
1.000000
0.641413
-0.597624
-0.821065
-0.189924
-0.018044
1.000000
0.116144
0.702908
0.069649
-0.321297
0.039114
0.063168
-0.776029
-0.729471
1.000000
0.169211
0.050036
0.777845
-0.052470
0.816375
-0.066680
0.070791
-0.318322
0.790613
-0.910001
-0.411975
1.000000
0.545789
-0.952169
-0.889331
0.774451
-0.029030
-0.092261
0.178761
-0.223851
0.691101
-0.012458
0.187024
0.424721
0.486834
0.530386
-0.780364
-0.800681
-0.424446
0.826955
0.957438
-0.581758
-0.032142
0.280541
-0.317805
-0.651730
-0.232451
0.000728
0.356589
1.000000
-0.040290
-0.895958
-0.775997
0.125620
1.000000
-1.000000
-0.302811
0.853066
0.511071
-0.351919
1.000000
0.209156
0.101879
-0.644533
-0.327783
0.322608
-0.400449
0.956796
-0.856285
