-670.000000
0.000000
-1.000000
-1.000000
-1.000000
-1.000000
-1.000000
-1.000000
-1.000000
-1.000000
-0.424985
0.854968
0.380835
-0.380945
0.840920
0.912278
0.050041
-0.648202
-0.269182
-0.191051
-0.240144
-0.466584
-0.826159
0.197292
0.541044
0.786468
1.000000
-1.000000
0.402523
0.070948
-1.000000
0.460705
0.685697
0.367880
0.202561
0.081393
-0.270476
0.240335
0.613676
0.301394
-0.236543
0.648242
-0.039663
-0.484605
-0.741256
0.544949
-0.432870
0.540827
-0.482744
-0.013374
1.000000
-0.587006
-0.279890
0.507475
0.129183
0.085290
-1.000000
0.975876
-1.000000
-0.450581
-1.000000
-0.012878
-0.620469
0.760276
1.000000
-0.189558
-1.000000
0.142687
-0.347958
0.894597
-0.327877
-0.969344
0.190629
-0.041213
1.000000
0.634793
-0.383965
-0.444732
-1.000000
0.421040
0.255395
-0.726292
0.260907
1.000000
-0.478632
-0.262248
-0.549086
0.352709
-0.062692
1.000000
0.072123
-1.000000
1.000000
-0.399879
-0.126406
-0.289819
-0.116473
0.092921
-0.452735
-1.000000
0.259874
-0.903773
0.343684
-0.549976
0.599680
-0.402789
0.161604
0.801697
0.456255
0.864799
0.102895
0.001182
-0.159493
-0.803116
-0.380382
-0.412108
-0.655993
1.000000
1.000000
0.674307
0.492386
-1.000000
-0.248395
0.029585
-0.726504
1.000000
-0.005022
0.582230
0.039308
-0.297360
-1.000000
-0.207007
-1.000000
0.221397
-0.419754
1.000000
0.047890
-0.459163
-0.456285
0.677600
0.100881
0.646665
-0.701150
0.209783
-0.478136
0.740332
0.554657
-0.872201
0.798778
0.567089
-0.662641
1.000000
-0.206422
0.841439
-0.964475
-0.721631
0.036928
-0.253941
-0.239981
0.462877
0.638588
0.760421
-1.000000
-0.011151
0.960160
0.728137
-1.000000
-0.026252
1.000000
-0.828736
0.335987
-0.986418
-1.000000
0.095915
-1.000000
1.000000
-0.806436
-0.251869
-0.828228
0.693254
-0.720062
1.000000
-1.000000
0.749349
0.423108
-1.000000
-1.000000
-1.000000
-1.000000
-0.144275
1.000000
-1.000000
-0.414255
-0.679210
-0.795289
1.000000
1.000000
0.526378
-0.966389
-0.244307
-0.522377
0.550669
-0.157667
0.129584
-0.086564
0.737926
-0.190563
-1.000000
-0.404925
-0.793612
0.882003
-0.049522
1.000000
0.380672
0.701168
-1.000000
1.000000
-0.411516
0.489662
0.109568
0.410636
-0.220295
-0.263866
0.847514
-1.000000
0.658626
0.369217
-0.328178
-0.901101
-0.069079
0.894704
-0.630057
-0.657155
-0.438296
-0.705379
0.031925
0.970456
1.000000
0.152350
-1.000000
-0.091429
-0.130290
0.479856
0.366065
0.015305
-0.008342
1.000000
-0.135748
-0.598714
-0.514795
-0.338743
-0.291924
-0.009395
0.002647
-0.637192
0.718104
0.757091
-0.952820
-0.432230
-0.435833
0.841386
0.712499
-0.422279
0.905194
0.777023
0.478334
-1.000000
-0.784328
0.287147
0.050591
-0.901642
0.765743
-0.212030
0.703194
0.138129
