0.136004
0.771492
1.000000
0.410621
0.483296
0.330153
1.000000
0.813765
-0.995528
0.850343
0.047583
1.000000
0.648422
0.537571
1.000000
-1.000000
-0.508279
1.000000
0.380960
-1.000000
0.956785
-0.525477
-0.226804
-0.196108
-0.581590
0.790262
-0.192228
0.780219
0.759543
-0.756679
0.715288
-0.661006
0.375374
-1.000000
-0.299265
1.000000
0.863288
0.848281
-0.150218
0.691218
-0.915028
1.000000
1.000000
0.797069
0.464260
0.424676
-0.408910
1.000000
-0.645263
0.330047
1.000000
-0.546173
1.000000
-1.000000
-0.565636
0.611137
0.310088
-0.391499
-1.000000
-0.661455
0.031016
-1.000000
-0.583625
-0.202373
0.428277
-0.969434
-1.000000
0.016296
0.951964
-0.387158
1.000000
0.238618
1.000000
-0.029956
-1.000000
0.762682
-0.107850
-0.558857
-0.057987
0.345720
0.432019
0.407722
-1.000000
-1.000000
-0.050601
0.667727
-0.264048
-1.000000
-1.000000
-0.662135
-1.000000
0.017639
-0.417047
-1.000000
-1.000000
0.580511
1.000000
0.327188
-0.418607
-0.280165
-1.000000
-0.226502
1.000000
-0.493765
0.941536
-0.323265
0.419985
-0.276004
0.409399
-0.914898
-1.000000
-0.278649
-0.131640
-0.607838
-0.630864
-1.000000
1.000000
-1.000000
0.204771
-0.023464
0.108425
-0.459951
0.132177
0.921874
-0.232386
-0.095506
-0.044827
0.603902
0.309264
0.034654
0.069134
-1.000000
-0.676334
-1.000000
-0.525534
1.000000
0.975477
0.597864
0.046083
-0.491048
-0.023568
-1.000000
-0.423759
-0.100631
1.000000
-0.978447
1.000000
-1.000000
-0.315477
1.000000
-1.000000
-0.951002
-0.478466
-0.933828
-0.745010
1.000000
0.594510
0.760355
-0.678096
0.416275
0.272702
0.234449
-0.656648
-0.154012
0.501108
-0.883112
0.264723
1.000000
-0.950696
1.000000
-0.021782
-0.143798
0.618753
0.318618
-0.451666
-0.689840
-0.237361
0.387274
-0.926653
0.077909
-0.436202
0.527872
-0.168730
0.504822
-0.663667
0.185905
0.363837
0.315007
0.248327
0.915430
0.081144
1.000000
-0.267062
-0.118902
0.981892
0.838700
-0.574199
-0.251704
-1.000000
0.877649
0.048612
-0.669703
-0.269264
-0.681227
0.996654
0.977804
-0.180398
-0.748654
0.451847
-0.597486
0.877850
1.000000
0.975906
-0.037616
0.874963
-1.000000
0.280631
-1.000000
0.304150
-0.623301
1.000000
-1.000000
0.026055
-0.183441
1.000000
-0.236936
-1.000000
-1.000000
0.723388
-0.358414
-0.970424
-0.713933
0.804122
0.464342
0.941950
-0.388010
0.353818
-0.564493
-0.588945
-0.068572
-0.599600
-1.000000
0.773736
0.823639
0.655034
-0.966024
-1.000000
0.449538
1.000000
0.340942
-1.000000
1.000000
-0.193211
-0.202231
-0.765311
1.000000
-0.412675
-0.593764
-0.462451
0.504627
-0.521252
1.000000
-0.016835
1.000000
0.043186
