-0.340688
0.405216
0.352875
0.876642
-0.821166
0.604188
-1.000000
0.106816
0.052604
-0.253291
1.000000
0.392084
-0.109768
-0.119016
0.483891
-0.095621
0.954421
-0.906837
0.423713
-0.648742
-0.742174
-0.890319
1.000000
-0.812116
-0.654597
0.538297
0.743421
0.517525
-0.906824
0.318765
0.562656
-0.965268
-0.123974
-0.176496
-0.991241
-0.105487
-0.466668
-0.292623
0.072770
-0.865072
0.114620
0.300263
-0.763913
-0.074755
-0.317016
0.770065
0.617194
-0.429422
0.107371
-0.704468
0.219038
-0.383852
0.532566
0.824669
0.144579
-0.757870
0.238603
0.641204
0.080754
-0.139818
0.969667
-0.057625
-0.191264
0.944970
0.800297
-0.444581
-0.987880
-0.098297
0.457430
0.810841
-0.736797
-0.801867
0.707555
0.567068
-0.568889
0.295158
1.000000
-0.398997
0.761035
0.826702
-0.754442
-1.000000
0.650863
-0.020429
-0.539220
-0.771781
-0.821766
-0.464698
-1.000000
0.692015
0.523814
-0.088661
0.304881
-0.773634
0.465647
0.253941
-0.175479
-0.927300
-0.436444
1.000000
0.824537
-1.000000
0.730059
-0.652390
0.405689
-0.252358
0.278199
-0.948984
0.944183
0.659141
0.242084
-1.000000
-0.238612
0.505847
0.598867
0.145768
0.359729
-0.227122
-1.000000
0.823522
-0.682356
0.494741
-0.254495
0.121371
0.157448
0.899304
0.049187
-0.915894
0.930411
0.848540
0.592991
0.835984
0.003745
-0.968388
1.000000
1.000000
-0.598931
0.609309
-0.096969
-0.699590
0.691069
0.078012
-0.163287
0.649743
0.263642
0.909476
-0.362615
-0.697972
-0.141165
-0.916401
-0.176364
-0.042524
-0.190532
-0.033712
-0.215690
-0.140869
-0.219388
-0.460966
-0.438383
-0.868385
0.405347
-0.525140
0.539972
-0.770809
0.103100
-0.495454
-1.000000
-0.628591
-0.340886
-1.000000
1.000000
-0.287941
-1.000000
0.329717
0.515891
0.839383
-0.013204
-0.109933
0.395058
-0.754325
-0.350791
-0.600173
-0.651103
1.000000
0.127214
0.905541
0.961332
-0.371358
0.402406
-0.503340
-0.848478
0.408072
-0.443432
0.735247
1.000000
0.490147
-0.054262
-0.422828
0.898656
-0.434165
-0.027234
0.043746
0.773821
0.722083
0.522661
-0.221181
-0.658526
-0.110350
1.000000
0.629734
-0.178453
0.098060
-0.708736
0.107604
-0.356586
0.357574
0.563879
0.371550
0.245614
0.089648
-0.277241
-0.276857
0.775150
-0.318804
0.105401
-0.207884
0.692096
0.831997
-1.000000
0.640408
0.405172
-0.638298
0.877665
-0.181391
-0.469207
-0.121580
0.220106
0.051944
0.842196
0.311798
-1.000000
-0.186400
0.352451
0.229973
1.000000
-0.389958
-0.368036
-0.197442
-0.425049
0.370990
0.161338
0.230088
0.505247
-1.000000
-0.891155
-0.718764
-0.730774
0.755988
0.743583
-0.854621
0.035749
0.377923
0.129632
0.052730
0.111992
