-0.186802
-0.805863
0.195731
0.837889
-0.534859
-0.160654
0.165307
0.910607
-0.377749
-0.750822
-0.248475
-0.559884
0.238975
-0.608572
-0.410940
-0.997529
-0.114074
1.000000
1.000000
-0.139401
-0.983549
0.430228
-0.236210
0.749729
0.610701
-0.673272
0.607124
0.189019
0.711547
-0.725761
-0.552706
-1.000000
0.581962
-0.108014
0.191141
0.571221
0.349299
0.166570
-0.724714
-0.694704
0.979875
0.558344
0.620718
-0.415723
0.825163
-0.688184
0.912374
0.083131
-0.071972
0.859390
1.000000
-0.294242
-0.993721
-0.572327
-0.993722
0.074076
-0.084522
-0.080020
-1.000000
0.308347
-0.741765
-0.262895
-0.860249
1.000000
-0.103696
0.335872
-0.739260
-0.254274
0.762991
-0.029444
-0.140763
0.483094
-0.838599
-0.474388
0.562108
-0.578841
0.988700
-0.438473
-0.140012
-0.349571
-0.843673
0.809476
0.052528
0.402497
-0.635544
-0.542294
0.456876
-0.886648
0.785011
0.918749
-0.673861
-0.978427
-1.000000
-0.199896
0.618546
0.947525
-0.534815
-0.958609
-0.984509
0.364989
-0.305426
0.838732
-0.468645
-0.063676
-0.400445
-0.429905
-0.124558
-0.854781
-0.762938
-0.165071
-0.638503
0.473333
0.070910
0.957148
-0.390159
-0.784139
-0.399012
-0.798299
0.364739
-0.507459
0.486349
0.782817
0.275592
-0.731907
1.000000
0.819028
-0.800889
-0.676737
-0.661765
0.476007
-0.881483
0.194697
-0.427571
0.108102
0.996742
1.000000
-0.666850
0.872449
-0.018914
0.205287
-0.497884
-0.303974
0.991483
0.703496
-0.744660
-0.553077
-0.019173
0.281138
0.388758
0.296594
-0.199401
0.033750
0.868796
-0.982564
0.064703
0.279446
-0.000348
0.569519
0.620003
0.425229
-0.426844
0.596923
-0.028478
0.656606
0.882679
0.453970
0.989794
-1.000000
0.713742
-0.920094
-0.806005
-0.568754
-0.266421
0.577602
0.042394
-0.622427
0.348091
0.117308
0.953733
0.299963
-0.399997
0.497938
-0.366945
-0.515338
-0.387179
-0.066891
0.707209
0.089947
0.284582
-0.675067
0.778930
0.036301
0.901135
0.168476
0.514614
-0.695010
-0.046558
0.689910
0.723093
-0.692086
0.595267
-0.171758
0.080161
0.804263
0.559053
0.212180
0.567948
0.640029
-0.080963
-0.699588
0.234785
0.704722
-0.014120
0.197405
0.216488
-0.216864
0.866981
-0.849148
0.946268
-0.296736
-0.307691
0.087166
0.273637
0.132272
0.196997
-0.427793
-0.357483
-0.238026
1.000000
-0.491310
-0.858720
0.957305
-0.420107
0.482056
0.310408
-0.652004
-0.267680
-0.679479
-0.768436
-0.836137
1.000000
-0.159610
-0.508769
0.790644
-0.940612
0.832897
-0.373248
-1.000000
-0.119359
0.751589
0.315712
-0.201718
-0.422816
0.620425
1.000000
0.020808
0.794579
0.901244
0.043009
-0.447570
-0.343156
-0.980869
0.920384
-0.003587
0.690864
