0.569593
0.040761
0.180876
1.000000
-0.987628
-0.364935
-0.897426
1.000000
1.000000
-1.000000
-1.000000
-0.655145
0.555454
0.241099
-0.742875
0.518693
0.492069
0.054190
-0.110526
0.235844
-0.906835
-0.151333
0.009525
-0.434164
-1.000000
-1.000000
-0.161263
0.941796
1.000000
-0.271072
-0.075424
-0.657944
-0.374597
-0.444272
-0.033657
-0.390088
1.000000
-0.738262
-0.461278
-1.000000
0.307437
-0.176938
0.001039
0.883316
-0.066558
-0.139892
0.822169
-0.270991
0.749848
-1.000000
-1.000000
1.000000
1.000000
-0.161649
0.149521
0.448033
-0.022702
-0.404550
-0.113828
0.358288
-0.085380
1.000000
-0.418858
-0.505109
-1.000000
-1.000000
0.667310
0.394332
-0.074921
-0.024288
-1.000000
1.000000
0.607907
-0.128959
0.563390
1.000000
-0.581739
0.062039
0.751164
0.097220
1.000000
0.669882
-0.395372
-0.121943
-0.844768
0.529535
-0.263613
1.000000
-0.154031
-0.630563
0.325049
0.551763
-1.000000
0.214516
0.530526
1.000000
-0.262556
-0.601637
-1.000000
-0.185088
0.270831
0.145841
0.358801
0.425135
0.614235
0.773838
-0.914521
0.901664
0.731237
-0.301806
-0.953518
-1.000000
0.562477
0.333825
0.235318
-1.000000
-1.000000
-1.000000
-0.192538
-0.064959
0.026579
1.000000
-0.378904
0.018203
-0.329251
0.485162
-1.000000
1.000000
1.000000
-1.000000
-0.405425
-1.000000
0.849972
-0.620845
0.365863
-1.000000
0.036251
0.646358
0.117510
-0.053915
0.262138
0.596245
-1.000000
0.148479
-0.503099
-1.000000
-0.720112
0.671909
-0.637307
-1.000000
1.000000
0.691233
0.425395
-1.000000
0.056459
-0.788396
-0.234804
0.238340
-0.042774
0.794890
-1.000000
1.000000
-1.000000
0.116836
0.996112
0.133955
-0.244816
0.821717
-1.000000
1.000000
0.149032
0.453216
0.186526
-0.084629
-0.695048
-0.652435
0.095026
-0.619123
-0.503513
-0.137212
-0.486926
-1.000000
0.388517
-1.000000
0.078709
-0.867282
0.266431
-0.456403
-0.494733
-0.136738
-0.368985
0.046703
0.168090
-0.501781
0.415239
0.656004
0.095958
-0.369567
0.141797
-0.649919
0.402886
-0.801902
-1.000000
-0.954025
-1.000000
0.577446
0.164524
-0.461763
-1.000000
0.612674
0.406947
0.657360
1.000000
-0.625532
1.000000
0.347958
0.859765
0.380662
0.368091
0.590926
-0.118524
-0.211485
-0.424421
0.369662
-0.158182
0.400077
-1.000000
1.000000
0.989313
-1.000000
0.897109
-0.006416
-0.850608
-0.033132
1.000000
0.139958
-0.862169
-0.930072
-0.335462
0.473541
-1.000000
-0.411864
1.000000
-0.874324
-0.182649
0.060705
-1.000000
-0.804763
0.615483
0.973553
-0.662256
0.443751
0.349811
0.375136
0.060940
0.432910
0.734051
-0.684426
-1.000000
0.097913
-0.775523
-0.660231
0.899906
-0.168135
-1.000000
