-0.409190
-1.000000
0.624613
0.222002
-0.888797
0.688201
-1.000000
0.139990
0.354829
0.134720
0.949928
0.033491
-0.484275
0.442849
-0.717622
1.000000
-0.634057
-0.885931
-0.269840
-0.977077
0.166947
0.373485
-0.580536
-0.259740
0.985281
-0.397085
-0.875547
0.637629
-0.251254
-0.436853
0.089982
0.626291
-0.999164
-0.698997
0.866765
0.019471
-0.452533
0.894025
0.389412
-0.324489
-0.365873
-0.918725
0.956120
0.430670
0.871406
-0.366505
0.573453
0.922400
0.440250
-0.573638
0.568413
-1.000000
-0.501782
0.128655
0.435991
-0.298097
-0.034675
0.636533
0.092456
0.216075
0.343034
-0.758718
0.537085
0.276514
0.631929
0.787647
-0.136682
-0.720563
0.450268
-0.215186
0.715858
0.715374
-0.812125
-0.048843
0.231095
0.262667
0.514267
0.765985
-0.630585
-0.748423
0.231813
0.423205
-0.045809
-0.661088
-0.028274
-0.546207
0.161515
-0.247350
-0.118255
0.994544
-0.696836
-0.062067
0.291316
-0.938435
-0.034112
0.466848
-0.562771
-0.133026
-0.181222
0.136286
-0.808978
-0.011242
0.883919
0.249012
-0.304025
0.826327
-0.819585
0.532551
-0.189161
-0.852006
0.299957
-0.966697
0.885533
0.874914
-0.469785
-0.898960
0.482437
-0.814246
0.022544
-0.874903
0.363219
0.708503
0.863180
-0.232012
-0.343914
0.109862
-0.024656
-0.628949
0.133071
0.660569
0.945779
0.959552
-0.903562
0.980598
0.279674
-0.676457
-0.628364
0.121724
0.436979
0.743181
0.558743
0.104497
-0.974221
0.572928
0.280798
-0.263380
-0.122351
-0.922766
-0.451258
0.012678
-0.993849
-0.039752
0.804194
-0.368415
0.418145
-0.539113
0.571625
0.313672
0.701070
0.210058
-1.000000
0.555861
1.000000
-0.590710
-0.675058
-0.511473
0.299578
0.426439
0.928314
-0.466704
-0.085536
-0.335461
0.664235
0.991142
-1.000000
0.382423
-0.642630
-0.955851
-0.875717
0.358981
-1.000000
-0.373098
0.875588
-0.004587
0.660300
0.357385
-0.768057
-0.989202
0.583257
0.455353
-0.825186
0.639160
-0.123063
0.339561
-0.738866
-0.504435
-0.855988
-0.028806
0.520941
0.611456
1.000000
-0.320344
-0.994879
-0.000105
0.209053
0.101176
-0.762838
0.492763
0.953766
-0.317401
-0.409843
0.056155
-0.057824
-0.433952
-1.000000
-0.600735
0.083997
0.535761
0.723198
0.629662
-0.318584
-0.898073
0.563258
0.706659
0.217529
0.996641
-0.202324
0.795332
1.000000
-0.842299
1.000000
-0.209587
0.262274
0.247883
0.587366
-0.891593
-0.171713
-1.000000
-0.511705
0.905244
-0.183442
0.277122
0.003981
0.805564
-0.785814
0.233595
0.306866
-0.732187
-0.125949
-0.704721
0.085377
-0.312352
-0.240190
0.389270
0.469849
-0.984420
-0.249402
-0.346984
0.909101
-0.893846
-0.501316
0.999658
0.119496
-0.213672
-1.000000
