1.000000
-0.220149
0.250521
1.000000
-0.599215
0.807744
0.490819
0.081164
-0.807244
0.723682
0.467766
-0.442706
-0.206724
-0.800383
-0.341938
0.713880
-1.000000
-0.181073
0.880103
0.790053
-0.670247
-0.492248
-0.577911
-0.272287
-0.000842
0.760167
0.257496
0.702712
0.755895
-0.799591
0.431548
0.649502
-0.298005
-0.700287
-0.022662
-0.246642
1.000000
0.795661
0.761941
-0.115800
-0.424258
0.847311
-0.882682
-0.546239
-0.954358
-0.504631
-0.551984
-0.215434
-0.044584
0.517155
0.108899
0.123841
0.340711
-0.962129
-0.730765
-0.143478
-0.574850
-0.803306
0.945057
0.475292
0.898897
0.438149
-0.116711
-0.823173
0.399428
-0.232795
-0.249089
0.052487
-0.957872
0.553719
-0.900318
-0.418823
0.694899
-0.132315
-0.184247
-0.422213
-0.317945
0.316781
-0.923396
0.094156
-0.206158
0.631903
-1.000000
-0.056798
-0.144755
-0.663551
0.204049
0.475865
0.496817
0.351123
-0.921995
-0.459927
-0.629437
0.704086
-0.226967
-0.027904
0.671536
0.242052
-0.863543
-0.949973
-0.084528
0.365091
-0.744234
-0.988004
-0.634324
-1.000000
0.231213
-0.253833
-0.082730
0.944467
0.314389
0.152131
-0.448278
0.295695
-0.053329
-0.384057
-0.554528
-0.535557
0.179532
-0.972486
-0.652395
0.335039
-0.031769
-0.723647
-0.753716
-0.401622
0.968612
-0.803585
0.791134
0.488685
0.775851
0.436273
0.082885
-0.212319
0.885073
-0.687941
-1.000000
-0.355853
0.483649
-1.000000
1.000000
-0.499388
0.352058
0.514241
0.097403
0.740433
0.162741
-0.159174
1.000000
-0.387523
1.000000
0.516812
-0.815305
0.363529
0.463257
-0.734361
-0.679509
-0.975384
0.997980
0.122401
-0.791284
0.716552
-0.952757
0.613932
0.371638
-0.006713
-1.000000
0.655538
0.322732
-0.733512
-0.252903
-0.812840
-0.875277
1.000000
-0.242957
-0.894393
0.987523
0.717652
0.238367
1.000000
-0.431559
0.458233
0.477878
0.847498
0.123168
0.170016
-0.329243
-0.536678
0.173529
-1.000000
0.619821
0.416814
-0.070916
-0.703118
-0.978396
-0.520727
0.563523
-0.952913
-0.759807
0.509950
0.110524
0.124597
-0.611520
-0.547171
-0.374263
0.501374
-0.043372
0.369922
-0.454919
-0.986105
-0.476275
0.271378
0.001873
0.243219
-0.204893
-0.390958
-0.620306
-0.208232
0.957596
0.245292
-0.857190
0.849904
0.419673
-0.095896
-0.675275
0.590472
-0.035966
-0.757265
0.920884
1.000000
0.862947
-0.980399
-0.249649
0.494936
-0.806466
0.902322
-0.935514
0.292153
-0.902911
0.842088
-0.198844
-0.634794
0.441352
0.941495
-0.984706
-0.147532
-0.433536
0.395689
0.406206
0.504136
-0.848361
0.687486
-0.622777
0.302801
0.422681
-0.111072
-0.787239
0.403025
0.663694
0.304046
-0.768852
0.709399
0.391912
0.438723
0.304933
