-0.147565
-0.053762
-0.534971
0.275352
0.586040
1.000000
-0.627383
0.161341
0.542622
-0.750604
-0.892659
0.391806
0.491189
0.980795
0.944772
-0.052263
0.081837
-0.744678
0.373389
-0.496985
0.563601
-0.094862
0.533657
0.280569
0.797048
-0.325558
-0.798518
-0.398335
-1.000000
0.662326
-0.973319
-0.608066
-0.353962
-0.045328
-0.425733
-0.555282
-0.596293
-0.041339
0.776353
0.653865
0.836994
0.540790
0.771787
0.801524
-0.186456
0.992242
-0.289727
-0.362000
0.564327
-0.823563
-0.790987
0.364342
0.460842
0.022036
-0.156029
-0.174948
0.267409
0.428075
-0.813985
0.692711
0.355249
0.605396
0.078378
-0.056061
-0.726996
-0.868577
-0.480991
-0.211078
0.907482
-0.656131
-0.143965
0.364814
0.372053
-0.486827
-0.545150
0.441337
0.263761
0.734486
0.915837
-0.367706
-1.000000
0.893379
0.342887
0.845354
0.988783
0.128226
-0.956725
0.742391
0.601027
-0.635937
-0.072868
0.986806
-0.709238
-0.986631
-0.587259
0.536739
-1.000000
-0.721243
-0.287261
-1.000000
0.930115
0.792387
-0.137250
-0.111416
-0.958684
-0.817365
-0.182661
-0.867433
0.935718
0.683649
0.473921
0.194771
-0.060283
-0.601695
-0.908380
-0.665683
-0.784577
0.083254
0.093345
1.000000
0.377368
0.798721
0.162156
-0.626862
-0.968168
0.098817
0.773585
-0.930838
0.432222
-0.038086
0.694983
-0.221251
0.411220
1.000000
0.064648
-0.700610
0.050095
0.577723
0.558628
0.875721
-0.746580
0.737389
-0.886458
-0.903008
-0.809303
1.000000
-1.000000
-1.000000
-0.787726
0.637741
0.631298
0.133880
0.381699
-1.000000
-0.791112
-0.609960
-0.792264
0.318149
-0.565342
-0.332745
-0.091322
0.697149
0.291844
-0.309058
0.719885
0.141600
-0.585659
-0.180623
0.488683
-0.494628
0.279595
0.210451
-0.307450
-0.630118
-0.824356
0.657463
1.000000
0.574079
0.216120
0.391775
0.608849
-0.422932
0.391400
0.978410
0.915083
-0.142039
-0.424540
-0.067729
-0.330452
0.428979
0.825185
0.489166
-0.820585
-1.000000
-0.633977
-0.300114
0.195887
0.619485
-0.098202
0.781237
-0.913190
0.749433
0.782360
0.487745
-0.574969
-0.973646
-0.590655
-0.820738
0.847908
-0.665594
-0.913490
0.437426
-0.976109
0.271264
-0.344167
-0.487022
-0.001927
0.218055
0.307519
-0.552919
-0.772011
-0.758795
0.622005
-0.273456
-0.820424
-0.800093
0.466718
0.492450
0.421125
0.565976
0.130714
-0.465641
0.478193
-0.304073
-0.720537
0.624687
-0.261032
0.913631
-0.307910
-0.627106
-0.200666
0.822209
-0.436645
0.424656
0.460444
-0.873898
0.407540
0.313302
0.489656
-1.000000
0.351986
0.983994
0.062916
-0.758037
-1.000000
0.836901
-0.869917
0.933583
-0.002469
0.915122
-0.793404
-0.155845
0.675241
-0.618130
-0.814516
