-0.481962
-0.159902
0.162751
0.597208
-0.319265
-0.612043
0.941398
-0.042255
0.417614
0.411761
0.965709
-0.786013
0.233136
0.851165
-0.670040
0.273417
0.107952
-0.935359
0.378696
0.845573
-0.792192
-0.784202
0.400437
-0.557739
0.298411
-0.169888
1.000000
-0.219027
-0.868400
-0.274046
0.771922
0.122856
0.677010
-0.460907
-0.517419
-0.398041
0.040493
0.875003
0.145285
0.341520
0.893126
0.449550
-0.553014
-0.398121
-0.967450
0.096938
-0.461868
0.611810
-0.999267
-0.790606
0.213745
-0.394648
-0.843128
0.595938
0.862487
-0.340790
-0.183459
0.290987
0.337116
0.761904
0.395684
-0.015117
0.188895
0.157901
0.430627
0.568800
-0.754350
0.754972
-0.151897
0.876939
-0.933428
-0.531635
-0.764626
-0.593911
-0.366906
0.804702
-0.201122
0.819734
-0.718593
-0.437506
-0.344003
0.055936
-0.366327
-0.040139
0.576153
-0.441437
-0.371969
0.709483
-0.241500
0.058021
-0.354029
0.736312
-0.642574
-0.562432
-0.908253
-0.030689
1.000000
-0.097007
0.257924
-0.620719
-0.553035
0.857099
-0.668485
-0.721566
-0.509375
-0.232772
0.482877
0.133593
0.819375
0.449893
0.302545
-0.709648
-0.606257
0.134471
0.300244
0.966847
-0.324465
-0.960242
-0.614918
0.955336
0.605069
0.411184
0.031155
0.033246
-0.665522
-0.662392
-0.022393
-0.324731
0.254186
0.872486
0.392650
0.477002
0.735692
-0.799936
-0.145900
0.939201
-0.415953
0.458859
-0.641124
-0.810187
0.314383
-0.244467
0.972279
-0.549472
-0.472720
1.000000
-0.695319
-0.002491
0.788985
-0.679566
0.848828
-0.926885
-1.000000
0.201582
0.734263
0.113681
-0.277826
-0.195518
0.106538
-0.801530
-0.228861
-0.436511
0.763550
0.302656
-0.072787
0.148870
-0.621523
-0.230695
-0.580892
0.802149
0.539455
0.286715
-0.232136
0.434892
0.582349
-0.615790
-0.782785
-0.543516
-0.028526
-0.439682
-0.207397
-0.219529
-0.128020
-0.301036
0.046723
0.830533
0.722251
0.321677
0.086621
0.440453
-0.398989
0.480339
-0.684123
0.139729
0.016437
-0.458142
0.067232
0.588730
-0.669514
0.701841
0.598355
-0.484210
-0.191495
-0.886154
0.979717
0.173312
-0.905788
0.532985
-0.706739
-0.753426
-0.296529
0.725405
-0.428661
-0.777594
-0.420773
0.024531
0.227750
-0.530527
-0.921778
0.684158
-0.772893
0.833575
-0.011471
0.697074
-0.145953
-0.219743
-0.594873
0.362209
0.355602
0.147761
-0.035803
0.273824
0.436788
-0.814718
-0.428677
-0.109626
-0.521351
0.211612
0.355648
-0.793354
-0.012948
0.278443
0.662683
0.845843
-0.738052
-0.441501
0.532501
0.562717
0.951690
-0.611396
0.304449
-1.000000
0.191080
0.205010
-0.568495
0.626739
-0.982002
-0.863570
0.755992
-0.493772
0.162542
-0.615544
0.886115
0.772429
-0.185046
