0.068124
0.508437
-0.826224
-0.422659
0.095045
0.689235
-0.110153
-0.275915
0.446512
0.108179
0.447494
0.669317
-0.542847
-0.855005
0.985059
-0.168815
0.121919
-0.955442
0.038222
-0.147495
0.318689
0.660807
-0.092304
0.554978
-0.366248
-0.157573
1.000000
-0.259355
0.643612
-0.820216
0.408501
0.389487
-0.555046
0.268895
-0.278835
-0.928117
-0.614427
-0.524395
-0.034883
0.008373
0.973873
-0.116315
-0.768668
0.214982
0.933443
0.052698
-0.266686
0.756979
0.104575
-0.438821
0.848443
-0.905227
0.697296
0.328813
0.376170
0.773886
-0.199032
-0.548604
-0.430104
-0.988710
-0.375923
0.809385
1.000000
-0.962829
0.148069
-0.820442
-0.134083
-1.000000
0.844056
0.732069
1.000000
-0.638028
0.844152
-0.375210
-0.724330
0.474260
0.652470
0.796509
0.977545
-0.436172
-0.069291
0.930292
-0.811847
-0.039545
0.827186
0.217769
-0.703723
0.579080
-0.260982
-0.073641
1.000000
-0.200277
-0.989079
-0.302424
-0.934974
-0.249656
0.195260
0.635902
-1.000000
-0.170841
0.608734
0.356681
-0.192139
0.640327
-0.027902
-0.495090
-0.951867
-0.218770
-0.524522
0.869550
0.802160
0.860572
-0.879316
0.434421
-0.281491
-0.177972
-0.746074
0.693361
0.265490
-0.597537
-0.964027
-0.460359
0.200346
0.361529
0.362265
-0.356043
0.793675
-0.505547
0.594849
-1.000000
0.563551
0.619944
0.729734
0.995537
0.287919
0.346212
-0.939086
-1.000000
1.000000
-0.646003
-0.291811
0.368638
-0.519111
0.131256
0.306236
1.000000
0.481329
-0.208596
-0.304556
-0.724161
0.428645
-0.599295
-1.000000
-0.029206
0.011225
-1.000000
0.232418
-1.000000
1.000000
-0.729683
-0.217078
0.383071
-0.700733
0.545403
0.103856
0.428221
-0.106167
-0.420609
-0.413482
0.089031
0.415808
0.701667
-0.888102
1.000000
0.521122
-0.473290
0.053086
0.530752
-0.010102
-0.370640
1.000000
-0.615442
0.627496
-0.019753
0.801019
0.024083
0.601046
-0.558309
0.607549
-0.505397
-0.337249
0.563608
-0.193525
0.928879
-0.630351
-0.347797
0.552135
0.058709
-0.951352
-0.555477
-0.324026
-0.574855
-0.004350
-0.346207
0.877172
0.796327
0.905633
-1.000000
-0.007427
-0.106450
-0.868642
-0.075685
-0.024843
0.365121
-0.306161
0.182231
0.243617
0.210009
0.771733
0.349665
-0.439697
-0.490034
0.011686
0.526757
0.387697
-0.573763
0.582434
0.784007
-0.863152
-0.195155
-0.400786
0.080333
0.733803
-1.000000
-0.799932
-0.654571
-0.108602
-0.937125
0.134785
0.035779
-0.302701
-0.125235
1.000000
-0.622111
-0.366791
0.261838
0.191534
0.253610
-0.189254
0.949374
-0.650280
0.863869
-0.613137
-0.723249
-0.137488
0.395988
-0.393152
0.458806
-0.347920
-0.913650
-0.795068
0.782633
-0.581030
0.537067
-0.268358
