0.610643
0.327869
-0.721430
-0.852426
-0.132039
-0.698501
-0.384630
-0.764583
-0.450307
-0.608022
-0.600968
1.000000
-0.067387
-0.873261
-0.091640
-0.748215
0.989406
-0.241252
0.133984
-0.593537
-0.989893
0.801577
0.207934
-0.190162
0.132416
-0.966312
0.197949
-1.000000
-0.936103
-0.898485
-1.000000
0.220140
0.438083
-1.000000
0.322123
-0.871887
-0.097445
0.734268
-1.000000
0.401198
0.029820
-0.583767
0.865106
0.070634
-0.887442
-0.094294
0.033524
1.000000
-0.345405
-0.170985
0.114377
-0.094030
0.894039
0.171625
-0.196315
0.076586
0.477395
-1.000000
0.521374
-0.156264
1.000000
-1.000000
-0.904964
0.487696
0.370398
-0.755060
-0.148117
0.063028
0.487157
0.432342
0.975639
-0.128899
-0.194289
1.000000
-1.000000
-0.641087
-0.784452
-0.028072
0.197760
-0.829422
-0.086701
0.965874
0.745050
-0.729126
0.158342
0.822244
-0.637793
0.801818
-0.674548
0.396636
0.641072
0.227225
-0.796796
-0.182226
-0.818576
0.874941
-0.701505
-0.092935
-0.791110
0.478662
0.723769
-0.577086
0.556763
0.724046
-0.737596
-0.166713
0.868459
0.936268
-0.336942
-0.140408
-0.714248
-0.745788
-0.583056
-0.791625
-1.000000
0.218088
-0.315659
0.774876
-0.408524
-0.557588
-0.198025
-0.068246
0.248621
-0.530951
0.432841
1.000000
0.863565
-0.465920
-0.687584
-0.722083
1.000000
-0.136966
0.248900
-0.455203
-0.021326
0.496626
-0.019945
0.195103
0.383209
0.350328
-0.840681
1.000000
0.099378
0.478636
0.520144
-0.188949
0.217836
0.413374
-0.346274
-0.677470
-0.187307
-0.781503
-0.878026
0.182991
-0.691229
-1.000000
-0.147846
0.700020
1.000000
-0.602224
0.778586
0.488695
0.827701
-0.525930
0.640312
1.000000
0.644527
0.319950
-0.119655
0.576071
0.969055
0.558518
-0.730912
0.179468
-0.138515
-0.351241
1.000000
-0.723905
-0.308744
0.272051
-0.291466
-0.654917
-0.412949
-0.176561
0.663184
0.882482
0.657307
0.670179
-0.551496
-1.000000
0.211527
0.286341
-0.748401
-0.300677
-0.508660
0.991823
0.153741
-0.477809
-0.133836
0.137700
0.855350
0.130726
0.585859
-0.485154
1.000000
-0.853931
0.302472
-0.943763
0.241853
-0.252164
-0.646106
-0.386511
0.952354
0.412457
-0.140847
0.474895
0.631578
0.662630
-1.000000
0.727088
-0.924759
1.000000
-0.251756
0.721291
-0.829130
0.385098
-0.982710
-0.090357
-0.891369
0.081262
0.956946
-0.567650
0.546642
-0.039361
-0.733017
0.133609
-0.342032
-0.332278
-0.080724
0.005589
-0.579065
0.298499
-0.266536
0.630677
-0.689461
-0.522633
-0.281673
0.932561
-0.273620
-0.527419
-0.599310
-0.961914
-0.299375
0.755189
0.467517
0.175820
0.179560
0.966145
0.480761
0.140936
-1.000000
-0.262592
0.482123
-0.845131
0.900227
