-0.639938
-0.787064
-0.870602
0.757682
-0.548849
-0.987868
0.908693
0.860648
0.721746
-0.028814
0.418158
0.705830
-0.536336
-0.682602
-0.216180
0.666966
-0.513458
0.366560
-0.696854
0.677222
-0.484242
-0.941061
-0.834465
0.193291
-0.989602
0.421500
0.684538
0.604412
-0.922327
-0.884045
-0.852516
-0.798444
0.689772
0.488158
0.290297
-0.754627
0.960007
-0.068078
0.740669
-0.753593
-0.173171
-0.372459
0.377736
0.251761
0.287383
0.096970
0.952995
-0.240133
-0.663117
0.761140
0.271469
0.256650
0.845926
0.135895
0.436225
0.885636
-0.977778
-0.720500
-0.861527
-0.893388
-0.919931
0.282542
0.223290
-0.720054
0.831045
-0.620623
-0.349305
-0.727873
-0.222579
0.444198
0.488457
-0.330588
-0.540831
0.135681
0.244471
0.293016
-0.749628
0.233485
-0.795206
-0.392935
0.498928
-0.823488
0.559135
-0.443014
0.496493
-0.875383
-0.618391
0.367954
0.723237
-0.538438
0.461450
-0.472684
-0.754740
-0.278017
0.548232
-0.864185
-0.503912
-0.359958
-0.224138
0.984489
-0.367544
0.438908
-0.908437
-0.209844
0.346918
0.436250
-0.272542
0.656682
-0.338036
0.230980
-0.619205
0.248518
0.607753
-0.003092
-0.016448
-0.649501
-0.247739
-0.310761
-0.426902
-0.414506
-0.379136
0.676276
0.949212
0.054508
0.702292
0.416520
0.022303
-0.930448
-0.164553
0.052504
0.937873
0.769909
0.164554
-0.812350
-0.324384
-0.242893
-0.528546
0.083095
-0.725236
0.813269
0.052920
-0.650258
0.579928
0.682789
0.022212
-0.066956
0.048350
0.983446
-0.653039
-0.228572
0.713829
-0.885144
-0.408580
0.737115
-0.399033
-0.492214
0.118250
0.761574
0.281579
-0.543098
-0.465053
0.259312
-0.529080
0.202957
0.224432
-0.401157
0.161649
-1.000000
-0.776339
0.496568
-0.304538
-0.464854
-0.836893
0.044048
-0.206207
0.145906
-0.684094
-0.462868
0.059373
-0.765371
-1.000000
-0.828152
0.530402
-0.494343
-0.690148
-0.869192
0.569414
1.000000
-0.940459
-0.980748
-0.945799
-0.845936
0.495391
-0.348398
0.097844
0.397124
0.528380
0.276857
0.736319
-0.661146
-0.525932
-0.375628
0.200210
0.362173
0.727784
-0.712834
-0.447183
0.282274
-0.267164
0.465508
-0.540722
-0.857401
0.331338
-0.510138
-0.410178
0.251229
-0.127118
0.747717
0.440694
-0.743676
0.699276
-0.341314
-0.852702
0.197970
0.133837
0.726804
-1.000000
0.774706
0.498089
-0.121426
0.254392
0.668073
0.484895
0.816743
0.993143
-0.991225
0.162263
0.368520
0.430699
-0.511919
-0.751574
-0.408505
0.471735
-0.958477
-0.758056
0.916847
0.813501
-0.542463
-0.139403
0.912709
-0.486267
0.592887
-0.167496
0.050441
-0.414384
0.250842
-0.866904
-0.231681
0.060112
-0.569123
0.219097
-0.285386
-0.806478
0.951286
-0.120287
