-40.600000
4.000000
100.000000
62.000000
-1.000000
4.000000
93.400000
-1.000000
-1.000000
-1.000000
-0.204941
1.000000
-0.706499
-1.000000
-0.377099
-1.000000
0.335393
-0.381802
-0.228188
0.848625
0.845949
-0.883959
-0.950982
-0.158196
-0.391853
0.495474
-0.382082
0.515905
-0.452711
-1.000000
0.747736
0.862172
1.000000
-0.284446
-0.105214
-1.000000
0.698460
-0.787532
0.084696
-0.350061
1.000000
0.697732
1.000000
0.153953
0.438896
-0.110032
0.151824
-0.326023
1.000000
-0.149514
-0.661790
1.000000
-1.000000
0.833901
-0.280474
-0.177995
-0.888697
0.243513
0.120663
1.000000
0.367612
0.261667
-0.758860
0.249064
0.126456
-1.000000
1.000000
1.000000
-0.053967
0.598185
0.786761
-1.000000
-0.240077
-0.590239
-0.988717
-0.903156
-0.467357
-0.343535
0.053544
0.705313
-0.589390
0.122189
-0.045792
0.814067
0.695602
-0.285657
0.731705
-0.492976
-0.635209
0.543073
-0.456077
-0.982178
0.919781
-1.000000
-0.920086
-1.000000
-0.742529
-0.863546
-0.683065
0.697656
-1.000000
1.000000
0.746048
-0.751804
1.000000
0.018739
-1.000000
-0.503462
-0.941168
-0.108417
-1.000000
0.383658
0.132287
1.000000
-0.741777
1.000000
-0.799601
-0.799691
-1.000000
0.008445
0.251860
-1.000000
1.000000
0.950372
1.000000
0.685952
0.436319
0.661821
-0.147494
-0.949545
-1.000000
-0.733923
-1.000000
-1.000000
-0.635436
0.237814
-1.000000
-0.210907
-0.618610
-0.607693
-0.666248
1.000000
-1.000000
0.867868
-1.000000
-1.000000
-0.395490
-0.468885
1.000000
-0.148474
1.000000
-1.000000
-0.705633
0.781033
-0.386799
0.921645
-1.000000
-0.723455
0.545179
0.482688
1.000000
-0.731079
0.285903
1.000000
0.795592
0.495310
-0.566103
-0.558761
0.248611
-1.000000
-1.000000
0.347091
-0.360931
-0.813834
-0.488781
-1.000000
-0.049333
-0.009187
-0.028358
1.000000
0.074905
0.400047
0.021246
-0.404110
0.098344
0.381766
0.215379
-0.901572
0.674205
-0.992656
-0.730106
0.259903
-1.000000
-0.901442
-0.517788
-0.181286
-0.181384
-1.000000
-0.878183
0.945357
0.460882
0.131810
0.204472
0.542479
1.000000
0.220546
0.949703
1.000000
1.000000
-1.000000
0.054282
-0.046291
-1.000000
-0.299103
-0.554049
0.156176
0.972524
-1.000000
-0.268127
-0.615183
-0.255078
-1.000000
0.471875
0.906038
1.000000
-0.906184
0.556917
-0.789181
-0.429459
-0.196469
0.043592
0.854053
0.624638
0.294572
-0.349931
-0.028821
-0.685874
-0.314277
0.106948
0.447261
-0.865294
0.062769
0.267151
0.337065
0.206853
-0.194190
1.000000
-0.364126
-0.247753
-1.000000
-0.170033
-0.799792
0.330538
1.000000
-0.574854
0.047618
0.455265
0.882024
0.432844
-0.860218
-0.446048
1.000000
-0.327364
-0.605493
0.481037
-0.153215
-0.953121
1.000000
0.066728
-0.399301
0.216813
-0.876442
0.032061
-0.356625
-0.509664
