-410.000000
0.000000
-1.000000
-1.000000
-1.000000
-1.000000
-1.000000
-1.000000
-1.000000
-1.000000
0.212079
-0.804893
-0.494830
1.000000
0.955179
-0.681261
0.705543
-0.972372
-0.412013
-0.447183
-1.000000
0.260111
0.242407
0.310603
-0.341807
0.982789
0.085553
0.193194
-1.000000
0.347479
-0.606508
-0.777260
-0.708600
0.366192
0.241126
0.796643
1.000000
-0.204431
0.445768
1.000000
1.000000
-0.272322
0.866728
-1.000000
-0.705206
-0.991535
0.167552
0.372684
-0.548909
-0.643149
-0.427220
-1.000000
0.191842
0.562094
-0.371563
0.179536
-0.877220
0.684570
1.000000
-1.000000
1.000000
0.009385
0.701652
0.565646
1.000000
-0.835505
0.586548
0.654146
0.087813
0.465834
-1.000000
-0.426966
-1.000000
-0.483569
0.336575
-0.321157
0.311400
1.000000
0.740594
0.642141
-0.698001
0.643086
0.635108
0.531165
1.000000
0.807056
0.286721
-0.790150
-0.154627
-0.281507
0.678298
0.492043
-0.200211
0.271147
-0.335463
-0.193357
-0.241180
0.396909
0.221406
-0.608432
0.820602
0.795408
0.438221
0.171641
0.249891
-0.251219
-0.714463
-0.658561
1.000000
-0.097560
-0.683129
0.003539
-0.358992
0.334400
0.262397
-0.272852
0.471547
-0.154856
1.000000
-0.973461
-0.572389
-0.519680
-0.088963
-0.833799
0.545752
1.000000
0.818939
-0.752012
0.170017
0.706114
-0.808553
-0.409931
-0.840901
-1.000000
1.000000
-0.306247
-0.449221
0.937090
-1.000000
0.691788
0.758485
-0.406000
-0.858284
0.300868
-0.402388
0.037803
-0.060707
0.869114
1.000000
-1.000000
-0.736420
0.065152
-0.808896
1.000000
-0.506339
0.015164
0.949399
0.701419
0.510145
1.000000
-0.025634
-0.199887
-0.826151
-1.000000
1.000000
-0.011962
0.445460
1.000000
-0.098584
-0.137281
-1.000000
-0.520891
-0.282467
1.000000
-0.955941
0.469914
-1.000000
-0.091463
0.440559
0.218067
0.550803
1.000000
1.000000
-0.004220
0.443807
-1.000000
-1.000000
0.210692
-0.165682
1.000000
0.060831
-1.000000
0.501826
-0.488549
0.758208
-0.821955
-1.000000
-1.000000
1.000000
0.470388
1.000000
-0.676908
0.415953
-1.000000
-1.000000
0.549954
-0.970641
1.000000
1.000000
0.494573
-0.037433
0.917398
0.795996
0.646317
0.932789
-0.953143
-0.182195
-0.982286
0.460215
0.969072
0.198988
0.893404
0.887745
0.242633
1.000000
-0.451822
0.599198
-1.000000
0.121773
0.470395
0.770127
-0.848072
0.427247
-0.075661
0.252925
-0.092314
0.145212
-0.149332
1.000000
-0.157123
-0.173282
-0.080973
0.363808
0.970412
-1.000000
-0.100811
-0.294466
0.352916
0.195699
0.709753
0.721294
-0.818130
1.000000
0.808379
-0.132920
0.712393
-1.000000
0.297910
1.000000
0.437403
-1.000000
-1.000000
-1.000000
-0.930468
1.000000
-0.056386
0.182214
1.000000
-0.328013
0.298308
0.500721
1.000000
-0.019257
-0.521364
-0.995728
