-71.000000
3.000000
-1.000000
38.000000
-1.000000
-1.000000
83.200000
-1.000000
17.800000
-1.000000
-0.165583
0.277769
0.381623
-0.652037
-0.120849
-1.000000
-1.000000
-0.501226
1.000000
0.429487
-0.593401
-1.000000
0.897550
0.938002
-1.000000
0.060108
0.205882
-0.878252
0.171103
-0.659745
0.326147
-0.012217
0.334075
-1.000000
-0.921257
-1.000000
0.719129
-1.000000
-0.245593
0.410236
0.255983
0.813575
-1.000000
0.429113
-0.153080
-1.000000
0.205272
0.274083
0.666750
-0.787541
-0.104141
1.000000
-0.373222
-0.190466
-1.000000
0.642571
0.190775
1.000000
-1.000000
0.167344
-1.000000
0.077713
-0.681511
0.116822
-0.082696
0.041481
0.545377
-0.293374
-0.793001
-0.385721
-0.351079
0.931221
0.082594
0.057451
0.465905
0.387920
-0.045450
-0.196157
0.687085
0.506528
-1.000000
-0.171430
0.042203
-0.467010
-0.441382
0.181109
-1.000000
1.000000
0.222501
-1.000000
1.000000
1.000000
-0.002089
-0.025046
-0.762185
-0.716793
-1.000000
-0.146498
0.212637
-0.934651
1.000000
0.144697
0.789419
-1.000000
1.000000
0.844208
0.684569
-0.710216
0.561779
0.192194
0.669284
-0.881660
0.279651
0.969805
-0.744045
-0.537335
-0.054306
0.055334
0.927499
-1.000000
0.916409
0.237343
-0.601512
0.593373
-0.039444
0.945834
-0.417702
0.936542
-0.982296
0.353805
0.072386
-0.891336
0.690021
-0.341029
0.207357
-0.363673
-1.000000
-1.000000
-0.296333
1.000000
-0.434533
1.000000
0.422063
-0.148274
0.250618
-0.422476
-0.364837
-1.000000
-1.000000
-1.000000
0.724856
1.000000
1.000000
0.630044
1.000000
0.331256
-0.521636
0.949203
-0.383315
1.000000
0.488191
0.225648
-0.504108
-0.603069
-0.547029
0.019315
-1.000000
-0.688008
0.728120
-0.668996
-0.704571
-0.232219
0.400381
-0.161762
-1.000000
0.222576
0.889060
0.792935
-1.000000
1.000000
-1.000000
-0.957693
0.887621
1.000000
0.516259
-0.969138
-0.302297
-0.362894
-1.000000
0.791229
0.929763
0.405321
-0.334416
-0.381593
-0.148646
-0.970133
-1.000000
0.548109
0.832470
0.440046
-0.464110
0.184289
-0.030204
-0.466055
0.584786
-1.000000
0.658696
0.403342
-0.641576
-0.160974
-0.860392
1.000000
-1.000000
-0.633182
-0.137364
0.211374
-0.636587
-0.398317
0.055794
0.862209
-1.000000
-0.042421
-0.509464
1.000000
-1.000000
-0.597917
0.523021
1.000000
-0.228258
0.645440
-0.833793
-0.728883
0.723931
0.768704
0.524798
0.011912
-0.506324
0.687824
-0.281922
0.527427
0.417542
0.029060
0.856610
-0.969381
-1.000000
-0.081297
-0.709538
0.613389
0.933255
-0.019394
-0.724545
1.000000
0.792980
-0.187536
0.032412
-0.681205
-1.000000
-0.077467
0.514263
0.725710
1.000000
0.908221
0.837904
0.494714
-0.167644
1.000000
-1.000000
0.571091
-1.000000
1.000000
-0.520801
1.000000
-1.000000
-1.000000
-0.390779
