-145.400000
2.000000
-1.000000
70.000000
-1.000000
-1.000000
64.600000
-1.000000
-1.000000
-1.000000
-0.639158
0.645754
0.471192
0.152019
-0.138942
-0.447013
0.037136
-0.871821
0.841250
0.450107
0.533046
0.935245
-0.119240
0.238281
0.384789
-0.600540
0.203507
-0.313940
0.930201
-0.703295
0.542697
0.477212
-0.274737
-0.784995
0.326590
0.142881
-0.709492
-0.795089
0.924568
-0.939709
1.000000
0.157111
-0.106012
1.000000
-0.691800
-0.203551
-0.712768
-0.874285
-0.811904
1.000000
0.023516
0.906925
0.107352
0.229978
-0.904713
-0.920532
-0.477584
-0.328083
0.290645
0.019034
-0.106989
-0.415745
-0.031639
-0.435192
-0.418990
-1.000000
-0.578289
0.894468
-0.972493
0.789343
0.088965
0.161851
0.235832
0.090871
0.817126
-0.791328
-0.425654
0.365603
0.818630
-0.673668
-0.589440
-0.359359
-0.828523
-0.804544
-0.957791
0.901909
0.074031
0.180295
-0.328576
0.060437
0.788275
0.839770
0.337445
-0.107012
-0.580054
-0.206436
-0.149381
-0.662805
0.335822
-0.310887
0.304010
0.772602
1.000000
0.427048
0.524171
0.867897
1.000000
0.564220
-0.900500
0.189874
-0.035936
0.954540
0.920549
-0.425364
0.766928
0.257680
-0.270835
-0.092335
-0.595744
0.176280
-0.732319
0.444026
-0.075165
0.608337
0.570490
0.524238
-0.817856
0.290318
-0.327316
0.178807
1.000000
-0.564363
0.297276
0.039845
-1.000000
0.695196
0.874582
1.000000
0.944343
-0.013235
-1.000000
-0.665259
-0.353279
-0.478945
-0.340783
0.995373
-0.350020
-0.982419
-0.565383
0.721917
-0.548599
1.000000
0.876676
-0.668048
-0.316308
-0.477333
-0.743239
-0.750915
-0.484275
-0.117813
-0.587081
0.890270
0.898493
-0.030408
-0.999262
0.243463
0.626472
0.558201
0.871416
-0.071321
0.258303
0.010560
0.742059
-0.113980
-0.347202
0.221323
-0.125799
-0.691763
-0.417370
0.367517
0.366371
0.528362
-0.775814
-1.000000
-0.315885
0.513291
0.749333
-0.550553
-0.990947
-0.389125
-1.000000
-0.709228
1.000000
-0.521273
0.123122
0.080591
0.545473
-1.000000
0.145298
-0.234411
0.323912
-0.499734
-0.597988
0.786772
-0.424936
-0.205695
-0.907097
0.339196
0.191080
0.524800
0.870271
0.096270
0.431442
-0.490593
0.602384
0.194747
-0.555864
-0.554601
0.939938
1.000000
-0.763727
0.341168
0.982804
0.450551
0.049015
-0.185558
0.152845
-0.427333
0.492886
0.148794
-0.858078
0.489422
0.028341
0.079777
-0.041741
-0.116869
-0.545256
0.644125
-0.709111
0.050149
0.293751
0.117305
0.045377
-0.478438
-0.426207
0.324388
-0.750546
0.989699
-0.905486
-0.604658
-0.691577
0.195209
-0.259651
0.665567
0.626994
0.444792
-0.405120
0.215741
-0.236543
0.211531
0.426408
0.671068
-0.721571
0.084771
0.331330
-0.616376
0.240945
-0.730145
0.612061
-0.033044
-1.000000
-0.930437
0.012089
0.454429
0.346144
