-78.600000
2.000000
-1.000000
-1.000000
-1.000000
-1.000000
53.800000
-1.000000
-1.000000
67.600000
0.608411
-1.000000
1.000000
-0.241450
-0.211101
0.472088
0.345512
-0.414402
-0.760154
0.707336
-0.086799
0.068520
0.105755
0.429581
-0.057183
-0.393777
-1.000000
-0.192501
0.905844
0.250394
0.060680
-0.040270
-1.000000
-0.296727
0.372347
1.000000
-0.624048
0.116345
0.625402
-0.123308
-0.954160
0.085973
-0.748069
0.884586
-0.964347
-0.509899
-0.085084
1.000000
0.090740
-0.303162
1.000000
-0.457510
-0.825619
-0.664291
0.803663
-0.333206
0.120930
-0.694320
0.217672
-0.622079
0.903754
-1.000000
0.638514
0.937247
0.229467
-0.088096
-0.974142
0.227614
0.965963
0.177163
-0.984869
-1.000000
0.173266
-1.000000
0.791821
-0.124626
-0.251013
-0.553549
0.348906
-1.000000
-1.000000
0.367531
-0.002588
-1.000000
0.935029
0.100816
-0.341412
1.000000
-1.000000
0.685178
-0.309536
-0.453075
-1.000000
-1.000000
-0.723689
1.000000
-0.642578
-0.272848
-0.811298
0.621661
-0.192178
0.154289
1.000000
0.518489
0.395777
-0.179974
1.000000
0.261063
0.916362
-0.944934
-0.577919
1.000000
1.000000
1.000000
-0.844451
-0.073486
0.688276
-1.000000
0.114949
-0.446036
-0.648921
-0.528570
-0.028433
-1.000000
-0.205528
-1.000000
0.588411
0.642536
1.000000
0.137386
-0.659094
0.641717
0.780804
-0.250184
0.167938
-0.135513
0.268751
0.444619
0.513275
0.763357
-0.368035
-1.000000
-0.310636
-0.100179
-0.630368
-0.594575
0.246133
0.592002
-0.047800
-0.020472
-1.000000
0.170718
-0.784564
-0.134110
-1.000000
-0.461590
1.000000
-0.121571
0.400200
0.760495
0.434376
0.054270
0.516494
-0.712964
-0.449920
-0.746363
-0.929783
0.291923
0.921806
0.056757
0.257005
-0.997807
-0.697267
-0.912313
0.249666
0.176754
-0.111848
0.045474
0.888708
-0.928403
-0.747238
1.000000
-0.279821
-0.422109
-1.000000
-0.223260
0.286634
0.173099
-0.084956
0.613622
0.000252
0.522345
-1.000000
0.268287
-0.553805
-1.000000
0.979195
-0.362880
-0.582199
0.176446
0.076791
-0.447785
0.632397
0.498004
0.048648
0.120270
0.692351
-0.785395
0.375752
0.107216
1.000000
1.000000
-1.000000
-0.337667
-1.000000
0.404889
1.000000
-0.051824
-0.857041
0.424129
-0.218466
-0.495446
0.578011
0.428736
-0.495808
-1.000000
-1.000000
1.000000
-0.372582
0.685922
-0.536426
1.000000
-0.015042
-0.743533
0.402263
0.683437
-0.862202
-0.338536
-0.355460
-0.334665
-1.000000
-0.841710
-0.096663
-0.043737
0.519565
0.945022
0.961599
-0.889863
0.025506
0.489338
0.489518
-0.931972
0.461457
1.000000
0.743209
-0.262839
-1.000000
-0.760825
0.395847
0.176966
-1.000000
0.448122
0.732739
-0.136325
-0.464263
-0.331272
0.767079
-0.451409
1.000000
0.772752
-0.576853
0.714406
0.981065
-1.000000
-0.589186
