-10.600000
3.000000
-1.000000
-1.000000
46.000000
-1.000000
59.800000
-1.000000
-1.000000
43.600000
-1.000000
-0.529744
-1.000000
0.990583
-0.088437
0.086194
-0.078613
-1.000000
-1.000000
0.272281
-0.022061
-0.396552
-0.150263
0.173736
-0.437980
0.106017
-0.355129
0.656683
-0.058012
0.113407
-0.759847
-0.805368
-1.000000
-1.000000
-0.040949
-0.813386
0.045292
0.425285
0.597836
-0.422432
-1.000000
0.393230
0.166749
1.000000
0.180604
-1.000000
-0.769195
1.000000
0.224134
0.745408
1.000000
0.439541
-0.732351
1.000000
-0.355090
0.746544
0.249899
-1.000000
-0.008354
1.000000
-0.697204
-0.237233
1.000000
0.348593
-1.000000
-0.421228
-0.076358
0.273746
0.275418
-0.944740
1.000000
0.324967
0.791302
1.000000
0.665463
0.136243
-0.617706
-0.411082
-0.693148
0.905943
-0.442812
-0.761383
0.760764
0.224425
-0.312626
1.000000
-1.000000
0.098945
1.000000
0.939627
1.000000
-1.000000
0.598782
0.619552
-0.478184
0.900625
-0.676013
0.226354
0.024837
0.815925
-0.009451
-0.276179
1.000000
-0.138545
0.357523
-1.000000
0.352234
0.692805
-0.239886
0.618705
0.844626
0.782354
1.000000
-0.148299
0.036342
-0.878878
-0.643422
0.374013
0.185573
-0.569320
-0.880725
-0.288127
-0.176998
-0.656794
-0.623192
-0.370483
-0.301790
-0.012673
0.709510
0.643380
1.000000
-0.856531
0.764749
0.391652
-0.200050
1.000000
-0.486638
-0.438348
-1.000000
0.165434
-1.000000
-0.443849
-1.000000
1.000000
0.461565
0.791191
-0.948396
-0.579702
0.501804
0.661354
0.739016
-0.540867
0.910603
0.788980
-0.200678
-0.994938
0.966382
0.268973
0.966409
-0.520339
-1.000000
0.251804
-0.530163
0.371778
-1.000000
1.000000
-0.609154
1.000000
0.262915
1.000000
0.644727
-0.324855
0.329572
0.793385
0.909011
-0.578323
-0.789088
1.000000
0.953696
0.835037
0.554429
0.695549
-1.000000
-1.000000
1.000000
0.363593
0.273102
-0.268611
-0.042556
1.000000
-1.000000
0.936511
-0.133100
0.242219
-1.000000
-0.623753
1.000000
-0.880069
-0.861599
0.848702
-0.569795
0.212722
-0.581541
0.897115
0.041171
-0.598133
0.722116
0.672427
-1.000000
-1.000000
-0.950055
1.000000
-0.995421
-0.394161
-0.062797
0.220313
0.097684
1.000000
1.000000
-0.518087
-1.000000
-1.000000
0.597026
0.189544
-0.089557
0.108461
0.978362
1.000000
-1.000000
0.651061
-0.728097
-0.505596
0.895961
-0.244068
1.000000
0.594262
1.000000
-0.943889
0.949418
-0.668869
-0.458486
-0.330431
-0.339844
0.506450
0.197577
-0.482066
1.000000
-0.056564
-0.444493
0.312814
0.174764
0.397933
-0.896123
-1.000000
-0.995539
0.532250
-0.131082
-1.000000
0.326874
0.320509
-0.373753
-0.818417
0.602339
0.431390
-0.282759
0.334682
-1.000000
0.721633
-0.209580
-0.923929
0.970566
0.402953
0.661118
-0.007128
1.000000
