1.000000
-0.036590
-0.167024
0.753413
-0.530850
0.840270
1.000000
1.000000
0.903870
0.028563
-1.000000
0.766222
0.275189
-0.786749
1.000000
-1.000000
-1.000000
0.645805
0.770456
-0.480811
0.550279
-0.616507
-0.271061
0.994487
-0.232838
0.072025
0.267033
0.274251
-1.000000
-1.000000
0.993229
0.198275
1.000000
0.713322
0.211959
0.346559
-0.705400
-0.027351
-1.000000
0.512899
0.471706
-0.724054
0.882808
-0.831159
1.000000
-1.000000
-0.875463
0.915445
-0.532538
0.114674
-0.585619
-1.000000
0.404746
-0.271500
-0.309018
-1.000000
-0.521685
-0.730852
0.837362
0.850554
1.000000
0.538976
-0.366459
-0.842274
0.463667
-0.440591
-1.000000
0.119390
-0.041893
-0.463025
0.991244
-0.061205
-0.857124
0.422121
-0.326701
-0.154762
-1.000000
0.256268
-0.511380
0.632281
0.139858
-0.300401
0.560274
0.213792
1.000000
-0.303886
0.348527
0.919819
-0.259007
-1.000000
0.368096
-0.327833
1.000000
-0.171301
-0.070404
0.682714
1.000000
-1.000000
-1.000000
-0.199834
-0.421083
-1.000000
-0.147426
1.000000
0.171829
-0.419348
1.000000
0.209260
0.574108
-0.647122
-0.953798
-0.117766
0.282453
0.251059
-0.867690
0.427585
-0.545203
0.258724
-0.991470
0.171158
-0.661329
-0.490913
-0.927984
-0.481294
-1.000000
-0.756328
0.392032
0.309103
0.440844
0.482769
-1.000000
0.605068
-1.000000
-0.663118
-1.000000
1.000000
0.014075
0.826234
-0.128819
-0.274079
1.000000
-0.031908
1.000000
0.948604
0.198290
0.508468
-0.006023
0.260775
0.065223
1.000000
-1.000000
-1.000000
1.000000
0.070649
1.000000
1.000000
-0.816851
-0.521390
-1.000000
0.784300
-0.509116
-1.000000
0.238348
-1.000000
0.073223
0.039964
-1.000000
0.449386
0.901754
0.258082
-1.000000
1.000000
0.390742
1.000000
-0.468215
-0.186119
-0.944008
-0.451537
-0.579605
-1.000000
0.599027
0.680222
-0.234303
-0.437176
0.997179
0.948748
1.000000
1.000000
-1.000000
0.759268
-0.265839
-0.188632
0.306197
1.000000
0.724362
-0.366560
0.497538
-1.000000
-0.681024
1.000000
-0.038116
0.380353
-1.000000
-0.228546
0.580985
-1.000000
0.093476
-0.063062
-0.265841
0.216599
-0.329827
-0.498088
0.717238
0.052945
-0.747220
-0.512873
0.187108
0.622187
-0.102684
0.170579
-0.438683
0.414148
1.000000
1.000000
0.881184
-0.582864
0.502385
-0.461753
-0.507524
-1.000000
0.212651
0.061301
-0.529303
0.620391
0.698244
-0.208355
-0.515547
0.915198
1.000000
0.395756
-0.148664
-0.517703
0.915914
0.189304
-0.143176
-0.045726
0.564796
-0.317600
0.602055
-0.311184
0.633028
0.436677
-1.000000
0.428771
-0.263644
1.000000
0.991393
-0.034696
-1.000000
1.000000
0.274014
0.053493
0.853127
1.000000
1.000000
