0.254521
-0.149967
-0.048722
0.083369
-0.674459
0.448196
-0.377736
-0.643437
-0.366588
0.398043
0.050141
-0.089539
0.435057
-1.000000
0.914601
0.168642
0.423028
0.129078
0.458969
0.291029
0.770204
-0.543867
0.828444
-0.505089
-0.085272
0.307712
-0.605600
0.749006
-0.729174
1.000000
0.670494
-0.726463
-1.000000
0.509955
0.170627
0.126299
-0.181377
0.989386
-0.733715
-0.606486
-1.000000
-0.397123
0.028058
0.707942
-0.472494
0.917964
-0.721924
0.780033
-0.396230
-0.066534
0.836285
-0.215272
-0.385088
-0.034886
-0.213900
0.543277
-0.476097
-0.117865
0.913753
-1.000000
0.953204
-0.181362
1.000000
-0.328557
0.653617
-0.871076
-0.777404
0.547405
0.651032
-0.996641
0.337077
0.029230
0.103653
0.450077
0.275203
-0.565110
-0.509502
-0.265698
0.690439
-0.298393
-0.237943
-0.629107
0.970523
0.633027
0.675845
0.081813
0.500432
0.231012
-0.289449
0.250729
-0.056678
-0.259962
0.397535
-0.457579
0.767478
0.600824
-0.756919
-0.886577
0.758665
0.006807
-0.285798
0.663061
-0.401681
0.052243
-0.040954
0.996540
-0.076869
1.000000
0.220015
-0.436837
-0.456769
-0.744640
0.344275
-0.276238
-0.407792
-0.476619
0.195079
-0.131191
-0.970779
-0.736897
0.644969
-0.023091
0.016047
1.000000
-0.438488
0.136561
0.359593
-1.000000
0.286496
0.213441
-0.857777
0.450496
-0.753204
0.185836
0.542666
-0.951027
-0.914702
0.230564
0.907253
0.446172
-0.014531
-0.656904
-0.311307
0.803950
0.236591
0.524582
0.550933
-0.171769
0.944924
-0.571773
1.000000
0.576553
-0.637016
-0.942011
0.159524
-0.996085
-0.660050
0.861627
0.466384
-0.436991
-0.347662
0.447389
1.000000
-0.701257
1.000000
0.775717
-0.955107
0.124067
-0.077293
0.307128
0.068197
0.382228
0.768413
0.297697
0.179797
0.190264
0.943567
-0.967381
-0.199572
-0.092161
-0.037692
0.718775
-0.865386
0.423076
-0.823043
-0.233109
-0.930062
-0.678421
0.052610
-0.404965
-1.000000
0.222048
-0.903001
-0.111873
0.236216
-0.724846
-0.258520
-0.806173
-0.458453
0.187528
-0.944219
0.566003
-0.608612
0.209609
-0.160028
0.379340
0.162456
-0.463228
-0.188856
-0.669759
-0.847302
-0.234169
0.005012
0.979214
0.303947
-0.630536
-0.002441
-0.201989
-1.000000
-1.000000
-0.072356
-0.324031
0.862712
1.000000
0.548485
-0.383082
0.883298
1.000000
-0.935975
-0.711880
-1.000000
-0.151829
0.614060
0.051916
0.792949
-0.789176
-0.016889
0.601916
-0.077908
-0.508688
0.270058
0.103752
-0.138737
0.139344
0.431941
1.000000
0.020774
-0.476383
0.453738
0.077209
-0.464947
1.000000
-0.212031
-0.874343
0.254260
0.433616
-0.925526
0.534265
-0.128936
-0.535555
0.515556
0.222430
-0.223615
-0.484190
0.477701
