-0.602074
0.783473
-0.679483
-0.202931
0.627662
0.834903
-0.871480
0.629885
-0.169943
0.977818
-0.082867
0.360808
-0.471188
-0.538016
0.379349
-0.516986
0.145857
-0.951538
-0.301984
1.000000
0.236778
0.113680
0.363716
0.876836
0.936922
0.283308
0.872663
-0.811934
-1.000000
0.488165
0.626374
-0.480899
0.749922
0.496723
-1.000000
0.348622
-0.078264
1.000000
0.989867
0.077675
0.268379
0.530492
0.776055
-0.471624
-0.450054
-1.000000
-0.574374
0.440575
-0.999683
0.570658
0.851839
-0.399280
0.880481
-0.943874
-0.837374
0.406343
0.475414
0.350385
-0.417316
0.243409
0.029033
-0.135178
-0.112310
-0.814419
0.726791
0.089435
0.615060
-0.232380
-0.584380
-0.286900
0.317668
-0.518512
-0.567560
-0.439982
0.840229
-0.710976
-0.764741
0.891967
-0.122266
-0.308606
-0.859749
-0.906926
-0.609659
-0.649313
-0.073713
0.789250
-0.534377
-0.289854
0.511888
0.856241
-0.510770
-0.385358
0.408586
-0.767147
0.813606
-0.101589
0.861376
0.344618
-0.878516
-0.482179
-0.435347
-0.825653
0.348342
0.867035
-0.444973
-0.595991
0.419529
0.058871
0.795086
0.357530
-0.945490
-0.728566
0.539297
0.521563
0.368985
0.613537
-0.517154
-0.528731
-0.735096
-0.932471
1.000000
-1.000000
0.268876
-0.195944
0.201422
0.467927
0.406866
-0.157530
-0.420953
0.667157
0.680400
0.731875
0.127493
-0.565442
-0.594790
0.789667
-0.331026
0.219729
0.646639
-0.213109
0.875558
-0.194409
1.000000
0.097482
-0.509550
0.236336
-0.606655
0.128102
0.673043
-0.939650
0.066402
0.167682
-0.512187
0.138879
-0.361784
-0.354621
0.234964
0.288972
0.635949
-0.931620
-0.174059
0.186488
-0.214447
-0.245781
0.926661
-1.000000
0.044746
-0.869191
0.019494
0.143238
-0.102520
-1.000000
0.203984
0.275892
0.027460
0.596234
-0.418729
0.419084
0.451138
0.421612
0.836359
-0.568143
-0.839605
0.295520
-0.903425
-0.761284
1.000000
-0.985388
0.928075
0.436059
-0.066576
0.886290
0.205543
0.590612
-0.976954
0.376372
-0.502249
0.948280
0.899756
0.763379
-0.815696
-0.138466
0.775300
-0.445451
0.661241
-0.664295
-0.588274
-0.741010
-0.942912
0.376388
0.129953
-0.051374
0.744130
-0.325540
1.000000
-0.074668
-0.548517
0.320866
0.033315
-0.383759
-0.494747
-0.008811
0.888861
-0.176222
-0.291362
-0.554072
1.000000
1.000000
-0.529973
0.725862
-0.305302
0.741553
-0.479066
-0.597943
0.459752
-0.491067
-0.703006
0.866216
0.136787
0.367355
-0.650232
-0.733908
0.202749
0.390443
0.614076
-0.345455
0.271551
-0.023875
-0.890593
0.230303
-1.000000
0.538648
-0.660010
0.503877
-1.000000
0.429949
0.157122
-0.441478
-0.140722
-0.154987
0.174097
-0.549537
-0.367148
0.718204
-0.396269
