1.000000
1.000000
1.000000
1.000000
0.049700
0.110266
0.865367
-1.000000
0.688349
0.386551
-0.165518
-0.223721
0.171613
0.151353
-0.247670
1.000000
0.070559
0.468940
0.313174
-1.000000
-0.850793
-0.968533
0.008387
-1.000000
0.674337
-0.138843
0.754122
-0.548814
0.049738
0.885055
-0.046533
-0.381291
-0.771432
0.867090
1.000000
-0.920388
0.183588
-0.656030
0.627501
-0.928455
-0.698784
0.536205
-0.131093
-0.801557
0.580471
-0.550081
0.128295
0.010538
-0.071868
0.511325
0.280117
-0.872618
0.574065
-0.935815
0.156862
-0.415945
-0.682582
-0.842536
-0.787674
-0.199467
0.544164
0.617551
0.069432
-0.932352
0.884582
1.000000
-0.957550
-0.001966
0.346010
-0.750163
-0.368392
0.780552
-0.932707
-0.016436
0.164332
1.000000
-0.036169
0.327248
0.302219
1.000000
-0.128797
-0.449693
0.993738
-0.953009
0.790803
-0.483623
-0.476017
0.882847
-1.000000
-1.000000
1.000000
-0.149414
0.619773
1.000000
-0.228223
0.198250
0.971095
-0.504950
1.000000
-0.231537
0.164084
-0.673167
1.000000
0.336927
-0.345214
-1.000000
0.857877
0.570612
0.616617
-0.895921
-0.121852
-1.000000
0.186609
0.403464
-1.000000
-0.173834
-1.000000
-0.088345
0.616729
-1.000000
-0.920824
-0.132209
-1.000000
0.329085
0.051887
0.504175
-0.448631
0.793329
-0.150817
-0.264646
0.040403
-0.786315
-0.645443
1.000000
-0.304904
-0.558430
1.000000
0.361749
1.000000
0.494049
-0.346010
0.008289
-1.000000
-0.045441
0.324543
0.377500
0.562612
-1.000000
0.282862
0.149038
-1.000000
0.284319
1.000000
-1.000000
0.751758
-0.310242
-0.442156
0.289480
-0.122899
0.585896
1.000000
0.651434
0.566607
-0.363933
-0.752825
0.982788
1.000000
0.184564
0.746584
-0.593749
-1.000000
-1.000000
-0.079861
0.267187
-0.336171
0.228071
-0.186175
0.834802
-0.909268
-1.000000
-0.034800
0.783592
-0.328796
-0.509086
-0.560461
1.000000
-0.694747
-1.000000
-1.000000
0.117520
1.000000
0.399292
-1.000000
-0.238894
-0.042304
1.000000
0.125208
0.325596
0.307541
-0.471724
0.777818
-0.998159
-0.907334
-0.809492
-0.635298
-0.176478
-0.304134
1.000000
0.505760
-1.000000
-0.909064
0.874427
-0.596129
0.347921
0.190914
0.856874
0.265856
-0.091927
0.411054
-0.905103
-0.005572
0.559888
0.311197
0.186778
-0.684952
-0.097108
-0.905197
-0.286274
-0.367469
-0.003026
-0.480112
-0.066577
-0.370031
0.241236
0.329519
1.000000
-1.000000
-1.000000
-0.027991
-0.123542
-0.612934
-0.236563
0.907247
-0.475744
0.411211
-0.615072
0.910747
0.981731
0.913317
-1.000000
-0.548270
-0.656588
0.437701
-0.125988
-1.000000
0.082164
-0.864873
1.000000
0.007827
0.465249
1.000000
-0.922472
-0.716399
1.000000
-1.000000
