-0.222928
0.212416
1.000000
0.483560
1.000000
1.000000
-0.667027
-1.000000
-0.078741
-0.798215
0.943753
0.346043
1.000000
0.271761
-0.016022
-0.738114
0.886490
0.638426
0.064423
0.942807
0.232269
0.307525
-0.192458
1.000000
-1.000000
0.128924
-0.493181
-0.736507
0.500578
0.042480
0.165031
-0.598153
0.340847
1.000000
0.860958
0.201052
-0.150824
1.000000
0.047248
-0.416947
0.033562
1.000000
-0.011791
0.993045
-0.141146
0.065820
0.739726
-0.161982
0.289943
0.137203
-1.000000
-0.282714
-0.798555
0.268533
0.025989
-0.120281
-0.014789
-0.134499
-0.920092
-0.615079
-0.908314
-1.000000
0.986821
0.248543
0.471458
0.681123
-0.943280
1.000000
-0.478435
-1.000000
-0.150739
0.719429
-0.944159
1.000000
-0.018798
-0.632110
0.386483
-0.652938
0.740239
-0.711719
-1.000000
0.689807
0.378062
0.759387
-0.708150
-0.980470
-0.764176
-1.000000
0.126966
-0.984505
0.373770
-0.374466
0.920660
0.080119
0.807128
-0.168165
-0.275819
-0.580332
-0.392721
1.000000
-1.000000
-1.000000
0.095486
1.000000
-0.877939
-0.285731
1.000000
-0.684141
-1.000000
1.000000
0.014803
0.004803
-0.643612
1.000000
0.000687
-1.000000
-0.514154
0.406514
-0.578193
1.000000
0.321035
-0.396193
-1.000000
-0.456961
-0.520017
0.738249
-0.317367
-0.037487
-0.829551
0.674877
0.873218
0.478026
0.339921
-0.499605
-0.808010
0.431049
-0.129631
0.646721
-0.347113
0.460571
-1.000000
0.297180
-0.344270
-0.312771
1.000000
-0.747444
1.000000
0.489824
-0.465455
0.875565
-0.302112
0.834180
-1.000000
0.588687
-1.000000
-0.692178
-0.823689
-1.000000
-0.825493
-0.571953
1.000000
-0.550172
-0.959915
-0.295377
1.000000
-0.424368
0.314092
-0.503574
0.016924
-1.000000
-0.725162
0.532231
0.452494
0.927456
0.400036
0.988777
-1.000000
-0.411552
0.539399
1.000000
0.338400
-0.568223
0.752350
0.739736
-0.199771
-0.391747
0.412904
0.146612
1.000000
0.290169
0.992706
-1.000000
-0.402564
0.968678
0.467266
-1.000000
-0.510447
-0.982357
-1.000000
-0.226215
0.294349
0.119733
0.598094
-0.429368
-0.227611
0.260582
-1.000000
0.112073
-0.263328
-0.862657
-0.969802
-0.226314
0.317739
0.497426
-0.282693
-0.374335
0.446023
0.424079
-0.029415
0.945089
0.846339
-0.562908
-0.091510
0.741598
-0.414475
-1.000000
-1.000000
0.983791
-0.913424
-0.697413
0.130362
-0.515857
0.986657
-1.000000
0.071847
-0.094940
0.565613
0.597310
0.654493
0.284248
-0.491590
-0.365434
-1.000000
-0.660196
-0.406704
0.115621
0.472495
1.000000
-0.992058
-0.984279
-0.238715
1.000000
0.857939
-1.000000
-0.120047
0.184967
-0.698447
-0.381997
0.998963
-0.716363
-0.082094
1.000000
-0.837467
1.000000
-0.357400
