0.059465
-0.008454
-0.669204
0.298106
0.670676
-0.152199
-0.391335
-0.120807
0.569047
-0.531718
-0.026205
0.215664
0.273186
0.327752
0.006839
-0.840306
0.252831
0.226479
0.282208
0.067851
0.442965
-0.903061
0.399975
-0.193871
-0.641171
0.577400
0.686043
-0.051258
0.401143
0.544150
-0.033624
-0.736314
0.944868
-0.462864
-0.917041
-0.382128
0.177978
-0.357008
0.298222
0.639192
0.057283
-0.469105
0.551085
-0.707486
0.853248
0.541197
0.417419
0.154486
-0.996880
-0.706411
0.875061
0.334252
-0.247006
0.944214
-0.981096
0.698348
0.867203
-0.357874
-0.893827
-0.718530
-1.000000
0.168740
-0.377594
-0.069117
0.159978
-0.015181
-0.564250
0.008311
-0.988800
-0.486009
-0.590168
-0.262175
-0.637187
-0.847098
0.983641
-0.892107
0.152674
-0.733416
-0.858681
-0.104146
0.749866
-0.309898
-1.000000
0.639143
0.804717
-0.167943
-0.507129
-0.218981
0.630855
-0.178021
0.609819
-0.191829
-0.369114
0.828787
0.707341
-0.765425
0.592643
-0.996142
0.675918
0.409421
-0.682564
0.361313
-0.472401
0.538733
0.113698
1.000000
0.678519
0.340522
0.177449
0.381995
-0.058308
0.610441
0.536536
0.816460
0.024920
0.126531
-0.033398
-0.346747
-0.962317
0.874695
1.000000
-0.794604
0.477333
-0.643258
-0.521626
0.612422
0.097064
0.981770
0.189462
0.030226
0.689470
0.215195
-0.997766
0.611936
0.488657
-0.395177
0.849502
-0.818861
0.070465
0.926793
0.799255
0.044949
0.482956
-0.215588
0.754810
0.074067
0.295658
-0.824200
0.173671
-0.024692
-0.143776
-0.092314
0.552700
0.181698
-0.415731
0.064056
0.709499
-0.313167
-1.000000
0.228233
-0.366669
0.157135
0.586967
-0.186059
0.180860
-0.390087
0.412334
-0.615125
-0.814251
0.473450
0.751224
-0.136510
0.202339
0.477721
-0.503164
-0.788662
0.610410
0.609822
-0.679860
0.883663
-0.259136
-0.897225
-0.697185
-0.175552
0.183239
-0.752720
-0.676338
0.625512
0.026026
0.995472
-0.111930
0.388822
0.293508
-0.560962
-0.563604
0.562076
-0.339612
0.171281
0.571869
0.157449
-0.804160
-0.181682
0.749970
0.923778
-0.807968
0.951460
-0.014280
0.264702
0.286995
-0.415545
0.614606
0.063903
0.517313
0.399049
0.306692
-0.107568
0.831135
0.291620
1.000000
0.054622
0.525890
0.921639
-0.098488
0.284918
0.151905
-0.462537
-0.739829
0.058541
0.713655
-0.660048
-0.576374
-0.317543
0.637950
0.234189
-0.581535
0.801422
0.170978
-0.451832
-0.006661
0.163591
-0.993280
-0.371462
-0.760222
0.542304
-0.823048
-0.814124
-0.427914
0.862238
0.754047
0.510772
0.843124
-0.780866
-0.529797
0.810870
-0.004528
-0.347054
-0.738701
-0.126992
-0.713415
-0.415545
0.462501
0.449959
0.063917
0.827853
-0.187223
