-0.230047
0.291282
-0.008395
-0.323662
0.942900
-0.730218
-0.304876
-0.916096
0.930040
-0.403806
-0.842180
-0.706422
-0.763704
-0.515099
0.389978
0.482641
0.766432
-0.638530
-0.458175
0.968280
0.051079
0.840749
0.538961
-0.323090
-0.960596
0.968790
-0.554691
0.387835
-0.100322
-0.541859
0.652173
-1.000000
-0.095764
0.251308
0.011516
-0.415566
0.883236
0.226785
0.426921
-0.038282
0.934453
-1.000000
-0.088562
-0.586586
-1.000000
-0.893308
-0.022929
-0.323446
0.299996
-0.984714
-0.838155
0.345503
-0.117235
-0.989795
-0.875985
0.355283
0.921898
0.514877
0.377201
0.622219
-0.499518
-0.696137
-0.786932
0.333829
0.181418
0.492047
-0.216861
-0.213173
-0.881558
-0.096758
0.604279
-0.616103
-0.796861
-0.998148
-0.867971
0.154988
-0.537603
-0.567740
-0.446744
-0.777940
-0.926332
1.000000
0.899583
-0.620121
0.916395
-0.741025
0.215847
0.704044
-0.445240
-0.847423
-0.496296
0.570842
-0.495870
0.100946
0.656421
0.365415
-0.844779
-0.862430
0.282861
-0.357822
-0.097648
-0.377025
-0.444482
-0.506218
0.664635
-0.122018
0.271577
-0.414875
0.473007
-0.602138
-0.466889
0.821434
-0.759722
0.831472
-0.413697
-0.793522
-1.000000
0.984231
0.569023
-0.738359
-0.899094
0.844372
0.483378
0.246654
-0.251754
-0.508121
0.088565
-0.295782
-0.564172
-0.527248
-0.065098
-0.970798
0.668124
-0.590855
0.521234
-0.142743
-0.325704
-0.920878
-0.156946
-0.668778
-0.810849
-0.723326
-0.007404
-0.227467
-0.635046
-0.998026
-0.436263
-0.427753
-0.959284
0.012617
0.819919
-0.765210
-0.466734
-0.993801
0.296710
0.132163
-0.734676
0.369094
0.173062
0.224663
0.619383
0.192976
0.206022
-0.553630
0.976096
-0.854366
-0.372256
-0.354852
-0.277583
0.783843
0.835492
0.913060
0.729512
-0.513880
0.901058
-0.837585
-0.341508
0.573220
0.565696
-0.966751
-0.020264
0.061043
-0.231784
0.139886
0.149734
-0.718314
-0.782216
-0.472044
0.101095
1.000000
-0.830625
-0.513925
0.829305
-0.746638
0.773810
0.332637
-0.779944
-0.997600
-0.625085
-1.000000
-0.493579
0.840213
-0.627382
-0.304809
-0.877933
-0.834727
0.216974
0.979496
1.000000
0.521685
-0.614462
-0.498933
-0.132742
0.729991
1.000000
0.188421
-0.276624
0.927306
0.393815
0.636308
-0.786265
0.225253
0.479888
-0.573771
-0.365958
-0.914477
0.697527
0.792588
0.624332
0.701182
0.715364
-0.813790
0.027473
0.046699
0.487999
0.653199
0.181295
-0.261263
-0.739651
0.122718
0.691807
-0.675961
-0.379793
0.002239
-0.731246
0.816912
-0.353773
-0.869262
0.288348
-0.423349
-0.739922
-0.165517
0.910927
-0.694904
-0.186995
0.237786
0.065926
-0.002041
0.858070
0.980084
-0.365735
-0.626413
-0.545866
0.442397
0.028338
