-0.833396
-0.627226
0.908834
0.568994
0.341942
0.260412
0.749188
0.776965
0.810246
0.079458
-0.614698
0.173392
-0.207085
-0.230410
-0.423325
-0.027552
-0.964001
0.347870
-0.993395
-0.968820
-0.327950
-0.416259
0.908584
0.651533
0.934940
0.152513
0.868535
0.757404
0.373909
0.624599
0.118209
-0.598718
-0.605250
-0.831123
0.820332
0.787873
-0.177848
-0.403132
0.551661
-0.732535
-0.957501
0.642239
-0.529203
-0.649104
0.926066
0.372296
-0.024834
0.994292
-0.429823
0.887833
0.155564
0.930106
0.652078
0.509498
0.417772
0.415411
0.755727
0.585165
-0.361880
0.510895
0.535977
-0.316079
-0.179054
-1.000000
-0.454595
0.914480
-0.253824
0.226952
0.941862
-0.543094
-0.258996
0.124250
-0.530548
0.364776
0.474798
-0.120523
-0.443479
-0.035615
-0.160992
-0.648534
0.300613
0.256878
-0.016501
-1.000000
0.631071
0.657955
-0.167523
-0.991889
0.146061
1.000000
-0.403455
-0.647650
0.217995
0.115692
0.761180
-0.780688
-0.083832
0.659334
0.756438
0.770615
-0.074166
0.395869
0.907198
0.142174
-0.287727
0.385258
0.876285
0.724947
-0.798423
-0.897910
-0.086406
0.847299
-0.314327
0.083246
0.743550
0.660268
0.307551
-0.200459
-0.271928
0.935689
0.819777
0.433029
-0.495550
-0.392161
0.302246
0.251401
-0.543966
0.403187
0.770887
-0.539892
0.207889
0.562373
-0.399449
-0.721997
0.115787
0.326023
-0.312190
0.744606
-0.236925
0.477502
0.354100
-0.186894
-0.061704
0.762346
-0.126593
0.440518
0.470859
0.639456
-0.154370
0.971029
0.580376
0.649239
0.104258
0.208434
0.880084
0.631034
-0.851317
0.203699
-0.422896
0.777012
0.603190
-0.509278
0.118519
-0.178511
0.615794
0.436819
0.302732
0.056540
-0.127946
-0.161801
-0.450930
0.960777
0.212037
0.757785
0.765192
-0.237855
0.822547
0.414438
0.863529
0.272168
-0.771604
0.861897
-0.474172
0.841268
0.363901
-0.028743
0.723906
0.769882
-0.400435
-0.708233
0.346151
-0.179506
0.534684
0.738172
0.992096
0.048395
-0.640910
0.920918
0.847229
0.490146
0.031277
0.599514
-0.546416
-0.696824
0.409995
-0.261367
0.652593
-0.421643
0.336593
0.876867
0.926152
-0.412215
0.349938
-0.866072
-0.651868
0.629093
-0.219120
0.655355
-0.404686
-1.000000
-0.999515
-0.941482
-0.986404
0.340846
-0.013090
-0.950781
0.888101
-0.469771
-0.067003
0.375746
-0.803914
0.172221
0.527113
0.363616
0.201965
-0.827702
0.028805
0.118555
0.943908
0.258140
-0.711270
-0.146256
0.839394
0.677386
-0.116182
0.825125
0.109959
0.667707
-0.826622
-0.712581
-0.514918
-0.113162
0.499277
0.184920
-1.000000
0.017361
-0.096593
0.615970
-0.895191
0.001888
-0.735592
0.936818
-0.895885
0.793768
-0.067013
