-0.066701
0.137042
0.827226
-1.000000
0.905969
-0.327735
0.918904
-0.723820
-0.756125
-0.353565
0.365610
0.829070
0.982279
0.378574
-0.279555
-0.734694
0.961528
0.868118
0.818426
-0.200325
-0.522706
-0.648484
0.332173
0.499563
0.484170
-0.359421
0.709156
-0.562559
0.560888
0.757252
0.774000
0.625929
0.551218
-0.630551
-0.019441
0.639099
-0.774685
-0.238936
0.854143
0.728148
0.982222
0.697812
0.321206
-0.795690
0.048103
0.830729
0.540204
0.170450
-0.423781
0.725964
-0.645645
0.688675
0.016909
0.809275
-0.079881
-0.168854
0.633414
0.481256
0.605936
0.074042
-0.813459
-0.798265
-0.055991
-0.045772
0.242165
0.629078
0.686197
0.761284
0.997841
0.119840
0.828867
0.020377
0.045836
0.999600
-0.476312
0.943607
-0.891495
-0.391659
-0.377461
-0.453071
-0.817581
-0.942318
-0.682343
0.457593
0.571942
-0.260024
0.166916
-0.112020
0.290243
-0.792908
-0.035687
0.963856
-0.925205
0.269557
-0.945315
0.618375
0.887934
-0.647344
0.357651
0.142557
-0.374818
-0.157601
0.584528
-0.187522
0.659845
-0.447077
-0.885330
0.615110
-0.727713
0.907775
0.226092
-0.338957
-0.252612
0.551058
-0.864249
0.725258
0.331104
-0.084297
0.219868
-0.387250
0.710206
-0.833350
-0.194111
0.318009
0.421713
0.339589
0.477326
-0.383105
-0.710145
-0.767311
0.309788
-0.985275
-0.333565
0.120892
-0.933526
-0.689925
-0.276771
-0.323832
-0.684782
-0.253758
-0.822181
-0.893046
-0.145831
-0.939511
0.439240
-0.949020
-0.885673
-0.252095
-0.710031
0.806788
0.035804
-0.903798
0.538248
-0.536047
-0.679565
-0.037359
0.717888
0.066718
-0.983587
0.288328
-0.166824
0.935859
0.355735
-0.380913
-0.135958
0.585390
-0.062982
-0.632637
0.640651
-0.381228
0.082195
-0.488826
-0.119157
0.050108
0.524205
0.658500
0.602326
0.261620
-0.332875
-0.668763
-0.490699
0.384843
-0.681701
0.457579
0.217446
0.481964
0.548011
0.290155
0.248837
-0.446920
0.461942
0.738380
0.188886
0.951733
-0.336115
-0.166699
0.772264
0.399721
0.606327
-0.066245
0.891355
0.276750
-0.164300
-0.293130
0.545624
0.584926
-1.000000
0.730717
-0.651417
-0.277647
-0.581558
-0.267444
-0.792553
0.302367
-0.795409
-0.301241
-0.919315
0.443208
0.800159
-0.512774
-0.773682
-0.992740
-0.187678
0.759141
0.317727
0.244687
0.960055
0.457057
0.441274
-0.019842
0.392525
-0.874050
0.367368
-0.235611
-0.352890
-0.015075
0.983525
0.516345
-0.968585
0.170196
0.744863
0.492712
0.126586
0.192162
0.899032
-0.750545
-0.556206
0.065757
-0.746385
-0.271318
-0.620084
0.659733
0.385962
-0.046142
0.917304
-0.028749
0.026259
-1.000000
-0.385166
-0.474259
0.156862
0.278330
0.869870
0.753827
0.586407
