0.429380
-0.392211
-0.022270
-1.000000
-0.282051
0.293938
-0.089631
0.701574
-1.000000
-0.811098
-0.180930
-0.479049
-0.847798
-0.270213
0.392870
-0.125455
-1.000000
-1.000000
0.173152
-0.747648
0.640669
-0.124106
-0.461760
-0.118145
-1.000000
0.683934
0.839090
0.026925
-0.725747
-0.039206
1.000000
1.000000
-0.376390
-1.000000
-0.355480
-0.377595
-0.546971
0.375612
-0.441512
1.000000
-0.091472
0.590176
-0.418424
-0.636210
-0.657977
-1.000000
1.000000
1.000000
1.000000
-1.000000
-0.337551
0.991069
-0.552494
-0.773113
0.039038
0.261234
1.000000
1.000000
0.446303
-0.445818
-0.591802
-0.506702
1.000000
-0.752447
0.489013
0.246355
-1.000000
-0.690405
0.379404
-1.000000
-0.192518
-0.104052
0.390550
-0.985450
0.311762
-1.000000
-0.853369
0.007346
0.080752
-0.020212
-0.206778
0.451435
-0.270831
0.562512
0.800044
0.061229
0.975662
1.000000
-0.754452
0.859104
0.420532
0.906116
0.695543
-1.000000
-0.487062
1.000000
0.640071
-0.956770
0.493695
-0.916291
0.315346
-1.000000
-1.000000
-0.360655
1.000000
-0.512440
1.000000
-0.151504
0.431801
0.548554
-0.767512
0.676501
1.000000
1.000000
0.852078
0.103923
1.000000
-0.147920
0.714743
1.000000
-0.529707
-0.302978
0.325838
-0.640905
0.317134
-1.000000
0.246896
0.495969
0.058010
-0.006036
-0.553529
-0.919429
-0.659213
0.955257
0.578160
0.771934
1.000000
0.231564
0.770160
-0.875905
1.000000
-0.046842
0.175851
1.000000
-0.177659
-1.000000
0.808439
-1.000000
-0.466449
0.326981
-0.050262
-1.000000
-0.126683
0.020591
0.740983
0.192370
0.545179
-0.580309
0.917135
0.291723
-0.242729
0.604853
0.202391
-0.560999
0.113541
1.000000
-0.682936
-1.000000
0.043870
0.056924
-0.242643
-0.990368
-0.675201
-0.236974
0.838607
0.574922
0.903561
-0.808210
1.000000
0.262427
-0.255260
0.471003
1.000000
-0.155556
0.535051
-1.000000
-0.754032
-1.000000
-1.000000
-0.377210
-0.823405
0.744429
-0.110054
0.746539
-0.468703
-0.655416
-0.548906
0.614820
-0.258463
-0.820319
0.969716
0.033809
-0.205384
0.566241
0.517963
0.392513
1.000000
0.274908
-0.021907
-0.540571
-0.775617
-1.000000
0.464066
-0.191536
-0.268285
0.651745
-1.000000
0.721199
0.452328
1.000000
-0.468934
0.272628
-0.612078
-1.000000
-1.000000
-1.000000
-0.523114
-1.000000
-0.382975
-0.995679
0.437984
-0.342459
0.198252
-0.202139
0.293342
0.003613
0.158496
0.143664
0.486072
0.406535
-0.423032
-0.638858
-0.160450
0.356783
0.036159
-0.113165
0.823473
1.000000
0.224594
-0.221991
0.342908
-0.110663
0.667923
0.715528
0.206598
-0.449329
0.545344
-0.895935
0.558357
0.098089
-0.132000
0.634197
-0.612602
0.391845
-0.024059
