0.545538
0.565206
0.340301
0.870990
-0.824042
0.582424
0.577479
-0.042974
-0.490229
-0.050515
0.053557
-0.643958
0.155666
0.960530
-0.038160
-0.377294
0.861981
0.977075
0.852818
0.999981
0.916645
-0.390675
0.052735
0.091867
-0.880528
0.342889
0.526699
-0.016138
0.108968
-0.504492
0.619014
-0.904321
-0.773632
0.713611
-0.214094
0.734369
0.977667
0.965995
0.300114
0.898392
0.183261
-0.196407
0.649216
-0.089898
-0.413285
0.431859
-0.859966
0.089086
0.027663
0.124549
-0.357113
-0.142387
0.124811
0.411124
0.898508
-0.257991
0.441383
-0.436734
-0.006568
1.000000
-0.163526
-0.406513
0.858767
-0.841436
0.686035
0.024020
0.520804
-0.465288
-0.869977
-0.927911
-0.645393
-0.360229
0.251321
-1.000000
0.383848
-0.816417
0.118993
-0.495757
0.374827
-0.445548
0.100229
0.938820
-0.731127
0.553768
0.392319
0.738827
-0.040493
0.678959
0.169712
-0.734522
-0.855977
-0.243892
-0.802217
0.469098
0.287662
-1.000000
0.871470
-0.348261
0.707074
0.788003
-0.372249
-0.640920
-0.865358
0.444199
0.306460
0.651882
-0.676277
-0.872044
-0.568640
0.878785
-0.939340
0.111019
-0.840631
0.514382
0.557743
0.213607
-0.086982
0.383429
-0.637101
-0.781841
-0.162344
0.074439
-0.005182
0.688121
-0.249550
-1.000000
0.284186
-0.251957
0.960099
0.091845
-0.016393
0.782115
-0.008670
1.000000
-0.553628
-0.316020
0.989499
-0.098697
-0.760037
0.755575
0.889493
0.532701
-0.594187
-0.579806
0.461250
-0.517103
0.454936
-0.594145
-0.571026
0.378270
-0.431789
0.838360
-0.853962
0.530487
-0.397767
-0.595741
0.421089
0.115171
0.523238
-0.685727
-0.774021
0.398727
0.594684
0.591658
0.506246
-0.145187
0.903511
-0.829667
-0.652471
0.527542
0.817289
0.352736
-0.022090
-0.056865
-0.233552
0.900668
-0.013883
0.087283
0.120327
-0.894790
0.343465
0.358150
0.146241
-0.417058
-0.138656
-0.078598
-0.660321
0.088216
-0.906176
-0.019726
-0.674172
0.987284
0.474370
-0.193800
0.571162
1.000000
0.659416
0.793860
-0.201275
0.523073
-0.254965
-0.447247
0.388708
-0.661005
0.952779
0.727632
0.769362
0.368312
0.966241
0.756508
0.992432
-0.200111
-0.961389
0.991449
0.451275
0.390527
-0.235874
-0.067126
-0.162773
-1.000000
-0.789154
-0.730232
0.630556
-0.430389
0.956911
0.584130
0.739030
0.920934
-0.741738
-0.075852
-0.892976
0.725516
0.632084
0.666939
-0.500901
-0.218220
-0.878962
0.740570
0.062274
-0.102185
0.738494
-0.850253
-0.267744
-0.383083
-1.000000
-0.484932
0.536148
-0.232442
-0.463733
0.461372
1.000000
0.139516
0.353616
0.424003
-0.591874
0.886666
0.545711
0.406965
-0.501101
-0.820548
-0.996436
0.963742
0.547569
-0.207242
0.052844
