0.053711
0.156436
0.024224
-0.430321
1.000000
0.632020
0.427860
-0.436399
-0.407781
0.993350
-0.870720
-0.970361
0.715593
-0.224056
0.908979
-0.589356
-0.769655
1.000000
1.000000
-0.068580
-0.407465
-1.000000
0.973242
-1.000000
-0.718784
-0.790350
-0.370081
0.014830
-0.340999
0.290933
-1.000000
-0.834472
0.285533
-0.341074
-0.760845
0.437814
-0.110621
0.631174
0.388406
-0.005853
0.687635
-0.239801
-0.187390
0.337529
0.835852
-0.163613
0.506687
-0.039204
0.253715
-1.000000
0.992959
-1.000000
-0.175112
-0.389696
-0.295439
0.653820
-1.000000
0.767696
0.500302
-0.877810
0.155725
0.134301
0.087727
-0.581208
-0.899779
0.784409
0.460238
-1.000000
0.495904
-0.733587
-0.364090
1.000000
-1.000000
0.773086
0.872615
0.844195
-0.892516
1.000000
-0.397841
0.812853
-0.077392
0.117473
-0.224476
-0.383960
-0.610898
0.326547
-0.164837
0.610544
-0.488097
0.839313
-0.056710
-0.963457
0.880597
-1.000000
-0.401045
-0.872134
0.553947
0.229498
0.117922
-0.642058
0.680038
1.000000
0.319374
1.000000
-0.408960
-0.795998
-0.026930
-0.299237
-0.717061
0.727298
-1.000000
-0.153412
-1.000000
-0.908038
-0.662118
-0.708627
0.057557
1.000000
-0.176774
-0.215675
1.000000
0.790962
0.891701
1.000000
-1.000000
1.000000
0.156984
0.743649
-0.258627
-0.122685
-0.293679
0.417009
0.916486
-0.143584
0.509534
-0.999614
-0.277718
0.514793
-0.236693
0.098691
0.145625
-1.000000
-0.614895
0.673153
0.174833
-0.860165
-0.800491
-0.465036
0.617363
-0.530943
-0.726982
0.918298
-0.704585
-0.265643
-1.000000
-1.000000
0.309193
0.194313
-0.376216
0.420431
0.319596
0.349751
1.000000
0.017309
-0.828227
-0.924242
-1.000000
-1.000000
0.815500
-0.567375
1.000000
0.172101
0.630146
0.273535
-1.000000
-0.199680
-0.498267
1.000000
0.313357
0.187528
0.371596
0.728678
-0.374628
-0.577259
-0.226010
0.236098
0.903205
1.000000
-0.149545
0.642724
-1.000000
1.000000
-1.000000
-0.008957
-0.861372
0.513529
0.871402
0.156542
-0.614449
-0.751398
0.726959
0.398911
-0.647552
0.231389
-0.970698
-0.454789
0.309302
-0.029521
0.540944
-0.462137
0.701472
-0.556770
0.101374
1.000000
-0.699187
-0.613731
-0.395462
0.258701
0.253528
-0.582492
-1.000000
0.979109
0.048741
1.000000
-1.000000
0.240791
-0.282007
-0.646772
-1.000000
-0.662073
0.059040
0.781268
0.823295
0.817581
0.959907
0.716932
-0.521455
0.893083
-1.000000
0.362561
-0.637920
-0.018799
0.060761
0.864209
0.304409
-0.577086
0.216969
-1.000000
0.127357
0.130176
-0.654799
0.080355
0.883578
1.000000
-0.007854
0.238301
-0.557987
0.948458
-0.555240
-0.921051
0.390405
0.312277
-0.456845
0.293713
-0.751740
