23.800000
5.000000
-1.000000
70.000000
0.000000
-1.000000
65.200000
-1.000000
80.800000
17.800000
1.000000
-0.395942
-0.443264
0.200158
-0.424658
-0.220987
0.230451
-0.951119
0.833202
-0.250337
-0.651498
0.286999
0.451531
-1.000000
0.145391
-0.048154
0.313494
-0.396480
-0.898503
-0.512488
-0.601650
-0.559163
-0.003969
-0.133445
-0.722556
-0.664118
0.231684
0.465419
0.503622
-0.356067
0.033967
-0.155175
-0.070581
0.157587
0.457044
-0.749255
-0.752176
0.414682
0.560478
-0.044298
0.828159
-0.965447
0.974721
0.087318
-0.149996
0.905738
-0.302663
-0.347684
0.794644
-1.000000
1.000000
-0.530741
-0.850572
-1.000000
0.788184
-0.316822
-0.113272
-0.219324
0.539687
0.369528
-0.933528
0.367235
0.353127
0.285522
0.494972
0.703914
0.828904
-0.628462
-0.898304
0.694707
0.096271
0.427822
-0.068506
-0.919589
-0.627765
-1.000000
-0.321515
1.000000
-0.283182
-0.307085
-0.046849
0.714848
-0.475060
0.178179
-0.002868
-0.171150
-0.485022
-0.939264
-0.096768
0.584899
-0.588243
-0.206378
0.344174
-0.637113
0.521687
-0.321679
-0.070840
0.046894
0.459115
0.730331
0.329561
-0.420074
-0.103935
-0.123496
0.041697
-0.271288
0.155023
-0.871504
0.386532
-1.000000
-0.823032
-0.470170
0.884542
-0.399489
0.411281
0.509029
1.000000
0.623519
-0.170921
0.623736
-0.396094
-0.494331
-0.805678
-0.322316
-0.101904
-1.000000
-0.881860
0.817771
-0.519108
0.140373
0.021204
0.779368
0.099072
0.224441
1.000000
0.692112
-0.341633
0.919261
0.783940
-0.758488
0.177451
0.589345
0.557663
0.603123
0.542852
-0.762344
-0.495641
-0.989143
-0.862814
-0.905581
-0.608804
-0.857912
-0.652622
0.110525
-0.089330
-0.697814
0.372360
-0.719850
-1.000000
0.226784
0.018995
-1.000000
-0.700429
0.482723
0.220783
0.746887
0.670049
0.760153
0.577695
0.772044
-1.000000
0.774117
-0.785013
0.901918
-0.227846
0.410399
0.078564
-0.228565
-0.707971
0.123950
0.156819
-0.949501
-0.901905
-0.243145
1.000000
-0.737429
-0.530285
0.880555
-0.699977
0.768216
0.568859
0.910602
0.516718
1.000000
0.743753
-0.054932
-0.516941
-0.533133
0.631263
0.380933
-0.420289
0.896885
-0.658130
-0.789080
-0.001540
-0.400945
-0.748717
-0.633512
0.298383
0.628296
-0.352158
0.687813
0.201428
0.836249
-0.171450
0.717614
-0.454396
-0.260981
0.799467
-0.022315
-0.708024
-1.000000
0.414920
-1.000000
0.263152
-0.976816
-0.139845
-0.675373
0.789180
0.398432
-0.602833
0.732321
-0.180691
0.203362
0.564684
-0.917718
-0.934642
-0.303677
-0.252820
0.464526
-0.453315
-0.750616
-0.111069
-0.780387
-0.340111
-0.844477
0.363223
0.311754
1.000000
-0.408911
0.204905
0.557487
-0.623805
-0.798728
-0.398017
-0.433044
-0.300954
0.249167
-0.428604
-0.337312
0.602486
-0.454648
0.835542
0.225966
-0.197164
