-60.800000
4.000000
-1.000000
76.000000
0.000000
-1.000000
62.200000
-1.000000
91.000000
-1.000000
-0.777747
0.891080
0.658010
0.739200
0.949543
0.676259
-0.578725
-0.679865
0.794011
-0.854838
-0.178179
0.155610
-0.024075
1.000000
-0.615837
0.300235
-0.257225
-0.261019
0.222453
0.025251
0.603859
0.117924
-0.890010
0.906881
0.332475
0.189423
-0.891553
0.538565
0.726634
0.172058
0.841289
1.000000
-0.689605
-0.613795
0.628455
-0.196068
0.708087
0.219880
-0.992591
0.243924
-0.047122
0.886122
-0.152229
-0.606220
0.591953
0.610937
0.396285
-0.235215
-0.129748
-0.876174
-0.434166
0.076508
0.483442
-0.128071
-0.283257
-0.939414
-0.342450
-0.955380
-0.897803
-1.000000
0.152929
0.584536
-0.466207
-0.647978
-0.218409
-0.612585
-0.423552
0.238930
-0.052829
-0.017072
-0.475013
0.484984
-0.347426
-0.057628
0.913622
0.353513
0.044974
-0.996626
0.897496
0.840220
0.864162
0.091534
0.287639
0.872363
0.675379
-0.692860
0.946512
-0.150780
-0.545127
-0.522161
0.132371
-0.938794
-0.432784
0.000639
-0.097234
0.774047
0.819851
0.943963
-0.807405
0.443920
0.901255
-0.817958
0.995468
-0.611272
0.719148
0.294688
0.993659
-0.583075
0.900872
-0.790506
-0.444864
-0.801257
-0.012025
-0.913941
-0.350309
0.004645
-0.791914
0.610273
0.758752
-0.988651
0.762090
0.760274
0.683796
0.580487
-0.607957
-0.909828
-0.152066
0.283985
-0.503909
-0.265674
-0.927278
-0.736271
0.808345
0.415759
0.510785
0.652121
0.264992
-0.506505
-0.509417
0.642813
0.520679
0.069007
0.475249
0.161193
0.199198
-0.546890
-0.101568
-0.469128
-1.000000
0.460852
-0.279190
0.746110
-0.971108
-0.024467
-0.401289
-0.192581
-0.484188
0.385726
-0.758422
-0.262598
0.527244
0.368933
-0.324796
-0.424407
0.591111
1.000000
1.000000
-0.028425
0.200631
-0.064992
-0.661496
-0.093926
0.871909
0.583762
0.046996
-0.946691
-0.365783
0.809057
-0.965940
0.140874
-0.343152
0.098236
0.558533
1.000000
0.221164
-0.252277
-0.180268
-0.296832
-0.223972
-0.911673
-0.633205
-0.887985
0.422195
0.894400
-0.337890
0.256364
1.000000
-0.165261
0.293886
1.000000
-0.861958
-0.512276
0.480909
0.116855
-0.191194
-1.000000
-0.452241
-0.285705
-0.992579
-0.364445
-0.474211
-0.961437
0.837639
0.770226
-0.800672
0.923034
0.135179
0.717222
-0.607568
-0.858531
0.259243
0.309289
0.131458
0.533642
0.183363
-0.645654
-0.238496
-0.119582
0.365627
0.724772
-0.255938
1.000000
-0.203076
-0.318844
-0.402099
-0.527309
-0.734148
0.894108
0.193327
0.584647
0.139416
-0.574815
-0.091062
0.393711
0.438574
-0.300758
0.205212
-0.105360
0.216557
0.059033
0.262315
1.000000
0.438792
-0.110804
0.592757
-0.805875
-0.921708
0.870310
0.393499
0.604275
0.627533
-0.168954
-0.750905
0.002109
0.570347
