-284.000000
2.000000
-1.000000
-1.000000
-1.000000
-1.000000
44.800000
-1.000000
-1.000000
11.200000
0.414174
0.284513
-0.692649
-0.261224
1.000000
-0.929740
1.000000
0.243356
0.848607
-0.541419
-0.379928
-0.716218
1.000000
0.470838
0.021635
0.037437
0.084202
-0.278163
-0.243527
1.000000
0.019752
-1.000000
0.226945
1.000000
-0.438471
0.543556
-1.000000
-0.267690
-0.303477
-0.301303
-0.456906
-0.794009
-0.048091
1.000000
-0.419121
0.026823
0.112369
0.402753
0.045310
-1.000000
-0.719083
1.000000
0.369798
-0.707695
0.254629
-0.156954
0.012835
0.840850
-0.248488
-1.000000
-0.863370
1.000000
-0.512422
0.330195
0.432559
0.303063
1.000000
0.508404
0.011516
0.104401
-0.301377
0.836475
-0.722630
0.360992
-0.759070
1.000000
-0.544069
0.102421
-1.000000
0.684869
0.081802
-0.013464
-0.909627
0.217168
-0.542545
-0.801926
-0.150068
-0.830160
-1.000000
-0.873686
0.782525
-0.045577
-0.323931
1.000000
1.000000
0.622001
-1.000000
0.540131
-1.000000
0.941055
-0.805562
-0.636842
-0.511024
1.000000
0.666621
0.198654
0.649601
0.020288
-0.036279
-0.572849
-0.452923
0.917511
-0.163305
-0.568794
-0.170399
-0.311896
0.654039
0.389359
-1.000000
0.901697
1.000000
1.000000
1.000000
1.000000
-1.000000
-0.342769
-1.000000
0.122900
-0.301172
1.000000
0.244912
0.482962
0.032327
0.743338
-0.395139
0.105451
-1.000000
1.000000
0.691273
-1.000000
-0.981579
-0.506084
0.277368
0.259818
0.212149
-0.399355
0.150091
-0.636048
-0.080597
0.220327
-0.011834
-0.178135
-0.405150
0.588413
0.385292
0.948792
0.403007
0.025479
-0.376077
-1.000000
-1.000000
-0.574303
0.112167
0.578069
0.528570
0.193919
0.360106
0.114092
-0.811514
0.840754
-1.000000
1.000000
0.016665
0.466179
-0.709072
1.000000
-0.086833
1.000000
-0.168769
1.000000
-0.945667
0.034361
-1.000000
0.395260
-0.801529
-0.190563
-0.196730
0.366716
-0.098004
1.000000
0.639543
0.220903
-0.291191
0.454769
-1.000000
0.328952
-0.177680
-0.046037
-0.382169
0.332293
0.820033
-1.000000
-0.158645
-0.703157
0.276703
-0.213556
0.783625
1.000000
-0.125451
0.634179
0.134282
-0.576010
0.668035
-0.611663
-0.875848
-0.125908
0.803389
0.833451
-0.152308
0.690526
-1.000000
0.176639
-0.398397
0.067907
-1.000000
0.476361
-1.000000
0.950942
-0.252335
-0.142982
-1.000000
-0.730408
0.918215
-0.199481
0.126241
-0.405616
0.303780
0.861778
-0.383600
-0.756354
0.732632
0.610475
-0.539278
0.242848
-0.081082
-0.187497
-1.000000
0.466015
0.723757
-0.589548
0.557680
0.213683
-0.718681
0.014064
-0.679119
-0.307784
0.624771
0.030004
1.000000
-1.000000
-0.260306
0.141653
-0.404964
0.924761
1.000000
0.242860
-1.000000
-1.000000
-0.274909
0.143411
0.354237
-1.000000
0.778136
1.000000
0.641313
