-370.000000
0.000000
-1.000000
-1.000000
-1.000000
-1.000000
-1.000000
-1.000000
-1.000000
-1.000000
0.905633
-0.266778
0.558664
0.597901
-0.282883
0.998502
0.531238
-0.596567
0.034739
0.666438
0.530262
0.597810
0.727868
-0.491355
-0.266579
-0.470761
-0.229709
0.233075
0.605901
-0.000417
0.128143
-0.832604
-0.599330
-0.930657
0.992871
-0.453795
-0.471981
-0.969237
0.117976
0.733003
-0.464045
-0.268821
-0.616138
-0.839365
-0.059189
0.583669
-0.424185
0.055038
0.732050
-0.574831
-0.179613
-0.921824
-0.519322
0.752170
-0.756735
0.412975
0.533544
-0.760192
0.760594
0.633222
-0.447766
0.171799
-0.022022
-0.977521
0.853518
-1.000000
0.001337
-0.425795
-0.501200
-0.113368
-0.128119
0.273450
-0.606814
-0.944627
-0.092981
0.961617
-0.925288
0.756436
-0.614068
0.093328
-0.365107
0.052297
-0.651639
0.641624
0.656011
-0.410452
0.144971
0.094765
-0.188773
0.954684
-0.895304
0.360077
0.307542
0.152354
-0.089028
0.012674
0.649187
0.231115
0.210237
-0.865533
-0.980529
0.415579
-0.548764
0.947281
0.394510
0.392233
-0.253012
0.635166
0.690227
0.075870
0.291793
0.250295
-0.744352
0.512538
-0.153557
-0.174697
-0.356987
-0.192420
0.239543
-0.638039
-0.924199
-0.223193
0.761601
-0.374904
0.643813
0.963372
0.272400
0.491989
-0.042029
0.811231
-0.697795
-0.196744
0.615840
0.888129
0.716374
-0.385124
0.147259
0.083097
-0.119323
0.952062
-0.561129
-0.095876
-0.318490
-0.517783
0.907391
-0.128048
-0.405856
-0.475502
0.749037
0.336541
0.511651
0.151471
0.602735
-0.915073
0.207383
0.519677
-0.219070
-0.401442
0.138246
-0.688473
-0.061877
0.613016
-0.081802
0.259030
0.440311
0.298750
0.021010
0.734094
-0.028658
0.928519
0.645064
-0.797931
-0.511204
0.779829
-0.554765
-1.000000
-0.630205
0.458651
-0.357529
-0.678003
-0.411314
0.759453
0.818411
0.120237
0.991914
-0.445323
-0.168215
-0.037733
-0.428831
-0.450565
-0.409309
0.658436
-0.242638
-0.456227
0.753441
0.850596
-0.483484
0.357571
-0.022499
0.904617
0.541996
-0.400397
0.595156
0.610729
-0.455613
-0.262314
-0.238114
0.076565
-0.401757
-0.396162
-0.794610
0.293646
-0.366858
0.013963
-0.940060
-0.898309
0.634319
0.081963
0.989312
-0.453008
-0.004543
-0.031687
0.734675
-0.312916
-0.155902
0.239324
0.353889
0.886578
-0.006111
0.900374
-0.863814
-0.587579
0.300309
-0.852700
0.981388
0.518460
0.204947
-0.108044
-0.215291
0.598380
0.646496
0.115332
-0.518891
0.612215
-0.185891
-0.520361
0.225403
0.541613
0.866856
0.243342
0.979536
-0.393870
0.997370
-0.398571
-0.809115
0.247569
-0.249490
0.103101
0.783240
-0.020770
-0.794160
0.915976
0.463531
0.717279
-0.858991
-0.694773
-0.430426
0.482986
-0.690800
1.000000
0.510049
0.884642
-0.697010
0.455729
0.847444
