-410.000000
0.000000
-1.000000
-1.000000
-1.000000
-1.000000
-1.000000
-1.000000
-1.000000
-1.000000
-0.881189
-0.286420
0.486118
-0.433658
0.523828
0.653201
0.730818
-0.409020
0.290098
-0.691848
0.109225
-0.085157
1.000000
0.390146
-0.121950
0.645899
0.526727
0.315766
0.305462
-0.820736
-0.415839
-0.631195
0.958761
-0.438899
-0.172290
1.000000
0.176141
-0.302927
-0.956915
-0.210819
-0.644269
-0.058952
-0.382330
-0.511539
0.513266
0.545632
0.960262
0.559100
-0.427293
-0.536967
-1.000000
0.788938
0.542608
-0.934147
0.800454
0.683014
-0.585086
-0.850977
0.868021
0.052140
-0.060186
0.402006
0.551972
-0.472929
-0.648990
0.066218
0.921581
0.463058
0.773667
0.736923
0.153237
-0.732881
-0.782649
0.084093
0.554465
-0.040227
1.000000
0.170437
-0.068463
-0.073206
0.074971
-0.840577
0.251168
0.518143
0.584970
0.381156
1.000000
0.628730
0.009070
-0.838813
-0.566089
0.535361
-0.794106
-0.815351
0.530120
-0.023103
-0.888022
0.385809
1.000000
-0.673367
-0.487440
0.019215
0.415236
-0.773097
0.000935
0.455135
-0.069296
0.666522
-0.069907
-0.230364
0.254548
-0.540653
0.060920
0.651092
0.060026
0.060648
0.993073
0.095378
0.025281
0.166019
1.000000
-0.279801
-0.728649
0.944791
0.983485
0.970207
0.131883
-0.690392
-0.963662
0.634906
-0.165151
-0.249983
-0.216041
-0.885924
-0.608290
-0.844173
-0.262807
0.372416
-0.663731
-0.529316
-0.249358
0.395224
0.737082
-0.994682
-0.287006
-0.384381
0.123921
-0.321952
-0.417823
0.593046
-1.000000
0.332654
0.322222
-0.565335
0.031435
-0.739706
1.000000
-0.736755
0.222316
-0.962691
0.177569
0.307996
-0.260099
0.216227
0.638245
0.057796
-0.453415
0.221533
-0.984534
-0.163334
-0.793406
-0.852518
-0.522639
0.821205
0.919905
0.773841
-0.849437
0.134737
-0.831149
1.000000
0.863883
0.760746
-0.282826
-0.125211
0.374227
-0.863400
1.000000
-0.298999
0.198529
-0.363056
-0.966605
-0.486580
0.901721
-0.983906
0.333599
0.015933
-0.938240
0.840129
0.928751
0.688796
0.446180
-0.088513
0.460982
0.738819
-0.637428
-0.754530
-0.240795
-0.292781
-0.211942
-0.468719
0.697333
-1.000000
-0.202432
0.069281
0.470027
-0.630737
-0.566821
-0.752050
0.972830
0.416668
0.233382
0.957650
-0.359915
0.418730
0.668234
0.859192
0.977425
-0.111101
0.992698
-0.042920
-0.133146
-0.198986
-0.194048
0.531060
-0.525515
-0.637306
0.843971
-0.859950
-0.218394
-0.787949
-0.271825
0.463447
0.570559
0.277094
-1.000000
-0.554426
0.240175
0.852013
0.809635
0.629150
-0.011124
-0.247112
0.088896
0.940438
-1.000000
0.599971
-0.630678
0.976628
-0.555776
0.878566
0.195248
-0.647816
0.005184
-0.806797
0.325201
0.049034
-0.122058
0.322603
-0.836455
0.441227
0.690213
-0.373082
-0.365066
0.502759
0.212842
