-0.756880
0.091576
0.496126
0.063994
-0.485057
-0.474095
-0.344087
0.191607
1.000000
0.147167
0.577754
0.701343
-0.980962
0.797527
-0.512259
1.000000
-0.674324
-0.418339
-0.230925
1.000000
0.156430
0.354452
-0.017596
0.767544
-1.000000
0.990829
0.304591
-0.859397
-0.567646
0.172757
-0.363936
0.628494
-0.001197
-0.839790
-0.751486
0.377685
0.746637
-0.900135
1.000000
-0.509657
-1.000000
0.998716
0.859309
-0.344521
0.275862
0.962882
0.745336
-0.182437
0.818471
0.840964
1.000000
1.000000
-0.153288
0.342286
-0.101975
0.556177
0.324060
0.009253
0.592526
0.299838
0.100471
-0.305149
-0.815422
-0.404717
-0.300659
-0.424907
0.833879
0.476178
-0.364258
0.101180
0.417716
-0.927333
0.342973
-0.367527
-0.071552
0.175663
0.807362
-0.504561
-0.547468
0.770105
0.811524
-0.859956
-0.142872
1.000000
-0.492198
-0.445234
1.000000
0.422916
0.718097
0.534944
-0.250612
-0.732066
0.800533
-0.330414
-0.147668
-0.466359
-0.040542
0.210415
1.000000
-0.840761
-0.443478
0.386456
-0.097078
-0.183492
0.382608
0.926908
-0.985812
-0.977307
-0.349332
0.515116
1.000000
-0.867401
0.019937
-1.000000
1.000000
-0.591502
1.000000
-0.217876
0.152527
-0.438691
-0.502338
-0.364954
-0.610385
0.742334
0.305207
0.029463
1.000000
-1.000000
-0.093748
-0.139667
0.952553
1.000000
-0.814269
0.080299
1.000000
-0.532251
-0.941210
-0.331412
1.000000
0.061354
-0.357934
1.000000
-0.338667
0.414973
-0.599651
0.555284
-0.869759
0.166929
-0.489797
-0.798820
0.758271
-0.786126
0.563507
0.326156
-0.833885
-0.138886
-0.949981
0.185117
-0.562717
0.947853
0.290078
0.576562
-0.216776
0.442009
0.868145
-0.266554
1.000000
0.490909
-0.701296
-0.612309
-0.143789
-0.695079
-1.000000
0.377637
-0.263233
0.723900
0.420656
0.887794
0.763900
-1.000000
0.058810
0.136798
-1.000000
-0.997132
0.743832
0.742290
0.052965
-0.217789
0.781478
0.801735
-0.152689
-0.666977
-1.000000
0.931674
0.903890
1.000000
0.018583
-0.184356
0.245487
-0.717470
-0.195462
0.688098
0.847254
0.749988
-0.156316
0.528410
1.000000
-0.695051
-0.797654
-0.564251
-0.587518
-1.000000
1.000000
0.414293
0.883308
-0.150396
-0.465615
-0.162244
0.059442
-1.000000
0.109810
0.192855
0.596327
-0.225203
-0.111959
-0.294525
1.000000
-0.487453
0.530350
-1.000000
-0.377635
1.000000
1.000000
0.459761
-0.655604
0.661296
-0.634050
0.893655
-1.000000
0.943240
-0.903694
-0.848295
0.551698
1.000000
-0.874287
-0.794128
0.816083
0.193938
0.965546
0.909764
0.513478
-0.409304
0.357459
1.000000
-0.762752
-0.015116
-0.187697
0.081007
0.064028
0.153726
-0.609823
0.483090
-0.372865
-0.941129
-0.103475
