0.072444
0.445529
0.193374
0.018230
0.170918
0.375324
-0.097704
0.047429
-0.500172
0.945325
-0.065040
-1.000000
-0.468164
0.262100
0.385650
-0.866493
0.770684
-0.186618
-0.679655
0.391757
-0.365120
0.189777
-0.763556
0.100399
0.847980
0.432316
-1.000000
-0.416404
-0.688948
-1.000000
0.195911
-0.092813
0.804352
-0.477458
0.437094
0.668653
0.859186
-0.124081
-0.202723
0.349458
-0.595636
0.020565
0.370868
0.091730
0.764749
-0.149806
-0.347954
0.398819
-0.479093
-0.433074
-0.516441
0.367094
0.420204
-0.062168
-0.870585
-0.219739
0.469591
0.277576
-0.472868
0.457460
-1.000000
-0.978156
-0.964114
0.419521
0.542228
-0.953336
0.305778
0.039551
0.931748
-0.444358
0.755922
-0.462744
0.299090
-0.361987
-0.409383
0.041341
0.494992
0.405325
-0.215908
0.931426
-0.801716
-0.158592
0.166755
0.850605
0.515243
-0.784297
0.727014
0.090695
-0.595827
0.454349
-0.679103
0.359438
0.249442
-0.935483
0.270646
0.668631
0.237950
-0.954720
0.109734
0.038713
-0.073107
1.000000
-0.742363
0.913037
0.372891
0.106272
-0.274055
-0.027480
0.056893
0.861072
-0.113432
0.976366
-0.161358
0.464749
0.891667
-0.692648
-0.322564
0.022975
-0.496093
0.770013
0.680248
-0.784347
-0.464855
-0.461475
-0.004804
0.439046
0.640028
-0.507876
0.162205
0.275148
-0.703134
0.251956
-0.558385
-0.135552
0.337797
0.881139
-0.944437
-0.910855
0.580039
-0.703613
-0.138109
0.945600
-0.920975
-0.912787
0.666134
0.220214
-0.213030
-0.639939
0.131261
0.329631
-0.003114
0.947462
-0.484094
0.776884
0.731337
-0.215104
0.843735
-1.000000
0.134306
-0.959777
0.512813
0.396327
0.849702
-0.313213
0.669439
0.893086
0.173991
0.020782
-0.071452
0.736937
-0.362281
0.384984
-0.747880
0.777303
0.835436
0.118303
0.829725
1.000000
0.110679
0.799626
-0.173572
0.133142
0.445906
-0.334335
-0.178384
-0.251235
-0.850563
0.114223
0.290175
-0.119078
0.506002
-0.524259
-0.538554
-1.000000
0.386505
0.297570
-0.467770
0.129756
0.007691
0.148695
0.203247
-0.627192
-0.380451
-0.144530
-0.546117
0.196402
0.830000
-0.741890
-0.712172
0.663025
-0.236894
-0.680784
-0.178673
-0.283315
-0.502422
-0.538155
-0.717277
-0.519046
0.664384
0.765690
-0.964756
0.072121
0.159228
0.393282
-0.913244
-0.043971
-0.944464
0.140769
-0.466118
-0.549460
0.579385
0.918205
-0.419422
0.005762
0.512802
-0.062500
-0.010321
0.523571
-0.883041
0.956356
-0.078232
-0.375988
0.843374
0.480713
0.761497
0.177066
-0.845512
0.288802
0.165596
-0.999796
0.019314
-0.322837
0.313193
0.010223
0.447892
-0.305363
0.386068
-0.320655
0.981145
0.765593
-0.286313
0.620245
0.051385
0.937701
0.129114
