-132.400000
3.000000
-1.000000
-1.000000
-1.000000
32.800000
82.000000
-1.000000
-1.000000
62.800000
0.702373
-1.000000
0.354362
1.000000
0.125598
0.217848
0.390202
-0.292769
-0.142528
-0.136363
-1.000000
-0.564023
-0.145139
0.684572
0.250632
0.517211
-0.528065
-0.913968
-1.000000
-1.000000
-0.036382
-1.000000
-0.229439
1.000000
-1.000000
0.519611
-0.346549
-0.137175
-0.439157
0.468445
0.733647
0.374261
0.432465
0.006106
-0.371030
-0.102049
1.000000
1.000000
0.946076
-0.301168
-0.794019
-1.000000
0.607848
-0.837038
-0.194159
0.152617
0.862652
1.000000
0.392597
-0.082964
1.000000
0.322799
0.319792
0.279647
-0.023648
0.982397
-0.137256
0.375436
0.009466
-0.553041
-0.557373
0.414857
-1.000000
-0.168080
-1.000000
-0.933422
-0.526384
1.000000
0.091598
-0.062154
0.085919
-0.159477
0.424418
0.293216
1.000000
-0.038938
0.145656
0.534921
0.932314
0.187248
-0.335423
-1.000000
0.250401
0.119195
-0.044541
-1.000000
0.024242
0.972517
0.369586
-1.000000
-0.764710
-0.980953
-0.171272
-0.285852
1.000000
0.337752
-0.335313
0.164049
-1.000000
0.370692
-0.862337
-0.041839
-0.017236
0.498394
-0.086073
-0.996318
1.000000
-0.331258
-0.608361
0.357415
0.307863
-0.751595
-0.474070
-0.987367
-0.183971
0.850165
-0.243125
1.000000
0.841947
-0.087465
-1.000000
0.310688
0.282103
0.366451
-0.590596
-0.783230
0.276828
-0.444879
-0.652808
-0.246505
0.210283
-1.000000
0.100679
-1.000000
0.442432
-0.164241
-1.000000
0.521042
-0.032182
0.761190
0.552549
-0.469629
0.182341
-0.231655
0.471951
0.147510
-0.156063
1.000000
1.000000
1.000000
0.892791
-0.026912
-0.076285
-0.082510
-0.766108
-1.000000
-0.487399
0.091755
-0.290616
-0.745966
-1.000000
-0.412852
0.613136
0.341969
0.099279
-0.148216
-0.475316
-0.153143
0.169459
0.200919
0.666844
1.000000
0.480193
1.000000
1.000000
-1.000000
0.520086
0.862690
-0.710110
0.043896
0.322788
1.000000
0.391852
0.092385
-0.138687
1.000000
-1.000000
-0.134841
0.081528
0.585548
0.055439
-0.198037
1.000000
0.114397
-0.118094
-0.752483
-0.532328
0.919991
1.000000
1.000000
-1.000000
0.462977
-1.000000
1.000000
-0.418937
-0.549123
0.759358
0.367744
0.563653
-0.876922
0.216925
0.358211
0.743202
-0.078126
-0.512741
-0.830485
-1.000000
-0.585144
0.532745
-0.626498
-1.000000
-1.000000
0.685401
0.985519
-0.610923
0.479541
0.126557
1.000000
0.444779
-0.437349
0.725112
0.153767
-0.851441
0.094430
-0.697987
0.130743
-0.001390
-0.716739
-0.311300
-0.062269
1.000000
0.129126
1.000000
-1.000000
-0.882697
0.230051
-0.585743
1.000000
0.597419
0.183101
-0.991835
-0.227152
-0.220665
1.000000
0.999412
-0.699835
0.747653
0.306247
-0.201005
-0.954443
-0.085578
-1.000000
0.789865
-0.479749
-0.795913
