-153.800000
3.000000
-1.000000
-1.000000
-1.000000
35.800000
80.800000
-1.000000
-1.000000
49.600000
-0.245300
0.536602
0.997198
-0.418428
1.000000
0.471331
-0.175202
1.000000
-0.785116
-0.058757
0.144044
-0.089956
0.765791
0.861375
-0.299900
0.376953
-1.000000
-0.334708
0.848774
1.000000
-0.359475
1.000000
0.015569
0.630297
0.856463
0.135627
-1.000000
0.665787
0.451520
0.807976
-0.613877
0.218553
0.306985
-1.000000
0.356478
0.185269
1.000000
-0.233054
-0.492362
0.247141
-0.985875
-0.396426
-0.550145
0.225372
-0.410330
0.814351
-0.385755
-0.406795
-0.263722
-0.086826
-1.000000
-0.838538
0.652987
-0.088206
0.255113
-0.907232
0.683534
1.000000
-0.240257
-0.538949
-0.765204
0.788702
0.635413
-1.000000
-0.211935
-1.000000
1.000000
0.547510
-0.359879
-0.135078
-0.867505
0.429960
-1.000000
0.388789
-0.064004
0.406274
0.154698
0.475180
-0.777319
-0.343870
0.207585
0.091226
-0.235021
0.919794
-0.122025
0.503441
0.998984
0.063424
0.472403
-0.610942
0.292613
0.902134
-0.377625
1.000000
-0.527262
-0.973005
0.654964
-1.000000
-0.296330
-0.148918
-0.600485
0.748275
0.429677
0.087008
-0.142058
-0.275962
-0.260168
1.000000
1.000000
0.553457
-0.871881
-0.048415
0.270200
-0.325607
-0.125510
0.289978
-0.842306
-0.852172
1.000000
-0.383090
0.747663
-0.425432
0.422098
0.151469
-1.000000
0.279941
-0.066152
0.711134
0.180181
1.000000
1.000000
-0.768508
0.163210
-0.959922
0.420897
-0.938234
-0.452230
0.372483
0.860410
0.466236
0.982840
0.908826
0.636960
-0.486217
-0.314904
-0.899210
0.996042
-0.953660
-0.128455
-1.000000
0.812194
-0.568249
-0.146728
0.617256
1.000000
1.000000
0.747477
0.638730
0.610174
0.468833
0.351217
-0.158259
1.000000
0.023448
0.682281
-0.609176
0.994532
-0.736748
0.297026
-0.101177
-0.051201
0.890406
-0.262794
-0.049493
-1.000000
-0.068469
-0.267931
1.000000
0.023193
-0.586966
-0.738756
-1.000000
-0.466733
-0.093125
0.292323
1.000000
-0.002745
1.000000
-1.000000
0.122692
0.656113
0.598019
0.662211
-0.397005
-0.091394
0.946411
1.000000
0.448251
-0.568782
1.000000
0.144165
-0.133993
0.362665
-0.199558
-0.701252
-0.291852
0.943107
0.176871
0.584499
-0.205388
-0.136320
-0.659191
-0.479165
-0.534373
-1.000000
0.444642
-0.094858
0.302675
1.000000
-0.693394
-0.127296
-1.000000
1.000000
-0.943906
0.915048
-0.779587
0.308807
0.867682
0.734045
-0.021129
-0.867135
0.547424
0.446161
1.000000
-0.458003
0.411050
0.200476
-1.000000
0.613711
-0.206097
-1.000000
1.000000
0.413854
0.177705
-0.929072
-0.964056
1.000000
0.126710
0.852817
0.291823
-0.621988
-0.798443
-0.607407
-0.833914
0.518731
0.511130
-0.759095
0.662145
0.138840
-1.000000
0.876811
0.201070
-1.000000
0.548647
0.133083
