0.974856
0.587922
-1.000000
-0.744934
1.000000
-1.000000
-1.000000
-0.850485
1.000000
0.373562
-0.469630
0.472205
0.369132
0.057159
0.135298
1.000000
0.473625
1.000000
0.252910
-0.466619
-0.716259
-0.982087
-1.000000
-1.000000
0.015184
-0.563942
-0.162729
0.115409
-1.000000
1.000000
0.550685
0.039149
0.067283
1.000000
1.000000
-0.011175
1.000000
-0.378560
0.011346
0.290772
-1.000000
0.219186
-1.000000
-0.153738
0.478595
-0.723072
-0.668254
-0.473299
0.740061
0.627976
0.240815
-0.522783
0.000253
0.914817
0.845580
1.000000
-0.190945
0.562582
-0.023469
0.327638
-0.755795
0.886591
-0.128037
0.017718
0.447885
0.544985
0.765380
-0.983302
-0.370506
0.461560
-1.000000
0.996207
0.764182
-1.000000
0.233899
1.000000
0.319823
1.000000
0.165153
0.360856
0.829292
-0.064638
0.422675
-1.000000
0.591191
-1.000000
1.000000
-0.034152
0.546595
-1.000000
0.188653
0.036216
0.670062
1.000000
-0.964175
-0.407492
-0.499383
1.000000
1.000000
-0.104702
0.769435
-0.817892
-0.038539
0.704837
-1.000000
-0.670815
-0.047126
-0.614565
-0.199880
-0.193594
-1.000000
0.646502
-0.973237
0.619870
1.000000
-0.521977
-0.199994
-1.000000
0.951929
-1.000000
-0.123901
0.961635
0.353222
-0.747910
-0.042280
0.559089
0.037682
-0.594085
-1.000000
0.353348
-0.497790
-0.994237
-0.603902
0.143353
0.561756
0.985028
-1.000000
-1.000000
1.000000
-0.525763
0.586015
-1.000000
-1.000000
0.883324
0.829371
0.940326
0.077281
0.679063
-0.807932
-1.000000
-1.000000
0.090130
-0.310802
-0.461306
-0.552814
1.000000
-0.316288
-0.423041
-0.453436
0.657192
0.047937
-0.665153
-0.411514
0.753408
0.244715
0.063642
0.490057
-0.187376
0.109949
-0.405035
-0.124087
0.929162
-1.000000
-1.000000
-0.250572
0.853798
-0.126601
0.532270
-0.663282
0.652145
-0.470418
1.000000
-0.368804
-0.803647
-0.802492
-0.234554
0.208529
-0.855539
-0.697049
-0.371351
0.046588
-1.000000
-0.185487
-0.234288
0.613213
1.000000
0.543006
0.107961
-0.753538
-0.130287
-1.000000
0.770921
-0.672003
-0.125978
1.000000
0.376494
1.000000
-0.273678
-0.109617
-0.916435
0.042935
0.196977
-0.193457
0.790984
-1.000000
0.069128
0.742468
1.000000
0.138201
-0.136743
-0.615606
0.594732
1.000000
0.470226
-0.884654
-0.716564
0.169145
0.456561
1.000000
-0.464455
-0.081854
0.563580
-1.000000
0.351030
-0.013138
-0.246261
-0.073239
0.268453
1.000000
0.110646
0.258742
-0.827947
0.699878
-0.078003
1.000000
0.957328
0.127352
-0.226368
0.212505
0.862188
0.382217
-0.248277
-0.242395
1.000000
0.326884
-1.000000
-0.844095
0.340570
-0.272192
0.105391
-0.589965
-1.000000
-0.580341
0.215297
-1.000000
