-0.506503
0.240919
-0.417204
1.000000
1.000000
-0.377604
-1.000000
-0.186711
0.298273
-0.352307
0.085267
-0.393229
0.634119
-0.756261
0.959112
-0.245601
-0.095052
0.647287
-0.587861
0.079570
-1.000000
0.336847
1.000000
-0.413382
-0.223850
1.000000
-1.000000
-1.000000
0.643586
0.815861
-0.906277
1.000000
0.364850
1.000000
1.000000
-0.512332
-0.640517
-0.224297
1.000000
-0.954036
-0.066888
-0.294386
-0.526565
1.000000
-0.018156
0.855954
-0.230940
-0.330121
0.791506
0.950870
-0.202442
-1.000000
0.766785
-0.558837
0.984021
-0.140630
-0.505730
-0.138887
-1.000000
-1.000000
-1.000000
-0.983105
-0.737400
1.000000
0.443409
-0.635082
-0.066187
-0.234032
0.535352
0.247871
0.255891
0.512783
0.693825
0.662813
0.486175
-0.055753
-0.719231
-0.502903
0.139361
0.037234
0.949480
-0.774839
-1.000000
0.009627
0.888436
-0.567084
-0.205915
-1.000000
-1.000000
0.809326
-0.374299
1.000000
-0.383929
-0.391347
-0.208384
1.000000
0.033913
-0.871759
-0.892692
0.753333
-1.000000
0.709949
0.962289
-0.736342
0.706350
-1.000000
-0.641509
-1.000000
0.500134
-0.440442
-0.985016
-0.921023
-0.868056
0.508874
1.000000
-0.166577
0.662442
-1.000000
-0.551738
-1.000000
-0.699730
-0.637490
0.267959
-0.207763
0.385701
1.000000
0.169627
0.291794
-0.692645
1.000000
0.774279
-0.870510
0.049473
-0.179575
0.493911
0.404581
1.000000
-0.346652
0.376538
-0.666587
0.489131
0.748724
0.435847
-0.786471
-0.206769
-0.235126
-1.000000
0.615841
-0.330407
-1.000000
-0.536374
0.091246
-0.531987
-1.000000
1.000000
0.306041
-0.664454
0.444004
0.406572
-0.531870
0.588820
-1.000000
-1.000000
0.142463
0.625031
-0.343299
-0.992780
0.325785
1.000000
-0.453718
-0.393647
0.819937
-0.611821
-0.097661
-0.734398
-0.065257
0.095393
-1.000000
0.435156
-0.497262
0.172912
-0.261149
-0.376588
1.000000
-1.000000
0.029038
-0.623991
-1.000000
-1.000000
-0.660968
-0.288850
-0.123014
0.473368
0.351942
-0.408241
0.978430
-1.000000
-1.000000
0.192561
-0.314060
0.682863
-0.038182
-0.669155
1.000000
0.771156
-1.000000
-1.000000
-1.000000
0.133947
0.362297
-0.669689
0.156693
0.200336
-0.570941
1.000000
1.000000
-1.000000
1.000000
-0.067305
0.309702
0.078422
-0.601252
0.753582
0.152785
-0.084132
0.120978
0.447752
1.000000
-1.000000
0.182017
0.656011
-1.000000
-0.101595
0.164539
-0.596931
-0.042113
1.000000
0.660649
0.962871
0.106840
-1.000000
-1.000000
-0.981358
-0.609530
-1.000000
-1.000000
-0.414667
-0.044330
0.952968
-0.234938
0.552500
-0.778034
-1.000000
-0.172484
-0.562289
-1.000000
-1.000000
-0.462637
-1.000000
-0.622434
0.646985
0.587976
-0.446046
0.607394
1.000000
