0.339663
-0.436351
-1.000000
0.892695
-0.209399
0.803724
0.757530
-0.480098
0.303171
0.915961
0.731404
-0.181201
0.345359
0.966973
-0.124789
0.814949
1.000000
-0.736238
-0.853606
0.167107
-0.766405
0.325681
-0.057780
-0.069973
-0.120793
-0.449646
-0.026470
-0.742348
0.137215
0.030714
-0.785636
-0.616155
0.720360
0.438174
-0.704154
0.678040
0.443493
-0.391762
0.624516
-0.069215
0.970964
-0.401778
-0.586965
0.172764
-0.450899
-0.891658
-0.253875
0.498896
-0.051627
-0.313995
-0.680087
0.264501
0.658579
-0.644541
0.993318
-0.420736
0.668398
-0.672111
0.171336
0.738165
0.595521
0.360939
-0.730516
-0.079399
0.428177
-0.302349
-0.323806
-0.761346
-0.730057
0.564586
0.234130
-0.156966
0.115637
-1.000000
0.427066
-0.565506
0.524200
-0.497704
0.059987
0.224911
-0.504472
0.876071
0.832346
0.184709
-0.076777
-0.453151
-0.842944
-0.961583
1.000000
0.140367
0.592556
-0.670389
-0.503638
0.284901
0.242928
0.675701
-0.474057
-0.033099
-0.715197
-0.486631
0.962058
-0.691187
0.414200
0.160357
0.307813
1.000000
0.007895
-0.069480
-0.979403
-0.679706
-0.021132
0.562155
-0.523797
0.239158
0.183735
0.192211
0.681073
-0.239196
-0.536827
-0.659835
-0.157695
0.446267
-1.000000
0.770180
0.444503
-0.318108
0.832010
0.488798
0.732017
-0.082713
1.000000
0.106380
-0.303225
-0.341256
-0.672623
0.210325
0.863113
-0.505885
-0.071325
0.184538
0.033245
0.087984
0.285961
0.755750
0.050953
0.033643
0.483196
-0.674095
0.375372
-0.207074
0.949575
-0.210574
-1.000000
0.817557
-0.033224
-0.981780
0.938269
0.060912
0.535595
0.973714
-0.105498
0.838955
1.000000
-0.141305
-0.517158
-0.293405
0.033986
-1.000000
-0.220332
0.784284
-0.686696
-0.368414
-0.552324
-0.755865
0.301718
0.044571
0.313733
0.969893
0.750171
0.759029
-0.663430
0.227853
0.429632
0.938670
-0.351874
-0.579496
-0.769887
0.142183
0.490945
-0.616341
0.035722
0.930456
0.461601
-0.225723
0.895015
-0.565340
-0.434253
0.407219
-0.862687
-0.698219
0.518778
-0.265167
0.388425
-0.233053
-0.542730
0.891607
0.232966
0.568507
0.724771
0.022406
-0.296699
0.171656
-0.447487
0.735396
0.320067
-0.146268
0.221890
0.976321
1.000000
0.229498
-0.251248
0.694218
-0.575126
0.552636
0.806552
-0.757285
0.823958
-0.146259
0.387920
1.000000
-0.630491
-0.512181
0.738783
0.289511
-0.580571
-0.295750
-0.352756
-0.477407
0.288974
-0.673629
1.000000
0.731645
-0.793398
0.321324
0.607899
0.067929
-0.610790
-0.464015
-0.825476
0.260438
0.723570
-0.901962
-0.390940
-0.266562
0.904960
0.345513
0.455855
1.000000
0.015880
-0.326538
-0.662575
-0.704557
0.831726
0.464735
-0.915230
