-126.200000
4.000000
-1.000000
50.000000
-1.000000
-1.000000
41.800000
-1.000000
32.200000
29.800000
-0.953483
-0.747019
-0.522076
0.378861
0.661606
-0.677097
0.062904
0.441283
0.793081
0.875321
-0.399182
-0.927992
-0.103456
-0.809306
0.138273
-0.824761
0.213658
-0.529664
-1.000000
0.977224
-0.839520
-0.299805
-1.000000
0.383205
0.992080
-0.307932
-0.706741
-0.281835
0.205886
-0.348204
0.978175
0.590673
-0.545214
0.768594
-0.013659
-0.539975
0.468985
0.330064
-0.435459
-0.543670
0.445002
-0.770275
0.217021
-0.064809
0.734099
0.990319
-0.723800
-0.061091
-0.381281
-0.956843
-0.561761
0.900578
0.673797
0.829005
-0.672757
-0.565810
0.469958
0.436938
-1.000000
0.052022
0.841939
-0.732927
0.227146
0.538169
-0.015195
-0.005720
0.875359
-0.111389
-0.511110
0.647015
-0.666605
0.749172
-1.000000
0.630174
-0.972221
0.254239
-0.096871
-0.031214
0.053703
0.746897
0.249218
-0.339537
0.640134
0.072876
0.354941
-0.633524
-0.606396
0.490985
-0.225461
0.796090
0.790832
0.070950
0.836842
-0.908613
-0.758548
0.801236
1.000000
0.548218
0.733488
-0.719644
0.949441
0.087113
0.248308
-0.709335
0.775705
0.365612
-0.673327
-1.000000
-1.000000
0.045090
-0.020329
-0.831947
-0.665664
0.102654
-0.331967
0.079016
0.046137
0.721473
-0.810246
1.000000
0.253776
0.086909
-0.992340
-0.580597
-0.123630
-0.899502
-0.674904
-0.734505
-0.058754
0.063497
0.816721
-0.417259
-0.229795
-0.010764
0.386212
-0.636113
-1.000000
-0.582620
-0.311431
-0.072295
0.438502
0.102186
0.637579
0.560519
-0.057129
0.341633
0.293461
-0.850611
-0.006320
-0.689413
0.733898
-0.636156
0.064932
0.976184
0.808492
-0.997249
-0.820229
0.501973
0.783298
-0.515112
0.246648
-0.998358
-0.551125
0.403592
0.947463
0.711086
-0.098585
1.000000
-0.304901
0.771183
0.251764
0.077695
0.914089
-0.310704
-0.117762
0.874572
0.928376
1.000000
0.261808
0.886188
0.988616
-0.496634
-0.867105
-0.323332
0.522474
-0.449676
-0.399558
-0.275200
0.490246
-0.284240
-0.772380
-0.227611
-0.620120
0.181483
-0.541280
-0.073201
0.697651
0.912975
0.630539
-0.824987
0.080354
0.785403
0.254669
0.067947
0.416059
-0.509760
0.689443
0.254742
1.000000
-0.303129
0.073929
-0.969388
-0.520823
0.628935
0.991815
-0.701918
0.753494
-0.316873
-0.896649
0.310600
0.312374
-0.772028
0.359544
0.672344
-0.657787
0.046708
-0.183548
0.234540
0.064351
-0.122857
0.148983
-0.010688
0.839679
0.938026
0.802909
0.188285
0.278182
-1.000000
-0.490450
0.300170
1.000000
-0.267491
-0.117702
0.536516
0.627450
-1.000000
-0.417975
-0.198880
-0.769033
0.983534
-0.180493
0.467288
-0.073510
0.901418
0.935218
-0.177283
-0.732252
0.293547
-0.436077
-0.486349
-0.603683
0.553700
0.530268
0.586446
0.892842
