-265.800000
3.000000
-1.000000
52.000000
-1.000000
-1.000000
51.400000
-1.000000
50.800000
-1.000000
-0.448484
-0.695636
0.257308
1.000000
-1.000000
-0.792641
1.000000
1.000000
-0.141305
0.910318
-0.708449
1.000000
0.861933
-0.453948
-0.537799
0.083389
-1.000000
-0.531346
-0.128080
-0.939461
-1.000000
0.397026
1.000000
-0.130154
0.004783
-0.697724
-0.321495
0.040568
-0.385412
-0.987698
1.000000
0.052724
-0.161399
0.847533
0.886928
-0.761951
-0.830072
-0.902070
-0.502272
0.291809
0.926623
-0.001871
0.566092
0.828892
0.006191
1.000000
0.743023
-0.488509
-1.000000
-0.351049
0.479740
-0.204500
-0.582044
-0.090827
0.310670
0.020809
-0.903676
0.913498
-0.536822
-0.651821
-1.000000
-0.555967
1.000000
1.000000
-0.519283
0.129280
-1.000000
-0.740270
-0.814665
-0.843367
0.101965
0.707622
1.000000
-1.000000
-0.638485
0.661246
0.853363
1.000000
0.008874
0.362931
-0.472908
-0.343822
-0.880269
1.000000
1.000000
-0.300318
0.343151
1.000000
-0.487500
-0.476064
-1.000000
-0.263096
-1.000000
1.000000
0.103989
-0.055788
-0.439989
0.339734
-0.553603
0.258959
0.830946
0.518816
0.037524
0.741208
-0.349887
0.108126
0.409172
-0.776998
-0.462708
-0.860725
0.093563
-0.471467
-0.039728
-0.499738
-0.092485
0.297938
-1.000000
-0.679332
1.000000
-1.000000
0.379992
-0.483539
-0.340489
-0.045631
-0.247104
-0.209792
-0.597307
-0.663493
-0.859475
-0.123360
-0.043016
0.930321
-0.015179
1.000000
-0.355389
0.231009
-0.455132
-1.000000
0.791134
-0.934542
-0.333304
0.822879
-0.290830
-0.490745
-0.989398
-0.742092
-0.602285
-1.000000
0.751103
-0.605595
-0.795992
0.588851
0.790389
-0.206662
-0.313271
-0.570270
-1.000000
-1.000000
0.095454
-0.127089
-0.499149
-0.089538
0.799974
-0.291927
-0.810511
0.992024
-0.582336
0.815999
-0.716706
-1.000000
0.690270
-0.336357
-0.598152
-0.552766
0.964471
0.218626
-0.565377
0.725650
1.000000
0.083830
1.000000
-0.662831
1.000000
-0.759277
-1.000000
-0.814635
0.884419
-0.350519
-0.235063
-0.051272
-0.715423
1.000000
1.000000
0.595967
-1.000000
0.288806
1.000000
-1.000000
-0.984278
0.829100
-0.438793
-0.973664
0.555483
1.000000
0.519016
-1.000000
0.999992
0.647601
-0.500183
0.541800
-0.242461
-0.645601
-1.000000
0.851526
-0.854008
-0.385253
-0.282962
-0.586703
1.000000
0.293545
0.465497
-0.576358
-1.000000
-1.000000
-0.528548
1.000000
0.623796
-1.000000
0.753716
0.198544
-0.846444
1.000000
-0.148448
1.000000
1.000000
-0.569998
0.709533
0.234029
-0.442218
-0.673366
0.144790
0.690299
0.803612
0.263878
-0.582631
-0.708546
-0.531335
-1.000000
0.348443
0.555302
0.203826
-0.698831
-0.300281
-0.261057
0.627231
0.416077
-1.000000
-0.017563
-1.000000
0.084746
0.606945
-0.362199
-0.013955
1.000000
-0.989021
