-0.702866
-0.118853
-0.033507
0.417682
0.532092
-0.855447
-0.106483
-0.729857
-0.539797
0.024944
-0.615924
0.822161
0.833034
-0.363965
0.648564
-0.489158
-0.714276
-0.398329
-0.115930
-0.504511
-0.452073
0.256307
0.980574
0.129377
0.557541
0.251059
-0.652916
0.773899
0.905512
0.300402
-0.013892
0.720057
0.776109
0.958366
-0.523502
-0.903358
0.332237
-0.638066
-0.933484
-0.802311
0.437619
0.155806
-0.203024
-0.361018
-0.276583
0.776429
-0.384112
-0.731218
0.097959
0.293852
0.325842
0.317339
-0.195799
-0.346420
-0.078076
-0.083414
-0.080508
-0.427873
-0.521268
-0.373573
0.318097
-0.840745
0.841032
0.897466
0.031375
-0.315855
0.581141
-0.364018
0.646799
0.598038
-0.110875
0.584820
-0.353996
-0.052931
0.677934
0.810640
-0.784757
0.253410
0.474027
0.936584
0.413416
0.452036
-0.995652
0.663556
-0.227025
0.094529
-0.853191
0.112988
-0.078438
-0.363441
0.990152
0.016604
-0.928019
-0.045722
0.788429
0.277278
-0.335159
-0.014553
0.335799
-0.625717
-0.271950
0.827828
-1.000000
-0.387301
-0.873111
-0.511467
0.028701
-0.529456
-0.822090
-0.427057
0.908723
-0.358212
0.183318
0.195559
0.216347
0.186633
-0.969890
-0.747804
-0.573518
0.371221
-0.394838
-0.320229
0.282258
-0.970010
0.969764
-0.310627
-0.836985
-0.518028
-0.490537
0.140315
0.332881
-0.192345
0.357588
0.184922
0.196120
-0.166166
-0.412322
-0.715731
-0.345155
-0.536817
0.138227
-0.730715
0.330280
0.498923
-0.705814
-0.002368
-0.105006
0.668121
-0.251147
-0.772909
-0.033976
-0.362092
-0.609617
-0.371518
0.877731
-0.902408
-0.641887
1.000000
0.779171
-0.482905
-0.077216
0.998681
0.574789
-0.753930
-0.756269
0.873633
-0.043245
0.103830
0.973200
-0.862974
0.185189
0.355054
0.871190
0.153391
-0.426213
0.546707
-0.136216
-0.236019
0.457369
0.263827
-0.505339
-0.440397
0.827163
0.773319
0.834813
-0.695599
0.018820
0.945363
0.217862
0.423877
-0.954668
-0.291959
0.798508
0.748138
0.050386
0.098613
0.528094
0.793535
-0.510904
0.649458
0.547603
0.964325
-0.803536
-0.008404
0.376304
-0.427708
-0.071324
-0.817806
-0.672301
0.939066
0.668725
0.979472
-0.235611
-0.319517
-0.616770
-0.499008
-0.393922
0.994039
0.645942
0.587863
-0.874600
0.752817
0.348054
0.665907
-0.525487
-0.373406
0.282017
0.999478
0.928003
0.674732
-0.370351
-0.294735
-0.952191
0.502912
0.394093
0.825934
-0.554029
-0.194074
-0.110986
-0.524217
-0.298847
-0.872577
0.617500
0.710901
0.864449
0.572123
-0.348189
0.099007
-0.790046
0.012722
0.405677
-0.623439
-0.300441
-0.920282
0.839051
0.161982
-0.363131
-0.624098
0.721076
0.657307
-0.234911
-0.369477
-0.727019
-0.537092
-0.195538
