0.288783
-0.456344
-0.576685
0.522786
0.081681
0.940715
-0.930837
0.982038
-0.162812
1.000000
0.914318
-0.394435
-0.454928
-0.772960
-0.940592
0.731507
0.008689
1.000000
0.767413
0.775838
0.095399
-0.209299
-0.433510
-0.503738
0.447265
0.255594
0.217027
0.282852
-0.085197
0.257563
0.175885
-0.922368
-0.229766
0.459246
-0.713280
1.000000
-0.667449
0.675985
0.205896
-0.465950
0.865961
0.606453
0.388770
-0.702271
-0.518945
-0.927420
0.175554
-0.355381
-0.102062
0.895848
0.184971
0.550836
-0.104949
0.716542
0.487726
-0.567671
-1.000000
-0.414363
0.511804
-0.349988
-0.320667
-0.441515
0.957842
-0.410767
-0.044923
0.121822
0.269978
0.487771
-0.364169
0.914464
0.312402
0.786900
0.097082
-0.008041
0.950227
0.526543
0.924703
-0.787429
0.867825
-0.303337
-0.758787
-0.740473
-0.767999
-0.303690
0.656590
0.022673
-0.808920
0.397558
-1.000000
0.265187
-0.701606
0.556085
0.617901
-0.342062
-0.715622
-0.329304
0.743516
0.722471
-0.380591
-0.845795
-0.753171
-0.484411
0.042334
0.139398
0.606228
-0.180852
-0.390472
0.477317
0.455815
-0.831876
0.131921
0.484207
0.891836
-0.258314
-0.816407
-0.472538
-0.132083
0.141480
0.498264
0.328581
0.251949
-0.220957
-1.000000
0.157061
0.796547
0.377660
-0.966853
-0.360980
0.101834
0.453110
0.283204
0.257477
-0.883387
-0.642641
0.642636
0.709904
-0.908569
-0.876364
-0.745901
-0.801269
-0.943152
0.300959
-0.405913
0.391171
0.628796
-0.776366
0.548579
-0.468461
-0.150717
0.817960
-0.768023
0.244407
0.670327
0.107152
0.218585
0.525896
-0.041052
-0.748813
0.491484
0.794971
-0.808640
0.176453
0.304648
-0.383740
0.781583
-0.989842
0.224528
0.053467
0.486047
-0.909203
-0.020804
-0.765185
-0.441817
0.382990
0.106928
0.096080
-0.113310
0.934156
0.406581
-0.192126
0.348345
-0.289808
0.797709
-0.492182
-0.794525
-0.044312
0.541236
-0.234571
-0.049833
-0.783369
-0.281535
-0.780327
-0.713738
0.254192
1.000000
-0.745744
0.959377
0.725451
-0.415845
0.081959
0.129463
0.020519
-0.578017
0.897945
0.809092
0.015722
-0.467382
-0.217024
-0.689144
-0.090019
0.208756
0.913868
-0.627865
0.478343
-0.056297
0.231960
-0.904869
-0.570092
-0.234850
0.350524
-0.424944
0.888769
0.228407
-0.235453
-0.816066
0.625789
-0.840044
-0.718492
0.072841
0.205751
-0.324744
-0.181299
-0.357435
1.000000
0.385713
-0.513646
0.225476
0.162735
0.647638
0.831338
0.730436
0.870735
-1.000000
1.000000
-0.546707
0.627265
-0.231901
0.987516
-0.759190
-0.452918
-0.928956
-0.471090
-0.624782
-0.436712
-0.407542
-0.317626
-0.040569
-0.270204
-0.311079
0.896615
0.653882
-0.786928
-0.028475
0.462296
-0.483677
