0.562029
0.778486
-0.595287
0.941193
0.149129
0.816565
-0.822783
0.702283
0.071941
-1.000000
0.549638
0.817826
-0.065029
-0.803216
0.318233
-0.052766
-0.631360
-0.693941
-0.566698
-0.337919
0.235804
-0.628533
0.420777
0.830926
-0.652893
0.898868
0.689449
-0.560817
0.450342
-0.685976
0.337368
-0.289468
0.765255
0.373629
-0.858323
0.212074
0.566983
0.957774
0.538788
-1.000000
-0.324037
-0.801693
-0.045994
0.957646
0.693421
-0.287246
0.519872
0.819181
-0.118444
-0.467356
-0.710118
0.587007
0.013546
-0.873702
0.024778
-0.131713
0.054916
0.917784
-0.036640
-0.344079
-0.283180
-0.975833
-0.856565
0.024447
-0.425172
-0.779459
0.290297
0.638436
0.669536
0.468363
0.814764
-0.195458
-0.640812
0.978048
0.555647
-0.891909
-0.209980
-0.169377
0.112353
-0.881929
0.923015
-0.919996
-0.363013
-0.323825
-0.689505
0.275460
-0.301508
-0.804616
-0.708094
0.877903
0.458892
0.933369
-0.280770
0.155141
-0.094145
-0.145199
0.506547
0.821965
0.485972
0.568130
-1.000000
0.698517
-0.564892
-0.970370
0.242842
0.239097
0.791249
0.881313
-0.990800
0.273754
-0.594186
-0.727731
-0.718340
0.079943
0.813702
-0.758845
0.205127
-0.581613
0.212129
0.249274
-0.664185
-0.540955
-0.826416
0.411744
0.788136
0.569257
-0.947780
-0.344747
-0.779696
0.281360
0.548182
-0.394826
0.437383
0.535039
0.069325
0.668420
0.180965
-0.588183
0.062419
0.553932
0.333261
-0.390255
-0.853238
0.319640
-0.458402
-0.887531
0.360723
-0.098325
0.268860
-0.662757
-0.739372
0.436646
0.587220
0.777908
-0.639440
0.578138
0.603185
0.743159
0.578858
-0.396123
-1.000000
0.967157
-0.193975
-0.570113
0.581372
0.270861
-0.382035
0.964615
0.612780
0.231000
0.438894
0.827330
1.000000
-0.124558
-0.976226
1.000000
0.290885
0.092805
-0.791213
-0.235731
0.242160
-0.141834
0.607569
0.427378
-0.510070
-0.061841
1.000000
-0.347360
-0.791133
0.305797
-0.803562
-0.204414
0.329212
0.496767
0.818867
0.109197
-0.425347
0.653959
0.629176
-0.568756
0.767300
-0.542204
-0.088747
0.114475
0.094785
0.857834
-0.729478
0.645952
-0.921329
0.425509
0.340310
-0.572283
-0.196893
0.255237
-0.037965
0.690830
-0.749135
-0.957451
0.768427
0.688943
-0.066714
0.973015
0.462243
0.895086
-0.224923
-0.085151
-0.286682
0.441230
-0.010217
-0.375706
-0.639982
0.502649
0.429940
-0.704682
-0.175047
0.066324
1.000000
-0.763194
0.029837
-0.306563
-0.914647
0.949308
-0.303275
0.627336
0.523936
0.128790
0.125027
0.301578
0.924116
0.130129
-0.108641
0.861659
-0.749221
0.654968
-0.248330
0.080707
0.930883
-0.885539
0.118302
-0.991285
1.000000
-0.091319
0.624556
-0.740879
-0.336220
