0.829281
-0.354142
0.388143
-0.024188
-0.250260
-0.149069
-0.661386
-0.470759
-1.000000
-0.004566
0.542917
-0.135245
1.000000
-1.000000
-0.103310
-1.000000
-0.984119
0.379188
-0.597227
0.839667
-0.369835
-0.367470
0.094078
-0.609042
-0.753004
-0.360217
-0.739147
0.038008
0.950209
-0.609569
1.000000
-0.856533
-0.075311
0.221202
-1.000000
0.242677
0.045071
-1.000000
0.252769
0.972577
0.544599
0.953757
0.106574
0.277385
-0.070000
0.158914
0.912219
-1.000000
0.450563
0.520943
0.517535
-0.274333
-0.676720
0.256878
0.884832
0.042214
0.197848
0.089799
0.044897
-1.000000
-0.615960
-0.544725
-0.619706
-1.000000
-0.550862
0.414010
-0.496583
0.399232
-0.488373
0.316518
-0.919369
-0.447014
0.423031
0.180354
0.999535
0.241959
0.632370
0.710284
0.133845
-1.000000
-0.294744
-0.100891
-0.713236
0.073949
-0.717040
0.182950
-0.438327
1.000000
0.664096
0.841752
-0.888933
-0.589571
-0.694092
-1.000000
-1.000000
-1.000000
-0.018479
-0.403640
-0.282421
0.091942
1.000000
-0.833019
0.642355
-0.123178
0.325767
-0.502081
0.055359
0.311051
1.000000
0.738211
-1.000000
-0.347861
-0.616388
-0.686710
-0.341920
-0.684360
0.933264
0.266494
0.045121
-0.608861
0.586659
-0.549285
-0.521105
-0.711018
-0.059763
0.891247
0.285067
0.031058
0.394751
0.165000
-0.329975
-0.431458
0.013225
1.000000
-0.474337
-0.100938
1.000000
-0.493788
-0.267323
-1.000000
0.245141
0.301896
-0.043589
-0.081826
-1.000000
0.192700
0.304557
0.623916
0.258643
-0.979514
1.000000
1.000000
0.036986
-0.003019
-0.422190
0.037902
-1.000000
-1.000000
0.958827
-0.061729
0.209348
-0.038703
0.543019
0.362232
-0.000260
-1.000000
0.684401
-1.000000
0.454029
-0.011136
-0.606680
-0.536640
-0.102669
-0.480199
-0.216560
0.279168
0.169175
0.185105
-0.676761
0.236798
-0.519656
-0.435388
-0.778897
-0.865742
-1.000000
-0.558065
1.000000
0.414262
-0.334545
1.000000
0.146775
-1.000000
0.622289
0.691242
0.007322
0.450247
-1.000000
-0.975474
0.215799
-0.501558
-1.000000
-0.604890
-1.000000
0.167340
0.464655
-0.152313
0.036557
0.315997
0.299058
-0.923215
-0.851683
0.262848
-0.134385
0.232080
-0.521031
-0.870368
-0.065936
0.393681
0.939312
0.715751
-1.000000
-1.000000
-0.116679
0.391245
0.315597
-0.902933
-0.334354
1.000000
-0.968510
0.996978
0.222876
0.264907
-0.409441
0.251119
-0.236839
0.289798
0.831192
-0.184392
-0.845390
-0.850372
-0.664002
-0.782383
0.609851
1.000000
1.000000
1.000000
-0.862689
0.276368
-0.697274
0.381055
0.020812
0.198659
0.847020
0.194085
-1.000000
-0.895219
-0.831843
-0.264312
0.663808
-0.297004
0.723570
-0.301055
-0.534392
1.000000
0.300602
