1.000000
-1.000000
-1.000000
0.472771
0.328759
-0.983741
-1.000000
1.000000
0.196542
0.154987
1.000000
-0.021804
-0.839386
1.000000
0.566802
-0.375717
-0.485382
0.211705
-0.246904
-0.877369
0.635036
0.188392
1.000000
1.000000
1.000000
-0.656878
0.058223
1.000000
0.005612
1.000000
-0.394842
1.000000
0.787389
-0.702764
-0.573992
0.744315
0.639679
0.080229
-0.358885
0.744202
-1.000000
0.415016
-0.167636
-0.281663
0.565996
0.204075
0.064570
-1.000000
0.820624
-0.911064
-1.000000
0.273341
0.367878
0.911023
-0.119515
-0.240040
0.717165
0.845011
0.345289
0.480693
-0.029722
-1.000000
-0.353319
0.727562
0.598740
0.973349
-1.000000
-1.000000
-0.699243
-0.998903
-0.023505
-1.000000
0.374779
-1.000000
0.660187
1.000000
-1.000000
0.830903
0.581290
-1.000000
0.825526
-0.763382
-0.188459
0.825928
1.000000
-0.115067
0.740135
1.000000
-1.000000
0.414250
0.620020
0.584998
-1.000000
0.709481
-0.748725
-0.043923
-0.008994
-0.666474
0.845419
1.000000
-0.622348
0.217470
-0.758159
0.024715
-0.898381
-0.670333
0.442157
0.387338
-0.869598
0.959768
1.000000
-0.835628
0.234532
-0.704219
0.336271
1.000000
-0.196271
-0.145907
-1.000000
0.460778
1.000000
1.000000
1.000000
-0.942497
1.000000
-0.975477
-1.000000
1.000000
1.000000
-0.228164
-0.209638
0.506648
0.748300
-0.744007
-0.632072
-0.764356
-0.908500
-0.483499
-0.646242
-0.537325
-0.187282
0.935059
-0.467728
-0.385315
0.929611
-0.606919
-0.893840
0.050171
-0.639553
-1.000000
-0.785090
0.136152
0.174625
0.511586
0.496830
0.259609
-0.167348
0.550833
-1.000000
0.455603
-0.018526
-0.465422
1.000000
0.779731
-0.826268
-0.276186
-0.298452
0.856451
1.000000
0.362911
0.457742
0.674941
-0.701815
-0.194140
0.406910
-0.877091
-0.220484
0.186905
0.378275
-1.000000
-0.515121
-0.555382
0.314715
-0.955592
-1.000000
0.282625
-0.119120
0.019526
-0.964880
-0.149398
-1.000000
1.000000
0.592396
-0.156491
-0.360951
-0.684290
0.201085
1.000000
-0.577603
-0.281875
0.961493
0.296801
-0.887791
-0.820504
-0.492627
-0.307407
0.274192
-0.470147
-0.293792
-0.960857
-1.000000
0.469382
0.047399
0.847099
-0.035619
-0.244256
-0.217493
1.000000
-0.082250
1.000000
-0.837411
0.244910
0.839949
-0.610290
0.512650
-1.000000
-1.000000
0.345814
1.000000
0.901998
1.000000
0.303893
-0.955345
-0.855333
-1.000000
1.000000
-0.987152
-0.612554
1.000000
-0.945338
-1.000000
0.062819
-0.062877
-0.068897
0.109891
0.540337
-0.681636
0.894134
0.434018
-1.000000
-0.440082
-0.317154
-0.767818
1.000000
-0.476234
-0.137328
0.443512
-0.503192
-0.275212
0.828644
-0.402471
0.255909
1.000000
0.850811
-0.733011
