1.000000
-0.740115
-0.441859
-0.510091
1.000000
0.119334
0.777798
0.718967
0.986592
0.725016
1.000000
-0.077847
-0.182353
-0.010025
-1.000000
1.000000
-0.616200
-0.176644
1.000000
0.474663
-0.176975
0.766550
0.754600
0.524019
0.180518
-0.087840
0.481477
-1.000000
-1.000000
0.881420
-0.274186
-0.901879
0.798725
-1.000000
0.152708
-0.199209
1.000000
-1.000000
-0.470477
-1.000000
0.711072
0.315042
0.843613
0.459335
-0.051196
-1.000000
-0.805930
-0.233187
-0.415429
0.055668
-0.757492
-0.072993
0.116868
0.660633
-1.000000
-0.713907
-0.018705
0.902848
-0.111657
0.313132
-0.431801
0.470592
-1.000000
0.537535
-1.000000
-0.968675
0.244446
0.472695
0.295080
-0.187655
1.000000
0.449960
-0.660609
-0.445008
-0.716887
0.026231
0.598850
-0.132944
-1.000000
0.495223
-0.378142
1.000000
-0.401585
-0.937812
1.000000
0.287811
0.456317
0.489732
-0.090151
0.328004
-0.383246
0.391416
-0.114924
-0.148511
-0.405419
-0.775031
1.000000
-0.705563
-0.214731
0.400077
-0.003215
-1.000000
0.735073
-0.178752
-1.000000
0.836696
-1.000000
0.674202
-0.344342
-0.168191
1.000000
0.998355
-1.000000
-0.182562
-0.495152
0.172399
0.122662
-0.734095
-0.469383
-0.243084
0.110302
-0.802329
-1.000000
1.000000
-1.000000
-0.868967
-0.127225
-0.433591
1.000000
0.053842
0.830537
-0.515310
0.916019
0.306921
0.713104
-0.392139
0.033093
-0.731846
-1.000000
-0.372456
-0.156627
0.020420
-0.339681
-0.136685
1.000000
-1.000000
0.335998
0.746970
0.251631
0.329122
0.141819
-0.600525
-0.074708
0.457519
-1.000000
0.447010
-0.914511
-0.514971
-0.081084
-1.000000
0.213956
-1.000000
-0.868541
0.696466
0.717150
-0.883944
-0.257988
-0.903583
-0.855808
-0.823539
0.418318
0.275185
1.000000
-0.376849
0.666633
0.951715
-1.000000
-0.774617
0.304088
0.133707
0.192247
-0.367096
-0.369605
0.098784
-0.616950
-1.000000
1.000000
0.887705
-1.000000
-0.472062
1.000000
0.241648
-0.819779
-0.182975
0.056898
-0.013692
1.000000
0.625590
0.720545
-1.000000
0.044993
-1.000000
-0.205580
-1.000000
-0.382230
1.000000
-0.176060
0.685312
-0.104667
0.635651
-0.909263
1.000000
1.000000
-0.691663
-0.448222
-0.289308
-1.000000
0.001357
0.582871
-1.000000
0.556621
0.543310
-0.739261
0.654834
-0.110867
0.200669
-1.000000
1.000000
0.017618
-1.000000
0.069119
-0.563522
-0.759363
0.762390
0.841288
-0.475191
-0.975829
0.603611
0.051800
0.627800
0.214576
0.590398
-0.686940
0.321495
-1.000000
-0.402572
-0.332400
0.629595
0.329387
-1.000000
0.993136
0.469352
0.900474
0.715733
0.577630
1.000000
0.415667
0.310477
-0.096667
1.000000
0.216188
1.000000
0.529184
-0.279980
-0.569616
