0.141906
-0.209946
-0.099723
-0.148400
0.559473
-0.738656
0.948921
0.152178
-0.007471
-0.218023
0.612308
-0.611430
0.432408
0.478712
0.066050
0.116387
-0.467460
-0.670978
0.026069
0.264744
0.900852
-0.549339
-1.000000
0.116566
0.742726
-0.294667
-0.799506
-0.909793
0.267907
0.305742
-0.715484
0.767509
-0.064916
-0.032240
-0.022330
-0.183350
0.114217
-0.901984
0.639570
0.250069
0.330618
-1.000000
0.778184
0.269406
0.106351
-0.762015
0.770339
-0.940778
-0.825026
-0.074213
-0.518088
0.081607
-0.668019
-0.992586
0.566923
0.630737
-0.924554
0.846693
-0.006965
0.531690
-0.750974
0.843235
0.975324
0.988849
-0.136211
0.367266
-0.147076
0.891798
-0.929152
0.590928
0.985244
0.107343
-0.236376
0.922235
-0.000628
-0.805215
0.025529
0.783844
0.344608
0.777974
-0.750665
0.903457
0.127589
-0.302063
-0.645666
0.160763
0.553134
-0.036975
0.864723
0.701170
0.656397
-0.738286
-0.816485
-0.308489
-0.727936
-0.407440
0.868328
-0.607883
-0.483127
0.539918
0.571123
-0.904640
0.894092
0.948613
0.036456
0.735855
0.301802
-0.879568
-0.634459
0.044431
-0.791711
0.043722
-0.676941
-0.512559
-0.892588
1.000000
0.294021
0.444119
0.676318
-0.052864
-0.070677
0.327776
0.545720
0.898366
0.463141
-1.000000
0.087668
-0.885107
0.552179
-0.997022
-0.437990
0.387827
0.892672
-0.114711
0.471303
-0.463156
0.033795
-0.841780
0.560153
-1.000000
0.232571
-0.294948
0.501068
-0.191956
-0.334820
-0.124854
0.530342
-0.896003
-0.038960
0.461898
0.634547
0.327879
0.307634
0.882816
-0.237696
-0.175408
0.467114
-0.942257
-0.697707
0.841965
0.926583
-0.673728
0.785129
-0.424784
0.808188
0.031785
-0.614091
-0.960418
-0.092460
0.505088
0.184032
0.412052
-0.006473
-0.991782
-0.617512
0.482598
-0.894913
0.421387
0.056050
0.730841
0.146506
0.719743
0.599134
-0.460592
-0.131372
0.631912
-0.177306
0.527843
0.997160
-0.411487
-0.441669
0.724332
-0.321223
-0.448239
-0.194522
0.774337
0.583744
-0.992062
-0.931972
-0.654198
-0.520006
-0.182203
0.786753
0.740839
0.059466
-0.805967
0.651614
-0.812127
-0.304110
-0.896679
0.142357
-0.971528
0.460067
0.017098
0.996062
-0.030585
0.593039
0.190711
0.634919
-0.954412
-0.754079
0.694571
0.499725
-0.624858
0.605188
-0.487884
-0.381652
0.486939
0.988045
0.806104
0.107688
-0.655744
-0.167471
-0.894533
-0.367934
0.695997
-0.355826
0.426231
-0.326379
-0.941736
-0.341314
-0.038220
0.392793
-0.320907
0.819615
0.091399
-0.851097
0.513125
0.226115
-0.624960
0.635110
-0.647788
0.627188
0.224583
0.443738
0.308173
0.105626
-0.917944
0.224732
0.376513
-0.889555
-0.637819
-0.959621
0.753693
-0.788283
