-0.612129
0.607436
0.828472
-0.820675
-0.607990
-0.264785
1.000000
0.917410
1.000000
0.122496
-0.749535
-0.060995
-0.473539
0.499512
0.818823
-1.000000
0.739303
-0.069028
0.251231
0.551055
-0.334543
0.163590
0.134828
0.609591
-0.616472
0.810563
0.402499
-0.867748
-0.949553
-0.921607
-0.378248
-0.700652
0.770011
0.436691
-0.721359
0.470492
1.000000
1.000000
1.000000
-0.730647
0.819070
0.927788
0.276530
0.080918
0.720139
0.300203
-0.170621
0.048492
-0.996474
-1.000000
0.587130
0.645382
-1.000000
-0.102037
0.507236
0.851018
-0.304669
0.496702
0.182571
-0.485898
0.627404
-0.931123
-0.228076
-0.829196
-0.624426
-0.829781
-0.837514
0.373590
-0.413710
0.339976
1.000000
0.450344
-0.938987
-0.183760
-0.643011
0.664870
0.583978
0.066663
0.272258
-1.000000
-0.416447
-0.676214
-1.000000
0.607296
0.150916
0.667898
0.855105
-0.728118
0.254455
-0.983656
0.089969
-0.105453
-0.143009
-0.060225
-0.398180
-0.443929
0.581824
-0.721762
0.206867
-0.148665
0.769457
-1.000000
0.620102
-1.000000
0.461773
-0.614223
0.852469
-0.160393
-0.921621
-0.520557
0.026800
0.584405
0.173975
-0.463107
-0.867554
0.979435
1.000000
-0.365022
-0.070199
-0.538602
-0.203683
0.566975
-0.358613
-0.650139
0.170410
0.727168
0.662437
-0.793318
-0.225564
0.671091
-0.057564
0.337501
-0.188332
-0.729183
-0.402146
-0.762723
0.595879
0.763394
-0.081764
-0.295372
0.506153
-0.726562
0.615517
0.917597
0.407869
-0.238335
-0.404695
-0.426472
0.196189
0.271434
0.294053
0.806523
0.673086
-0.938587
0.315808
-0.648032
0.358614
0.063855
1.000000
-0.118881
-0.346874
-0.185734
-0.865481
0.750484
-0.587378
-0.566056
0.752700
-0.782385
-0.613716
-0.089016
-0.447152
0.826162
0.143707
-0.945724
-0.746817
0.506200
-0.254041
0.952917
0.509411
-0.804438
0.909328
-1.000000
-0.598907
-0.828720
0.918935
0.491344
-0.367190
0.861547
0.561864
0.937189
0.051819
-0.063310
-0.283340
0.885204
0.196098
0.782252
0.972245
0.553488
-0.437462
-0.571107
1.000000
-0.081649
0.688144
0.129027
0.806216
-0.635812
-0.160666
0.019295
0.683630
-0.693060
-0.752415
-0.657126
0.618520
0.845437
0.591200
-0.393766
-0.121856
-0.876558
-0.507240
-0.325696
0.936758
0.584331
-0.433448
-0.584665
0.047653
0.279979
-0.486909
-0.754910
0.144550
-0.992425
0.879650
-0.570043
0.301462
0.642880
0.639654
0.631427
-0.683146
0.990930
-0.348530
0.456426
-0.703154
0.438904
0.190270
0.067509
0.918416
-0.435316
0.256857
0.630342
0.232092
0.587377
0.089772
-0.384276
1.000000
-0.161159
-0.750235
0.796230
0.517206
-0.296492
0.681074
-0.652367
0.466882
-0.772695
0.140563
-0.346082
-1.000000
