-341.600000
2.000000
-1.000000
-1.000000
22.000000
-1.000000
66.400000
-1.000000
-1.000000
-1.000000
1.000000
0.465688
0.236478
-0.153507
-0.202411
0.389921
-0.803620
-0.428338
-0.159457
0.104695
-0.912010
1.000000
-1.000000
-0.627678
-0.244925
1.000000
0.436269
1.000000
-0.777799
0.376956
-0.807776
0.640968
0.254904
-0.813979
-1.000000
-0.149934
1.000000
-0.067774
-0.657370
-1.000000
-0.670430
0.550585
0.173843
0.046416
0.306330
-0.187490
1.000000
0.688861
-0.284733
-0.779848
-0.206565
0.217147
-0.042675
0.173058
0.875659
0.279912
0.157000
0.542189
-0.499973
-0.602296
-1.000000
-0.749730
-0.936589
-1.000000
-0.760463
-1.000000
-0.534666
0.326961
0.927206
0.118675
-0.590852
-0.036247
0.804443
-1.000000
-1.000000
-0.260721
0.312673
-0.090111
-1.000000
-1.000000
0.798194
1.000000
-0.455167
-0.503402
-0.159721
-0.816932
-0.484559
0.752972
-1.000000
0.743503
-0.936692
0.665314
-0.789206
-0.139663
0.540755
0.080973
-0.231242
-1.000000
-1.000000
-0.837120
-0.225101
0.200033
-0.335044
-0.165100
-1.000000
0.122252
0.058555
-0.849853
-1.000000
0.567890
0.442818
0.623810
-0.610787
0.474924
-0.250518
0.456047
-0.299288
-1.000000
0.449088
-0.406545
0.217859
0.577107
0.803875
-0.044523
-0.689096
-0.740937
-0.168248
-0.363411
0.549512
1.000000
1.000000
0.614910
0.424387
-0.629472
-0.325205
-1.000000
-0.805187
-1.000000
-0.073599
0.598569
-1.000000
-1.000000
0.245553
0.386870
-1.000000
-0.332860
-0.774231
0.424983
-0.539658
0.069449
-0.109338
0.554331
0.012400
1.000000
-0.662624
-1.000000
-0.093299
-0.311242
0.046126
-0.646318
0.991861
-0.339529
0.245820
-0.081894
-0.182094
0.054588
-0.891720
0.299542
-0.120426
0.535091
0.379907
0.010801
-0.538016
-0.885832
-0.531216
-0.406329
0.674446
-0.684673
-0.163031
-0.813174
1.000000
-0.647786
0.315528
-0.011682
-0.685340
-0.179464
0.124239
0.812963
0.818420
-0.417164
-0.548469
0.106975
-0.179749
0.218250
-0.057656
-0.819309
0.168445
0.024159
-0.257234
-0.321862
0.245946
0.359510
0.336343
-0.767608
0.672537
0.957274
0.760427
0.186670
-0.680402
0.074784
0.423739
-0.538841
-0.893099
0.688378
-1.000000
0.101218
0.887843
1.000000
0.815604
0.943673
-1.000000
-0.991161
0.694375
0.976066
0.811717
-0.724059
-0.045059
0.759948
-1.000000
0.515244
0.708254
-0.065713
-0.477065
0.472613
-0.963358
-1.000000
0.348135
-0.640563
-1.000000
-0.200122
1.000000
-0.897140
-0.236142
-0.295240
-0.870765
0.308498
0.065766
-0.477306
-1.000000
-0.151472
1.000000
1.000000
0.321566
-0.886919
0.942726
0.287003
0.582055
1.000000
-1.000000
0.075902
0.010087
-0.622333
0.836462
0.689741
-0.029749
-0.541784
-1.000000
-0.058554
1.000000
0.229975
-0.088516
0.712695
-0.047541
0.582711
-0.504142
