-382.000000
0.000000
-1.000000
-1.000000
-1.000000
-1.000000
-1.000000
-1.000000
-1.000000
-1.000000
-0.441677
-0.973982
0.414657
0.085462
-0.893327
0.725337
-0.756309
-0.996299
-0.765014
-0.388650
0.533081
1.000000
-0.818174
0.474963
1.000000
-0.229110
-0.616241
-0.743103
-0.589109
-0.700793
1.000000
1.000000
1.000000
1.000000
-0.734483
0.542621
1.000000
0.630059
-1.000000
0.183654
-0.809863
0.713844
-0.444540
-0.493315
0.516337
-0.038800
-0.318237
0.942431
0.032168
-0.720158
-0.885167
0.306056
0.845331
0.777664
-0.497287
0.466263
-0.595819
0.614176
0.241880
0.117434
0.337157
-0.899928
-0.638010
0.568472
1.000000
-0.548730
1.000000
0.118083
-0.271428
-0.677998
-0.719594
0.457920
-0.400695
-0.413946
0.587680
0.141700
-0.729755
0.168462
0.174763
-0.572493
0.004828
0.823625
0.696998
0.291539
-0.092829
-0.694428
-1.000000
0.235653
-0.800471
-0.495013
-0.338413
0.143050
-1.000000
0.562398
-0.751751
-0.102455
0.805984
-0.396561
-1.000000
0.177781
-0.910824
-1.000000
-0.461705
0.331321
-1.000000
-0.269323
-0.384838
0.070234
-0.502603
-0.564370
-0.104377
0.565146
-0.681393
-1.000000
0.205404
0.258604
-0.055418
0.078624
0.344317
0.639071
1.000000
-0.634544
1.000000
-1.000000
-0.389038
-0.016511
-0.791765
-0.379955
1.000000
0.046108
-0.277693
-1.000000
0.074859
0.663067
-0.615089
0.920184
-0.800140
0.808664
0.474360
-0.825192
-0.448027
0.765708
0.391012
-1.000000
-0.461678
0.695088
0.638716
1.000000
0.059499
-1.000000
0.106086
-1.000000
0.716943
1.000000
-0.187441
-1.000000
0.277428
0.986437
0.785092
0.445180
0.708380
-0.759448
-0.298183
-0.754246
0.098930
1.000000
-1.000000
0.071655
-0.511082
0.200805
0.384871
0.462279
-0.492804
-0.790406
0.828232
0.974812
-1.000000
0.805085
0.343505
0.155173
-0.023752
1.000000
-0.622472
1.000000
0.524426
0.921906
-1.000000
0.897522
-0.360887
1.000000
0.313024
0.210062
-1.000000
-0.521082
-0.999416
1.000000
-0.578954
-0.820400
0.423990
-1.000000
-0.750085
-1.000000
-0.597828
0.574125
-0.749525
0.596946
1.000000
-1.000000
-0.530631
0.075189
0.612791
-1.000000
-0.311469
-0.017483
-0.492448
0.619496
-0.182673
-0.791559
0.047928
-0.184976
-0.260392
-0.036801
0.130564
1.000000
-0.673287
0.996915
-1.000000
0.034456
0.823223
-0.930418
-0.133127
0.671031
-0.414557
0.043265
-0.282196
-0.164231
-0.033400
0.833725
0.343532
1.000000
-0.606631
0.799391
-0.388911
0.045228
-0.851521
0.932967
0.164070
1.000000
0.614753
0.210560
-0.433326
0.114762
0.970620
-1.000000
-1.000000
1.000000
0.272880
-0.567526
0.976701
-0.733800
0.808135
-1.000000
-0.522328
0.350246
-1.000000
-0.529072
0.363657
0.814634
-0.476541
-0.601917
0.490177
-0.445424
-1.000000
0.347132
-0.504245
