-392.000000
0.000000
-1.000000
-1.000000
-1.000000
-1.000000
-1.000000
-1.000000
-1.000000
-1.000000
0.388928
-0.145037
-0.828975
0.561068
-0.548669
-0.935779
0.061651
-0.296245
0.907604
0.682991
0.123020
-0.053526
-0.019005
-0.598909
-0.020350
-0.744513
-0.215463
-0.427745
-0.221469
-0.092994
-0.599020
-0.154095
-0.110751
-0.538352
-0.715217
-0.005154
-0.849075
0.729595
-0.622886
0.430628
0.701194
-0.262024
-0.151997
0.469545
-0.748025
-0.779229
1.000000
0.436457
0.813267
0.288050
0.747644
-0.581224
1.000000
-1.000000
1.000000
0.385614
0.758566
0.263007
0.745780
0.549523
-1.000000
0.249529
-0.376458
-0.866999
-0.758514
-0.664632
-0.829576
0.344322
0.421907
-0.141322
0.443325
0.091562
-0.547431
0.375590
-0.313065
0.092080
0.171649
0.469014
0.922463
-0.574661
-0.423832
0.845803
-0.216557
0.505716
-0.513672
0.882535
-0.779559
-0.113749
0.608071
-0.306195
0.679970
0.536231
-0.953249
0.264405
1.000000
0.082375
0.543968
-0.778607
0.148313
0.492484
0.783808
-0.182061
0.183932
-0.536294
-0.627172
-0.978481
0.823937
-0.859912
0.480679
0.469102
-0.341432
-0.076392
-0.458196
-0.128508
0.035633
0.521474
0.149554
0.026466
0.117167
1.000000
-0.783038
0.305485
0.417594
0.569598
-0.910631
0.399027
-0.452959
0.457908
-0.483178
0.151257
-0.088646
0.508770
-1.000000
-0.100296
0.355470
0.963655
-0.156397
-0.433744
-0.412667
0.733814
-0.839416
0.505102
-0.275597
0.660077
-0.354402
-0.057934
0.384589
-0.308108
0.422195
0.436599
0.750253
0.996218
-0.077342
-0.127405
0.781444
0.627229
-0.505339
-0.655529
-0.762202
-0.289372
0.082890
0.847914
-0.631703
0.758128
0.352830
0.121093
0.831395
0.898577
-0.142744
-0.900021
0.709652
-0.101291
-0.251222
0.043454
0.591083
0.139017
0.555959
0.567239
-0.454301
0.396986
-0.122469
-0.264793
-0.120639
0.280276
0.522862
-0.572945
-0.367429
-0.348471
-0.344217
0.770429
0.694130
0.246621
-0.398964
-0.397205
0.430839
-1.000000
-1.000000
0.630909
0.845970
0.112065
-0.749388
0.816709
-0.261274
0.675575
0.542679
0.370714
0.954842
-0.178251
-0.490398
0.759660
-0.161778
-0.476313
-0.859874
-0.846638
0.419946
-0.161282
0.196493
0.001097
0.802582
0.938536
0.615850
0.519295
0.339282
0.120523
-0.624015
-0.899864
-0.274059
0.897637
0.938591
0.603400
-0.037026
-0.576077
0.112844
0.910731
-0.518716
-0.649417
0.451825
-0.960052
0.326171
-0.111966
0.305749
0.712439
0.293746
-0.533457
0.495178
0.953135
0.069240
0.797217
0.376771
-0.402876
0.909598
0.165608
-0.784921
-0.337276
-0.020427
-0.828077
0.954121
0.235062
-0.596782
-0.990112
1.000000
-0.027454
-1.000000
0.622528
-0.642904
-0.632144
-0.564498
0.674877
0.225645
0.733259
-0.966417
-0.855781
-0.671893
-0.572699
-0.002274
