-476.200000
0.000000
-1.000000
-1.000000
-1.000000
-1.000000
-1.000000
-1.000000
-1.000000
-1.000000
-0.257611
0.020281
0.043828
0.631414
-0.159258
0.606276
-0.639929
0.293869
0.767008
-0.271380
0.651251
-0.420613
-0.823404
0.334739
-0.958205
0.578040
0.836036
0.033094
0.792169
-0.748099
0.893676
0.831141
0.966045
0.785666
-0.721848
-0.402231
-0.501759
-0.134442
0.581896
0.601314
0.069652
0.579164
-0.963927
1.000000
-0.428466
0.778827
-0.863222
0.688048
0.210102
-0.953920
0.152236
0.551416
-0.096630
0.595403
0.945324
0.412695
-0.055995
-0.861080
0.398386
0.241423
-0.040021
-0.329090
0.634296
0.728823
-0.035020
-0.070161
-0.465488
-0.916621
0.242584
-0.015451
-0.115784
0.919286
-0.460211
-1.000000
0.281693
-0.782729
-1.000000
0.058415
-0.353103
-0.357990
0.794113
-0.995111
-0.728147
-0.203886
0.881044
0.399787
-0.999036
-0.066621
-0.425583
-0.041120
0.243398
-0.242181
0.738626
-0.995566
0.330782
-0.363155
0.904529
-0.580031
-0.793621
-0.059341
-0.430369
-0.502845
0.944100
-0.540173
1.000000
0.098524
-0.634176
0.823365
-0.874691
0.829426
-0.435230
-0.026994
0.579051
0.286498
-0.662316
0.304621
0.491969
0.281811
-0.447697
-0.091800
0.720466
-0.236266
-0.422008
-0.260687
-0.351352
0.307812
-0.711638
0.614044
0.975916
0.182474
0.368203
-0.797161
-0.707084
-0.894529
0.846710
-0.012610
0.068480
-0.074062
0.771002
0.954745
-0.961793
-0.067533
-0.307835
-0.131656
-0.607001
0.337643
-0.062469
-0.860093
-0.607757
-0.923218
-0.198229
0.304436
0.518223
0.901022
0.522956
-0.593965
0.434419
-0.764425
0.458828
1.000000
0.455241
-0.961356
0.513454
-0.086825
-0.922140
0.772403
0.108486
0.239234
-0.387702
-0.100945
0.847831
-0.182277
-0.044421
0.336167
-0.972839
-0.606607
0.369036
0.247851
-0.276825
-0.072738
0.286756
1.000000
-0.114465
0.478964
-0.005818
-0.816974
-0.944537
-0.155934
-0.351123
-0.467336
-0.665880
-0.213995
-0.583011
-0.217564
-0.808769
-0.716409
-0.322817
-0.311807
-0.924348
-0.926367
0.036673
-0.762297
0.485867
-0.133401
0.490224
-0.750264
-0.961660
-0.399838
-0.682498
0.239312
-0.710129
-0.284189
0.423227
-0.846277
-0.332275
0.548507
-0.124233
-0.095762
0.214817
-0.214673
-0.668287
-0.869568
0.786880
0.891994
-0.080191
-0.063022
0.982481
0.784838
-0.467618
0.073865
0.573414
0.599985
0.627792
-0.167670
0.811493
1.000000
-0.313222
0.576920
-0.567060
-0.693258
-0.278142
-0.319559
-0.646390
0.238324
-0.710336
-0.664779
0.025659
0.095045
-0.166525
-0.879508
-0.756464
-0.559875
0.593510
0.516581
0.931822
-0.686368
0.251520
0.852627
-0.804807
0.879110
0.332106
0.180016
0.700414
0.070966
0.656855
-0.359468
-0.164619
1.000000
-0.408823
0.532331
0.456865
0.012097
0.497602
0.124150
0.886596
