-273.000000
1.000000
-1.000000
-1.000000
-1.000000
-1.000000
67.000000
-1.000000
-1.000000
-1.000000
0.031901
-0.267550
0.781745
0.268876
-0.344081
-0.306556
0.281379
-0.763878
-0.689204
-0.692378
-0.293493
0.914321
-0.238219
0.040478
-0.352990
0.567103
-0.337712
0.383394
-0.077515
0.543575
-0.688165
-0.771074
-0.255875
-0.824506
0.785990
0.936346
0.261936
0.502198
0.193181
0.305460
-0.564575
-1.000000
1.000000
-0.827217
-0.802291
0.280562
0.346024
0.781337
-0.299745
0.092296
-0.698114
-0.407073
0.512959
-0.710584
0.808615
1.000000
0.947382
0.464897
0.623677
0.250365
0.115599
0.031084
0.315761
-0.230742
-0.771023
0.637572
-0.548896
-0.500976
0.583138
0.369349
0.174736
0.151080
-0.270732
-1.000000
0.069229
-0.618358
0.647038
0.663611
-0.143516
-0.885509
-0.430470
0.158039
-0.077919
-0.498689
-0.157322
-0.939129
-0.152885
-0.099120
0.153844
0.366988
0.238334
0.020438
0.882091
0.384735
-0.715296
1.000000
-0.679164
-0.593197
-0.677865
1.000000
0.219774
0.635021
-1.000000
0.233790
0.102137
-0.889597
0.878242
-0.811804
0.214194
-0.396557
0.401082
0.612348
0.103657
-0.090118
-0.061962
0.349229
-0.174470
0.284154
-0.562284
0.600355
-0.772593
0.000314
-0.878505
0.885257
-0.234912
-0.173834
0.356084
0.748506
0.607475
-0.552049
-0.531289
0.498310
-0.560916
0.192016
-0.194814
0.539461
-0.948423
-0.531044
0.553705
0.385234
0.029514
0.479117
0.294633
-1.000000
0.190927
0.464968
-0.449646
0.024387
-0.173589
-0.434271
0.799120
-0.228787
-0.026500
0.403046
0.662162
-1.000000
-0.650421
-0.156729
0.668236
-0.115999
-0.242569
-0.146935
0.198753
0.807178
0.379310
-1.000000
0.645726
0.790098
-1.000000
-0.303596
0.420472
-0.897748
0.601832
0.635288
-0.746601
-0.015212
0.779339
0.387611
-0.605810
0.445899
-0.516775
0.439492
-0.244482
-0.810645
0.377613
0.985270
-0.130142
0.007023
0.818150
0.859878
-0.430084
-0.303809
0.153270
-0.480048
0.572599
-0.253552
0.877874
-1.000000
-0.252707
-0.702656
0.030847
0.040298
1.000000
-0.870822
-0.868011
0.920901
0.355663
-0.149353
-0.184174
-0.027398
-0.730317
-0.587212
-0.325889
0.461478
-1.000000
0.277360
0.830468
-0.956489
0.174655
-0.160406
-0.440239
0.155185
0.741531
-0.404229
-0.730019
-0.907568
-0.743704
0.658414
-0.160289
0.493252
0.441733
-0.791392
-0.355611
-0.319935
-0.711177
-0.297228
-0.262119
0.204394
0.488697
0.991027
0.140756
-0.399407
0.173661
-0.274923
-1.000000
0.617858
-0.459512
0.264801
0.187643
0.224055
0.499733
-0.873536
0.521555
0.965178
1.000000
-0.628741
-0.509016
0.912472
-0.539538
-0.349633
-0.184894
-1.000000
0.760378
0.408158
-0.929768
0.141245
-1.000000
0.456015
1.000000
-0.427192
0.698774
0.194617
-0.176975
0.391139
-0.108514
