-275.400000
2.000000
-1.000000
70.000000
-1.000000
-1.000000
64.600000
-1.000000
-1.000000
-1.000000
0.795026
0.390095
0.965834
-0.500205
-0.582932
0.334961
-0.660834
0.068198
-0.803658
0.040082
0.742095
-0.805685
0.211337
0.415734
0.631435
0.907982
-0.976457
-0.354797
-0.510895
0.136265
0.355439
-0.585901
-0.259057
0.072029
-0.107526
0.618538
0.684675
0.154732
0.160764
0.923459
0.693900
0.286696
0.246137
-0.745144
-0.921743
0.538462
-0.957607
-0.954254
0.412321
0.492434
-0.935575
0.854572
-0.334615
-0.277143
-0.083880
0.949911
0.026848
-0.147986
-0.591219
0.835528
0.826736
-0.493228
-0.498227
0.510764
0.446260
-0.169292
0.666053
-0.099088
-0.483721
-0.974804
0.671380
0.342270
0.278663
0.396464
0.716763
0.309535
-0.236065
0.746854
-0.886443
0.860728
-0.085581
-0.807956
-0.483802
0.725002
-0.277387
0.473956
0.546072
0.016827
0.856296
0.661162
0.860136
-0.454525
0.333483
-0.712183
-0.351600
-0.972475
-0.296525
0.100078
0.018956
-0.680849
-0.028691
-0.498572
0.190630
0.644590
0.803707
-0.765389
0.506633
1.000000
0.748557
0.446539
-0.772891
0.143432
0.453253
-0.891853
-0.074806
-0.079515
0.893350
-0.598607
-0.455260
-0.379283
-0.620689
0.439210
0.719321
0.375461
0.854724
-0.790747
-0.166164
0.805660
0.730013
0.792700
0.887274
-0.687521
0.520417
-0.138258
0.751993
0.140536
0.554856
0.678094
0.476051
0.695718
0.235311
0.784087
-0.725668
0.137878
-0.383358
-0.093019
0.258880
0.006285
0.714527
0.970786
-0.970014
-0.847713
-0.804268
0.726512
0.331482
0.857402
-0.599246
-0.267694
-0.262905
0.471996
0.288142
0.862370
-0.423151
0.323684
-0.201459
0.062314
0.395103
-0.270995
-0.227317
-0.886296
0.705752
0.622299
-0.874367
0.824671
0.087815
0.649620
-0.814602
0.712055
-0.319605
-0.149930
-0.484524
-0.745848
-0.383751
-0.432657
0.052506
0.167955
-0.799261
-0.797543
0.243631
-0.993490
0.457311
-0.479594
-0.841552
0.900475
-0.932651
-0.667275
-0.585701
-0.432481
-0.803070
-0.412612
0.149120
-0.965788
-0.168761
0.775134
-0.199102
0.448617
0.483850
0.548597
-0.601252
0.659216
0.797803
0.928142
-0.212128
-0.617249
-0.965406
0.492204
0.589521
0.117372
0.312578
0.396401
0.182736
0.418103
-0.585855
0.672553
0.433918
-0.820605
-0.597209
0.451619
0.505724
-0.385956
0.007147
0.528311
0.328048
0.537969
0.125128
-0.239138
-0.874169
-0.713699
-0.257725
0.570961
0.720634
-0.238259
0.877225
-0.026036
-0.960740
-0.142847
-0.926597
0.639545
-0.814600
-0.653952
-0.043105
-0.747048
0.099689
-1.000000
0.504493
-0.767688
0.727625
0.906812
0.303380
0.734318
0.422041
0.338084
0.724068
0.406027
0.637224
0.286760
0.720257
0.063608
-0.520287
0.947857
-0.019982
0.274726
-0.222247
0.813333
0.918145
