-172.000000
3.000000
-1.000000
70.000000
0.000000
-1.000000
58.000000
-1.000000
-1.000000
-1.000000
-0.277787
-0.282542
-0.452113
0.009888
-0.835196
-0.453473
0.542750
0.847536
-0.389796
1.000000
-0.341333
-0.187078
-0.634147
1.000000
0.531149
-0.091717
-0.817428
0.981078
0.643164
0.749108
0.430230
0.401432
0.148849
0.086443
-0.465745
0.908586
-0.080217
0.580129
-0.673024
-0.003544
0.918957
-0.742706
-0.729523
0.373448
-0.278184
-0.538689
0.490721
-0.412283
0.626333
0.683572
-0.991302
-0.311972
0.495035
0.522333
0.178452
-0.927204
0.685715
-0.420362
0.439310
0.302199
-0.979486
-0.041859
-0.679504
-0.691094
-0.312099
0.862511
0.765012
-0.756329
0.451988
-0.422097
-0.826909
0.969150
0.452832
-0.126894
0.465773
-0.437603
-0.506423
0.918323
0.230722
0.645250
-0.836634
-0.882545
0.257007
-0.157331
-0.142670
0.119344
-0.270336
-0.902341
0.652454
0.439746
0.525946
-0.538934
0.773515
0.069074
1.000000
0.617172
0.445922
0.641366
-0.838294
-0.734794
0.369961
-0.903710
0.283631
0.110896
0.624947
0.292544
0.232274
-0.144726
0.119576
-0.206531
-0.956378
-0.706562
0.818032
0.429472
-0.215491
0.923828
0.726338
0.576680
-0.053912
0.155736
-0.909103
0.944989
0.267294
-0.964325
0.046241
0.521488
-0.090510
0.678562
-0.350050
-0.745450
0.026957
-0.220314
-0.650692
0.866366
0.305272
0.267858
0.514237
-0.131229
0.762441
-0.430950
-0.145462
-0.983542
-0.270728
-0.075232
-0.998135
0.341547
0.793762
-0.082766
-0.619606
-0.563668
0.638966
-0.380210
-0.675140
0.452219
-0.202573
0.862604
0.152097
-0.108625
-0.726891
-0.249687
-0.528049
0.325010
-0.018628
0.011920
0.047047
-0.307237
0.020093
0.381507
0.617327
-0.853219
-0.247120
0.117078
-0.720810
-0.680458
-0.872164
-0.640858
-0.682715
0.706031
-0.064557
-0.451892
-0.934535
0.465275
0.448163
-0.768206
-0.477749
-0.972259
-0.009251
0.142645
0.626887
0.946122
0.774591
0.494189
-0.033321
-1.000000
-0.274524
0.551573
0.583044
-0.982608
0.328496
-0.228227
0.099082
-0.088446
0.168115
0.625774
-0.188453
0.059260
-0.243499
-0.216148
0.323289
0.465931
-0.883994
0.340064
-0.251384
0.204861
-0.807196
0.124273
-0.656444
0.270527
0.373462
-0.356895
-0.397453
-0.145376
0.161742
0.027142
0.037126
0.600429
0.934576
0.814329
0.297366
0.256858
-0.298769
0.348446
0.868281
0.963889
-0.331398
-0.763215
-0.937812
-0.818227
0.045014
0.980653
0.764424
-0.221374
0.987332
0.308356
0.978725
-0.875841
-0.577249
0.697110
-0.716094
-0.147175
-0.092537
-1.000000
0.494414
-0.482035
-0.575359
0.406940
0.054543
-0.416152
0.885617
-0.316470
-0.778229
-0.641810
-0.631271
-0.075490
-0.954609
-0.079086
-0.654978
0.170993
-0.530128
0.861741
-0.835769
0.476965
0.174151
0.501962
0.962003
