-171.400000
3.000000
-1.000000
64.000000
0.000000
-1.000000
64.600000
-1.000000
-1.000000
-1.000000
-0.442225
-0.084144
0.815843
-1.000000
-0.222436
0.749646
-0.714604
-0.156505
1.000000
-0.385118
0.920989
0.777723
0.768753
0.375335
0.277724
-0.181933
0.964774
-0.141986
1.000000
-0.216216
-0.932690
-0.564093
0.166987
1.000000
0.254898
-0.195674
-0.604022
0.105742
1.000000
0.674544
0.753920
-1.000000
-0.298101
-0.592560
-0.484273
0.321300
0.273166
-1.000000
-0.087694
0.491392
-0.205575
-0.237796
-0.344833
-0.155162
0.086466
0.255216
-0.883436
0.001336
-0.565376
-0.747378
0.320522
-0.602746
0.807118
1.000000
0.810590
0.681491
0.939770
-0.877828
0.633000
-0.955149
-0.584526
-0.138714
-0.799513
0.280938
0.551918
-1.000000
0.095029
0.706784
1.000000
-1.000000
0.152434
-0.442699
0.344773
0.936613
-0.207310
-0.520679
-0.192024
-0.366088
-0.798995
1.000000
0.629626
0.147013
-0.958030
-0.713844
0.536727
0.830254
-0.699338
0.607999
0.383522
-1.000000
-1.000000
-1.000000
0.262043
-0.762743
0.807789
-1.000000
-0.046050
1.000000
-0.761366
-0.660538
-0.753991
0.067151
1.000000
-0.752494
0.647878
0.313217
-1.000000
0.657102
0.274554
0.145087
-0.510874
0.379251
-0.405580
-0.222132
-1.000000
0.032263
0.398403
0.937529
-0.544415
-1.000000
-0.827100
1.000000
1.000000
0.569405
-0.051311
0.034092
0.855250
-0.277668
-1.000000
0.063849
-0.965279
1.000000
0.097393
0.943934
1.000000
0.247692
-1.000000
-0.798532
0.322840
1.000000
0.973895
0.745416
0.179154
-0.320081
1.000000
-0.393189
0.890477
-0.958968
-0.068373
-0.599036
-0.947342
-0.412989
0.588283
0.569070
-0.399184
0.089777
0.239314
0.477241
-1.000000
1.000000
0.259995
0.682780
0.222152
0.900796
-0.763112
-1.000000
-0.009280
-1.000000
-0.309145
-0.744666
-0.517606
-0.034941
-0.180008
-0.334827
-0.429123
-0.326911
0.533408
0.601604
-0.480188
-0.032947
-0.489881
-0.694990
-0.445855
1.000000
0.335704
-0.093939
-0.590117
-0.323370
-0.049695
-0.552389
0.037598
0.756089
0.809682
-0.099050
-1.000000
-0.218547
1.000000
0.912753
-0.288863
-0.903628
0.301332
-0.741406
-0.781470
-0.530151
-0.254047
-0.137065
-0.218629
0.124299
-0.762068
0.851700
-0.238558
0.997691
1.000000
0.762382
1.000000
1.000000
-1.000000
-0.633184
0.225058
-0.695561
-0.278205
-1.000000
-0.040787
1.000000
-0.568118
-0.984470
-0.176508
0.443150
-0.349789
-0.780107
0.130546
-0.178075
-1.000000
1.000000
0.624318
-0.926291
-0.298689
-0.018175
0.165443
0.704919
-1.000000
0.170277
-0.844893
-0.094340
0.010198
0.701317
-0.097765
-0.429223
0.534187
1.000000
-1.000000
-1.000000
-0.165624
0.179106
-0.156145
-0.894007
0.454358
0.758185
-0.306532
0.718962
0.747221
-0.603630
-0.482461
-1.000000
0.103286
