-185.400000
3.000000
-1.000000
74.000000
46.000000
-1.000000
64.600000
-1.000000
-1.000000
-1.000000
1.000000
0.374401
-0.124451
0.700500
-1.000000
-0.412249
-0.296079
-0.337893
0.635729
-0.321270
-0.010976
0.277909
-1.000000
0.728491
0.823168
-0.009683
-0.045791
0.560199
-0.735352
0.408706
0.392299
-0.917364
-0.215027
0.119900
0.463690
-0.652540
0.710975
0.372358
-0.987816
0.737474
0.270614
0.703974
-0.537603
-0.317171
-0.619766
0.690074
0.261498
0.263677
-0.265443
-1.000000
0.626804
0.192603
0.406357
-0.927859
0.969939
-0.654216
0.528486
0.045607
1.000000
-0.977181
0.428118
-0.782714
-0.426076
0.522103
-0.505600
-0.043964
-0.461989
0.543690
-0.318562
-1.000000
0.944075
-1.000000
1.000000
-0.111007
1.000000
0.328659
0.959139
0.269426
0.587747
0.747706
0.738498
-0.321225
-0.490918
0.957198
0.009896
0.906974
0.696367
-0.606544
0.204071
-0.160315
-0.261850
0.863858
0.648285
-0.768186
-0.945448
0.640058
0.880125
0.647174
0.570675
-0.614219
0.880650
-0.540194
-0.163614
-0.842109
0.903770
-0.334851
0.499694
-0.481114
0.984388
-0.351920
-0.507668
-0.850165
0.150424
0.172531
-0.700713
-0.347854
-0.378136
-0.662309
0.155178
-0.923093
-0.977662
-0.371805
0.723518
-0.377949
-0.139516
0.975084
-0.301530
0.197612
0.486951
0.029697
-0.173203
0.812210
0.227373
0.563420
-0.471471
0.414827
0.012365
0.441201
-0.344713
-0.673589
0.289578
0.433312
0.295248
-0.432416
-0.744148
-0.426306
0.032647
0.770858
0.863625
0.063390
-0.763811
0.956413
-0.673158
-0.164992
0.273350
-0.070148
-1.000000
0.374231
-0.153648
0.635358
0.208715
0.556366
0.663840
0.825960
-0.962233
-1.000000
-0.286654
0.084541
0.457161
-0.340718
0.611496
-0.419274
0.703648
0.255405
-0.518164
0.620177
0.231327
0.196250
-0.234883
-0.511109
-0.238787
-0.369580
0.152735
0.455119
-0.064464
-0.240939
-0.509790
0.787028
0.701122
-0.024164
-0.518221
-0.892485
0.755670
-0.311416
0.949423
-0.342371
-0.902853
-0.277105
-0.193970
-0.078080
0.993217
-0.684760
-0.938018
0.752013
-0.197781
0.032164
0.708240
0.778693
-0.103587
-0.773106
-0.873954
-0.170772
0.712889
-0.216009
0.800704
-1.000000
-0.478755
-0.071888
-0.071163
-0.330635
-0.865851
-0.568726
0.756805
-0.306262
-0.319132
-0.907916
0.064828
-0.942853
1.000000
-0.475896
1.000000
0.668438
-0.188962
0.885244
-0.984153
-0.555808
-0.533049
-0.773150
0.106544
0.711771
-0.304316
-0.135089
-0.198785
0.332764
0.611620
-0.386940
-0.711364
0.968053
-0.087364
-1.000000
-0.937349
-0.025740
0.202796
-0.305578
0.537579
-0.957896
-0.726048
1.000000
-0.641641
0.030569
0.594428
0.886472
0.017513
0.524886
0.479170
0.981072
-0.737372
0.830234
0.549819
-0.405029
-0.279190
-0.373064
-0.556099
-0.102190
-0.901594
