-0.796396
-0.960708
-0.189193
0.491881
-0.680810
0.337070
-0.472267
0.910181
0.327183
0.148481
-0.329472
0.701216
0.857756
-0.777439
0.018182
0.979552
0.165765
-0.804291
0.984280
-0.751556
-0.311107
0.706027
-0.693127
-0.673375
-0.041747
0.436245
0.295537
0.906727
0.006470
0.841697
0.524451
0.672972
-0.188987
0.148445
-1.000000
-0.590088
0.104713
0.262940
-0.968985
0.302689
0.121667
0.025699
0.184060
1.000000
-0.793995
0.986914
-0.430520
-0.563794
0.832059
0.390740
0.801495
-0.550961
-1.000000
1.000000
0.018181
0.729992
-0.251697
0.104523
-0.387551
-0.578686
-0.759647
-0.835621
-0.935945
-0.273248
0.171582
-0.980191
-1.000000
-0.020755
0.721180
0.824947
0.000273
0.845879
-0.227125
1.000000
-0.749963
-0.056795
-0.591862
-0.623752
-0.556058
-0.963524
0.163978
0.138888
0.521647
-0.398858
0.146165
-0.128832
-0.359198
0.856101
0.258834
0.865709
-0.539613
-0.912574
0.956452
-0.434963
0.272224
-0.047591
0.292913
0.573482
0.239721
-1.000000
1.000000
0.321123
0.706978
0.906911
1.000000
-0.123048
-0.161685
0.295419
-0.918286
-0.713789
0.702576
0.120952
-0.576545
0.010648
1.000000
-0.308790
0.224008
-0.798453
0.254564
-0.420853
0.338873
-0.005302
-0.327957
-0.663117
0.295340
0.379014
-0.943975
0.446008
0.708773
-0.015406
0.260119
0.257955
0.789054
0.893376
0.314620
0.933360
0.604135
-0.436989
0.228741
0.721354
-0.892786
-0.079013
0.940172
0.489753
0.768420
-0.949955
-0.063572
-0.258537
-0.822003
1.000000
0.524327
0.018191
-0.822819
0.272501
-0.463310
-0.427965
0.230433
1.000000
0.603763
0.163586
0.346231
-0.671737
0.859276
0.272566
-1.000000
0.559207
-0.214059
-0.509780
0.474753
0.936010
-0.079360
0.024304
-0.021548
0.366958
-0.131102
-0.124372
-0.446821
0.628226
-0.285763
-0.719522
-0.480146
0.474267
0.139157
-0.250868
0.559975
0.724483
0.388437
0.421265
1.000000
-1.000000
0.363385
-0.014622
-0.247716
-0.722821
-0.660062
-0.094812
0.294621
-0.711779
-0.760525
-0.702149
-1.000000
1.000000
-0.013373
-0.398031
0.561237
0.476063
-0.682823
0.642688
-0.344839
0.126917
-0.003866
-0.480985
0.474374
0.211439
-0.301211
-1.000000
0.302296
0.409223
0.500043
0.043087
-0.782187
-0.864384
0.172456
0.813790
0.465852
-0.371195
-0.996849
0.599200
0.536920
-0.448047
0.060649
-0.540565
0.582840
-0.075928
0.533580
-0.135997
0.197678
-0.636836
1.000000
0.030442
1.000000
-0.382955
-0.325626
-0.101411
-0.058762
0.383783
-0.295855
0.162415
-0.856726
-0.649632
-0.485442
0.395000
0.278966
0.716173
-0.453918
-0.314455
0.326621
-0.789321
-1.000000
0.187111
0.580522
-0.544232
0.625707
-0.829660
0.688410
