-344.600000
3.000000
-1.000000
28.000000
-1.000000
-1.000000
-1.000000
-1.000000
31.600000
35.800000
-0.358841
1.000000
0.766835
0.953390
0.253555
-0.687194
-0.655531
0.370322
0.847357
-0.479590
0.723424
-0.801851
-0.542375
-0.681750
-0.297592
0.259722
0.155977
0.633079
-0.501605
0.360332
-0.588135
-0.848331
-0.003088
0.201424
-0.555423
0.370532
-0.507926
0.150103
0.509825
0.270468
-0.840905
-0.110327
-0.362945
0.566781
-0.671191
0.194791
0.615470
0.858019
0.099042
-0.233365
0.365005
0.335812
-0.707109
0.410659
1.000000
-0.242470
-0.806218
-1.000000
1.000000
-0.826297
0.546214
-0.498004
0.879921
0.111143
-0.269866
0.014610
-0.206207
0.184338
0.251957
0.768663
0.496530
0.789340
-0.019706
0.460401
-0.456716
-0.505133
0.360279
-0.294567
-0.757222
-0.126038
0.224693
-0.911209
0.313677
0.545700
-0.058195
-0.517202
-0.019438
-0.375331
-0.895342
0.025742
0.695463
-0.569891
0.260503
0.526135
0.509659
-0.632014
0.153084
-0.761044
-0.313892
-0.123516
0.113743
-0.374924
-0.969417
0.789326
0.171228
0.231042
0.042400
0.119589
1.000000
-1.000000
-0.881576
-0.700867
0.366527
1.000000
0.562789
-1.000000
0.089524
-0.460746
-0.322135
0.323853
0.073438
-0.540149
-0.171718
-0.823369
-0.248899
0.022601
0.531065
0.199332
-1.000000
0.803051
0.823591
0.533653
0.077843
-0.593419
0.015767
0.043584
-1.000000
0.093384
0.812917
-0.487980
0.791211
-1.000000
-0.562524
-0.295194
-0.495202
0.357727
0.836126
-0.511145
0.647800
-0.161302
-1.000000
0.977090
-0.730206
0.049331
0.626522
0.630891
-0.057856
0.968212
0.134938
0.727128
-0.309165
0.046264
-1.000000
-0.811181
-0.061854
-0.037167
-0.873323
1.000000
-0.315131
-0.126741
-0.041456
-0.257414
0.059750
-0.594213
-1.000000
-0.667396
-0.322911
0.662820
-0.019510
-0.221152
-0.703936
0.895211
-0.604000
1.000000
-0.258905
0.179741
0.686824
0.515830
-0.827595
0.414486
0.692018
0.943062
0.562439
0.194149
-0.440702
0.268706
-0.355511
0.463715
-0.675377
0.353004
-0.341383
-0.612687
0.940203
-0.972845
1.000000
-0.558926
-0.443303
0.564296
0.141783
-0.186527
-0.937303
-0.431549
1.000000
-0.763790
-0.013332
-0.446737
-0.023036
0.502385
0.604055
0.812595
0.105030
-0.052362
-0.735927
-0.019805
0.873344
0.371133
0.607696
0.341086
-0.018000
-0.985147
-0.571201
-0.361161
0.026032
0.211328
-0.383442
0.224245
0.264885
-0.748901
0.368849
0.972344
0.787743
0.796950
-0.429418
-0.269365
0.703966
-0.396409
-0.500558
0.301023
0.214893
-0.018571
0.551672
-0.880738
-0.073816
0.293694
0.612079
-0.326473
-0.336634
1.000000
0.517408
-0.470195
-0.996025
0.462295
0.523097
0.129891
-0.038459
-0.314303
0.784670
0.578466
0.956073
0.831306
0.079984
-0.255113
-0.086738
0.777772
-1.000000
