0.086789
-0.874933
-0.079111
0.029592
-0.382085
-0.940004
-0.756145
0.432339
-1.000000
-1.000000
-0.394789
1.000000
0.728466
-1.000000
-0.947626
0.636587
1.000000
0.191982
-0.632151
1.000000
-0.674652
0.233839
-0.358429
1.000000
0.806481
0.217427
-0.301390
0.434329
-0.481304
1.000000
-1.000000
-0.975961
1.000000
-0.895863
-1.000000
-0.260070
-0.736074
0.607365
-0.307833
-0.351229
0.039367
-0.074833
-0.287911
0.198512
0.667322
-0.901344
-0.407322
-0.731750
-0.159515
-0.286479
-0.941812
-0.612572
0.012267
-0.812735
0.561772
0.043529
0.073105
1.000000
0.064441
-1.000000
-1.000000
-0.000363
-0.262435
0.581883
0.099197
0.518035
1.000000
1.000000
0.197315
1.000000
-0.294173
-0.387774
-0.396123
-1.000000
-0.263543
0.256450
0.594367
0.666444
-0.967288
-1.000000
0.034887
-1.000000
-0.886860
0.190047
0.199367
-0.558824
0.725702
0.921196
-0.232128
0.603219
0.762521
0.593147
1.000000
1.000000
-1.000000
1.000000
-0.025153
0.902006
1.000000
-1.000000
1.000000
0.770862
-0.504033
0.134041
0.569463
-0.307817
-1.000000
0.543791
-1.000000
0.760784
0.597590
-1.000000
0.125867
-0.183489
0.676788
-0.143283
0.199123
0.297268
-1.000000
-1.000000
-0.352496
-0.529960
-0.182020
0.868620
-1.000000
1.000000
-0.388782
-0.139919
-0.390379
0.494730
0.519346
-1.000000
-0.336711
0.542125
0.380851
0.314554
-1.000000
-0.276994
0.360252
-0.732063
0.615096
-0.496740
-0.283196
-0.269907
0.471548
0.187577
-1.000000
-0.315633
0.317355
0.437286
0.918224
0.465090
-0.116541
-0.376607
0.455898
-0.542945
0.160013
0.848904
0.561461
0.582277
-1.000000
1.000000
-0.815035
0.202694
-0.166030
0.302474
0.769846
-0.253390
-1.000000
0.800211
-0.631703
-0.134552
-0.883453
-0.951489
0.107495
1.000000
-0.428621
0.004394
0.578162
0.034959
-0.045516
-0.641479
0.052266
-1.000000
-0.053114
-0.437264
0.399639
-0.915992
-0.814132
-0.032625
-0.755931
-0.929856
0.495573
0.019700
0.524736
-0.760119
0.659795
-0.141099
-0.550277
-0.966435
0.399827
0.674588
-1.000000
-1.000000
0.529933
-0.315637
-0.261695
-0.085305
0.724016
0.299711
-0.466213
0.591272
-0.816101
0.500771
0.769033
0.994242
0.974560
-1.000000
-0.151170
0.432889
-0.233571
-0.268580
0.520104
0.214211
-1.000000
0.688240
-0.380920
0.746313
1.000000
0.520843
-0.164857
1.000000
-0.639837
-0.368233
0.850811
-1.000000
1.000000
-1.000000
0.128233
1.000000
-0.188200
-0.292998
-0.265333
0.856012
-0.575663
0.150452
0.473325
-0.743010
1.000000
1.000000
0.510848
0.406851
1.000000
0.028563
0.004892
-0.787214
-0.226188
0.987596
0.062755
-0.798117
0.360048
0.635608
-0.016943
-0.708572
0.558620
