-101.400000
3.000000
-1.000000
70.000000
-1.000000
-1.000000
64.600000
4.000000
-1.000000
-1.000000
-1.000000
0.592874
-0.648942
-0.785198
-0.775993
0.030328
-0.597330
0.209623
-0.473726
0.713323
-0.422487
-0.987776
-0.473682
-0.765350
0.970100
0.568866
-0.509718
0.651923
0.618645
0.187029
-1.000000
0.828549
-0.466363
0.948147
0.614065
0.675245
-0.293849
-1.000000
-0.996839
0.028320
0.711095
-0.564074
0.446351
0.313092
0.618776
-0.854669
-0.208152
0.966289
-0.111346
-0.033622
-1.000000
-1.000000
-0.113381
1.000000
-1.000000
0.456578
0.751564
-0.687129
0.101108
-0.228677
-0.397199
-1.000000
-0.081550
-0.730395
-0.381298
1.000000
0.099196
0.099275
-0.227752
-0.699738
0.788562
0.001538
-0.367853
0.295535
-0.775609
-1.000000
0.247103
-1.000000
-0.825113
-0.731332
0.452711
0.509478
-1.000000
-0.471045
0.184332
-0.476468
-0.435547
0.187955
-0.234353
-0.323302
1.000000
0.605004
0.706232
0.693457
1.000000
-1.000000
0.949899
0.369645
0.494801
-0.768774
-0.833702
-0.414756
0.053744
-0.914206
0.030730
-0.515980
0.869042
-0.541237
1.000000
-0.684163
-0.441745
-1.000000
-0.296224
-0.345189
1.000000
0.713872
-0.648706
-0.444819
0.606072
1.000000
-0.674934
-0.367845
-0.065050
-0.236235
-0.036596
-0.181591
0.644480
-0.034126
0.316800
0.306254
-0.416563
-0.454518
-1.000000
-0.391951
1.000000
-0.931704
0.480492
-0.220562
-0.525137
0.112747
-0.637681
0.076980
-0.495727
0.188327
0.666049
-0.556250
-0.466869
-0.683164
-0.347993
-0.316925
0.877709
-0.564665
0.948527
-0.749698
-0.257644
-1.000000
-0.200674
-0.287784
0.246699
-1.000000
-0.544827
0.435655
0.583769
-0.758451
0.343807
-0.490280
-1.000000
-1.000000
0.258369
-0.092317
-0.482884
0.212531
-0.056205
-0.259663
0.389119
-0.904750
0.298019
-0.225353
0.233607
0.271310
0.439678
0.285160
0.677063
-0.612720
-0.065977
-1.000000
1.000000
-0.847919
-0.874977
-0.257902
0.779145
-0.380661
-1.000000
-0.210886
-0.254653
0.156594
0.447851
0.584330
-0.329947
0.841254
0.514619
0.655723
0.505493
-0.231062
1.000000
0.894524
-0.349924
0.209933
0.550593
0.545415
-0.187356
-0.704939
-0.668787
0.091524
0.513935
-0.221048
0.216969
-0.052720
-0.751927
-0.416829
0.035014
-0.139439
1.000000
0.253969
0.854684
0.080682
-0.192137
-0.986239
-0.359017
0.399154
0.027130
-0.085803
-1.000000
0.160240
-0.216543
-0.024724
-0.474138
-0.179393
-0.226972
0.858940
-0.109959
-1.000000
-0.352073
0.385960
0.492404
0.585168
1.000000
0.741975
0.128339
-0.453977
0.530295
-0.100416
-0.650639
-1.000000
0.430601
-0.963990
-1.000000
-0.405638
0.436649
0.341903
-0.283218
0.100802
0.625751
-0.594181
-0.088621
0.033486
-0.495780
0.126613
0.750063
0.627502
-0.566233
0.149632
0.193319
0.652143
-0.101097
