-129.600000
3.000000
-1.000000
70.000000
-1.000000
-1.000000
64.600000
-1.000000
-1.000000
35.800000
-0.219328
-1.000000
0.309046
1.000000
-0.275563
1.000000
0.858986
-0.390190
-0.942725
0.307623
0.594806
-0.672363
-0.187558
0.472196
-1.000000
-0.600937
-0.481963
-0.616560
0.152925
0.054697
0.127662
-1.000000
-1.000000
-1.000000
0.154409
0.396162
-0.531163
0.203276
0.204411
-0.505730
1.000000
0.115422
-0.766567
0.014046
-1.000000
1.000000
-0.565322
-0.175329
0.976080
1.000000
0.703922
1.000000
-0.483340
-1.000000
0.351560
-0.471066
0.549105
0.228762
-0.908252
-0.262931
-0.055402
-0.095027
-0.242213
0.538539
0.555559
0.150786
0.036607
0.333470
-1.000000
0.037835
-0.200746
-0.584516
0.753012
0.878185
0.599457
0.079284
0.540236
-0.424924
0.631404
0.200767
0.765956
0.419234
-0.561730
0.934748
-0.653302
-1.000000
0.628542
0.367087
0.403818
1.000000
-0.957115
0.883835
-0.080696
0.515201
-0.990188
1.000000
0.269942
-0.180593
0.590003
-0.355513
-0.063147
1.000000
0.371667
0.495780
0.954319
0.907661
-0.907671
-0.509878
-0.110151
-0.117941
-0.725811
0.690013
-0.089653
1.000000
-0.178653
0.287580
1.000000
-0.928049
-0.831736
1.000000
0.972049
-0.444039
-0.933352
0.729611
1.000000
0.382693
0.942078
0.769813
-0.416223
-0.624584
-0.374315
-0.085324
1.000000
-0.404187
-0.838314
0.848798
0.467260
0.427122
-0.807588
-0.189807
0.374598
-1.000000
0.202176
-0.423745
0.199719
-0.822533
0.805898
-0.852869
-1.000000
0.764087
0.781605
0.244120
-0.701494
-0.351640
0.157531
0.340197
-0.197786
-0.702335
-0.515958
-0.319825
-0.995753
-0.673572
0.232773
0.743065
-0.353814
-0.102626
0.850050
0.888387
-0.508242
-0.015684
-0.141165
-0.196750
0.666815
-0.513468
-0.728847
-1.000000
0.666551
0.662684
1.000000
-0.648288
0.491702
-0.813485
-0.492376
0.950432
-1.000000
-0.091466
1.000000
-0.420112
-0.709805
-0.016081
0.304244
-0.433611
-0.492219
0.131422
0.954631
-0.213872
-0.483724
-0.142950
0.562865
1.000000
0.620740
-0.416849
-0.410781
-0.205474
1.000000
-0.517873
-0.426055
0.754157
0.401139
1.000000
-1.000000
-0.715205
1.000000
-0.335908
1.000000
0.573955
-0.772179
-0.505641
-0.316662
1.000000
-0.440872
-0.673656
0.330888
0.908299
-0.066013
0.208417
0.713098
0.325633
-0.265212
0.724300
0.076713
-0.182229
-1.000000
0.118960
0.818149
0.163150
1.000000
0.450074
-0.168769
-0.258685
0.437865
0.163327
1.000000
0.976285
-0.908838
-0.647403
0.462074
-0.647766
0.960171
-0.617750
-1.000000
-0.833903
0.233163
0.882418
1.000000
-1.000000
0.120010
-0.964928
0.026655
-0.439954
-1.000000
0.371971
1.000000
-0.888791
-0.311304
0.654633
0.881551
-1.000000
1.000000
-0.175939
-0.332573
-0.117818
-0.006552
0.969045
0.603739
