-229.800000
3.000000
-1.000000
64.000000
-1.000000
-1.000000
-1.000000
-1.000000
29.800000
36.400000
-0.565656
0.081143
-1.000000
0.406109
1.000000
-1.000000
0.426053
0.151594
-1.000000
-0.316113
0.360036
0.514215
0.058431
0.915915
0.867310
-1.000000
1.000000
0.226707
-0.625118
-0.991258
0.226315
0.654106
-0.986389
-0.234113
-0.624018
-0.739040
1.000000
0.917225
-0.633567
1.000000
0.091095
0.183214
-1.000000
0.842367
-0.060318
0.601128
1.000000
0.343273
0.144006
0.577483
1.000000
-0.174307
-0.820465
-0.987340
-0.829517
-0.728694
-0.059287
-0.637796
0.309063
0.262435
-0.626957
-0.033748
-0.372464
0.019883
-0.579720
-0.968267
0.147731
-0.377248
0.327454
0.590345
-0.521425
0.314545
-0.207951
-0.766373
1.000000
1.000000
-1.000000
-0.054755
-0.919797
0.529192
-1.000000
0.144746
1.000000
0.275183
-0.553505
-0.274893
-0.189405
-0.423379
-1.000000
0.287175
0.715029
1.000000
1.000000
-0.401910
-0.206439
1.000000
1.000000
-0.351476
-0.248377
-0.495991
-0.302650
-0.834472
0.049395
-0.814503
-0.608247
1.000000
-0.651479
0.143405
-0.220233
0.004870
0.285500
-0.017349
-0.303463
0.143190
0.596028
-0.570500
0.113301
0.033684
-0.020053
0.368504
1.000000
-0.304351
0.669682
-0.423666
0.636437
-0.842087
-1.000000
-0.686380
-0.565146
0.933788
0.798081
-0.483085
-0.784548
0.261092
0.641196
-0.519302
0.778468
-0.161175
-0.749734
-0.058245
0.117180
-0.203994
-0.692768
-0.521795
-0.031986
-0.402750
0.556452
1.000000
-0.019751
0.753838
-1.000000
0.239698
-0.997633
0.685476
-0.447481
-1.000000
-0.591179
-0.148967
-0.534973
-1.000000
-0.373594
1.000000
-1.000000
-0.687074
-0.138516
0.487639
-0.198372
0.079686
0.696060
0.135475
0.950003
0.121815
-0.261047
0.392765
0.714717
1.000000
1.000000
0.325361
1.000000
-1.000000
-1.000000
1.000000
-1.000000
-0.463911
0.616406
-0.404207
-0.256599
-0.040255
-0.907357
0.128898
0.726585
0.509182
0.628145
0.784225
0.553730
-0.079780
-0.490472
-0.773397
0.184026
0.513995
-0.705552
0.786821
0.609352
-0.362027
0.045432
0.727192
0.620708
-0.505442
0.391830
0.768398
0.770115
-0.178955
-0.639238
-0.152636
0.585125
-0.517990
0.432285
-0.109609
-1.000000
-1.000000
0.938257
0.095527
-1.000000
-0.648989
0.219579
-1.000000
-0.832956
0.379657
1.000000
-0.808351
0.416803
0.955725
1.000000
0.158574
0.804354
0.414421
0.405391
0.016579
1.000000
-0.368779
-0.543280
-0.935347
0.252992
1.000000
-0.190438
1.000000
0.634144
-1.000000
0.670668
0.319348
-1.000000
0.742654
-0.318102
0.710637
1.000000
-0.887638
0.252959
1.000000
-0.374752
-0.393984
-0.198423
0.813271
-0.998989
0.844644
0.229631
-1.000000
0.306311
-0.635212
0.735438
1.000000
-0.662516
0.419894
0.423414
0.346435
1.000000
