-79.000000
3.000000
-1.000000
70.000000
-1.000000
-1.000000
64.600000
-1.000000
-1.000000
6.400000
-0.492783
-0.695654
0.954760
0.783887
0.466920
-0.247015
0.701574
-0.252766
-0.881637
-0.495772
0.453892
0.346117
0.733072
-0.981294
0.099059
0.125125
0.423509
1.000000
0.213783
0.672879
0.025483
0.814941
-0.223724
-0.548082
0.008110
-0.300153
0.631264
0.207545
-0.375522
-0.115868
-0.114890
-0.123090
0.142805
-0.671246
0.706539
-0.380301
0.210479
0.767580
-0.089478
-0.409699
-0.230505
0.693220
-0.201005
0.599695
-0.979758
-0.604395
0.959413
-0.959534
-0.295355
-0.031859
-1.000000
-0.841077
-0.952201
-0.265735
-0.351774
0.739244
-0.221969
-0.942011
0.532537
0.425376
-0.054439
0.436660
0.050032
-0.506566
0.080969
0.655005
0.392649
0.650528
-0.761292
0.730283
0.425423
0.341269
0.136609
-0.194430
0.056372
-0.617306
-0.634374
0.876419
0.178875
-0.249193
-0.740943
0.992263
0.227450
0.399926
-0.202775
-0.365414
-0.511845
-0.215933
-0.249734
-0.448305
0.256741
-0.300383
-0.275993
-0.133802
0.666017
0.257548
-0.138385
0.225941
-0.324350
0.224430
-0.792299
-0.735294
-0.189417
0.655899
-0.959475
0.739250
-0.412407
-0.314716
0.277283
0.051619
0.067986
-0.846257
-0.418440
0.897129
0.910713
-0.542011
-0.103330
0.404777
-0.711392
0.611470
0.286673
-0.350969
0.960711
0.610698
-0.441316
0.895469
0.186683
-0.862580
-0.582917
-1.000000
0.848747
0.585224
-0.181462
-0.930829
0.404066
-0.415191
0.792859
-0.874894
0.217507
-0.476388
0.157968
-0.922065
-0.651957
0.100124
0.378843
-0.288924
-0.890755
0.913359
-1.000000
-0.468215
0.626256
0.270636
-0.217208
0.224441
0.311634
-0.860600
-0.417394
-0.655565
-0.047817
-0.954045
0.967643
0.695840
0.779503
0.403267
-0.469419
-0.825564
-0.829724
0.713140
0.247411
0.933440
0.457570
0.097590
-0.936610
-0.023566
-0.036015
-0.181775
-0.243483
-0.263662
0.833194
0.280725
-0.472455
-0.138088
-0.389092
-0.268550
-0.785732
-0.232874
0.043084
0.353638
-0.980222
-0.267509
-0.056563
-1.000000
-1.000000
-0.616300
0.889883
-1.000000
-0.076245
-0.985632
-0.970497
0.211732
0.689009
-0.248396
0.146311
0.089726
0.001509
-0.711293
-0.282694
0.274469
-0.046293
-1.000000
0.034785
-0.724322
0.548206
0.028202
0.259828
-0.745540
0.360205
1.000000
-0.789715
0.642749
-0.302280
1.000000
0.958247
0.969520
0.932439
0.452074
-0.888478
-0.127266
0.030547
0.421509
-0.691598
-0.608163
-0.344824
0.697066
0.725998
-0.836902
-0.322492
-0.210134
0.724755
0.743483
-1.000000
-0.493312
-0.411688
0.965978
0.606304
0.397959
0.724119
0.212929
-0.132475
0.684042
-0.199729
0.702916
-0.970577
0.428066
0.519035
0.737188
-0.024672
0.589924
0.310505
0.472933
-0.335929
0.952669
1.000000
0.845356
0.542700
