-180.000000
3.000000
-1.000000
-1.000000
-1.000000
-1.000000
65.200000
28.000000
-1.000000
56.800000
-0.290100
0.762428
-0.582957
0.937747
0.551440
0.795560
-0.235850
-1.000000
-1.000000
-1.000000
0.030386
0.847173
-0.763746
1.000000
0.833026
0.370857
-0.160229
-0.374328
0.734666
-1.000000
-0.356558
-1.000000
0.481220
-1.000000
-1.000000
0.400406
-0.134231
0.270061
-0.152616
0.392941
1.000000
0.661025
-0.244787
-0.116284
0.679674
-0.537014
-0.587914
-0.965454
0.354051
0.140435
-1.000000
-0.110795
0.566498
0.884441
0.095873
0.380174
1.000000
-0.028178
-0.691963
-0.097426
0.002112
-0.428340
-0.835389
1.000000
0.638825
-0.559081
0.655002
0.467099
-0.606091
-0.644508
-0.054974
0.203743
0.176349
-0.226636
0.539102
0.206278
0.747346
-0.002556
0.510929
0.207060
0.465010
-0.035125
0.951642
-1.000000
-0.281578
-0.341841
1.000000
-0.303779
-0.171613
1.000000
1.000000
-0.338856
-0.363021
0.944921
-1.000000
-0.094005
0.581855
0.711132
0.858201
0.946475
0.362567
-0.709998
-1.000000
0.379545
-0.929177
-1.000000
1.000000
0.415346
-0.383495
0.757897
-1.000000
1.000000
0.258544
-0.103298
-0.841612
0.471688
-0.605750
-0.905550
-0.521550
-0.101950
0.537207
-0.029757
-0.015431
-0.778118
-0.681555
-0.697831
-0.632234
-0.841977
-0.128024
0.574364
0.341465
-0.549676
-0.263430
0.165059
0.727605
0.431032
-0.724150
0.088925
-0.329457
0.380339
-0.069676
0.739945
-0.822353
0.913356
0.315690
0.763782
0.743183
0.174402
0.482320
1.000000
-0.403737
0.241979
-0.906053
0.278024
0.814602
0.119491
-0.197644
-0.176296
1.000000
1.000000
-0.694016
-0.888718
0.578946
-0.752295
-0.923597
0.290542
-0.562170
-1.000000
0.941342
0.279260
-0.119513
-1.000000
0.055124
-0.468206
0.018627
-0.123783
0.668592
0.950929
-0.892607
0.430752
-0.045631
1.000000
1.000000
0.596264
-1.000000
-0.069814
-1.000000
0.424643
0.877480
-0.559065
-0.129244
-0.890956
0.273762
1.000000
0.379270
-0.007630
-1.000000
-0.651171
-0.710561
0.193753
0.708039
-0.146168
-0.009485
-0.046598
-0.218516
-0.006006
-0.861084
-0.831689
0.997022
-0.616957
-0.858150
-1.000000
0.277372
-0.756290
0.002937
0.849305
1.000000
0.581990
-0.320972
-0.252691
-0.306525
1.000000
1.000000
-0.394957
-0.342950
-0.172356
-0.792958
0.092614
-1.000000
0.232447
0.842486
-0.985837
0.150940
0.256153
-1.000000
0.977455
-0.158939
0.411576
0.648361
-0.750918
1.000000
-1.000000
-0.499442
-0.040529
-0.505291
-0.770106
0.154484
0.873008
-0.158237
-0.395054
0.110685
0.623201
0.622774
0.502506
-0.178460
-0.056062
-0.985168
0.775530
0.698811
-0.176545
1.000000
-0.904165
1.000000
-0.321881
-0.268690
-1.000000
-0.566442
0.379728
0.409892
-0.141879
-0.830876
1.000000
0.633071
0.410850
-0.535403
