-82.400000
4.000000
-1.000000
-1.000000
-1.000000
-1.000000
43.600000
26.800000
8.800000
48.400000
-0.175844
1.000000
1.000000
-0.358313
0.757353
0.985990
-0.256349
0.375845
0.812183
0.572119
-1.000000
0.893058
-0.111977
-0.100002
0.203221
0.196052
-0.447112
-0.368269
0.588202
-0.796800
0.945645
1.000000
0.791172
-0.463090
-0.333512
0.507780
-1.000000
0.677238
-1.000000
-0.963586
-0.236618
-1.000000
-0.643130
-0.043317
0.297562
-1.000000
-0.573686
0.340632
0.475313
-0.235038
0.568880
-0.771681
0.545028
-0.301055
-0.361994
-0.170771
0.503289
0.915516
-1.000000
0.759814
-0.414998
0.774707
-1.000000
-0.054040
0.452774
-0.211538
0.882656
0.923529
0.753375
0.827382
0.706359
0.064392
-0.654255
1.000000
-0.360136
-0.710946
0.622145
0.846536
-1.000000
-0.237170
0.371734
-0.811218
0.301106
0.592122
-0.120034
0.576024
-0.536197
-0.517606
0.093678
-0.011833
-0.753116
-0.177197
-0.701808
-0.507002
-0.653570
0.810395
-0.745621
-0.440998
-0.795528
-0.812568
-0.153448
0.841883
1.000000
0.135338
-0.359794
0.479798
0.192799
-0.592155
-0.492447
-0.325309
-1.000000
0.402185
0.063827
0.334472
0.793535
-0.831068
0.059032
-0.417792
-0.050649
-0.110307
0.011435
-0.645296
0.550024
-0.863214
0.485960
-0.100163
-1.000000
0.539995
0.242011
-1.000000
0.662611
-0.134735
-0.487296
0.120725
-0.728653
0.827351
-0.347989
0.308467
-0.679295
0.311348
0.913356
0.684359
-0.542444
0.064412
-0.518976
0.214008
-0.487337
0.823501
0.465022
0.443712
0.536688
-0.413355
-1.000000
-0.480266
-0.360950
0.171404
0.011567
-0.308081
-0.407951
0.779980
-1.000000
-0.825255
0.163804
-1.000000
0.916542
1.000000
0.660593
-1.000000
0.525122
-0.639536
0.833913
0.645823
-1.000000
-0.250623
-0.642086
-0.422253
-0.355559
-0.466235
-0.735378
-1.000000
-0.387116
-1.000000
-0.474211
-0.190693
-0.580600
1.000000
-0.849019
0.094334
0.855662
-0.280827
0.684950
-1.000000
0.010786
1.000000
0.318849
0.261625
0.539309
-0.393483
0.863118
0.160287
-0.098715
1.000000
-0.069120
0.978100
-0.118905
0.157828
0.075535
-0.032201
-0.888499
-0.570036
0.806448
0.640325
1.000000
0.376678
0.222495
-0.371621
1.000000
-0.478927
-0.037661
-0.646013
-0.565446
0.384466
0.183529
1.000000
-0.219438
-1.000000
0.717876
0.758349
1.000000
0.175693
1.000000
-0.698873
-0.875640
0.829270
0.520891
1.000000
-0.436166
1.000000
0.899222
0.310515
-0.943896
-0.619281
-1.000000
1.000000
0.785066
-0.416111
0.318222
0.703858
-0.661779
-0.218793
-0.590160
0.097345
-0.817373
0.381461
0.075142
0.336511
-1.000000
0.069568
0.780907
-0.519791
-0.567627
0.928133
1.000000
0.341248
0.435668
1.000000
-1.000000
-0.301782
-1.000000
0.936514
1.000000
-1.000000
0.129637
0.098103
0.389961
