-730.000000
0.000000
-1.000000
-1.000000
-1.000000
-1.000000
-1.000000
-1.000000
-1.000000
-1.000000
0.824308
-0.047553
0.406546
-1.000000
0.517469
0.441405
0.232694
-0.988024
0.686241
1.000000
0.690707
-1.000000
0.683802
-0.979835
0.031075
0.763532
0.090065
1.000000
-0.849622
0.407070
0.256369
-0.353374
0.951657
-1.000000
0.505720
-0.525342
0.269135
0.162546
-0.586290
-0.310342
0.147012
0.605310
-0.345035
1.000000
0.313371
1.000000
0.243577
-0.790518
1.000000
0.010136
-0.787853
0.316633
0.259119
1.000000
-0.067809
0.325802
0.045288
-0.915788
0.926774
0.291362
0.718421
-0.934303
1.000000
0.919335
-0.775016
-1.000000
-0.111986
-0.538173
-1.000000
1.000000
-0.207958
-0.474041
-0.403557
-0.628014
-0.189936
0.706553
0.062690
-0.775495
-0.418146
0.333720
-0.642651
-0.676164
0.219888
0.748172
-0.875527
-0.106372
-1.000000
-0.280413
0.702064
-1.000000
-0.500872
-0.449824
-0.732311
-0.175724
1.000000
-0.121740
-0.180109
-0.804301
-0.335137
0.938187
-0.475223
-0.644831
0.372669
-1.000000
0.303069
0.299391
-0.069949
-0.156702
0.721654
0.646232
0.268944
-0.976146
-0.427721
0.068853
-0.162462
1.000000
-0.606397
0.785687
0.094762
1.000000
-1.000000
-0.226051
0.384780
0.091277
-0.026416
-0.877508
-0.501434
0.575756
0.365309
1.000000
-0.178974
-0.703333
-0.925788
0.538640
-0.105002
-0.347714
0.493931
-0.207293
-1.000000
0.501051
0.022205
1.000000
0.745654
-0.613074
1.000000
0.125880
0.058388
0.165920
-0.210656
1.000000
-0.552907
-0.251096
0.235835
0.119812
1.000000
0.018694
-0.203149
-0.017378
-0.148606
-1.000000
1.000000
1.000000
1.000000
0.022112
1.000000
0.816490
0.778633
-1.000000
0.511344
-0.025377
0.086776
0.242189
-0.138548
0.499477
-0.528068
1.000000
0.074079
1.000000
-0.952549
0.112006
-1.000000
0.413436
-0.857045
-0.943402
-0.494338
-0.295847
-1.000000
-1.000000
-0.777839
1.000000
0.272743
-1.000000
-0.486893
-0.041230
-0.191445
0.981929
0.867948
-0.433082
0.789171
-0.964068
0.868099
-0.775190
0.093108
-1.000000
-0.969716
-0.838335
-1.000000
0.181065
-0.992774
1.000000
0.627600
-0.848077
-1.000000
-0.312169
0.086379
-0.026844
-0.467409
0.419638
0.693754
1.000000
0.060102
-0.345834
1.000000
1.000000
0.354170
1.000000
-1.000000
-0.214719
0.041119
-0.369368
0.150306
-0.137752
0.337274
0.541107
-0.253124
0.621362
0.121420
-0.129070
-0.939552
0.932954
-0.504870
-0.612425
-0.521512
-0.035405
-0.913629
0.285978
-0.274351
-1.000000
-0.177982
0.229142
-0.913147
-0.482779
0.618296
-1.000000
0.615897
-0.073590
-0.327358
0.796164
-0.657424
-0.217223
0.119225
-1.000000
0.062804
0.516484
0.168699
0.683321
0.061329
-0.605476
-0.513089
0.270371
-0.149294
1.000000
0.566045
0.158730
1.000000
