-6.800000
5.000000
-1.000000
50.000000
-1.000000
-1.000000
34.000000
37.000000
20.800000
51.400000
-0.665335
-1.000000
-1.000000
-0.418156
0.921669
0.753147
0.856427
-0.374148
-0.045459
-0.174904
0.776616
0.410360
-0.031932
0.083489
-0.338364
1.000000
-0.148276
-1.000000
-0.201269
0.965615
-0.544156
-0.140849
-0.206006
-0.217584
-0.557259
0.075057
0.115565
0.511690
1.000000
0.231952
-1.000000
-0.054892
-0.808913
-0.613612
-1.000000
1.000000
0.543822
-0.422403
-0.971167
0.742365
0.353609
-0.432607
-0.050310
0.253600
-0.386399
-0.514653
0.545748
-0.681067
0.051431
0.711661
0.114818
1.000000
0.532020
-0.449245
0.731171
0.721519
-0.117399
-0.422182
0.191791
-0.384783
0.194266
-0.868364
-0.164376
-0.237291
-1.000000
-0.486997
-0.207166
0.020172
0.387183
0.466359
1.000000
-0.543853
0.110601
-0.696713
-0.911284
0.702938
0.485064
0.123348
-0.245963
0.323651
0.365372
-0.210385
0.965152
0.113795
-0.163004
-1.000000
-0.652045
1.000000
-0.876614
1.000000
0.902717
-1.000000
-0.954670
-0.800814
1.000000
0.336963
-0.093123
0.223591
-0.111581
0.015625
0.139839
0.923740
-0.320823
0.674859
-0.277143
-0.552635
0.808506
0.060530
0.044212
0.490298
-0.861761
0.905934
0.714479
-0.161022
-0.451900
0.456143
-0.468024
1.000000
-0.265016
-0.368043
-0.646095
1.000000
-1.000000
-0.219127
0.231402
-0.242784
0.024990
0.149173
1.000000
1.000000
-0.626338
0.186482
-0.433040
0.454683
0.389236
0.611819
0.881901
0.006535
0.065695
0.782268
-0.195552
0.999716
-0.732002
0.298437
-0.210979
-0.231780
0.927545
0.663372
-0.107325
-0.342649
0.961354
0.837725
-0.353882
-0.636053
-0.886642
0.186896
-0.751769
-0.344017
-0.439406
0.306685
0.475124
-1.000000
-1.000000
-0.358476
0.789194
-0.634953
1.000000
-0.672922
-1.000000
1.000000
-1.000000
-0.618089
-0.556002
-0.570446
0.204267
0.302105
-0.147984
-0.247753
-1.000000
-1.000000
0.006793
0.172038
0.280559
-0.094899
-0.786330
-0.526917
-0.228231
-0.277849
-0.041844
-0.207671
1.000000
0.271279
0.217262
-0.971572
-1.000000
1.000000
0.248456
0.253304
-0.530616
-0.620857
0.115988
0.576680
1.000000
-0.851446
-1.000000
0.003219
-1.000000
-1.000000
0.278459
0.515645
-0.576979
-0.787682
-1.000000
-0.417205
1.000000
-0.589313
-0.187281
0.970185
0.764146
0.130912
-1.000000
-0.690548
1.000000
0.164851
0.907754
1.000000
-1.000000
0.513022
0.578619
-1.000000
-0.116545
0.409389
0.714722
0.335544
0.621476
1.000000
-0.614756
0.348063
-0.035003
-0.453151
1.000000
1.000000
-0.822517
0.372276
1.000000
0.684413
-0.049636
0.165620
0.359067
0.259946
-0.037934
1.000000
0.831469
0.142935
0.330858
-1.000000
-0.774462
-0.404860
-0.781459
0.107474
-0.446657
0.491735
0.435171
-0.161648
-1.000000
