-148.600000
3.000000
-1.000000
70.000000
-1.000000
-1.000000
-1.000000
49.600000
-1.000000
58.600000
-0.097854
-0.685252
0.011466
-0.163479
-1.000000
0.508903
-0.707566
0.685713
-1.000000
-0.413535
0.016957
0.203530
-1.000000
-0.850722
0.498975
-1.000000
-0.318969
0.489178
-0.877123
0.572525
-0.854847
-0.699604
-0.912987
0.665151
0.746107
-0.647882
-0.127576
0.802639
-0.363207
0.559131
0.113597
0.117950
0.667043
0.734724
0.995065
-1.000000
-0.296571
-0.210128
0.114464
-0.250405
0.303654
0.672148
-0.094797
0.639078
-0.819830
-0.096362
0.157817
0.708172
-0.999392
0.646215
-1.000000
0.116173
0.358519
0.590114
-0.787416
-0.537404
-0.405286
0.298633
0.997506
-0.427190
0.217529
0.748279
0.692258
-0.367675
-0.612753
0.687871
-0.311160
0.040426
1.000000
0.881334
0.992908
0.162741
0.534045
-1.000000
-0.176709
0.797177
-0.965828
-0.915101
-1.000000
-0.569603
-0.316176
0.756649
1.000000
0.300985
0.357538
-0.265758
-0.914932
-0.370565
0.055720
0.085649
-0.943453
0.050063
-0.978076
-0.893288
0.192909
0.964712
-0.504603
0.202900
0.810382
-0.200489
-0.783817
0.811639
-1.000000
0.284564
0.979350
-0.184753
0.354007
0.003030
-0.497201
0.921180
1.000000
0.791421
0.210652
0.614699
-0.285020
-0.930490
-0.273307
-0.869849
0.350033
0.732180
-0.834233
0.385061
-0.351561
-0.891599
0.833012
0.654487
-0.603744
-0.511357
-0.223423
0.473083
-0.670761
0.261765
0.552095
0.275336
-0.622147
0.143859
-0.825474
-0.346336
-1.000000
-0.934332
-0.187709
-1.000000
-0.929405
-1.000000
0.762403
1.000000
-0.456979
0.012595
0.235362
-0.800375
-0.799217
-0.514040
0.096040
1.000000
-1.000000
0.487001
0.442729
0.111211
-0.659444
-0.952401
-0.252535
-0.517890
0.741436
-0.379880
0.002223
-1.000000
-0.374867
0.810439
-0.368048
0.238067
0.291912
-0.834829
-0.708288
0.967525
0.341185
0.400074
0.741684
-0.096091
0.603832
-0.121089
-0.562008
0.980930
-0.470126
0.106061
0.966448
0.471761
0.662804
-0.562139
-0.123431
-0.437889
-0.688786
-1.000000
-1.000000
0.388913
0.682056
0.030357
-0.323218
-0.023963
0.790794
0.789752
0.534176
0.190352
0.948994
0.589882
0.770884
1.000000
-0.248170
0.274432
-0.963056
-1.000000
-0.040576
-0.810712
-0.415390
0.612033
-0.773533
-0.315468
0.636782
1.000000
0.176029
0.454456
-0.627023
0.189362
0.400872
-0.185102
0.290837
-0.159051
0.064831
-0.935481
1.000000
-0.127440
-0.693309
0.061896
-0.010849
0.237200
0.225763
0.028801
0.752534
-0.080846
-0.672179
0.998174
-0.764197
0.308927
-0.589721
0.229541
0.097710
0.907394
0.177837
0.047076
0.042678
-0.897927
-0.076928
0.017233
0.180492
-0.831419
-0.353208
0.641765
-0.184614
-1.000000
-0.805326
-0.651247
0.322549
-0.446962
0.736826
-0.233850
-0.320182
