-77.000000
5.000000
-1.000000
70.000000
-1.000000
-1.000000
41.800000
0.000000
21.400000
29.800000
-0.916118
-0.413166
1.000000
0.990140
0.579373
0.334988
0.527426
-0.660104
0.844653
-0.439251
-0.288429
-0.013094
0.350116
0.511589
0.451102
-0.213180
-0.474761
0.104683
-0.496530
0.648285
-0.206762
-0.156110
0.686223
-0.118038
-0.865560
-0.467577
0.754979
0.907026
0.998324
-0.339973
-0.182915
1.000000
-0.672564
-0.346097
-0.520568
0.751597
0.785176
-0.191359
0.121866
0.246964
-0.454322
-1.000000
-0.555711
-0.696153
0.235601
0.525740
-0.540629
-0.530712
0.142728
-0.977390
0.760843
-0.515394
0.036159
0.201231
0.056093
-0.637856
0.364540
0.572474
-1.000000
0.473066
-0.368351
-0.390998
0.140142
-0.068935
0.347364
-0.169428
-0.852361
-0.369933
0.127359
-0.084557
-0.236166
0.537914
-0.259376
0.215744
-0.941185
-0.464233
0.200702
0.968118
0.005163
-0.606870
-0.011248
0.541039
-0.470702
-0.820330
0.581086
-0.557584
0.830072
0.492506
0.792060
0.244694
-0.472753
-0.140247
-0.207144
0.021499
0.374078
-0.776709
0.329370
-0.664246
-0.218134
-0.589122
1.000000
-0.275656
-0.503044
0.652068
0.668870
0.448175
0.016577
-0.707131
0.982478
-0.867127
1.000000
-0.596318
0.457128
0.606644
0.512729
0.529261
-0.521542
-0.552523
-0.722560
0.200980
-0.156903
0.694612
0.948071
-0.500290
0.674265
-0.952047
-0.297034
-0.546144
0.420855
-1.000000
0.319487
-0.740951
-0.362920
0.839120
0.696916
-0.669550
0.273552
0.973303
0.499827
0.101971
-0.081166
0.252070
0.501650
0.466361
-0.673087
1.000000
0.445850
0.442181
-0.229618
-0.918748
-0.022240
0.296887
-0.272782
-0.940269
-0.681042
-0.461212
-0.932494
0.070514
-0.939711
0.483600
0.879435
0.378407
-0.201244
0.416690
0.392723
-0.526484
-0.453605
-0.177538
0.369495
-0.753841
-0.544227
0.446408
0.749962
0.498929
-0.742219
0.188067
-0.077963
-0.901040
0.608633
-0.924288
-0.067613
0.924043
-0.682320
-0.796779
0.503800
0.520871
0.990433
-0.529092
0.424142
0.580978
0.057806
0.483577
-0.472823
0.096031
0.463539
0.490056
-0.799397
0.739186
-0.928297
0.340708
-0.326562
0.630184
-0.093248
-0.492345
-0.864433
-0.231954
-0.975292
-0.828983
1.000000
-0.726274
-0.405681
-0.775171
0.533403
0.845348
-0.899469
0.276291
0.015683
-0.528430
-0.076462
-0.842827
-0.909446
0.625526
0.140940
0.954395
-0.440735
0.904683
0.280577
-0.176930
0.089481
-0.852461
0.111089
-0.744464
-0.767431
-0.176564
-0.587763
0.649897
0.943439
-0.665633
0.270235
-0.391635
-0.414341
-0.068731
0.559647
-0.719364
-0.808779
0.508244
0.166325
-0.389670
0.772440
0.851536
-0.915094
-0.994020
0.562624
0.483948
0.934438
-0.595688
0.123544
-0.300970
-0.667929
0.320265
0.323421
0.156290
-0.177527
-0.285910
0.426316
