-95.800000
5.000000
-1.000000
70.000000
-1.000000
-1.000000
10.600000
0.000000
23.800000
29.800000
-0.638706
-0.645873
0.596741
-0.091751
0.846384
0.765240
0.921878
-0.572380
-0.918948
-0.305245
-0.414223
0.534566
0.357544
0.074285
0.307162
-0.175777
0.719672
-0.239187
0.665958
0.681596
-0.869707
0.413946
0.857278
0.937457
-0.342166
-0.974865
-0.948792
0.862063
0.352980
0.517478
0.795227
0.986415
0.382291
-0.568942
0.310065
-0.289835
-0.978016
0.801051
0.767265
0.089615
0.699749
-0.923836
-1.000000
-0.536399
0.696018
0.527736
-0.867616
0.014294
0.115416
0.799490
-0.150738
0.610439
0.076819
0.139217
0.536764
-0.303176
-0.597314
-0.916715
-0.254189
-0.471977
0.272100
0.302574
0.205419
-0.391385
-0.890889
-0.859971
-0.311727
-0.286209
0.870851
0.914669
-0.511590
-0.363477
-0.065370
0.637045
0.640944
-0.197869
-0.258813
-0.879776
0.925410
-0.865778
-0.288415
-0.779209
-0.283489
0.858315
-0.437373
-0.686000
0.711912
0.647711
0.610119
-0.275179
-0.316143
-0.401822
-0.567587
-0.584561
-0.704031
0.965017
-0.614775
-0.559229
-0.810986
-0.212021
-0.695657
0.327070
-0.588249
-0.092941
-0.136001
0.059266
0.035861
-0.895638
0.114185
0.147951
-0.921172
-0.508496
-1.000000
0.589527
-0.054473
0.855245
-0.559604
0.914180
-0.960854
0.392898
-0.302179
-0.433769
-0.898259
-0.128855
-0.166290
0.304132
0.143697
0.107851
-0.480936
-0.617308
-0.658351
0.854319
0.500622
-0.763125
0.202172
0.312153
-0.141037
0.791199
-0.804433
0.184499
-0.401623
-0.193252
-0.230063
0.929299
0.268309
0.155737
0.747544
0.547608
-0.208056
-0.488451
-0.265367
0.008319
0.323379
0.214114
0.947616
-0.547740
-0.681902
0.026620
0.381035
-0.424944
-0.063653
0.096013
0.339480
-1.000000
1.000000
0.455466
0.228156
-0.072609
-0.707841
-0.538909
0.743831
0.170135
0.398693
-0.897871
0.147271
0.149120
-0.168748
0.549079
0.152321
0.975333
0.427473
-0.890268
0.883636
0.255136
-0.817100
0.448671
-0.491074
0.138264
0.183791
0.459481
-0.521809
-0.089642
-0.194263
0.536123
-0.459349
0.389718
0.933402
-0.437360
0.344247
-0.044170
0.281058
0.883604
0.846905
-0.540271
0.030995
-0.523688
0.772203
0.241143
0.240777
0.454837
-0.582056
0.836500
-0.772082
0.539049
-0.272118
1.000000
-0.499106
-0.860139
-0.683284
1.000000
0.180346
-1.000000
-0.455870
-0.388689
0.757848
-0.346783
-0.756018
-0.317532
0.497200
0.466024
-0.178682
-0.494939
0.608383
0.880117
0.132110
-0.001861
-0.317792
0.230026
0.851891
-0.930175
0.975810
0.158465
0.784939
-0.337303
0.181688
-0.475057
-1.000000
-0.773071
0.477238
0.635341
-0.133336
0.545936
-0.174250
0.138753
0.841861
0.576521
-0.489834
-0.853660
0.722470
0.996983
-0.268920
1.000000
1.000000
0.057383
-0.089785
