-1.000000
-1.000000
0.610475
0.809845
0.093607
0.375145
-0.308435
0.613660
0.425685
0.148060
-0.397310
-1.000000
0.687776
-1.000000
-0.276075
-1.000000
-0.342890
0.253953
0.354858
0.882136
0.710276
-1.000000
-0.548606
0.517035
1.000000
-0.106016
-0.610920
1.000000
1.000000
0.823503
0.482960
-0.678231
0.849839
0.566075
-0.773590
-0.861809
-0.377672
-0.240923
1.000000
-0.379533
-0.077862
0.396798
-0.857603
0.331464
-0.367706
-0.044295
1.000000
-0.924785
0.463457
-1.000000
-1.000000
0.585457
-0.771363
1.000000
0.386467
0.559756
0.981642
0.762559
0.390080
0.494095
0.665327
-0.784065
1.000000
0.279569
0.410614
-1.000000
-0.418954
-0.786198
-0.419146
0.297034
1.000000
0.222844
-0.878016
-0.594405
-0.467527
0.901002
-0.981029
-0.696953
-0.703512
-0.496040
-0.454445
0.089146
0.271173
0.362881
0.044680
-0.110247
0.964606
-1.000000
-0.572123
0.031422
-0.076738
-0.796745
-0.478525
-0.741195
-0.088835
-0.888873
0.319516
0.626254
0.233312
-0.504519
-0.081340
-0.292045
-0.551050
-1.000000
-0.144760
0.034658
0.364410
0.665536
-1.000000
-0.225297
-1.000000
0.874984
0.326409
-0.448459
-0.000802
0.082326
-1.000000
0.726430
0.591911
0.259519
-0.333617
-0.713869
-0.962210
-0.738046
-0.099812
0.598343
-0.463520
0.389664
-1.000000
-0.678730
0.375061
-0.953713
0.095034
-0.999844
-0.307899
-1.000000
0.736942
-0.695278
-0.426194
0.624620
-1.000000
0.712012
-0.321992
-0.756970
0.669028
0.269824
0.900532
-0.109035
-0.849128
-0.206065
-0.722757
-0.858010
0.188789
-0.190538
-1.000000
-0.974374
0.410703
1.000000
-1.000000
0.085979
1.000000
0.696858
-0.312208
0.045037
1.000000
0.511663
0.932541
-1.000000
0.356917
-0.466074
-0.298318
1.000000
1.000000
-0.896330
0.557893
0.413299
-0.999749
0.263256
0.610119
1.000000
-0.630997
0.041805
-0.819239
-0.695136
0.567746
-0.205019
-1.000000
-0.112380
0.123214
-0.792745
0.260111
0.326706
-0.835982
0.456737
-1.000000
-0.221886
0.092226
0.110480
0.352476
0.815042
0.794407
1.000000
-0.538173
0.784807
-0.813071
0.253888
1.000000
-0.410283
-0.737645
0.108475
0.404611
-0.493669
0.094309
-0.566064
0.906849
-0.746673
0.324264
-1.000000
-0.103991
-0.719345
-1.000000
-0.939156
-1.000000
0.220570
-0.481021
1.000000
0.249517
0.312791
-0.629606
-0.673542
-0.634183
0.005038
0.424813
0.769640
0.874972
0.979327
-0.396701
0.948994
0.184037
-1.000000
-1.000000
0.107733
0.229400
0.436551
0.299705
0.010959
0.950010
0.388157
0.633095
-0.855024
-0.467136
0.953393
-0.091638
0.470465
-0.144009
-0.398450
-0.769033
0.358106
0.657855
-0.456996
0.292960
0.279611
0.452081
0.130973
0.059121
