-0.290259
-0.851281
-0.212202
0.321248
1.000000
-0.390193
-0.272473
-0.926813
-0.015812
-0.538550
-0.787021
-1.000000
0.233043
0.721399
1.000000
0.424119
-0.477202
0.405544
0.364749
-0.122223
0.312801
0.241083
-0.376625
-0.604056
-0.133560
-0.737361
-0.591018
0.259939
-0.209785
0.627254
-0.248054
0.664089
0.386365
0.647714
0.217134
-0.821307
-0.007368
-1.000000
1.000000
-0.325631
-0.317555
-0.598945
-0.334381
0.270383
-0.322386
-0.074223
0.228313
-1.000000
-1.000000
-1.000000
-0.142213
1.000000
-0.199366
0.862968
-1.000000
-1.000000
0.108105
0.231666
0.123997
-0.749377
0.770084
1.000000
-0.239546
-1.000000
-0.353620
-0.377738
0.110437
1.000000
-0.370480
0.459443
0.579161
1.000000
1.000000
-0.899163
-1.000000
0.939659
-0.968195
-1.000000
0.712699
-0.048424
-0.378780
0.738438
0.913161
0.039073
-0.269088
-1.000000
-1.000000
-0.137428
-0.631302
0.189836
0.154906
1.000000
-1.000000
0.708269
-0.158572
-0.332297
0.535491
1.000000
-0.946746
0.102773
-0.403419
0.549408
0.270552
0.605433
0.520186
0.052820
0.080779
1.000000
-0.667915
1.000000
0.106035
-0.553287
-0.157567
0.080773
-0.027451
-1.000000
-0.203702
0.962726
0.706507
0.104709
-0.686140
-0.699468
-0.255938
0.828767
0.577789
-0.988460
0.738599
0.164067
1.000000
-0.132687
-0.744432
0.995648
0.704169
-0.324347
0.359602
-0.879215
-1.000000
-0.511194
0.819590
-0.129492
0.371107
0.612530
-0.196795
0.424667
-0.176963
1.000000
-0.526052
0.469237
0.103396
-0.582660
-0.538270
1.000000
0.349513
0.768458
-0.963175
0.278902
0.090598
1.000000
-0.253885
-0.794860
0.530919
-0.843664
-0.915960
0.998638
-0.980357
0.039828
0.266333
0.600313
0.253879
0.525960
-0.757031
0.853959
0.445845
0.170074
-1.000000
0.610999
-1.000000
1.000000
0.634266
1.000000
-0.573352
-1.000000
-0.353489
-0.335760
0.570208
-0.066559
0.242440
0.291781
-1.000000
0.402187
0.542805
-1.000000
0.215079
-0.497468
-0.304742
0.919455
0.103892
0.509448
0.172199
-0.206101
-0.042568
-0.229106
-0.034545
0.510901
0.462050
-0.661941
0.631910
-0.307609
0.651623
0.101548
1.000000
0.126330
0.927758
1.000000
0.752199
1.000000
-0.393514
-0.918656
-0.408390
0.066330
-1.000000
0.407802
0.149702
-0.511366
-0.658130
-0.363766
1.000000
-0.665757
-0.397478
-0.697083
-0.601224
0.234928
-0.233095
0.616455
-1.000000
1.000000
0.525837
-0.797949
-0.097926
-0.686421
0.423805
-0.724032
-0.135997
-1.000000
0.308752
-0.166138
0.373233
-0.136830
-0.547093
0.918712
0.140250
0.310942
-0.073070
-0.439466
-1.000000
-0.315209
-0.780339
0.523218
-0.047225
0.309554
1.000000
-0.072132
0.468598
0.090676
0.266738
