176.800000
5.000000
-1.000000
74.000000
44.000000
-1.000000
67.600000
-1.000000
88.000000
53.200000
0.291237
-0.263181
-0.645887
-0.610088
-0.101733
-0.944003
0.918735
0.459563
-0.695710
0.819782
-0.636700
-0.318971
0.004076
-0.192659
0.993853
-0.317964
-0.096036
-0.333858
-0.020456
-0.330936
-0.431290
-0.703190
-0.992212
-0.927900
0.243740
-0.136214
0.101689
0.345445
-1.000000
0.986671
0.083728
-0.489838
0.037639
0.010386
0.893328
0.587621
-0.146240
0.467038
0.898675
-0.542838
-0.084499
0.303869
0.331427
0.064242
-0.145700
-0.521282
-0.436464
0.545555
0.508408
-0.001000
0.422214
0.019218
-0.034407
0.881572
0.429715
-0.210913
-0.299264
-0.658029
-0.025728
-0.559398
0.566864
0.583582
-0.300950
0.190152
-0.324209
-0.685817
-0.010982
-0.683970
-0.969058
-0.635299
0.080836
0.158028
-0.938107
0.813303
-0.947783
-0.405225
-0.409918
-0.700281
0.209496
0.921278
-0.230248
-0.901126
-0.437548
-0.930568
0.430918
-0.396780
-0.190393
-0.803393
-0.934126
0.675494
1.000000
-0.938425
-0.481367
0.560587
0.139263
0.164787
-0.294391
-0.570019
0.384356
0.294825
0.773119
0.781240
-1.000000
-0.707361
0.747500
0.572095
-0.587049
0.669623
-0.944506
-0.803811
0.174177
1.000000
0.039853
-0.016783
-0.424021
0.053681
0.541318
0.865842
0.302495
0.468940
0.754822
-0.335156
0.111921
0.895892
0.047920
0.527360
0.597387
0.600859
0.502968
-0.962191
-0.720151
0.765414
-0.124199
-0.253258
-0.222622
-0.913866
-0.710645
0.014129
0.162033
-0.805316
-0.565862
0.524925
0.926949
-0.551120
0.080992
0.140084
0.350605
0.632135
-0.152138
-0.133423
-0.895896
-0.798359
0.542286
0.619301
-0.988820
-0.649141
-0.440575
-0.061145
-0.093376
-0.964899
0.451315
-0.865848
-0.165583
-0.331933
-0.784154
-0.368627
0.118736
-0.006594
-0.831016
0.258219
0.434960
-0.955502
-0.828930
0.918105
0.679790
0.613198
0.826342
-0.117373
-0.066048
0.305314
0.627905
0.686304
-0.922829
0.037303
0.585872
0.551681
-0.994700
0.139701
0.343360
0.423780
-0.566052
0.079954
0.621972
-0.122432
0.802860
-0.888261
0.509904
-0.994881
-0.848687
0.952463
-0.674123
0.787777
-0.374181
0.185523
-0.029678
-0.130537
-0.163472
-0.988256
0.263808
-0.481824
-0.121551
0.068323
-0.467222
-0.029405
-0.319831
-0.276788
-0.161874
-0.124498
0.476659
0.094095
0.967348
-0.105164
-0.158759
0.254483
-0.541538
-0.819677
0.164021
0.803537
-0.731775
0.413794
-0.561057
-0.486574
0.436810
-0.032215
0.825831
-0.660855
-0.267438
0.945392
0.511013
0.144041
0.660365
-0.500248
0.641903
0.868614
-0.439007
0.635133
0.853854
0.828000
-0.075785
0.454999
-0.784152
0.268621
0.248476
0.795417
-0.531798
-0.507369
0.708011
-0.140061
-0.541913
0.990123
-0.887768
-0.673863
-0.439831
-0.470132
0.372402
