-125.400000
2.000000
-1.000000
70.000000
-1.000000
-1.000000
64.600000
-1.000000
-1.000000
-1.000000
0.546844
0.866069
-0.490131
-0.176451
-0.683860
-0.071265
-0.303740
-0.447931
0.410951
0.679671
0.708808
-0.376220
0.350862
0.750045
1.000000
0.300615
-0.323172
-0.531587
-0.709716
-0.769789
-0.707634
1.000000
-0.255799
-0.637776
0.207553
0.803309
0.277163
-0.022486
-0.526492
-0.144793
-0.568968
0.221025
-0.544862
0.646260
0.821454
-0.533640
-0.363173
0.358375
0.896300
-0.844943
-0.462877
-0.814477
-0.425376
0.381390
-0.717211
0.604787
0.890143
0.147629
0.990229
0.400461
-0.269899
-0.724873
-0.024956
-0.500476
0.513170
0.083607
-0.224199
-0.395317
0.004534
-0.963061
-0.325108
0.028828
0.518875
0.601537
-0.663504
0.622238
-0.272285
0.623980
0.844278
0.375423
-0.591178
0.400141
-0.685283
-0.335986
0.204562
-0.799386
-0.126626
0.764647
0.158258
0.353187
-0.607402
-0.417234
-0.619008
0.725316
0.700830
0.638301
-0.951906
0.276647
0.434321
0.233010
0.918505
-0.213337
0.485366
-0.408984
0.817341
0.765108
0.691466
0.378249
0.846332
-0.532463
0.343573
0.361808
0.748985
-0.614215
-0.983635
0.181212
-0.368559
-0.738754
-0.683515
-0.961389
0.459851
0.453879
0.381935
0.682089
0.482055
-0.047098
0.193464
-0.808152
-0.214873
0.145217
-0.181241
0.679962
0.315802
-0.411694
0.271412
0.251403
0.962331
-0.624975
0.625089
-0.747420
0.262616
-0.313329
-0.984896
-0.169470
-0.705901
-0.163075
-0.264809
-0.623903
-0.424514
-0.130544
-0.451052
0.306139
0.774728
0.807433
-0.017208
0.173950
0.171869
-0.714815
0.275466
0.176487
-0.975067
0.741869
0.712623
0.462650
-0.760304
-0.216995
0.064847
-0.298955
-0.793801
0.161934
0.315350
0.151909
-0.060237
-0.335507
1.000000
0.355016
-0.590123
1.000000
0.228523
0.664774
0.875018
-0.028994
-0.462742
0.633361
1.000000
0.471767
-0.628356
-0.224698
-0.471350
0.894756
0.710673
-0.665902
-0.632581
-1.000000
-0.726296
0.622492
-0.099589
-0.168490
-0.199057
0.556861
-0.607178
0.722722
0.907018
-0.404654
-0.962060
-0.344297
-0.176886
0.617556
-0.416721
-0.592428
-0.359952
-0.277513
0.862903
0.333372
-0.416745
0.966620
-0.634311
-0.721864
-0.046939
-0.855979
-0.433753
0.044901
0.634987
-0.692854
-0.924576
-0.665186
1.000000
0.224221
0.544335
0.795014
-0.250632
-0.550372
0.616619
0.036662
0.512516
-0.568315
0.536579
-0.052271
0.090516
0.955821
0.615945
-0.942006
-1.000000
0.749203
-0.005938
-0.483224
0.754703
0.559255
-1.000000
-0.529888
-0.245797
0.376073
-0.021139
0.832389
0.641540
-0.619678
-0.485366
-0.547196
-0.816726
0.527681
0.763745
0.070595
-0.004767
0.214307
0.544992
0.659255
-1.000000
-0.346790
0.681457
0.462144
-0.223806
-0.245060
0.226916
-0.335643
0.060230
