-354.600000
1.000000
-1.000000
-1.000000
-1.000000
-1.000000
-1.000000
-1.000000
-1.000000
28.600000
-0.082349
0.843639
1.000000
0.068694
-1.000000
-0.736432
0.095751
0.670268
-1.000000
-1.000000
-1.000000
0.271951
0.165519
0.508249
0.845777
0.925124
-0.410824
-0.235358
-0.229260
1.000000
-0.777855
-1.000000
-0.787294
0.127890
0.912821
-0.235203
-0.736567
0.327501
-0.024164
0.560125
-0.379839
1.000000
-0.065852
-0.105293
0.122019
1.000000
0.412804
0.661102
-0.223952
0.502013
-0.872473
0.647496
-0.119486
-0.197125
-1.000000
-0.782231
0.551284
-0.170691
0.846574
-0.161774
-0.577648
-1.000000
-1.000000
-0.476516
-0.104696
0.940504
-0.260455
0.096871
0.325404
-0.917427
1.000000
-1.000000
0.749198
-1.000000
1.000000
1.000000
-0.921615
0.347395
-1.000000
-0.256378
0.100033
0.850609
-0.122881
0.710264
1.000000
0.409281
1.000000
-0.532003
0.661278
0.248924
0.560148
0.730892
0.353755
-0.224006
-0.460225
-0.217892
-0.127743
0.115898
-0.736502
-1.000000
0.723719
0.494732
0.530946
0.684585
0.758994
0.976505
-1.000000
-1.000000
-0.137553
0.343574
-0.006796
1.000000
0.007742
-0.757666
0.317848
-0.349234
-0.020181
1.000000
-0.059811
-0.448774
-0.334503
0.054544
-0.625987
0.019282
1.000000
0.441521
0.661830
-0.059382
0.572775
1.000000
1.000000
1.000000
1.000000
-1.000000
-0.081805
0.230851
-1.000000
-0.023305
0.352361
1.000000
-0.716516
0.696780
1.000000
0.937261
0.118238
-1.000000
-1.000000
0.319225
-0.741358
0.077570
-0.830349
-0.200431
-0.955754
0.514138
0.778236
0.270059
-0.244892
-0.271316
-0.273092
-1.000000
0.070874
0.175006
-1.000000
-1.000000
-0.266204
1.000000
1.000000
0.851643
-0.078245
-0.065934
-0.280298
-1.000000
-0.266919
0.671192
-1.000000
-0.867720
-1.000000
0.059033
1.000000
-0.175192
0.350088
-0.641292
-0.159667
0.548574
-0.473875
0.032128
-1.000000
-0.287274
-0.320977
0.520002
-0.215782
1.000000
0.089649
0.579324
-0.959255
0.750463
-0.293259
-0.083573
-1.000000
0.388763
-0.469677
0.803690
-1.000000
-0.284706
0.693536
0.369192
-0.117769
0.080737
0.973834
1.000000
-0.154462
-0.006724
1.000000
0.614539
-0.787401
-0.467703
1.000000
0.658919
-0.501823
-1.000000
-1.000000
-0.110906
0.525010
0.244296
-0.920343
-0.811913
-0.612214
-0.403541
-1.000000
-0.980190
-0.416533
0.456831
0.696297
0.592013
1.000000
-0.933722
1.000000
0.129387
0.686516
-0.249340
-0.135373
-0.960019
-1.000000
-0.463668
-0.616403
-0.573221
0.755932
-0.858428
0.718083
0.425090
-0.520366
0.438044
-1.000000
-0.761190
0.622887
-0.534678
0.186964
1.000000
1.000000
-0.171697
1.000000
0.157944
0.787216
0.206145
1.000000
0.431712
-0.653665
-0.312011
0.324185
1.000000
0.304864
-1.000000
1.000000
-0.894499
0.564701
