-460.000000
0.000000
-1.000000
-1.000000
-1.000000
-1.000000
-1.000000
-1.000000
-1.000000
-1.000000
-0.973650
0.535197
0.490534
0.343244
0.947458
-0.644983
-0.967418
0.111241
0.317960
-1.000000
-0.330421
-0.530186
-0.058401
0.500203
-0.801905
0.007015
0.990962
1.000000
-0.796846
-0.966435
1.000000
0.548390
-0.214985
-0.026812
0.465379
-0.680711
0.045130
0.116460
0.129191
-0.013555
0.501412
0.614055
-0.157479
-0.211356
0.426651
0.392883
0.073166
0.279260
1.000000
-0.436428
-0.767668
0.638234
-1.000000
0.080433
0.144719
0.357161
-0.237055
-0.068161
0.592876
0.893817
-0.514049
-0.698305
-0.621076
0.433487
0.898446
0.132747
-0.733785
0.537170
0.715820
0.687205
-0.473601
0.035591
0.578827
-0.641720
0.874858
-0.205171
-0.735789
0.879980
-0.406639
0.397142
-0.603897
-0.927559
-0.454612
-0.156173
0.088444
-0.266334
-0.981611
0.829104
0.845429
-0.923507
0.770026
0.633169
0.432737
0.746764
-0.848344
0.211043
-0.539449
-0.120676
-0.059190
1.000000
-0.435046
-0.085081
-0.879508
-0.052063
0.434986
-0.753282
0.302839
-0.659476
-0.800421
0.515093
-0.122648
-0.299816
-0.696442
0.788118
0.899880
-0.371579
-1.000000
0.692384
0.523589
0.548841
0.678995
0.416212
0.221248
0.558160
0.765862
-0.876396
1.000000
-0.040108
0.071202
1.000000
0.867558
-0.401744
-0.182628
-0.916209
0.492226
0.793958
1.000000
-0.437885
0.468348
-0.104557
0.054378
-0.526031
0.451766
0.903627
0.954685
-0.413006
0.053374
-0.828491
-0.178252
0.683528
-0.190339
-0.165163
-0.094643
0.535984
0.266001
0.220473
0.880273
0.206475
-0.516795
-0.228566
-0.128667
0.161527
-0.179888
-0.237485
-0.944649
-0.336866
-1.000000
-0.930174
0.929696
-0.012177
-0.636661
-0.786015
0.887310
-0.826664
-0.622792
-1.000000
0.895442
0.728785
0.687383
-0.441268
-0.282141
-0.151277
0.703098
0.722644
-0.299781
0.781600
-0.697606
0.599115
0.339726
0.923124
0.343801
-0.121960
0.454209
0.862254
0.534890
0.541460
0.653961
-0.335173
-0.613121
-0.350141
-0.012743
-0.819019
-0.265335
0.903287
-0.183728
0.593167
1.000000
-0.198266
-0.119053
-0.193351
0.747955
-0.917312
-0.197058
0.580805
0.289630
0.186590
0.299550
0.072935
1.000000
0.091684
1.000000
0.905070
-0.754687
-0.385296
-0.055255
0.031156
-0.077188
0.927223
0.072707
-0.540359
0.771399
-0.803618
0.501546
0.332604
0.893780
0.194126
-0.434136
-0.488104
0.007180
0.535386
-0.065882
0.766134
-0.643809
-0.198287
-0.711751
0.524544
1.000000
0.480817
0.690634
0.321759
0.165941
0.532189
0.604027
-0.500575
-0.767675
0.676056
-0.891487
0.397612
0.540997
0.856608
-1.000000
-0.135078
-0.636063
0.673120
-0.787981
-0.888492
0.845811
0.255235
0.661677
0.859587
-0.336265
0.815575
0.892451
-0.646994
1.000000
