-238.200000
3.000000
-1.000000
-1.000000
-1.000000
0.000000
55.600000
-1.000000
-1.000000
56.200000
-0.294212
0.489072
-0.205958
0.361163
0.404732
0.642448
1.000000
0.541330
0.576628
0.086079
-0.752536
0.843673
0.771832
-0.888012
-0.568231
0.291481
-0.032542
-0.302810
-0.074042
0.426190
-0.388707
-0.031300
-0.106872
-0.525781
0.081871
-0.790750
0.776863
0.472755
-0.524161
0.938003
0.174795
-0.291254
1.000000
0.861303
0.544782
-0.159316
-0.665162
0.356171
-0.246823
-0.988943
-0.494361
-1.000000
-0.089994
0.061209
-0.941741
0.509853
-0.125152
0.303361
0.572222
0.732156
-1.000000
0.520716
-0.779334
-0.514364
-0.794444
-0.713266
-0.167583
0.731554
0.436919
0.237048
0.068711
0.748735
-0.489730
0.542803
0.718115
0.088851
-0.399434
1.000000
0.556343
-0.303889
-0.232658
-0.043699
0.944993
-0.451263
0.212751
0.044066
-1.000000
0.759749
-0.624445
0.177047
-0.045311
-0.917896
0.589499
-0.533135
0.901534
-0.129180
-1.000000
-0.772616
0.198851
-0.377848
0.131105
0.534732
0.191834
-0.803881
0.684832
-0.202564
-0.089224
-0.439341
0.878753
-0.297291
0.871160
0.937380
-0.998332
-0.200092
0.011285
0.201421
-0.627529
-0.965857
-1.000000
-0.763274
0.883347
0.530650
-0.701926
0.554142
-0.540906
-1.000000
-0.701376
-0.128523
0.811083
0.565203
-0.011383
-0.780594
-0.172424
-0.755614
0.422645
1.000000
1.000000
0.279583
-0.203179
-0.752697
0.967473
-0.320865
0.612459
0.170725
0.824234
-0.708378
-0.540341
-0.502284
-0.654005
0.148066
-0.560464
-0.798308
-0.921825
0.032524
0.115163
-0.883402
0.721820
0.265541
0.400569
0.218796
0.100610
-0.182868
-0.049625
-0.603529
0.260612
0.749754
0.357005
0.405867
0.374503
-0.995686
-0.315557
0.135083
0.377352
-0.202761
-0.736362
-0.608179
0.628336
-0.055383
0.976908
0.647790
0.490969
0.103301
0.976181
0.514149
-0.019519
-0.986825
-0.658759
-0.063123
0.547596
-0.433573
0.207856
0.963930
-0.265669
-1.000000
-1.000000
0.967639
-0.006505
-0.138328
-0.996634
-0.476440
0.538399
0.222692
-1.000000
0.381302
-0.746477
0.239009
1.000000
0.284553
0.635708
-0.884792
0.208793
0.732515
-0.635836
0.844401
0.911881
-0.201163
1.000000
0.106732
0.152538
0.741505
0.541271
0.792181
-0.886012
0.667234
-0.223513
-0.151981
0.008596
-0.304372
0.735641
-0.946239
-0.884886
-0.766225
-0.309348
0.274520
0.274190
0.609767
-0.642537
-0.765200
0.228727
-0.842127
0.791195
-0.865413
-0.249961
0.413666
-0.908555
0.846538
-0.097113
1.000000
0.953654
-0.383268
-0.284853
-0.172633
0.126024
-1.000000
0.154155
0.392386
0.606551
0.564800
0.579643
-0.221154
-0.900445
0.823792
-0.262516
-0.359827
-0.142404
0.046128
-0.337321
0.770713
-0.847371
0.826677
-0.485135
-0.817798
1.000000
-0.962109
-1.000000
