3.242399999999999727e-01
-3.257570000000000188e-01
2.571579999999999977e-01
2.897440000000000015e-01
1.817979999999999874e-01
1.970290000000000097e-01
-1.304170000000000051e-01
-4.325620000000000021e-01
-4.384109999999999951e-01
-4.484079999999999733e-01
-1.000000000000000000e+00
-7.310489999999999489e-01
7.938669999999999893e-01
-1.000000000000000000e+00
-3.276180000000000203e-01
7.035740000000000327e-01
5.912589999999999790e-01
-7.290809999999999791e-01
-7.357820000000000471e-01
1.492090000000000083e-01
8.774790000000000090e-01
8.508639999999999537e-01
-8.486879999999999979e-01
-5.280810000000000226e-01
-1.697369999999999990e-01
8.780270000000000019e-01
5.807949999999999502e-01
-9.036330000000000195e-01
9.358790000000000164e-01
-5.380559999999999787e-01
-1.000000000000000000e+00
2.132189999999999919e-01
1.515009999999999968e-01
5.180749999999999522e-01
4.762589999999999879e-01
-1.000000000000000000e+00
-1.000000000000000000e+00
-6.895909999999999540e-01
8.126130000000000297e-01
-1.000000000000000000e+00
5.949330000000000451e-01
-1.498379999999999990e-01
6.721869999999999790e-01
-5.650039999999999507e-01
-4.093800000000000217e-02
-5.376880000000000548e-01
-8.272819999999999618e-01
-1.359080000000000010e-01
-7.217959999999999932e-01
5.112849999999999895e-01
9.735350000000000392e-01
1.007239999999999941e-01
5.270820000000000505e-01
6.363370000000000415e-01
9.845880000000000187e-01
9.732359999999999900e-01
5.901579999999999604e-01
-8.553269999999999484e-01
1.657240000000000102e-01
2.027529999999999888e-01
1.380840000000000123e-01
7.049370000000000358e-01
9.303970000000000296e-01
7.145550000000000512e-01
-2.136049999999999893e-01
9.935859999999999692e-01
-6.374149999999999539e-01
-7.480510000000000215e-01
2.866339999999999999e-01
-5.485130000000000283e-01
6.327690000000000259e-01
2.119580000000000075e-01
2.457350000000000090e-01
9.035950000000000371e-01
-2.310180000000000011e-01
1.000000000000000000e+00
-8.116659999999999986e-01
-9.274419999999999886e-01
-1.000000000000000000e+00
-9.285699999999999510e-02
-6.305370000000000141e-01
8.693969999999999754e-01
-9.744559999999999889e-01
-5.989520000000000399e-01
6.677800000000000402e-01
-1.374620000000000009e-01
-7.147729999999999917e-01
-3.560559999999999836e-01
-6.345570000000000377e-01
-2.967330000000000245e-01
-1.879379999999999939e-01
-8.984440000000000204e-01
9.385700000000000154e-01
-3.545320000000000138e-01
1.000000000000000000e+00
7.728880000000000194e-01
-4.793640000000000123e-01
-4.426299999999999679e-02
-8.545270000000000366e-01
1.799999999999999933e-01
9.310359999999999747e-01
1.000000000000000000e+00
-7.672419999999999796e-01
3.637029999999999985e-01
1.425899999999999945e-01
-5.748640000000000416e-01
-9.580500000000000127e-02
-4.408150000000000124e-01
7.018769999999999731e-01
1.000000000000000000e+00
1.694879999999999998e-01
-1.000000000000000000e+00
-9.478630000000000111e-01
-7.377660000000000329e-01
-9.989219999999999766e-01
-3.819949999999999735e-01
1.000000000000000000e+00
-3.602429999999999799e-01
2.785759999999999903e-01
-1.262550000000000061e-01
-9.690980000000000150e-01
-6.731589999999999518e-01
6.341639999999999500e-01
9.696000000000000452e-02
-4.964640000000000164e-01
-2.467979999999999896e-01
5.179439999999999600e-01
1.772050000000000014e-01
-9.541239999999999721e-01
-2.610140000000000238e-01
-8.524030000000000218e-01
2.157219999999999971e-01
6.062119999999999731e-01
7.214099999999999679e-02
-1.593080000000000052e-01
1.000000000000000000e+00
-4.225570000000000159e-01
5.489549999999999708e-01
-9.423359999999999514e-01
3.299019999999999730e-01
-1.507000000000000093e-03
1.000000000000000000e+00
1.235580000000000012e-01
-7.323000000000000342e-02
1.000000000000000000e+00
-4.929859999999999798e-01
-3.436799999999999855e-01
-1.093000000000000005e-03
7.658719999999999972e-01
1.000000000000000000e+00
-8.074919999999999876e-01
7.056999999999999384e-02
2.879240000000000133e-01
-5.231409999999999672e-01
6.300660000000000149e-01
1.169589999999999935e-01
3.855279999999999818e-01
-3.292240000000000166e-01
-1.830539999999999945e-01
9.441129999999999800e-01
-8.517909999999999648e-01
2.002309999999999923e-01
-7.484169999999999989e-01
-3.055280000000000218e-01
-9.137899999999999912e-01
2.658490000000000020e-01
-1.237810000000000021e-01
-5.364200000000000079e-01
1.983930000000000138e-01
8.354540000000000299e-01
-2.186790000000000123e-01
-8.302969999999999517e-01
-7.409710000000000463e-01
-3.143569999999999975e-01
-4.200720000000000010e-01
4.809900000000000286e-02
9.315550000000000219e-01
8.100260000000000238e-01
2.259869999999999934e-01
9.455980000000000496e-01
8.989530000000000021e-01
-4.210269999999999846e-01
7.466399999999999426e-02
6.231700000000000017e-01
1.000000000000000000e+00
-9.130019999999999802e-01
5.081050000000000288e-01
-7.707500000000000462e-02
9.093759999999999621e-01
-3.696200000000000180e-02
-9.235400000000000553e-02
-1.000000000000000000e+00
-8.328240000000000087e-01
-6.073840000000000350e-01
6.710399999999999698e-02
-2.954530000000000212e-01
-6.221999999999999753e-02
5.261000000000000121e-01
4.821170000000000178e-01
1.352389999999999981e-01
-4.522140000000000049e-01
-5.425240000000000062e-01
3.891959999999999864e-01
-5.499739999999999629e-01
-3.890089999999999937e-01
-4.040830000000000255e-01
-5.384210000000000385e-01
4.114320000000000199e-01
-4.059920000000000195e-01
9.215109999999999690e-01
-5.824399999999999578e-01
-9.774979999999999780e-01
-1.080300000000000010e-02
7.543830000000000258e-01
1.510910000000000031e-01
-8.174839999999999884e-01
-3.869500000000000162e-01
1.897629999999999872e-01
3.880589999999999873e-01
-7.329809999999999937e-01
-6.864329999999999599e-01
6.032769999999999522e-01
-6.076960000000000139e-01
5.145399999999999974e-02
5.889119999999999910e-01
5.058280000000000554e-01
3.615720000000000045e-01
7.254009999999999625e-01
9.879529999999999701e-01
-9.763530000000000264e-01
1.266519999999999868e-01
-9.916089999999999627e-01
3.609330000000000038e-01
9.193759999999999710e-01
3.350509999999999877e-01
-9.647010000000000307e-01
3.548250000000000015e-01
1.862260000000000026e-01
-5.692559999999999842e-01
6.186209999999999765e-01
1.399120000000000086e-01
6.706889999999999796e-01
9.586980000000000501e-01
9.381950000000000012e-01
-6.096800000000000136e-02
-4.805590000000000139e-01
-9.573239999999999528e-01
-2.194959999999999967e-01
-8.235529999999999795e-01
-8.288450000000000539e-01
1.725099999999999967e-01
5.109650000000000025e-01
4.953029999999999933e-01
-1.264139999999999986e-01
6.529800000000000049e-01
-9.654800000000000049e-01
2.183080000000000020e-01
6.070170000000000288e-01
9.333230000000000137e-01
-6.096510000000000540e-01
-6.804499999999999993e-01
2.170449999999999879e-01
-5.313579999999999970e-01
-1.878000000000000155e-02
4.464929999999999732e-01
