-225.400000
2.000000
-1.000000
70.000000
-1.000000
-1.000000
64.600000
-1.000000
-1.000000
-1.000000
-0.990736
-0.794764
-0.225839
-0.432267
-0.471102
1.000000
-0.299565
1.000000
0.951709
-0.510631
-0.432785
-0.754874
0.504415
-1.000000
-1.000000
-0.126417
0.670983
-0.387835
0.589146
-0.566965
1.000000
0.530033
-0.591142
-0.085461
-0.488449
0.951029
-0.996350
1.000000
-0.301071
1.000000
-0.249798
0.283456
0.055738
0.272556
0.690268
-0.224156
0.211568
0.959988
-1.000000
-0.189715
-1.000000
-0.696470
-0.378890
-0.811326
-0.513316
-0.171593
0.503640
-0.860449
-0.544804
-1.000000
0.146191
0.001027
1.000000
-0.953070
-1.000000
0.352643
0.791408
-0.187189
-0.461994
-1.000000
0.571601
-0.450452
-0.643881
0.090346
0.605639
-0.930421
-1.000000
0.118120
1.000000
-1.000000
0.467263
-0.404081
-0.626604
0.673951
-0.311164
-0.510559
-1.000000
-0.118386
1.000000
0.138512
-0.772017
0.859850
-1.000000
-1.000000
0.757914
-0.183449
0.858255
1.000000
-0.935426
0.532777
-1.000000
0.796955
-1.000000
0.034021
0.594027
0.339865
0.218583
-0.487772
-0.846393
-0.482844
1.000000
-0.429491
0.338608
-1.000000
-0.305697
1.000000
0.221447
0.789091
-1.000000
-0.438805
0.190247
0.905832
0.819047
0.677835
0.082634
0.438136
-0.084658
1.000000
-1.000000
-1.000000
0.032898
-0.260183
0.125265
1.000000
1.000000
0.336898
0.737454
1.000000
-0.149277
-0.038303
0.545167
0.673460
0.769557
0.609324
0.598568
-1.000000
0.101519
0.610773
1.000000
-0.974330
-1.000000
-0.395604
-0.759308
0.128781
-0.651524
0.076188
-1.000000
-0.571909
-0.729913
-0.144145
-1.000000
0.692931
-0.711281
0.010479
0.676242
0.670997
0.619337
-0.217728
0.189729
-1.000000
0.040562
-1.000000
-0.035205
0.964796
-0.090233
1.000000
-0.632281
0.502576
1.000000
0.085648
1.000000
-0.073251
1.000000
-0.607585
-0.041734
-1.000000
-0.731024
0.429933
-0.874102
1.000000
-0.859640
-0.200512
0.020634
-0.173029
0.953275
0.097174
0.912727
-1.000000
0.882896
0.142452
-0.095219
0.568377
-0.574348
1.000000
0.090293
-0.762760
-0.753599
-0.546184
-0.167983
-0.749549
-0.822636
-0.917528
0.076181
0.288503
1.000000
-0.778855
-0.898396
-0.632003
0.237096
1.000000
-1.000000
-0.415947
-0.585866
0.881202
-1.000000
-0.279666
0.358419
-1.000000
-0.819565
0.461430
-0.733831
-1.000000
0.372044
-0.565173
0.719537
-1.000000
-1.000000
1.000000
0.413347
-1.000000
0.641499
-0.446534
-1.000000
0.974126
-1.000000
-1.000000
-0.985060
0.332513
-0.516129
0.863525
-0.364161
0.465551
1.000000
1.000000
1.000000
-1.000000
-1.000000
0.916140
1.000000
0.593540
-0.776569
0.140598
0.860247
-0.569743
0.279384
0.665037
-1.000000
1.000000
0.285284
0.174220
-0.326778
-0.837303
0.098515
-1.000000
0.015078
