-280.000000
2.000000
-1.000000
68.000000
-1.000000
-1.000000
-1.000000
-1.000000
-1.000000
35.200000
0.452251
0.939589
0.224221
0.297953
-0.531999
0.647466
0.579923
-0.266325
-0.684632
0.884977
0.563598
0.790429
0.944460
-1.000000
-1.000000
0.057089
0.245330
0.321255
-0.080236
-0.573584
-0.834763
-0.153081
0.309033
-0.886686
0.989641
0.870908
0.102187
0.189124
0.631669
-0.327664
0.344065
-0.493987
-0.703913
0.702210
-0.788728
0.472568
0.643379
0.117834
0.884976
0.476101
-0.157247
0.215226
-0.622426
0.760861
-0.634845
0.423323
-0.333700
-0.715511
-0.804669
1.000000
-0.140306
-0.728340
-0.491601
-0.223432
-0.824311
0.900888
-0.198064
-0.312571
0.281214
0.323407
0.082689
0.082133
-0.397902
0.152070
-0.098368
-0.775907
0.130076
-0.284525
0.229429
0.498803
0.091424
0.036298
0.776254
-0.321408
0.359372
-0.398289
-0.402033
0.920267
-0.122438
-1.000000
0.645420
0.555541
0.511079
0.072353
-0.061952
-0.063990
0.229307
0.157700
-0.982616
0.750988
0.360251
0.946252
-0.584290
-0.983010
0.922727
0.358307
-0.573439
0.866240
0.927408
-0.675060
0.058577
0.923933
-0.796386
0.664701
0.034729
-0.931553
0.043124
0.353770
0.741982
-0.025982
0.520250
-0.378741
-0.920307
0.312009
0.955577
-0.221907
-0.179183
-0.208271
0.216570
0.865121
0.937065
-0.317497
0.441339
0.290987
0.174312
0.338388
-0.915164
0.575769
-0.963940
0.332072
0.030751
0.947485
0.038246
0.716590
-0.228421
0.725683
-0.053854
-0.268029
-0.795302
-0.177543
-0.226418
-0.705215
0.461503
0.827517
-0.272609
-0.977267
0.510758
0.452452
0.952785
-0.534228
-0.263190
-0.267615
-0.953723
-0.941611
-0.735925
-0.269813
0.880577
0.804051
0.237480
0.969783
-0.142118
0.049598
-0.087934
-0.632145
-0.200402
0.863551
1.000000
-0.744414
-0.477866
-0.358861
-0.968961
0.587361
-0.635825
0.214815
0.662262
-0.956408
-0.059964
0.227205
0.406667
1.000000
0.992308
-0.548227
0.394963
-0.840886
0.000005
-0.420225
-0.888545
0.102610
-0.802353
-0.446843
0.159494
0.412166
-0.124386
-0.176104
0.675529
0.988861
-0.379091
0.086611
0.441534
0.803031
-0.791538
0.757561
-0.078476
0.407175
-0.597700
0.174654
0.994493
-0.642988
-0.122614
-0.010839
0.315254
0.189471
-0.436209
0.781123
0.656243
-0.250256
-0.588425
0.304864
0.314750
0.030385
0.191034
-0.148647
-0.088689
-0.385217
0.729997
-0.323938
-0.779262
0.643467
-0.569207
-0.655472
0.795635
0.651573
0.763796
0.293032
0.148982
0.110941
-1.000000
0.320614
0.773534
-0.576910
-0.331147
0.676232
0.346975
-0.791681
0.346983
0.007538
-0.404325
0.849916
0.168122
0.401093
0.288309
-0.795501
-0.194273
0.307150
0.607625
-0.814553
0.262409
-0.098003
0.296971
-0.879700
-0.905880
0.675253
-0.494614
-1.000000
0.088971
