4.000000
4.000000
-1.000000
70.000000
42.000000
-1.000000
68.800000
-1.000000
-1.000000
23.200000
0.275732
-0.716467
-0.387819
0.957258
0.366704
-0.848134
-0.626397
-0.606703
-0.104349
0.289978
0.099830
0.900043
-0.565123
0.121442
0.985668
0.607543
-0.634661
1.000000
-0.902763
0.767666
-0.573663
0.142179
0.306445
-0.704046
0.144004
-0.409501
-0.350563
0.795141
-0.103440
-0.553136
-0.640987
-0.341320
0.303494
-0.663551
-0.026537
0.557602
0.395458
0.389596
-1.000000
-0.037268
-0.207732
0.806798
0.744462
0.182133
-0.068212
-0.492411
0.594257
0.394831
0.254837
-0.149522
-0.856817
1.000000
0.725705
-1.000000
-0.559524
0.546037
0.885242
-0.562913
0.134542
-1.000000
-0.343479
-0.455026
0.282862
0.261244
0.283982
0.493918
-0.568520
-0.711699
0.768102
-0.548713
0.433677
-0.279950
-0.607071
-0.730237
0.376829
-0.647676
0.313732
0.520090
-0.586228
0.602657
-0.371982
0.472337
0.049339
0.771963
-0.163360
0.209946
0.586391
0.002300
-0.516544
-0.440379
0.725454
1.000000
0.929881
-0.254549
-0.252441
0.065654
0.203543
0.097583
-0.623050
-0.608647
0.142732
0.717507
0.325715
-0.844990
-0.867104
0.054815
0.529054
0.111842
-0.503704
0.334492
0.459461
-0.685888
0.796803
-0.220805
0.551988
0.450239
-0.265577
-0.199438
0.716903
-0.199371
0.825622
0.781085
-0.395650
-0.100085
0.282533
-0.793506
0.881468
0.115697
0.459624
-0.561688
-0.486414
0.418915
0.524185
0.151552
-0.943190
-0.447343
0.677734
0.793569
-0.037357
-0.520715
0.318946
0.261729
0.342742
0.136408
0.796896
-0.430528
-0.368292
0.506874
0.774256
-0.454911
0.801120
-0.239929
0.676201
0.837479
-0.977189
-0.657806
0.527707
-0.898266
-0.258909
-0.000643
0.123941
0.354866
0.067019
0.425436
0.897668
0.027511
-0.572339
-0.322908
-0.753954
-0.545086
0.373559
0.948289
-0.364778
0.992767
0.205697
0.929333
-0.466672
0.289789
0.476223
0.101425
0.235290
-0.009755
-0.199679
-0.753715
-0.690806
-0.260508
0.260695
-0.777078
-0.309086
-0.637878
-0.274217
-0.307312
0.174460
-0.242028
-0.964373
-0.691868
-0.399953
-0.994264
-0.014018
-0.914070
-0.208783
-0.876416
0.670488
0.450284
-0.254773
-0.632405
0.053056
0.231752
-0.349652
1.000000
-0.824663
-0.587387
-0.450805
-0.832229
0.829740
0.038399
0.529984
0.151879
-0.059231
-0.214744
-0.658090
0.007123
0.306129
0.737060
-0.620106
0.779201
0.260960
0.040978
0.852046
-0.533937
-0.059276
0.971945
-0.074350
-0.447331
0.643981
0.881187
0.420045
0.401807
-0.033828
0.901420
-0.873847
-0.252415
-0.382589
-0.188054
-0.849407
-0.070326
-1.000000
0.506080
0.935596
0.298258
-0.047794
-0.494033
-0.947739
-0.065527
-0.955014
-0.664727
-0.599956
0.694861
0.067559
0.151424
-0.328303
0.300050
-0.226629
0.100613
0.361620
