0.773192
0.047310
0.591146
-0.967681
-0.528897
0.261916
0.915479
0.585400
-0.681221
-0.453790
-0.089475
-0.103710
0.896121
-0.544224
-1.000000
-0.913618
-0.763617
0.461211
0.414896
-0.686937
-0.146531
0.611655
0.463996
-0.821788
0.674285
-0.539329
-0.476334
0.565138
0.664926
-0.032747
-0.965333
-0.752981
0.118946
0.795870
-0.742496
-0.624447
-0.741032
-0.494575
-0.845847
0.575380
0.048040
-0.587581
0.929936
0.425344
0.324058
-0.664915
0.655250
-0.664223
0.934466
-0.974703
0.383744
-0.174820
0.939085
0.455200
-0.298357
-0.208897
0.462091
-0.894492
0.141696
-0.658387
-0.928207
-0.891866
0.541421
-1.000000
0.157238
0.821551
-1.000000
0.341331
0.756102
0.189957
-0.068402
0.323296
-0.716487
-0.989694
0.415236
0.937026
-0.718726
0.818081
-0.798373
0.198022
-0.729491
0.466444
-0.691949
-0.441191
-0.628475
-0.645290
1.000000
-0.078714
1.000000
-0.536168
-0.312838
0.636851
0.254773
0.409479
0.958420
0.962702
0.398777
0.318767
0.257853
-0.669247
0.891697
-0.378781
0.462440
0.846916
0.955041
0.454078
-0.853553
0.367464
0.823937
-0.270650
-0.004729
-0.006724
-0.785889
-0.439254
0.080773
0.208275
0.851596
-0.065576
1.000000
0.086446
-0.208600
0.386175
-0.511399
0.087461
0.432152
-0.363150
0.684147
-0.457446
-0.777189
-0.211381
0.286302
-0.172411
-0.614184
-0.651739
0.966567
0.094678
-0.813378
-0.656210
0.568556
0.986058
0.085076
-0.940526
0.492353
-0.514319
-1.000000
-0.524972
-0.945533
-0.038575
-0.845564
-0.233183
-0.158334
-0.010818
-0.266995
0.769124
0.334195
-0.199903
0.589184
-0.109107
0.779574
-0.214445
-0.912679
-0.856329
-0.581693
0.208746
-0.911969
0.685835
0.114929
-0.921697
0.431892
-0.049685
0.033736
-0.700342
-0.615248
-0.091569
-0.330491
-0.832924
0.836611
0.094780
0.967574
0.171944
0.824879
-0.454675
0.201588
-0.312825
-0.799828
-0.197341
-0.329399
0.646277
0.116441
-0.337002
-0.053737
0.683532
-0.700759
-1.000000
0.264615
0.495761
-0.758515
0.317725
0.767117
0.402801
0.253299
-0.689000
-0.402601
0.343445
-0.427641
-0.626706
-0.848551
-0.065495
0.207650
0.002287
-0.930848
-0.090184
0.673139
0.491473
0.352936
-0.808991
0.504980
-0.859107
0.614001
-0.963030
-0.154528
0.015936
-0.240982
-1.000000
-0.813121
-0.313355
-0.192676
0.948493
-0.083857
-0.923965
-0.838527
0.386789
-0.648655
0.391288
-0.634824
0.255315
0.578858
-0.599287
0.549001
0.742838
-0.111394
-0.544439
0.572654
-0.802703
-0.171855
-0.539081
-0.326191
0.079001
0.305307
-0.727429
-1.000000
1.000000
-0.821226
-0.801801
0.226352
0.071096
-0.766818
0.668210
0.614658
0.269934
-0.622674
0.200408
0.453087
-0.036468
-0.779163
