-0.765643
0.203536
-0.136453
0.138413
-0.155053
0.714252
-0.440221
-0.205798
-0.473738
0.878346
-0.234887
0.494500
-0.558923
0.064632
0.560802
0.095755
0.249557
0.786102
0.435898
0.708598
-0.369240
-0.036599
0.029275
-0.163630
-0.054280
1.000000
-0.374830
-0.297513
-0.876465
0.435269
0.567965
0.317913
-0.380677
0.946628
0.358039
-0.912653
-0.725687
0.463998
-0.351131
-0.938322
0.648067
0.932101
-0.734806
-0.256192
0.235459
0.508229
0.124332
-0.661445
-0.881884
0.042590
0.104887
-0.800121
-0.178470
0.716808
0.421049
0.045094
0.812975
0.690603
0.480442
-0.911343
-0.297194
0.070475
0.505239
0.631177
-0.347234
0.312985
-0.456233
0.981585
0.655639
0.583854
-0.758757
-0.994507
-1.000000
0.118065
-1.000000
0.192593
0.352634
-0.308359
-0.790420
0.800588
-0.441222
0.509337
-0.776026
-0.896602
-0.300552
-0.715913
-0.143522
0.324136
0.409940
-0.581320
-0.058785
-0.877521
0.231965
0.241003
-0.574077
-0.260352
0.796008
0.523850
-0.202170
-0.311759
0.272159
0.814346
0.342646
-0.641137
0.364483
-0.752623
-0.033577
-0.148428
0.653120
0.094972
0.390696
0.918173
-0.077531
0.982781
-0.485907
0.947507
0.430148
-0.945573
-0.858487
-0.670601
-0.414148
0.709348
0.238559
-0.741360
0.842320
-0.735238
-0.997358
0.231382
-0.146520
-0.205837
0.128870
0.026691
0.530526
-1.000000
-0.285422
0.668004
0.834647
-0.439793
-0.106541
0.957124
-0.412819
0.090671
-1.000000
-0.305346
0.385871
0.300170
-0.356098
0.762019
0.182066
-0.123202
-0.573168
-0.699709
-0.514843
0.054137
-0.867344
-0.782701
0.791382
0.591512
-0.661862
0.368644
-0.772949
-0.446161
0.305822
0.474820
-0.429456
-0.438944
-0.473617
-0.464917
-0.045229
0.663436
-0.383784
0.806419
0.427263
0.068783
-0.254253
0.794301
-0.958984
0.052873
0.158165
0.513509
-0.189035
-0.043859
-0.999292
0.249713
0.015221
0.139340
-0.783597
-0.491766
-0.449466
0.945893
-0.192549
0.652291
-0.845914
-0.899942
-0.089636
-1.000000
0.349157
0.068962
-0.222702
0.710693
0.758497
-0.941712
-0.807681
0.042869
0.104585
0.667592
0.153000
-0.111164
-1.000000
-0.825470
-0.614802
0.180363
0.303062
0.722726
-0.343381
0.363049
-0.469228
-0.732851
0.659373
0.299344
0.432966
-0.276622
0.946712
0.521275
0.760712
-0.662441
0.889601
-0.545374
0.072717
-0.503570
-0.583974
-0.062447
-0.042077
-0.907322
-0.785404
-0.586485
-0.014512
0.212275
0.312416
-0.473948
0.873840
-0.192082
-0.516854
0.007437
0.399772
-0.579933
-0.118722
0.243843
0.214096
0.646950
0.871351
-0.164967
0.942281
0.171003
-0.264337
-0.030849
-0.158422
0.087548
-0.813891
-0.648549
-0.908411
0.144729
0.411822
0.482873
-0.097394
