1.000000
0.043844
0.151156
-0.429463
0.281898
0.328482
0.318416
1.000000
0.093974
-0.154337
-0.788698
-0.110751
0.017084
-1.000000
-0.890913
0.109353
-0.929369
1.000000
-0.290360
-0.956116
-1.000000
-0.260182
-0.035567
0.298801
-0.970720
0.264519
1.000000
-0.533846
0.601416
-0.172328
-0.847556
-0.599637
-0.295833
-1.000000
-0.180939
-0.760112
-0.047277
-0.564003
0.120086
-0.575978
-0.500970
-0.172184
-0.267821
0.310939
0.116382
-0.793035
0.773524
-1.000000
0.470888
1.000000
-0.684176
-0.051994
0.070727
0.235263
-0.465641
1.000000
0.449965
0.184100
0.048524
0.862972
0.024337
1.000000
1.000000
-1.000000
0.016960
-0.435574
-0.774412
-0.601787
-0.037504
-0.004365
-0.478951
1.000000
-0.186557
0.401200
0.582553
0.484982
-0.819709
0.843105
0.565902
0.129300
1.000000
-0.455419
-0.876409
0.466935
-0.594280
-1.000000
0.609252
1.000000
-1.000000
-1.000000
-0.240483
0.184062
0.672265
1.000000
0.807044
-1.000000
0.690453
-0.348699
-1.000000
1.000000
0.151982
1.000000
-0.769665
-0.060389
0.210772
-1.000000
1.000000
0.291889
0.724811
0.292286
0.206698
-0.053287
-1.000000
-0.481830
0.528865
-0.819956
0.387228
-0.269401
0.207639
-1.000000
-1.000000
-0.042395
-0.585455
1.000000
-0.556677
-0.817396
-0.016175
-0.720594
-0.598367
-0.328236
-1.000000
0.646931
-0.360709
0.571610
0.858944
0.446601
0.186617
0.032093
0.617345
-0.223002
-0.019303
-0.539382
0.729868
0.474208
-0.488698
0.250792
0.340914
-0.645473
0.409758
-0.741673
-0.722213
-0.385833
1.000000
-1.000000
0.234517
-0.285820
-1.000000
0.892101
-0.328919
-0.381029
-0.325252
0.356781
1.000000
1.000000
-0.852694
0.365618
-0.928903
-0.419025
-0.956070
-0.150689
0.535244
1.000000
1.000000
-0.259236
-0.290131
-1.000000
0.202992
-0.423459
-0.438284
0.919830
-0.869443
0.435652
-0.592790
0.128024
-0.048865
-0.448348
-0.656221
-0.527107
1.000000
-0.146698
0.239183
-0.789919
0.718609
1.000000
-0.197000
-0.939883
1.000000
-0.064758
0.446044
0.331893
-0.510281
-0.425335
-1.000000
0.637221
-0.423640
0.556668
-1.000000
0.081083
0.192681
-0.852052
-0.634013
-1.000000
0.832343
0.375705
0.408919
0.040673
0.871888
-0.573299
-0.240695
0.692427
-1.000000
-0.267381
1.000000
-0.151924
0.307747
-0.589874
-0.454853
0.551163
0.417010
-1.000000
0.161193
-0.020892
1.000000
1.000000
0.323229
-0.813515
0.101344
-0.281713
0.908696
-0.226791
0.794504
0.819315
0.158969
1.000000
-0.718306
-0.519340
0.401166
-0.009834
0.000565
-0.247920
0.069962
1.000000
0.484327
0.199189
-0.742769
0.626535
-0.809591
-0.959568
1.000000
0.087552
0.490456
-0.978970
-0.196377
-0.100278
-0.412750
