0.874897
-0.508760
0.143268
0.019347
0.821553
-0.859306
0.180957
0.111506
-0.717712
0.546403
-0.954462
-0.029794
-0.735679
-0.051178
0.684357
0.944047
0.271489
-0.957344
-0.868026
0.407886
-0.742099
-0.168248
-0.116953
-0.036055
0.642960
0.093341
0.691356
-0.261327
0.085249
-0.004778
-0.444679
-0.207144
-0.245810
-0.392427
-0.249087
0.574730
-0.408903
0.403091
0.562027
0.612402
-0.332893
0.123903
0.322149
-0.148578
0.058550
0.645062
-0.998729
-0.041135
0.001592
0.309480
-0.607279
-0.137676
0.335647
0.433517
-0.014853
0.796316
-0.919547
-0.537536
-0.377696
-0.734648
-0.362171
0.493213
-0.382565
0.709454
0.166565
0.209781
0.404512
-0.798744
-0.802577
0.655577
-0.039887
0.114121
0.302695
0.815243
0.449916
-0.389530
-0.193450
-0.939737
-0.685383
0.326269
0.552782
0.245676
-0.342242
-0.364261
0.068067
0.789745
-1.000000
0.034714
0.404361
0.082107
0.341462
-0.901984
-0.418457
-1.000000
-0.698227
0.901442
-0.759391
0.340486
0.728166
-0.639340
0.512884
0.933568
-0.657952
0.241313
0.647819
0.452071
0.025127
0.882342
-0.293113
0.284235
-0.797834
-0.395898
-0.242451
-0.281886
-0.947087
-0.872056
0.116730
0.113982
0.272886
-0.446802
0.507695
0.000635
0.539300
0.881419
-0.163133
-0.962688
0.207620
0.583155
-0.267003
0.960436
-0.233700
0.929898
0.509129
0.745154
0.377287
-0.509997
-0.333271
-0.784940
-0.710613
-0.062372
-0.872518
0.838745
-0.491873
-0.171500
0.888558
0.818498
0.322083
-0.233875
-0.648191
-0.935933
-0.465321
-0.972526
-0.451349
-0.706085
-0.514698
-0.858804
0.570912
-0.479957
-0.796341
0.509857
-0.053782
-0.708184
0.950009
-0.070580
0.999176
0.410615
0.101081
1.000000
-0.649529
-0.561567
0.321021
-0.303223
0.482273
-0.022474
0.563776
-0.268558
0.104980
-0.419202
-0.844544
-0.228902
0.171371
-0.964613
0.439544
-1.000000
0.133696
0.153991
0.306675
0.020687
-1.000000
-0.363140
0.236137
-0.208031
0.660418
0.582655
0.280938
1.000000
0.590765
0.127032
0.574145
-0.526860
-0.157390
0.064499
-0.332680
0.142168
0.780131
-0.342368
-0.233464
0.939818
-0.390402
-0.226617
-1.000000
0.094133
-0.214096
0.212265
0.423503
-0.030383
0.445926
-0.168758
-0.412634
0.901288
0.180848
-0.275521
-0.170941
-0.130854
0.480879
0.052679
-0.939354
0.176074
0.571333
0.110228
0.339766
-0.003798
-0.272036
0.373790
-0.893157
0.392553
-0.208930
0.486908
-0.250393
-0.028365
-0.861231
-0.791168
0.907675
0.348646
-0.156678
-0.205114
0.530830
0.930765
0.550117
-0.228268
-0.444167
-1.000000
0.106137
0.470140
-0.028013
-0.343334
0.681474
-0.578846
0.951922
0.522826
-0.991744
0.970501
0.643426
0.536124
-0.928065
