-98.200000
4.000000
-1.000000
76.000000
-1.000000
-1.000000
47.200000
-1.000000
0.000000
28.600000
0.061243
0.096696
-0.365025
-0.096816
0.485862
0.983574
0.022425
-1.000000
-0.429911
0.066761
-0.938167
-0.148668
-0.232883
-0.611147
0.207854
-0.343052
0.372542
-0.679719
0.554842
-0.351325
-1.000000
0.492113
-0.094856
-0.322016
-0.315479
-0.479281
-0.762129
-0.705331
-0.456929
-0.691932
-0.992420
0.678132
0.926751
-0.359739
0.746866
0.462021
0.400032
0.509219
0.574185
0.413958
-0.724728
0.107154
-0.172345
-0.029586
0.369441
0.693382
-0.746827
0.979554
0.034538
-1.000000
0.522579
0.043304
-0.544686
0.259803
0.947761
0.413042
0.872759
0.390880
0.091802
0.641801
-0.471237
-0.221580
-0.184376
-0.660069
-0.440975
1.000000
-1.000000
1.000000
1.000000
-0.163206
-0.968665
-0.429492
-0.376989
0.517655
0.234783
0.665789
0.273862
-0.977240
0.063776
-0.889412
-0.779351
0.763232
-1.000000
0.057501
1.000000
-0.456730
0.582688
-1.000000
-0.959343
-0.090548
0.254296
-1.000000
-0.199904
0.706113
-0.237744
-0.054131
1.000000
-0.568683
0.229738
0.463722
0.478802
-0.522048
-0.690936
-0.250741
-0.807303
-0.839485
-1.000000
0.288621
-0.811050
-0.389134
-1.000000
0.025888
0.178927
-0.019900
1.000000
-0.023765
-0.858261
-0.906014
0.026564
-0.973611
0.940105
-0.302718
-0.757157
-0.854431
0.477969
-0.580545
-0.600041
-0.114188
-0.222572
-0.198827
0.850745
0.004665
1.000000
0.295282
0.906474
-0.460516
0.311431
-0.589589
0.064736
-1.000000
0.590412
0.338212
-0.175732
0.334383
-0.075781
-0.339208
-0.241886
0.725060
-0.866410
1.000000
0.822725
-0.508162
1.000000
0.433169
-0.385905
-0.743718
-1.000000
1.000000
0.105497
-1.000000
-0.016289
0.747423
0.461510
-1.000000
0.738741
0.061931
-0.051061
-0.147754
-0.785949
-0.225732
0.519895
0.104004
-0.342225
0.301131
0.811647
0.400199
0.278205
0.142490
-0.884458
-0.727795
0.705614
0.669972
0.513531
0.275942
0.588293
0.534882
-0.457826
0.874884
0.716085
-0.913332
0.578099
0.949412
1.000000
-1.000000
0.320513
-0.008778
0.193188
-0.236615
0.346005
-0.674669
0.275621
0.710370
-0.037201
-0.192571
0.582167
-0.644576
0.283952
0.131792
-0.332774
0.866563
-0.676409
-1.000000
0.827745
-0.238296
0.063275
0.574869
0.126119
-0.263715
0.112833
-0.388446
-0.169151
0.736950
0.500114
0.548802
0.510786
0.877211
0.615956
-0.744517
0.534335
-0.496443
0.549009
-0.453218
0.589722
0.206537
1.000000
-0.979657
0.006111
-0.535219
0.662021
0.582413
-0.179519
-0.873967
0.359820
-0.756316
0.704036
0.533469
0.463398
0.101399
0.251017
-0.198106
0.432229
0.993640
0.346468
0.097467
-0.123563
-0.636475
0.521780
-0.791365
0.515245
0.439593
-0.105437
-0.234245
-0.560007
-0.079733
-0.452884
