-422.200000
2.000000
-1.000000
28.000000
-1.000000
-1.000000
-1.000000
-1.000000
-1.000000
29.800000
0.427757
-0.800513
1.000000
1.000000
0.277319
0.056265
0.977854
-0.144619
-0.999372
0.528953
-1.000000
-0.642957
1.000000
-0.208063
-0.036987
-0.597521
0.436348
0.768597
-0.971432
0.341617
-1.000000
1.000000
1.000000
0.222767
-0.841955
-0.268395
-0.517472
-0.166325
0.938047
0.338791
-1.000000
-0.312409
-0.922420
-0.800684
0.539501
1.000000
-0.469761
-0.780760
-0.173134
1.000000
0.435854
-0.766316
-0.258657
0.235636
0.879238
-0.259011
-1.000000
-0.554779
-0.565406
-0.660294
-0.944389
-0.968943
-0.621748
-1.000000
-0.005359
0.666685
0.843091
1.000000
-0.533548
-0.133877
1.000000
0.016326
-0.793421
-0.138949
0.113396
-0.107664
0.832437
0.761149
-0.575406
-1.000000
0.619979
0.138050
0.304083
0.099969
-0.249284
-0.032987
-0.564938
-0.104837
-0.563924
-0.580158
-0.034757
0.499819
-0.105877
-0.506267
-0.152336
-0.669361
-1.000000
-0.079421
0.180724
-0.084193
0.115297
0.683234
0.621926
-0.893131
0.090728
-0.507635
0.218995
0.703269
0.603389
0.407119
-0.932128
-1.000000
0.163080
-0.573321
-0.629216
0.834296
-0.691210
-0.174950
-1.000000
1.000000
1.000000
0.321391
0.258321
-0.019158
0.459841
0.114934
0.209365
-0.315113
0.704860
-0.310517
-0.041900
0.053021
0.473924
1.000000
-0.375154
0.534113
0.002136
-0.460105
1.000000
-1.000000
-0.532218
-0.422280
0.748284
-0.255877
-0.812109
0.696096
-0.650080
-0.145022
0.847142
1.000000
-0.206050
0.102906
0.155824
-0.473670
0.371143
0.693203
0.310174
-0.722307
-0.711414
-0.444206
0.429464
0.099707
0.050099
-0.069612
0.392835
0.620343
0.020753
-1.000000
0.526333
0.199431
0.463344
-0.538859
-0.387597
-0.653727
-0.507357
-1.000000
-0.988651
0.686914
-1.000000
1.000000
0.031208
0.511651
-0.197087
-1.000000
0.278261
-0.055562
-1.000000
0.083096
0.400799
1.000000
-1.000000
1.000000
-0.110961
-0.606331
1.000000
-0.566718
-0.527926
-0.583836
0.120960
0.225386
-1.000000
-0.747934
1.000000
-0.987922
0.124560
0.441981
-0.965261
0.075760
-1.000000
-1.000000
0.105833
0.175459
0.911212
0.520890
-0.948093
0.152994
-0.361919
1.000000
-0.238229
-0.410848
-1.000000
-0.641799
-0.421816
0.177285
-1.000000
0.219619
0.500240
0.190886
-1.000000
0.038852
0.244408
1.000000
-0.174226
0.214133
0.093551
0.294271
-0.122223
-0.570907
0.314756
0.374124
1.000000
-1.000000
1.000000
-1.000000
0.064147
-0.219005
0.366667
-0.088155
-0.398659
-0.630751
-0.551609
1.000000
0.103865
0.746479
1.000000
0.574572
1.000000
0.148428
-0.013611
0.164840
-0.328579
-1.000000
-0.326976
1.000000
0.034610
-0.559655
-1.000000
0.125990
0.709576
0.211367
-0.264138
-0.000327
0.564398
-0.121435
0.579953
