-269.400000
3.000000
-1.000000
30.000000
-1.000000
-1.000000
-1.000000
-1.000000
32.800000
47.800000
-0.018551
0.688172
0.298827
-1.000000
-0.501601
-0.069734
-0.515562
0.479453
-0.135031
-0.809183
-0.085184
-0.175909
0.922195
0.326595
0.645738
-1.000000
0.364041
-0.426870
-0.014955
0.354230
-0.620895
0.398527
0.596792
-1.000000
0.430861
-0.965600
-0.495949
1.000000
-0.975551
-1.000000
-1.000000
0.439379
-1.000000
0.175888
-0.229416
0.195891
-0.480479
0.139636
0.352473
-0.357232
-0.350000
0.909131
-0.950717
1.000000
0.872109
-1.000000
1.000000
-0.875937
1.000000
-0.178845
-0.040180
0.309396
1.000000
0.599380
-0.327256
1.000000
1.000000
-0.693615
0.089258
-0.360667
0.173164
0.263491
0.377403
-1.000000
0.243862
0.508887
0.190182
0.597717
-0.105178
0.806537
0.254076
-0.976249
0.077114
0.802173
0.608869
0.675753
0.843020
-0.890391
-0.310611
-0.814609
0.437165
-0.020845
0.051321
-0.078156
0.037968
-0.093477
0.158746
-0.987213
0.627348
-0.624843
-0.574978
0.568562
0.967871
-0.443440
0.812880
-0.131054
0.474316
0.539292
1.000000
-0.537719
0.836006
-0.646682
0.439096
0.529296
-1.000000
1.000000
-0.826628
-0.133872
0.356024
-0.468523
0.939023
-0.361268
-1.000000
-0.345371
-0.235598
0.048302
-1.000000
0.780659
-0.439801
-1.000000
0.733439
-1.000000
-0.112646
0.533838
-0.303573
-0.712012
-0.983753
0.486574
0.524960
0.306557
-1.000000
0.990966
1.000000
-0.805528
-0.045541
-0.297533
-1.000000
-1.000000
-0.018720
-0.032403
0.757725
-0.887741
-1.000000
1.000000
0.025404
1.000000
-0.461912
0.542618
-0.484503
0.089508
0.744843
0.155308
-0.313084
0.152588
-0.743760
0.039038
-0.779755
-1.000000
0.627472
-0.126684
-0.703278
0.503041
0.345351
0.121441
1.000000
-0.390560
-1.000000
-0.424767
-0.956444
-0.564574
0.521190
0.814659
0.322001
1.000000
-0.993617
-0.185598
-0.543649
0.888649
1.000000
-0.183937
0.885299
0.421326
-0.212757
1.000000
0.795351
-0.051640
-0.043390
1.000000
-0.521261
0.529024
0.015326
0.509703
0.770125
0.985005
0.031963
-0.485484
-0.025027
-0.132915
-0.757168
-1.000000
0.123653
-0.754561
0.444891
0.347921
0.181872
-1.000000
-0.391497
0.134198
0.443827
0.691996
0.003366
0.119555
-0.932023
1.000000
0.653271
-0.162217
-0.343735
-1.000000
-1.000000
-0.527116
0.213910
1.000000
-0.304708
0.781314
1.000000
-0.087977
1.000000
-0.163486
1.000000
0.421120
-1.000000
-0.899808
0.075853
0.862501
1.000000
0.671249
-0.928316
-0.307501
1.000000
0.351258
0.902799
-0.035652
-0.683781
0.558464
0.636738
0.976264
0.549416
1.000000
-0.734886
-0.331473
-0.867509
0.010198
-0.110784
0.052750
-0.400642
-0.817215
0.434320
0.717671
-1.000000
0.022380
0.781602
1.000000
0.415885
0.312084
0.904038
