0.994098
0.294368
-0.800297
-0.965420
-0.549748
-0.221562
0.924640
0.823191
0.570298
-0.886032
0.133464
-0.636416
-0.280233
0.003303
-0.382224
-0.327439
-0.231036
-0.526846
0.533616
0.754852
0.398547
0.510540
-0.541923
0.002316
-0.859849
-0.485246
-0.695405
1.000000
-0.253486
-0.755010
0.485605
-0.417426
0.808965
0.797627
0.605388
0.877660
0.753097
0.750653
0.632209
0.200761
0.390730
-0.115109
-0.737570
-0.473164
-0.480051
-0.883819
-0.457369
-1.000000
0.586572
-0.559131
-0.420237
0.769151
-0.445745
-0.372007
-0.987125
1.000000
-0.276030
-1.000000
0.369471
-0.663094
0.980525
-0.961541
-0.709225
-0.695503
-0.926029
-0.087946
-0.301272
-0.177867
0.284902
0.140852
0.381855
0.678845
0.462952
-1.000000
0.087011
0.893702
-0.683790
0.496288
0.593887
0.272732
0.581126
0.106464
0.917482
0.998857
-0.559980
0.869835
-0.137124
-0.382051
0.874069
0.782503
-0.238828
0.401528
-0.691395
0.322745
-0.455343
-0.616914
0.628026
0.953139
0.531707
0.103365
-0.099840
-0.604730
-0.956400
0.012790
-0.677389
0.859656
0.894415
-0.583742
-0.659473
-0.143527
-0.601322
-0.383533
-0.607182
-0.870008
0.513254
-1.000000
-0.485144
-0.802661
0.575837
-0.727158
-0.098095
0.944122
0.503955
-0.219203
-0.580454
-0.333178
1.000000
0.035152
0.132421
0.357565
-0.394344
-1.000000
-0.032843
-0.409857
0.297984
-0.589507
0.373875
-0.248100
-0.260352
0.191651
-0.292233
-0.231707
-0.083675
0.540591
-0.145174
-0.740310
0.523234
0.611024
-0.200543
-0.354513
0.388995
0.488124
-0.437937
0.334880
-0.647285
0.307540
-0.088706
0.745773
-0.432895
0.094163
-0.989898
-0.400446
-0.137086
-0.294145
-0.981874
-0.621909
0.223590
-1.000000
-0.655381
0.491046
0.332593
-0.968913
0.335425
-0.321110
0.432884
-0.450973
-0.728037
0.284830
-1.000000
0.782138
0.689615
0.383701
0.782145
0.558041
0.554225
1.000000
-0.142821
0.742249
-0.008609
0.354678
0.315131
0.396189
0.615596
-0.565757
0.805489
-0.351003
1.000000
0.488599
-0.932801
-0.552381
-0.690797
-0.633326
-0.531695
-0.392162
0.075116
-0.858454
-0.623622
0.214740
-0.324082
-0.463851
-0.009736
-0.260383
0.706466
0.830532
-0.745423
-0.396751
-0.260038
0.259746
-0.241904
0.656773
-0.768356
0.420581
-0.151951
-1.000000
-0.657880
0.901557
-0.263614
0.787187
0.784780
0.250486
0.508797
-0.140832
0.144423
0.804622
0.949338
0.106028
0.108583
0.536960
-1.000000
0.112017
0.960177
-0.575585
0.342861
-0.156947
-1.000000
-0.879516
0.930368
0.153384
-0.555321
-0.083931
0.218816
-0.131831
-0.637951
-0.162260
0.964684
-0.870682
-0.552932
0.328130
0.107593
-0.769205
0.092508
-0.290894
0.439615
1.000000
0.995637
