0.428529
-0.149417
-0.096601
-0.225398
0.260133
-0.065187
-0.148949
-0.216270
0.396576
0.851377
0.842593
-0.858313
0.151402
0.854072
-0.335046
-0.094884
-0.768838
-0.831114
0.194511
0.254863
1.000000
0.307005
-0.923076
-0.604785
0.891660
0.154491
-1.000000
0.530768
-0.674763
-0.643790
-0.294441
0.109662
-0.423312
0.805189
0.939243
-0.989692
0.136508
0.140656
-0.928240
0.080374
0.566075
-0.187403
-0.189387
0.836817
0.400448
-0.097603
-1.000000
0.005585
0.582889
-1.000000
-0.231537
0.828472
-0.702619
0.780246
1.000000
-0.329366
-0.072876
0.258290
-0.003186
0.782176
0.513181
1.000000
-0.092355
1.000000
-0.834584
-0.527455
0.690822
-0.136169
-0.487848
-0.458063
-0.661386
-0.314781
-0.931083
-0.317030
-1.000000
-0.009999
-1.000000
0.705771
1.000000
-0.940716
-1.000000
0.418245
-0.179075
-0.304768
0.174669
0.225826
-1.000000
-0.213110
0.876879
0.320343
0.472872
0.779041
-0.354186
-0.623674
-0.067127
-0.171140
0.980666
0.224890
0.818025
0.819136
-0.754749
-0.085038
0.879402
-0.998199
-1.000000
-0.987797
1.000000
-0.299703
-0.255936
0.224149
1.000000
-0.254216
0.174448
-0.715659
0.527436
0.755704
-0.169749
-0.381290
0.066117
0.750955
0.066035
-1.000000
0.097170
0.779375
-1.000000
0.693076
1.000000
0.592550
0.451767
-0.747937
-0.112343
-1.000000
0.284777
0.199359
0.198619
1.000000
1.000000
0.775379
-1.000000
0.153597
-0.894358
-0.160120
1.000000
0.283518
-1.000000
0.866336
-1.000000
-1.000000
0.131412
1.000000
-0.242272
-0.000588
0.339279
0.382791
0.556638
0.294175
-0.172922
-1.000000
0.839686
-1.000000
0.553945
-1.000000
0.403227
1.000000
-0.869352
0.415864
-0.360073
0.559863
0.036986
0.747902
0.812964
-0.309808
-0.245649
1.000000
0.027858
1.000000
-0.448263
-0.684496
-1.000000
-0.508343
0.968233
0.225279
0.398074
0.584931
0.285038
0.554063
1.000000
-1.000000
0.271856
-0.601150
-0.475957
-0.107380
-0.782786
-0.320971
-1.000000
1.000000
0.223334
-0.491244
0.317772
-0.850261
-1.000000
-1.000000
0.784058
0.104650
-1.000000
-0.333579
0.472440
-0.398650
-0.570059
-0.513971
-0.384879
1.000000
-1.000000
-1.000000
0.931747
1.000000
0.257767
-1.000000
0.333238
-0.137888
-0.350064
0.854574
1.000000
0.773662
-0.281753
0.126921
0.066064
-0.212841
0.472987
0.555317
-0.175500
-0.748196
0.374356
0.030070
-0.823534
-0.678890
-1.000000
-0.401110
-1.000000
0.603681
0.161869
-0.674511
-0.914125
1.000000
0.346290
0.576674
0.548490
0.057461
0.004637
-0.878208
-0.534753
-0.221157
1.000000
1.000000
-0.334738
-0.942379
0.881327
0.190874
-0.188500
0.005468
0.216552
1.000000
1.000000
0.980582
-0.746408
