0.869174
-0.758963
0.081221
0.090953
-0.959496
-0.321254
-0.635132
0.607600
-0.112598
0.101272
0.859822
-0.117632
0.930466
-0.722870
-0.012571
-0.255575
0.146662
-0.874627
-0.448293
-1.000000
-0.062865
-0.784341
-0.245696
0.040538
-0.991002
-0.877737
0.827167
0.088840
-0.592269
-0.989513
-0.554306
-0.945156
-0.358773
0.815162
0.457174
-0.747053
0.695512
-0.285618
-0.133494
-0.812160
0.005965
-0.623862
-0.073837
-0.799193
0.704954
0.391810
0.310920
-0.672819
-0.669200
-0.353933
-1.000000
0.466905
0.072858
-0.244982
0.284664
0.212771
-0.842626
0.119254
0.095449
0.306242
-0.678589
0.885368
0.472180
0.452252
-0.675975
-0.458601
-0.720847
-0.939026
0.493477
0.196947
-0.429890
0.134499
-0.821935
-0.497989
-0.894716
-0.731155
-1.000000
-0.020296
1.000000
0.776788
0.550640
-0.106102
0.226097
-0.487699
-0.367152
-0.977422
0.037791
-0.430275
0.015006
0.235065
-0.871936
0.265063
0.955316
-0.120732
0.984051
-0.710121
0.805600
0.039848
0.209178
-0.875829
-0.305348
-0.183978
-0.599484
-0.333051
0.631999
0.464123
0.187549
0.852187
0.477136
-0.906492
-0.455038
0.253741
0.102482
-0.626787
-0.938811
0.521146
0.289935
0.045207
-0.630799
-0.771130
0.537511
-0.612305
-0.884299
0.261336
0.836999
-0.494531
-0.894509
-0.339222
-0.078428
0.708698
-0.550614
-0.798755
-0.786476
0.872031
-0.921169
-0.382665
0.159918
-0.493475
0.742287
-0.056925
0.817910
0.602111
-0.423647
-0.656378
-0.491104
-0.428294
0.235688
0.082957
-0.099363
-0.827929
-0.151403
0.591390
0.701898
0.118215
0.233828
0.386036
0.140385
0.634063
-0.247838
0.307840
0.660232
-0.915973
-0.918234
0.037971
-0.777382
1.000000
0.277642
-0.374035
-0.090512
0.171873
-0.511255
-0.755403
-0.059490
-0.581096
0.017226
-0.464161
-0.453321
0.940724
0.534747
0.533081
0.144374
0.269377
0.920383
0.060041
0.708981
-0.826524
-0.011964
-0.793760
0.682420
-0.310853
-0.407969
-0.391335
0.546498
0.895404
0.408922
-0.000784
-0.126544
0.710456
0.116962
0.993910
-0.386646
-0.408067
0.512195
0.574075
0.501860
0.629104
-0.443609
0.638103
0.828960
-0.666564
-0.508867
0.169349
-0.372186
0.898471
0.797624
-0.704694
-0.469060
0.238910
0.818398
0.407464
0.972554
-0.434965
-0.905885
0.981075
0.668501
1.000000
-0.191657
0.710612
-0.114658
0.253476
0.367569
0.356230
0.784278
0.318282
-0.077642
-0.352119
-0.745586
0.067519
0.347117
-0.069907
-0.569761
-0.817639
-0.108729
0.685855
0.583008
0.308588
0.883597
0.070536
-0.651714
-0.896234
-0.640386
0.853650
-0.699768
-0.567619
-0.147705
0.049708
-0.687706
0.289604
0.300533
0.629071
0.689484
0.455469
-1.000000
0.371341
-0.481272
