-116.000000
3.000000
-1.000000
-1.000000
66.000000
-1.000000
67.600000
-1.000000
-1.000000
60.400000
-1.000000
-0.586585
0.119074
-1.000000
0.961986
-0.041359
0.993137
-0.602165
-0.575435
0.218193
-1.000000
-0.726050
0.827442
-0.572572
-0.141768
0.811300
0.028803
0.447827
0.147157
0.984018
-0.450709
-0.410983
0.557927
-1.000000
0.549373
0.649884
0.698016
0.230970
0.553452
0.056193
0.159547
-0.565241
-0.454209
0.037169
0.102845
-0.851728
-0.720639
-0.542721
0.179718
-0.871828
-0.728516
0.181772
1.000000
0.782258
0.289887
-0.778759
0.871020
0.391727
1.000000
1.000000
0.149727
-0.948227
1.000000
-0.288104
0.284031
-0.418860
-0.114937
0.704739
-0.990186
-0.807313
0.843030
-1.000000
0.676385
0.688431
0.659850
0.997456
-0.659964
-0.488005
0.650182
0.333606
-0.736300
0.327262
0.279470
0.357108
-0.051516
1.000000
0.322670
0.066197
-1.000000
-0.829428
-0.523916
0.288880
-0.798165
-0.127982
-1.000000
0.915445
0.773408
-0.311912
0.095745
-0.984087
-0.017017
-0.536772
-0.723934
-1.000000
-0.234685
-0.299523
-1.000000
0.201105
0.505741
-0.439819
-0.963325
0.073140
-0.599578
-0.707901
-0.500814
-0.205746
0.060152
-0.262845
-0.704581
0.156149
0.545147
0.712422
-0.391991
-0.427911
0.790878
1.000000
-1.000000
-0.427092
-0.622507
-0.490490
0.336036
1.000000
-0.640930
0.757213
0.359291
-0.009660
0.615198
0.259373
-0.199509
-0.038006
-1.000000
-1.000000
-1.000000
-0.907450
1.000000
-0.367213
0.914278
-0.104596
0.533864
-0.475666
-0.983853
-1.000000
-0.208533
0.536301
-0.160485
1.000000
-0.110010
0.158807
0.910741
0.618199
1.000000
-0.890625
-0.629772
-0.662397
0.150303
0.394256
0.887721
0.959967
-0.947290
0.709644
-0.092766
-0.252145
-0.434995
0.269366
-0.287684
-0.483540
-0.812927
1.000000
-0.246171
0.276675
-0.710293
-0.772020
-0.295411
-0.370817
-0.577840
-0.634886
-0.189340
-1.000000
-0.044126
-1.000000
-0.898426
-1.000000
0.625654
-0.562063
-1.000000
-0.177629
-0.597285
-0.449911
0.851775
-0.412921
-0.355738
-0.494607
0.935542
-1.000000
0.375850
1.000000
0.697028
-0.602005
-0.768553
0.223706
-0.423324
-1.000000
1.000000
-0.478856
-0.367676
0.324556
-0.423811
0.610894
0.283267
-0.836235
-0.564854
0.094198
1.000000
0.591118
0.020654
0.750317
0.362351
-0.043998
1.000000
-0.231855
-0.992500
0.015323
0.574283
-1.000000
-0.142926
0.309545
-0.806706
1.000000
0.100979
0.567340
1.000000
-0.506606
-0.987933
1.000000
0.507694
-0.680346
-1.000000
1.000000
0.499808
-0.773491
0.014036
0.218086
0.415044
0.049147
0.348492
-0.047752
1.000000
1.000000
-0.944394
-0.481586
0.274005
-0.637202
-0.688085
0.148682
-0.141032
-1.000000
-0.366871
-0.198014
0.066756
0.140567
0.095152
1.000000
-0.703846
0.393132
0.725532
