-86.800000
3.000000
-1.000000
-1.000000
38.000000
-1.000000
74.800000
-1.000000
-1.000000
90.400000
0.489918
0.526646
-0.414724
0.356323
-0.100094
0.738378
-0.989027
0.109944
1.000000
0.512608
0.577795
1.000000
-0.933314
0.249170
0.369974
0.208033
-0.860958
0.560902
0.872064
-0.078870
-0.323755
0.282021
0.066828
0.248357
-1.000000
0.998745
1.000000
0.153166
-0.909149
0.987797
0.922983
-0.583727
-0.547678
-0.658312
-1.000000
-0.070719
-0.994525
-0.084523
0.629680
0.226192
-0.304652
-1.000000
1.000000
0.238790
-0.705680
0.840289
-0.115036
-0.676530
0.552934
0.294872
-0.214956
-0.198733
0.098790
0.665473
0.613014
-0.457799
-0.573219
-0.029399
1.000000
-0.074641
0.362932
1.000000
-0.709986
1.000000
-0.051514
-0.439435
0.222419
1.000000
0.101505
0.706266
0.774333
1.000000
-0.526379
0.392122
-0.090614
-0.227304
0.504837
1.000000
0.110417
-1.000000
-0.192672
0.598160
-0.486034
1.000000
-0.863032
-0.730825
0.336996
0.377736
0.443485
1.000000
1.000000
-0.476052
-0.999529
-0.068628
0.814663
0.144438
0.215834
0.120117
0.597073
0.009306
1.000000
1.000000
0.878215
0.590738
-0.443130
-0.010448
0.221110
0.872155
-0.399377
0.606159
0.061368
-0.027571
-1.000000
-0.632815
-0.404121
0.225977
-0.145978
-0.076159
-0.658408
-0.869524
0.484977
-0.480526
1.000000
0.693910
0.018311
-0.695232
1.000000
0.852106
0.426078
-1.000000
-0.768126
0.030090
0.025290
-1.000000
0.284453
-0.441893
-0.256859
0.769462
-1.000000
-1.000000
-0.809551
-0.524123
-0.117837
1.000000
1.000000
0.314326
0.364264
-0.739756
1.000000
0.231155
0.710932
0.802320
-0.082967
0.402045
-1.000000
-0.803701
0.465038
0.872013
0.295378
-0.343355
0.579440
-0.164981
0.195581
0.307943
0.158975
-1.000000
0.130361
0.617133
0.892960
0.924312
-0.189495
-0.510608
-0.746733
-0.233289
0.086733
0.325582
-1.000000
0.888894
-0.353353
-0.285164
1.000000
-0.733378
0.118297
0.656570
0.084320
-0.319459
1.000000
0.958109
1.000000
0.568245
0.853612
-0.673236
0.722800
-1.000000
0.841757
0.014871
0.996130
-0.785896
0.378307
-0.405508
0.860485
-0.263085
0.330446
-0.323468
-0.510830
0.152435
-0.025288
-0.395706
0.497223
0.842030
1.000000
0.775562
-0.209964
-0.357605
-0.326246
-0.641394
0.528698
-0.163325
0.992326
-0.611578
0.494409
-0.520983
0.952490
-0.743885
-1.000000
-0.171102
-0.352269
-0.029116
-0.502705
-0.223552
-1.000000
0.090875
-1.000000
-0.485551
-0.598344
0.693042
1.000000
-0.105962
-0.221257
-0.975919
1.000000
-1.000000
0.547639
0.773351
-0.432990
0.490155
-0.069198
0.431532
0.834787
0.809321
-1.000000
-1.000000
-0.296910
-1.000000
-0.174389
-0.684780
0.052779
0.656787
0.883552
-0.555243
-0.407547
-1.000000
0.074298
-0.104508
0.136648
