-197.800000
3.000000
-1.000000
-1.000000
26.000000
-1.000000
82.000000
-1.000000
-1.000000
74.200000
-0.370146
-0.219417
0.215790
-0.833983
-0.900457
0.876541
-0.646292
0.492208
-0.402008
0.862170
0.636194
0.748598
-0.334581
0.099382
0.618348
-0.473213
-0.497546
0.148613
0.134304
0.973125
0.882788
0.703332
-0.685399
-0.464359
-0.449370
0.525599
0.478756
-0.777709
0.627061
0.977704
-0.043126
-0.702343
-0.569205
-0.518850
0.721386
-0.072358
0.952349
-0.446225
-0.151247
0.173492
-0.478041
-0.309654
0.612524
0.781601
-0.870659
0.812699
1.000000
0.915427
0.035005
0.820090
-0.754570
-0.311150
-0.289263
-1.000000
-0.686306
-0.861813
0.617899
0.522679
-0.581206
0.639604
0.022081
-0.356821
0.425278
0.507777
-0.678499
0.920331
0.578769
0.089392
0.100579
0.252902
-0.678133
-0.364881
0.280010
0.003056
0.163952
0.670093
0.955638
-0.218625
0.138586
0.339878
-0.411146
-0.027592
-0.083133
0.458911
-0.790021
0.586690
0.635027
0.957671
-0.199827
0.713537
-0.388008
-0.010617
0.925041
0.605176
0.184695
-0.049843
-0.454834
-0.200297
0.708683
0.081578
-0.672119
-0.667229
0.913512
0.435082
0.571545
0.660238
0.720779
-0.390324
-0.108087
0.986708
0.195811
-0.960727
-0.378788
-0.280826
-0.428729
0.207744
0.679611
0.440232
-0.337219
-0.969224
-0.554720
-0.806062
-0.703966
-0.349975
-0.244921
0.312399
0.726217
-0.044136
0.068894
0.114217
-0.972852
-0.170629
0.403560
0.626492
-0.489372
0.893853
0.252280
-0.656375
-0.806093
0.595745
-0.488470
0.732127
-0.580601
0.230288
-0.466998
-0.970909
-0.479994
0.366764
-0.356287
-0.688136
0.633030
0.351564
-0.604556
-0.087289
0.694456
0.201939
0.190602
0.747410
0.514448
-0.018271
0.474712
0.147806
0.370586
0.214730
0.211046
-0.538858
0.116203
-0.120656
0.760524
0.072610
-0.929166
0.434370
0.067611
-0.636165
0.850172
0.827998
-0.934981
0.829647
-0.450016
-0.581162
-0.718661
0.102232
-0.479436
-0.539825
0.413113
-0.082671
0.769645
-0.253288
-0.970662
-0.978517
0.301956
0.339844
-0.224551
-0.928156
-0.099399
0.575055
0.982770
-0.506169
0.704698
-0.075525
0.762923
-0.566934
0.799448
0.920347
-0.717889
-0.836229
0.500930
0.206974
0.242567
0.993450
-0.971571
0.892161
0.188536
-0.511093
-0.421548
0.567446
0.408313
0.371068
0.852135
0.113848
-0.466771
0.341631
0.255967
0.850783
-0.539208
0.319911
0.141590
0.198314
-0.709164
-0.777478
-0.366234
-0.064076
-0.262276
-0.407465
0.364959
0.649310
-0.376546
0.409476
-0.508768
0.183147
-0.915124
-0.428095
0.521096
0.200174
0.638327
-0.601555
0.257159
0.638690
0.072335
-0.835260
-0.292437
-0.404607
0.722975
0.249961
-0.156091
-0.638939
-0.507343
0.193943
0.232914
0.393439
-0.967127
-0.559031
0.868634
0.626659
-0.525616
