-179.600000
3.000000
-1.000000
-1.000000
54.000000
-1.000000
73.600000
-1.000000
-1.000000
62.800000
0.796798
0.467405
0.392626
-1.000000
-0.663385
0.247698
-0.483682
0.015856
-0.873435
-0.474213
-1.000000
-0.053584
-0.390763
-0.127060
-0.087575
-0.664706
1.000000
0.650490
-0.236332
0.180052
1.000000
0.558136
1.000000
-0.431819
-1.000000
-1.000000
0.633888
-0.232112
-1.000000
-0.519555
-0.399037
0.508591
-0.759254
0.602716
0.090640
-0.410305
1.000000
0.617572
1.000000
-0.485394
-0.586162
0.941620
-0.103962
0.851823
-0.347439
0.006244
0.348107
-1.000000
0.774369
0.024899
-0.972922
1.000000
0.848432
0.298877
-0.706916
-0.101499
-0.973572
-1.000000
1.000000
-0.540675
0.345895
-0.377840
-0.310188
1.000000
-0.193641
-0.291124
0.116914
0.580307
-0.613756
-0.033488
-0.174323
-0.432633
-1.000000
0.403372
0.547219
-0.792270
-1.000000
-0.993162
0.456660
-1.000000
0.864918
1.000000
0.159828
-0.997072
0.205087
1.000000
-0.209865
0.714218
-0.878201
-0.483419
-0.730388
-1.000000
1.000000
0.162213
-0.103335
-0.257414
-0.754259
0.094730
-0.317374
0.169521
1.000000
-0.415374
-0.945830
-0.194798
-0.208372
-0.729636
-0.809133
1.000000
0.434566
0.233055
-1.000000
0.203755
0.645104
-0.300332
-1.000000
-1.000000
-0.022277
0.800757
0.045058
-0.857062
0.729526
-0.616881
0.101222
0.188938
0.411373
0.477698
-0.169528
-0.877449
-0.426923
0.638458
0.117290
0.775616
-0.828365
0.590645
-0.327265
0.107764
0.908274
-0.441668
0.599350
-1.000000
-1.000000
1.000000
-1.000000
-0.328016
-0.714009
0.384268
1.000000
0.339305
-0.258395
-0.893304
0.058899
1.000000
0.046814
1.000000
-0.602860
0.422257
-0.890601
-0.169812
0.338280
0.161120
-0.387268
1.000000
-0.399411
0.329668
-0.374910
-0.135946
0.014905
-0.116759
1.000000
-0.037965
-1.000000
0.239801
0.914284
-0.639866
-0.900470
0.759462
0.655595
1.000000
-0.292080
0.053836
0.572052
-1.000000
-0.325730
-0.570996
1.000000
-1.000000
0.816206
-0.838801
-0.033534
1.000000
-0.162837
0.020253
1.000000
0.141478
-1.000000
-1.000000
0.773989
1.000000
1.000000
-0.572344
0.397018
0.705844
-0.514712
-0.375847
-0.937012
0.489524
0.710061
0.363894
-1.000000
0.624022
0.156923
-1.000000
-1.000000
-0.600561
-0.800179
0.519978
0.946324
-0.408018
0.189311
-1.000000
-0.522122
0.469362
0.565532
1.000000
0.953443
-0.727274
-0.499917
-0.479237
0.473902
0.954810
0.400843
-0.243653
0.394042
0.028176
0.880806
0.298655
1.000000
-0.145870
0.496870
-0.672329
-0.218352
1.000000
0.962585
-0.570232
0.022551
-0.023832
-0.976987
0.096049
0.019395
-1.000000
-0.080897
0.409474
0.572734
0.235057
-0.156955
-1.000000
-0.114840
0.551205
0.975704
0.390029
-1.000000
-0.951282
0.927507
0.563881
-1.000000
