-205.800000
3.000000
-1.000000
-1.000000
46.000000
-1.000000
82.000000
-1.000000
-1.000000
56.200000
-0.604713
-0.012745
0.651341
0.645928
-0.880737
-0.441563
0.194420
-0.655443
-0.671459
0.036261
0.157468
-0.116450
-0.218351
0.689738
-0.173126
-0.865641
0.095967
-0.746110
0.490741
1.000000
0.467018
-0.820934
-0.648976
0.520688
-0.440310
0.104285
0.267142
-0.331304
0.706278
0.514562
-0.179094
-0.471920
-0.227208
0.088417
-0.271404
-1.000000
-0.296608
0.673102
0.539925
-0.703654
-1.000000
-0.257670
0.571004
0.065926
-0.482522
0.696919
-0.395860
0.171004
0.770672
0.883509
0.474731
-0.666649
-0.791679
-0.463556
0.918139
-0.167069
0.575339
-0.160447
-0.099888
0.353434
-0.873715
0.281635
0.793786
0.135085
0.418125
-0.649871
0.981790
-0.708197
-0.405377
-0.148995
-0.111402
0.317468
-0.860192
0.480339
-1.000000
0.643018
-0.011681
-0.246723
-0.032342
-0.771498
0.779736
-0.546237
-0.675423
0.600108
-0.179471
0.808042
0.979031
-0.842392
-0.485984
-0.683852
-0.177341
0.355562
0.959750
0.865651
0.776181
-0.340640
0.232308
-0.422906
-1.000000
0.541226
-0.673169
-0.069934
-0.055182
-0.109721
-0.673087
0.351728
-0.000033
-0.683074
-0.746591
-0.006798
-0.697220
0.617440
0.174007
0.951773
0.138665
-0.693478
-0.398748
-0.774566
-0.662310
-0.379932
-0.011482
0.798242
0.937222
-0.942792
-0.625738
-0.844631
-0.793506
0.713044
-0.402934
0.356664
-0.860919
-0.093586
-0.671596
-0.237094
-0.610705
-0.647263
-0.368497
-0.676352
-0.706049
0.507509
0.322364
-0.394336
0.403016
0.020903
-0.635794
-0.206316
0.059362
-0.612179
-0.627833
-0.362916
-0.910175
-1.000000
0.513354
-0.220409
-0.831985
-0.700946
0.173605
0.573520
0.973508
0.197381
-0.115035
0.956387
-0.060524
0.446184
-0.434578
-0.734579
0.053823
-0.636393
0.502236
-0.993143
0.291101
-0.870991
0.199810
-0.628882
-0.007688
0.658931
0.948278
-0.502667
-0.396284
0.890237
-0.580273
0.130366
0.471793
0.601699
-0.047763
0.783170
0.071300
0.290241
0.501936
0.215405
-0.747191
0.004431
-1.000000
1.000000
0.100509
1.000000
0.288063
0.109202
0.230799
0.906808
-0.853334
0.679760
-0.069896
-0.010199
0.738284
-0.603453
-0.995567
0.631548
-0.515606
0.807254
-0.927557
0.906653
0.353361
-0.233824
0.123581
0.224018
-0.355100
0.842546
-1.000000
-0.508402
0.080120
-0.560678
0.513043
0.531743
-0.423983
-0.452797
-0.981656
0.634724
-0.518803
-0.777468
-0.106143
0.159501
1.000000
0.721402
0.696387
0.706864
-0.151308
-0.112164
-0.006831
-0.516208
0.462530
0.432363
-0.948576
-0.070704
0.219798
-0.562000
0.362522
-0.362453
-0.292159
-0.983965
-1.000000
-0.190400
0.424407
-0.766159
0.109984
0.754754
-0.914855
-0.617344
-0.266457
0.058703
0.684933
-0.677160
0.401352
0.216682
-0.346908
