-110.800000
3.000000
-1.000000
-1.000000
76.000000
-1.000000
80.800000
-1.000000
-1.000000
72.400000
0.786877
0.094780
-0.192395
-0.123247
0.062198
0.022084
-0.491087
-0.440825
-0.719556
-0.189794
-0.477329
0.633822
0.012651
-0.351706
-0.085100
-0.291762
0.471884
-0.143065
-0.238699
-0.054682
-0.700573
-0.319694
0.827012
-0.415235
-0.128812
0.450041
0.676281
-0.892976
-0.285730
0.032682
0.613010
-0.850969
0.660593
-0.986196
0.054477
0.790587
-0.625860
0.229130
0.272738
0.594499
-0.207454
0.523825
0.938057
0.692161
0.478181
-0.611796
0.757590
0.692073
0.858948
-0.540164
-0.719567
0.549145
0.364375
-0.578160
-1.000000
0.075679
-0.422775
0.608632
-0.153502
-0.314566
0.964370
-1.000000
0.563760
-0.459562
0.893089
0.369276
-0.434202
0.480650
-0.011429
-0.583422
-0.691507
0.171921
-1.000000
0.419112
-0.789280
-0.284341
-0.732133
0.515309
0.965865
-0.553024
0.759946
-0.885961
0.807055
-0.554037
-1.000000
-0.638194
0.609161
-0.147656
0.550206
0.457805
1.000000
0.849864
0.977419
-0.489183
0.338132
-0.530441
0.046710
-0.697297
0.077845
1.000000
0.064432
-0.736654
0.033637
-0.483088
0.368829
-0.100769
0.425568
0.025195
-0.672606
-0.902319
-0.287099
-0.485963
-0.491715
-0.678988
-0.953904
0.104156
-0.140706
-0.468797
0.346539
0.127090
0.532162
-0.749848
-0.758861
0.957190
0.454381
0.279007
0.065929
0.766880
-0.605105
-0.649445
0.655740
-0.037749
-0.068039
-0.256388
0.706951
0.593191
-0.110205
0.630572
-0.032172
-1.000000
-0.472195
0.443403
0.927131
0.359108
0.655151
0.165006
-0.672473
-0.409916
-0.189247
0.671749
-0.529699
0.235973
-0.500493
-0.238253
-1.000000
0.959116
0.687550
-0.291463
0.768520
0.736652
-0.935366
-0.861051
-0.923906
-0.950047
0.177304
0.255430
-0.008031
-0.971939
0.671672
-0.216811
-0.747407
0.761743
-0.374763
-0.763014
-0.464228
-0.894372
-0.677195
-0.544855
0.468420
0.439054
-0.437336
0.083522
-0.305457
0.339174
-0.046042
0.828202
0.275904
-0.248454
0.836599
-0.140013
1.000000
-0.209530
0.840244
0.219402
-0.064450
-1.000000
-0.520408
0.147382
-0.504451
0.107315
0.831828
-0.089768
-0.671355
0.406080
0.229396
0.354040
0.841334
-0.036851
0.847293
0.928219
-0.860110
-0.061753
0.745397
-0.076031
0.346648
-0.532881
-0.924271
-0.392732
1.000000
-0.923013
-0.162763
-0.279114
0.049119
0.446213
-0.218564
-0.793502
-0.368918
0.152290
-0.048230
-0.321482
0.349658
0.935064
-0.554696
-0.059855
1.000000
0.818142
-0.236044
0.321559
-0.718593
0.744555
-0.515357
0.826611
0.969763
0.222442
-0.609353
0.895417
-0.159784
-0.742518
-0.199694
0.532588
-0.699979
-0.928405
0.888399
0.927211
0.419811
-0.958563
0.416828
-0.100469
0.318035
0.058514
0.818725
-0.198570
-0.711979
0.748093
0.170647
