0.880401
-0.970926
-0.110323
-0.983629
-1.000000
-0.685424
-0.588520
-0.072857
-0.253125
-0.074583
-0.053905
-0.848921
-0.774199
0.901594
0.584828
0.443788
-0.190739
0.935346
0.012151
0.956246
-0.362666
0.728859
0.861802
-0.522828
0.967623
-0.346862
0.316708
0.999205
0.729518
-0.960014
-0.470096
0.618904
0.325375
0.507182
-0.229714
0.720660
0.058588
-0.544735
-1.000000
0.000837
-0.479229
0.299225
1.000000
1.000000
-0.611903
0.819121
-0.486229
0.985632
-0.302517
-0.455730
-0.371988
-0.468590
0.942834
-0.393992
0.671947
0.057276
-0.390398
0.202924
-0.707864
0.855280
0.436212
-0.961429
0.414457
-0.466636
0.709740
1.000000
0.003181
-0.692475
-0.647865
-0.142418
0.570651
-0.855342
-0.223402
-1.000000
-0.569302
0.080710
0.029532
0.987404
-0.743422
-0.090458
-1.000000
0.134118
1.000000
-0.309244
-0.869564
-0.757660
-0.155853
1.000000
-0.248904
0.639125
-0.442443
-0.621712
0.492650
0.265108
-0.572948
0.595006
0.840801
-0.479070
0.225695
0.461302
-0.842367
0.777844
0.954292
-0.279921
-0.224166
0.100739
0.785272
-0.102547
0.567767
0.583850
-0.563038
0.607423
-0.274720
-0.139526
0.632555
-0.926588
0.737429
-0.456117
0.558442
0.091577
0.899487
-0.606307
0.136591
0.580403
0.269217
-0.296498
-1.000000
0.507743
0.801920
-0.576883
0.450211
-0.004938
-0.505023
0.475856
0.506925
-0.724293
-0.754187
0.847821
-0.420623
0.253834
0.412342
0.289179
0.690987
-0.933412
0.870605
-0.332230
-0.961492
-0.472529
-0.765023
0.817710
-0.168170
-0.410500
-0.127969
0.134377
-0.156314
-0.448716
-0.061887
0.310126
-0.291032
0.539833
0.600376
-0.838450
0.825222
0.944242
-0.442271
0.936227
-0.689398
-0.683469
1.000000
-0.233728
-0.034829
0.825491
0.961632
0.068855
0.513006
-0.278866
-0.160037
0.235545
-0.917898
0.935291
-0.267463
-0.092365
-0.103571
0.675811
0.843922
-0.512801
-0.882888
0.008376
-1.000000
0.690661
-1.000000
-0.099160
-0.239491
0.617226
-0.038239
-0.299015
0.119219
0.344400
0.568953
0.918525
-0.257894
0.327571
0.136959
-0.697808
-0.878555
-0.144302
0.572977
0.459216
-0.967372
-0.275069
0.325302
0.716625
0.172511
0.828245
-0.030397
0.976454
0.165048
-0.687903
0.726909
0.413405
-0.201961
0.955203
-0.071976
-0.653933
0.068481
-0.527345
0.284214
-0.192007
-0.822364
0.560290
0.602731
0.930370
-0.210339
0.587913
-0.661067
-0.958763
0.832450
-0.412062
0.569111
0.518871
0.276331
0.113481
-0.072658
0.831371
0.007115
-0.511631
0.215796
0.648594
-0.691625
0.400399
0.221007
0.519305
-0.734767
0.124704
-0.049209
0.236697
-0.064114
0.652123
-0.167087
0.775255
-0.339759
-0.941840
0.386866
0.314149
-0.803012
