0.761722
0.087731
-0.702573
-0.638160
-1.000000
-1.000000
0.402452
-1.000000
-0.454657
0.164770
1.000000
0.098421
-1.000000
-0.305688
1.000000
-1.000000
0.559917
-0.512685
-1.000000
0.241819
-0.418320
0.880239
-1.000000
-0.095072
0.354016
-0.132879
0.658847
-1.000000
-0.067193
1.000000
-1.000000
-0.446342
-1.000000
0.388342
-0.077740
0.795885
-1.000000
1.000000
-0.490134
0.003933
0.600896
0.570530
0.395056
-0.118339
0.242245
0.394335
-0.305470
-0.423990
-0.357734
0.207649
-0.962850
0.716338
0.712932
0.462193
0.092554
0.651717
0.928961
-0.862899
0.076648
-0.835737
-0.044391
-1.000000
-0.999129
-0.100412
-0.582560
-0.283343
0.897888
-1.000000
1.000000
-0.042886
0.917107
0.155049
0.412684
-0.213353
-0.257866
-0.163516
0.663810
0.301649
-0.497937
-0.462944
-0.122074
-0.107605
-0.026479
-0.427679
-1.000000
-0.159184
1.000000
-0.041262
-0.854878
-0.754724
-1.000000
-0.354602
-0.408113
-0.247227
0.133640
1.000000
0.044020
0.035074
1.000000
0.737616
-0.382398
-1.000000
0.139144
-0.494174
-0.050200
-0.629445
1.000000
0.161837
0.953972
0.785268
0.532860
0.749753
1.000000
-0.868701
0.392965
-1.000000
0.979755
0.939843
-0.292640
-1.000000
0.295434
0.460054
-0.014710
-0.616285
0.415020
-0.196980
-0.234016
0.446125
0.533238
0.897823
-0.725667
-0.075362
0.447124
1.000000
0.263741
-0.986879
0.608287
-0.206111
-1.000000
-0.809651
-0.052344
-1.000000
0.321335
1.000000
0.580760
-0.278282
1.000000
-0.618436
-0.434569
0.302330
-1.000000
-0.745403
-0.302631
0.476961
-1.000000
-0.292424
0.379635
0.089140
-0.124497
1.000000
1.000000
-1.000000
-0.242457
0.963977
-0.864374
-0.301409
-1.000000
-1.000000
0.494656
-0.171948
-0.813475
0.788233
-0.173821
-0.583183
0.590443
-0.104041
0.611127
-0.704227
-0.038969
-1.000000
-0.523090
0.388762
-1.000000
0.079567
0.467495
0.719697
-0.369947
-0.453469
-0.475874
-0.625710
-1.000000
-0.423704
-1.000000
-0.860020
1.000000
-0.990742
-0.112339
0.845955
0.089955
0.117754
-0.847987
-0.135663
0.519252
-0.014038
0.615717
0.504509
-0.062140
-0.729640
0.571383
0.167475
-1.000000
0.438577
-0.473801
0.612748
1.000000
0.276853
-0.102142
-0.316081
0.738042
0.826360
1.000000
-0.542435
0.110983
0.666055
-0.310806
1.000000
-0.648939
-0.048396
0.283905
-0.634680
-0.903728
0.014081
1.000000
-1.000000
-0.121693
-0.449640
-0.210383
0.483242
0.275169
-0.837960
0.490009
-0.062494
0.017792
0.197868
-0.833825
1.000000
-0.213607
1.000000
1.000000
0.621444
0.688284
0.382027
0.152797
-1.000000
-1.000000
-0.915467
1.000000
-0.923793
0.013981
0.344796
-0.191773
0.219146
1.000000
0.216928
1.000000
