0.635572
0.290492
-0.787435
-0.584139
-0.723799
0.448466
-0.093124
0.518792
-0.641289
0.992961
0.178300
-0.132122
-0.971814
-0.285835
-0.724492
0.489770
-0.632670
0.421299
0.143589
-0.119280
-0.275491
0.682459
-0.020796
0.598515
0.033225
0.595055
0.427350
-0.506024
0.878692
-0.158440
0.375445
0.284046
-0.846943
0.831369
0.450384
-0.419049
-0.317711
-0.607421
0.661393
0.003227
-0.847440
0.231910
-0.763125
0.713845
-0.266907
0.116768
-0.125407
0.737363
-0.976602
-0.548609
-0.375594
0.861116
0.081866
0.341502
0.904458
0.155666
0.606896
-0.130370
0.277777
-0.796666
0.606184
-0.396097
-0.637526
0.296355
-0.832212
-0.453943
0.707043
0.902609
0.752144
0.734398
0.963342
0.254747
0.792480
0.021092
-0.468832
-0.308266
0.772659
-0.925336
0.619504
0.317863
0.618964
-0.968451
0.746386
-0.182861
-0.295336
0.157861
0.816018
-0.690475
-0.110825
0.731570
-0.649666
0.942260
-0.631915
-0.641942
0.174569
-0.356417
0.776629
0.196063
0.441976
0.124516
-0.875940
0.370139
-0.839761
0.007169
0.225593
0.424550
-0.794828
-0.488271
-0.064039
-0.746544
-0.704413
-0.982177
-0.146624
-0.857698
-0.796682
-0.459607
-0.055669
-0.241622
0.170508
0.837584
-0.000179
-0.681302
-0.366158
-0.884712
-0.930729
-0.129559
-0.929979
0.911382
0.743569
0.745247
-0.707501
0.800921
0.274610
0.983650
0.219859
-0.891074
0.956730
0.006265
0.193355
-0.522896
-0.718959
0.229858
0.008888
0.367414
-0.313048
0.516871
0.306124
-0.040890
0.924142
0.299758
-0.426757
0.657317
0.950464
-0.669630
-0.190088
-0.023068
-0.099854
0.882991
-0.827774
-0.374060
0.827057
0.535889
-0.519859
-0.836398
0.265562
0.159954
-0.491425
0.256522
-0.247109
-0.360129
-0.581179
0.746691
0.129881
0.284597
0.780799
-0.882983
0.467776
0.166554
0.056400
-0.993544
0.601669
0.551863
0.084136
0.442689
0.868355
0.998331
0.635868
-0.396023
0.801816
0.537592
0.953674
-0.917077
-0.663762
0.941303
-1.000000
0.846857
0.618479
0.012174
0.307223
-0.622677
0.584854
0.266094
0.979173
-0.989767
0.120663
0.167800
-0.261449
-0.082599
-0.997580
0.582545
0.960436
0.434315
0.856800
0.114837
0.714568
0.375189
0.097501
0.435730
-0.340450
0.560025
-0.104634
-0.544285
0.349954
0.605373
-0.722706
0.806763
0.910554
0.886143
-0.373876
-0.209453
-0.711732
-0.837562
-0.845739
-0.596714
-0.030714
0.596635
-0.019210
0.927601
-0.350596
-0.851195
0.009631
0.539224
0.965605
0.468079
0.071408
-0.609779
-0.457551
0.186981
0.929378
-0.371097
-0.941516
-0.659698
-0.871945
-0.874420
-0.222847
-0.968483
0.044915
0.292990
0.265765
0.832877
0.023645
-0.492616
-0.760788
-0.583893
-0.665644
