1.000000
0.280547
0.052758
1.000000
-0.383752
-0.685090
-1.000000
-0.033668
0.488586
0.282877
0.890813
0.010603
-0.630474
0.163796
1.000000
0.722227
-0.513571
0.153363
0.743104
0.473053
-0.055050
1.000000
-0.759329
-0.460720
1.000000
-0.451222
-1.000000
-0.488978
0.924310
-0.931683
0.147492
-0.986693
-1.000000
0.485321
0.346244
-0.009393
-0.174310
0.463125
0.136943
0.681965
-0.600194
0.603031
0.753161
-0.855361
0.966140
-0.958117
0.225898
0.351180
0.112092
0.587441
0.696682
0.600840
-0.183287
0.385296
-0.588232
-0.807672
1.000000
-0.026508
-0.011012
0.301288
-0.058064
-0.814611
1.000000
0.408968
-0.337130
-0.940087
-0.432036
-0.020631
0.235123
0.686222
0.333474
-1.000000
0.718855
0.260977
0.390083
-0.689335
-0.885999
0.640257
-1.000000
0.347571
-0.969064
-0.222421
0.259173
-0.660848
0.582640
0.823358
0.251915
0.528454
0.066185
-0.284057
-0.634896
-1.000000
0.709591
1.000000
0.663716
1.000000
0.312702
1.000000
0.785289
0.236419
0.980102
-0.286485
-0.219542
-0.129945
-0.496800
-0.596518
-0.384955
-0.390907
0.474992
0.707488
-0.697058
0.074177
-0.181476
0.255670
0.413228
1.000000
0.427552
-0.141985
0.388738
-0.472507
0.730171
0.721382
-0.386281
0.996364
0.804532
0.389515
-0.202825
0.004183
-0.051232
0.899468
1.000000
0.585385
-0.073626
-0.327911
0.495547
-0.636533
1.000000
-0.226855
-0.587582
-0.093207
0.228105
-1.000000
0.331770
-0.659664
0.962990
0.476580
0.406115
-0.357746
-1.000000
-0.339693
-0.382174
-1.000000
-0.754598
0.076451
0.620293
0.622664
-0.302770
1.000000
-0.335188
0.259715
0.040721
1.000000
0.513246
0.157750
-0.032606
-0.638087
-1.000000
0.538726
-0.915476
1.000000
-0.266286
0.191093
-1.000000
1.000000
0.237796
0.455371
-0.356164
0.722140
0.326062
0.784871
-0.497356
-1.000000
0.646440
-0.996297
0.758342
0.083021
0.156854
0.013017
-0.850552
-1.000000
-0.503992
0.272841
1.000000
0.630762
0.683914
1.000000
0.101084
-0.052991
0.816748
1.000000
0.455025
0.574356
-0.391990
-0.511453
0.231572
0.732460
-0.355666
0.016645
-0.785604
-0.051883
-0.056156
-0.217716
0.178497
1.000000
1.000000
-1.000000
0.077725
0.360538
-1.000000
-0.440439
0.066404
-1.000000
0.680640
-0.169491
-0.187500
0.138667
0.621253
0.180529
1.000000
0.154362
-0.421795
-1.000000
0.441702
0.031028
0.740146
-0.348120
-0.522937
0.099422
0.995448
-1.000000
0.172246
0.430543
-1.000000
-0.720571
0.798912
-0.152608
-0.467122
0.906416
0.229362
-0.531431
-0.770662
-1.000000
-0.298308
-0.545669
0.276812
-0.922827
-1.000000
0.246882
0.867577
-0.177190
0.698952
0.207460
0.489498
0.241504
-0.970254
