-0.525804
0.061446
-0.773901
0.618591
0.527110
-0.293979
-0.965235
-0.604671
0.633337
-0.264047
0.926701
0.654973
-0.863484
0.979927
-0.965696
0.833215
0.729727
-0.853088
0.672828
-0.617955
-0.897183
-0.256136
-0.457416
-0.281611
0.070390
-0.451279
0.672134
0.730882
0.419200
0.258848
-0.727340
-0.314469
-0.722410
-0.152322
-0.329159
-0.773819
-0.605335
0.293300
-0.804645
0.202600
-0.152147
0.734677
-0.339559
-0.218793
-0.897287
0.701655
0.378252
-0.764428
0.707155
0.716155
-0.154520
0.806338
-0.906879
0.264801
-0.514895
-0.352880
-0.625411
0.416481
-0.361871
-0.917678
-0.292076
-0.488989
0.258800
-0.579425
-0.335227
-0.649405
-0.462211
0.836161
-0.602703
-0.828310
-0.484927
0.233644
-0.466607
-0.630396
0.825903
0.456736
0.972851
0.539100
-0.195849
-0.193870
0.640527
-0.340330
-0.631071
0.205444
-0.915741
-0.349581
-0.865382
0.439145
0.429174
-0.377734
0.823282
0.490205
0.052452
0.800676
-0.581634
0.995605
-0.795167
-0.542053
0.523338
0.290423
-0.418528
-0.643179
-0.582743
0.751457
-0.750568
0.908463
0.434658
-0.590548
-0.441169
-0.053220
0.124573
-0.035799
0.031368
-0.384929
0.022127
-0.781393
0.567210
0.713920
-0.409888
0.609932
0.529780
-0.568321
0.448620
0.483001
0.584043
0.805442
-0.249460
0.113840
0.138674
0.799907
0.494506
-0.552396
0.302862
-0.015398
0.665214
-0.280645
0.643965
-0.402424
0.173420
0.119933
-0.847447
0.157260
0.689001
-0.449226
0.145952
1.000000
0.419250
0.997303
-0.297209
-0.377644
0.949247
0.027010
0.389952
0.651966
-0.138764
0.956565
0.899341
-0.266507
0.220006
-0.273067
0.972767
0.930351
0.335214
-0.758205
-0.452116
-0.782632
0.043112
-0.370548
0.781079
0.340005
0.912978
0.173196
0.909978
-0.704685
0.949314
0.094317
-0.597796
0.860268
0.480787
-0.611856
-1.000000
0.482021
0.626664
-0.176872
0.340219
0.490167
0.480616
-0.255998
-0.285754
-0.328807
0.806763
0.022726
0.118487
-0.233462
0.469806
-0.402121
0.598061
0.499287
0.479986
-0.432628
-0.985985
-0.358571
0.819939
-0.240099
0.363823
0.170658
-0.433494
0.522185
-0.142257
0.009321
0.325509
0.927576
-0.707191
0.807988
-1.000000
-0.824613
-0.340379
0.991665
-0.863635
0.715665
-0.593712
-0.646731
-0.109229
0.865258
-0.870135
0.844619
0.110618
0.726064
0.240035
0.379603
0.699868
-0.835394
0.070974
-0.727312
0.235825
0.173776
0.000951
0.035310
0.731663
-0.165211
-0.782754
-0.502947
0.986367
-0.727158
0.357862
-0.148639
0.433223
0.187896
0.410749
0.627370
-0.782240
-0.726700
-0.205300
0.328822
-0.531924
-0.347247
-0.080038
0.981937
-0.438555
0.974815
-0.177277
0.606561
0.868728
0.845497
0.508879
