0.792127
-0.497669
0.275041
-0.886430
0.266517
0.312353
-1.000000
0.611746
-1.000000
-0.645849
-1.000000
0.602649
-0.749238
-1.000000
0.749998
-1.000000
1.000000
0.308348
-0.675254
0.206556
-1.000000
-0.676320
-0.132945
0.954888
-0.453925
0.843269
0.702625
-0.503177
-0.514799
-1.000000
1.000000
0.596175
0.147745
0.692333
0.401576
0.572034
-0.055631
-0.145564
-0.074129
0.235773
-1.000000
0.986958
-0.168686
0.183004
0.963640
-0.399603
-0.550575
0.614663
1.000000
-0.234058
-0.564174
-0.391616
0.442983
-0.052658
0.465228
-1.000000
0.263394
-0.645009
-1.000000
0.058915
-0.666065
1.000000
-0.494226
0.213342
0.381050
0.835093
0.022238
-0.467759
0.785460
0.633591
0.813180
-0.392916
-0.087693
0.540316
1.000000
0.716079
-0.689417
1.000000
-1.000000
-0.933550
0.862841
0.896334
0.964072
-0.501223
-0.558413
-0.029236
-0.234623
-1.000000
-0.349824
0.901468
-0.742169
-0.051012
-0.399629
-0.201994
-0.163378
-0.335177
-0.719884
-0.657178
-0.961299
-0.610380
-0.553301
1.000000
0.313017
-1.000000
0.493965
-1.000000
0.260097
0.488847
-0.007173
-0.599860
-1.000000
1.000000
-0.508343
-0.274908
-0.112347
-0.545738
-0.029815
0.442265
-0.683526
1.000000
-0.603583
-0.097647
-0.024138
0.768756
0.533338
-0.011986
-0.490612
-0.343147
0.038065
1.000000
0.357558
1.000000
-0.238441
0.355485
-1.000000
0.811002
-0.169535
0.417153
1.000000
-0.605649
0.968107
0.029070
-0.174439
0.875006
1.000000
-0.386332
0.169349
-0.430646
0.164889
0.153471
0.277158
0.470434
-0.973625
-0.636903
-0.925578
-1.000000
-0.183496
1.000000
0.485488
0.007676
-0.983011
-1.000000
0.438026
0.226341
0.025012
-0.079535
-0.879894
0.994173
-0.649810
0.385177
0.233812
0.588920
0.279879
0.553738
-0.171941
-0.135264
0.760193
-0.024462
0.133926
-0.902014
0.733384
-0.463351
-0.405657
0.773265
-0.048504
0.363070
0.892276
-1.000000
-0.865552
0.060702
-0.473457
-0.036763
-1.000000
-0.026221
-0.409572
0.703877
0.873774
0.409786
0.537216
1.000000
-1.000000
-0.479634
0.317972
0.307942
1.000000
-1.000000
-0.144879
-0.715012
-1.000000
-0.148145
0.295440
-0.761173
0.324494
1.000000
-1.000000
-0.789400
-0.012027
0.163042
0.250908
-0.024010
0.052320
0.303947
1.000000
1.000000
0.032825
-0.256630
0.550998
-0.415747
-0.664909
-0.274277
-0.722278
-1.000000
-0.977421
-1.000000
0.645726
-0.840991
-0.929073
0.318502
-0.340340
-0.424688
-0.029340
-0.305418
0.417185
-0.042224
0.806332
-1.000000
1.000000
0.707943
1.000000
0.571558
-1.000000
-0.930796
0.045528
0.292662
0.046882
0.075483
-0.232933
-0.121114
0.602379
0.289988
0.445245
-0.601783
0.115678
0.209929
0.839594
