1.000000
0.550516
-0.111367
-0.145303
0.690840
0.799505
0.059064
0.120472
0.202828
-1.000000
-1.000000
0.333273
-1.000000
1.000000
-0.066751
0.388985
0.255963
-0.382797
1.000000
1.000000
-0.737072
0.575150
0.261441
1.000000
0.559144
0.116567
-0.768739
0.722220
0.058551
0.176944
0.307787
0.416525
-0.713275
-0.190355
-0.430329
0.541605
1.000000
-0.186242
-0.408609
-0.890219
0.257432
1.000000
-1.000000
0.109146
-0.297939
0.724683
-0.965192
-0.544747
-0.730559
0.593549
-0.293936
0.467235
-1.000000
-0.035035
0.421673
0.193026
0.178580
0.343018
-1.000000
-0.097128
-1.000000
0.027044
1.000000
-0.399766
-0.184511
1.000000
0.617172
0.327356
0.242466
0.306626
0.501092
0.492122
-0.937675
-0.336740
0.292839
0.094139
1.000000
-0.023490
-0.211656
-0.080456
-0.165805
-0.008916
0.137167
-0.186286
-0.621338
0.740643
-0.401371
-0.667619
0.765598
0.612618
0.829819
-0.157057
-0.744411
1.000000
0.111790
-1.000000
-1.000000
-0.608684
-1.000000
-0.464989
-0.146842
0.304245
1.000000
0.038179
-1.000000
-0.304022
-0.631181
-0.115368
-0.156158
0.795414
-0.670415
0.073631
-0.589075
-0.568116
1.000000
1.000000
0.667151
0.826884
0.032714
1.000000
0.405860
1.000000
-0.358531
1.000000
-0.165890
-0.959991
0.521912
0.802181
-0.168993
0.316059
-0.068949
-0.900115
-1.000000
-0.094074
-1.000000
0.444865
0.496029
0.597879
0.593063
0.100996
-0.102151
-0.034744
0.590875
-0.874905
-1.000000
0.581821
0.337867
0.065896
-0.479471
0.523900
1.000000
-0.358736
1.000000
0.905290
-0.125590
-0.671856
-0.968553
-0.040259
0.863527
-1.000000
-0.181440
0.580843
-0.136946
-0.444607
0.722141
0.173622
1.000000
-0.144645
-0.328765
-0.638924
0.783545
-0.673352
-1.000000
-0.755593
0.116280
-0.813902
-0.561889
-0.519377
-0.101494
-0.409787
-1.000000
-0.391128
0.308599
0.364209
-0.909412
-0.434870
-0.047336
0.102611
-0.246878
1.000000
0.530262
-1.000000
-1.000000
-0.363958
1.000000
-0.686257
0.571977
0.418525
1.000000
0.999545
1.000000
-0.819603
1.000000
-0.790353
-0.583802
0.537612
-1.000000
0.752488
-0.427992
0.334953
-0.420509
0.283201
0.091344
-0.210332
-1.000000
-0.639255
0.284016
-0.076642
-0.657859
-0.052550
0.828565
-1.000000
-0.260499
1.000000
0.101822
-0.943591
0.846304
0.369203
-0.444488
-0.899805
1.000000
0.453819
-0.554766
1.000000
0.092236
-0.884088
-0.371915
0.067107
0.482574
-0.928867
-0.723464
0.579608
0.592010
0.948377
-0.700283
-0.133895
-0.587341
0.553053
-0.977884
-0.298828
0.366310
-0.811907
-0.202196
1.000000
0.285871
-0.678764
0.348349
-1.000000
1.000000
-1.000000
-0.643519
-0.776691
0.029409
-0.095893
0.690144
