0.265935
-1.000000
-0.312300
1.000000
-0.983933
1.000000
-1.000000
0.806160
1.000000
-0.242884
0.185069
1.000000
0.806871
0.854384
-0.187551
-1.000000
-0.170643
-0.060956
-1.000000
0.346138
0.254656
1.000000
-0.904226
0.168786
0.517125
-0.793117
-0.167450
0.053603
0.336511
0.012405
0.335675
0.770627
-0.754081
-0.681941
-0.567433
-0.144549
1.000000
-0.496729
0.597361
0.892861
0.801718
-0.258771
0.445549
0.921902
-0.155531
-1.000000
-0.717641
0.357639
1.000000
-0.384122
-0.175513
-0.587726
-0.435074
1.000000
1.000000
1.000000
-0.125372
-0.573035
0.573362
1.000000
0.663176
-0.321550
0.615723
1.000000
0.095820
1.000000
-0.923708
-0.275421
-1.000000
-0.062416
-1.000000
1.000000
-0.115276
0.252092
-0.480482
0.402487
1.000000
0.604232
0.421256
0.029685
-1.000000
-0.142345
-1.000000
0.053876
-1.000000
-0.704827
-0.256450
-1.000000
-1.000000
0.675534
0.587109
0.512753
-0.889390
-1.000000
1.000000
0.168051
0.455234
1.000000
-0.283328
1.000000
-0.278136
0.543168
-0.849506
-0.072924
-0.795512
0.052087
0.248541
0.492292
-0.419899
-0.346694
0.004580
-0.952142
-0.969203
-1.000000
-1.000000
1.000000
-0.435003
0.001184
-0.999437
-0.722233
0.903917
-1.000000
0.259648
-0.593529
0.959881
0.229691
-0.821638
0.577468
1.000000
0.866221
0.730698
-0.168269
0.052229
-1.000000
0.477684
0.369878
-1.000000
1.000000
-0.599042
1.000000
-1.000000
-0.996750
1.000000
0.466630
0.438043
-0.937317
-0.382922
0.267354
-0.757833
0.632777
-0.952610
-0.663484
-0.341608
-0.291153
-1.000000
-0.561954
-1.000000
-1.000000
0.279155
-0.504677
0.195520
-0.515295
-0.720374
-0.071448
0.323108
-0.605744
-0.806442
1.000000
-0.341956
0.099878
0.286467
-0.568405
-0.492437
-1.000000
0.105205
-0.285689
0.352598
0.498058
-0.238755
-0.872465
-1.000000
0.393167
-0.079971
-0.654690
-1.000000
0.754749
-0.931728
0.426059
0.482598
-0.725173
-1.000000
1.000000
-0.139469
1.000000
0.040115
1.000000
-0.114012
0.242448
-0.335416
0.936592
-0.362947
0.736264
0.208346
-1.000000
0.800005
1.000000
0.290505
0.911708
0.690323
-0.535961
-0.972208
0.512507
0.347422
1.000000
-0.246273
0.399262
1.000000
1.000000
0.475846
-1.000000
-1.000000
0.094406
0.594259
-0.759206
-0.674017
-0.615832
0.798525
1.000000
1.000000
0.179068
-1.000000
-0.610609
-0.802620
-0.365952
-0.399587
-0.357819
0.173381
0.344813
0.218465
-0.524527
-1.000000
0.025369
-0.504199
0.113980
0.076636
0.402910
-0.973251
-0.731711
-1.000000
-0.547078
-1.000000
-1.000000
1.000000
0.775368
-0.226283
1.000000
0.735509
-0.804287
-0.152705
0.143940
0.222178
-0.893552
-0.651633
1.000000
-0.183098
