1.000000
-1.000000
-0.132124
-0.313194
1.000000
0.137535
-0.798980
-1.000000
0.204260
0.019146
-0.132375
-0.121935
0.849445
-1.000000
0.390672
0.899050
-0.557730
0.570625
-0.921811
-1.000000
0.193996
0.852724
-0.015359
0.553318
0.649420
-0.891548
-0.594353
1.000000
-0.192341
-0.108078
0.742336
0.944329
-1.000000
-1.000000
0.597362
-0.411237
0.819026
0.255115
-1.000000
0.023012
-0.980734
0.525124
0.982917
-1.000000
-1.000000
1.000000
-0.608470
0.543724
0.543444
0.484223
-1.000000
-1.000000
-0.823668
-0.625865
-1.000000
-1.000000
1.000000
-1.000000
-1.000000
0.747571
-1.000000
1.000000
0.527056
-1.000000
-0.348053
1.000000
-0.107507
0.351393
0.011641
0.404895
-0.633503
-0.280714
-1.000000
-0.196694
-0.131469
-0.932566
0.630310
-0.293572
-0.345874
0.023666
0.391712
1.000000
1.000000
-0.186427
1.000000
0.179396
1.000000
0.769179
1.000000
-0.755211
-0.745373
-1.000000
-0.926245
-1.000000
-0.647365
0.170037
0.039360
1.000000
-0.877284
-0.158209
-0.883493
1.000000
-0.601282
-0.694743
-0.678961
0.914636
0.291933
-0.905956
-0.560799
-0.996677
1.000000
-0.400338
1.000000
-0.697404
-0.450229
-0.440929
-0.898133
-1.000000
0.448010
-0.329871
-0.111247
-0.868140
-0.385983
0.291204
0.505248
0.668649
0.894976
0.312736
-0.200424
-0.485039
-0.275603
0.033211
0.756629
1.000000
0.001945
0.513809
0.273041
-0.707478
0.515434
-0.783187
-0.626867
1.000000
0.478264
0.973598
0.343061
0.460654
-0.202222
-0.070235
0.187982
0.173954
-0.949816
0.827448
0.266615
1.000000
-0.568048
-0.104296
-1.000000
-0.311719
-0.159518
-1.000000
-0.143461
0.428931
-0.302380
-0.573830
0.628156
1.000000
0.301237
0.136958
-0.645829
-0.288736
0.283765
-0.202525
1.000000
1.000000
0.051226
0.374771
-0.790328
-1.000000
-0.560325
0.493018
-0.048290
0.769890
-1.000000
-0.873611
-1.000000
-1.000000
0.356541
0.709685
0.262215
-0.119811
0.074165
1.000000
-0.512576
1.000000
0.797777
-0.524095
0.738576
-0.047279
1.000000
-0.450225
-0.815021
0.517216
-0.149388
-1.000000
1.000000
-1.000000
-0.446517
-0.335039
0.723271
-0.305704
-0.378534
0.178592
-0.054698
0.353459
-0.778529
-1.000000
-0.006773
0.255180
-1.000000
-1.000000
0.240009
-1.000000
-0.062855
0.831227
-0.944563
0.857083
0.733985
0.694615
-0.168324
0.447158
-0.352621
1.000000
1.000000
-0.347039
-0.054620
0.007266
0.233458
-0.213939
0.108691
-0.219196
-0.278446
-1.000000
-0.161117
0.005099
0.734808
0.010916
-1.000000
0.998140
-0.196309
0.208570
-0.298761
0.535416
1.000000
-0.395916
-0.358599
-1.000000
-0.127961
-0.303980
-0.683614
-1.000000
0.989724
0.497218
0.767045
-0.868652
-0.177176
