0.327821
-0.217586
-1.000000
0.094256
0.038460
-1.000000
0.076724
-1.000000
-1.000000
1.000000
-0.090368
-0.768545
-0.260838
-0.716298
0.086332
0.079365
0.812883
-0.382208
-0.543285
-0.204224
-0.653762
-0.578687
-1.000000
-0.055181
0.618829
-0.068804
0.761816
0.844028
-0.945601
0.680912
0.044254
0.422679
0.166719
0.856280
0.836351
0.633623
0.105896
0.336096
1.000000
-0.448263
1.000000
-1.000000
0.503966
0.008191
-0.874958
-0.551568
0.406207
0.269328
1.000000
0.720168
-0.798499
0.046761
0.040926
-1.000000
0.225208
-1.000000
-0.028599
0.035305
-0.492851
1.000000
-0.979378
-0.837813
-1.000000
0.098542
1.000000
-1.000000
1.000000
0.010897
-0.393061
-0.251886
-0.590467
1.000000
1.000000
0.919624
0.268665
-1.000000
-1.000000
0.596187
-0.461703
0.449842
-0.258926
-0.650243
0.076752
0.761721
0.628034
-0.236846
1.000000
0.478098
-0.030457
0.068707
0.259346
-0.175385
-0.671359
0.720391
0.645761
-1.000000
-0.498998
-0.554879
-0.433979
0.052140
-0.594563
-0.071624
-0.429841
-0.601814
-0.059880
-0.368441
-0.192846
0.441218
-0.416828
-1.000000
1.000000
-1.000000
0.374491
1.000000
0.009688
0.615795
0.428268
0.007764
1.000000
-0.338612
-0.981850
0.168503
0.904774
1.000000
-1.000000
-0.952704
1.000000
-0.330397
-0.102127
0.921515
0.089682
-0.864437
0.099223
-0.019161
-0.732884
0.613045
-0.654589
0.877777
-0.689823
-0.001287
-0.456983
-0.060516
0.260054
0.879003
-0.478554
-0.361705
0.985364
1.000000
-0.529486
0.964358
-0.993499
-0.532006
-0.716223
1.000000
0.754423
-1.000000
0.908729
0.455959
-0.178533
-0.742023
-0.928604
-0.805458
1.000000
-1.000000
1.000000
-0.588488
0.829177
0.008221
0.593539
-0.141646
-0.954519
-0.534614
0.459502
0.126849
1.000000
-0.921934
-0.529099
-0.824732
-0.311866
1.000000
0.481755
1.000000
-0.616243
0.613249
0.390546
0.077984
0.335334
1.000000
-0.509788
-0.597499
1.000000
-0.212270
-0.173721
0.295839
-0.134862
-0.044482
-1.000000
-0.217458
-0.106971
0.751424
-0.432511
-0.420959
-0.541767
-0.721980
0.935744
1.000000
0.009687
-0.967731
0.503238
0.316097
-1.000000
0.767482
0.912992
-0.734289
-0.937799
-0.718443
0.325309
-0.380284
0.798135
0.542684
0.891536
0.348142
-1.000000
1.000000
1.000000
0.742656
-1.000000
0.285301
0.422388
0.468457
0.118565
-0.285474
0.929992
-0.071390
0.286960
-1.000000
-1.000000
0.105612
1.000000
-1.000000
0.964045
0.932441
-0.007476
0.000360
-1.000000
-1.000000
0.588441
0.218451
-0.545625
0.186784
0.481365
-0.434545
-0.927702
1.000000
-1.000000
0.321305
0.644172
-0.364426
0.385077
-0.287274
1.000000
-0.580505
1.000000
-0.709117
0.864885
