-0.784650
-0.543986
0.688325
0.221381
-0.665986
-0.351446
-0.092226
0.414146
-0.242859
0.251279
0.190533
-0.921563
0.353581
0.306838
0.990677
-0.102739
0.260529
-1.000000
-0.489089
0.683001
-0.263892
1.000000
0.592101
0.300508
-0.114179
0.158791
-0.822362
-0.645781
0.168686
-0.551436
-0.589582
-0.412010
0.750122
0.755203
-1.000000
0.604997
0.574378
0.053053
0.308524
-0.127570
0.387218
0.506915
-0.920305
-0.410346
-0.155698
-0.815143
0.468813
0.580759
0.227220
0.483175
-0.863100
-0.213095
0.314457
-0.455893
-0.366909
0.736745
0.494488
-0.991449
-0.948743
0.655846
0.930879
-0.434977
0.312578
1.000000
0.368934
0.618863
0.340365
-0.766186
0.057598
0.655738
0.621422
0.851821
0.808873
0.323959
0.150438
0.882687
0.983491
-0.131414
0.888772
-0.708272
0.830544
-0.228736
0.785667
-0.436244
0.696956
-0.801544
-0.973778
0.955941
-0.983981
-0.150974
1.000000
0.596896
-0.697924
-0.525949
-0.227936
0.013013
-0.692729
0.912672
-0.018374
0.768061
-0.074702
-0.587398
0.337306
-0.943490
0.729512
-0.657114
0.531308
0.813877
0.023713
0.627069
0.353276
0.816035
0.617118
-0.384615
0.661446
0.654428
0.881131
-0.740244
-1.000000
-0.487803
-0.631159
1.000000
0.048697
0.045843
-0.121207
-0.795595
0.419113
-0.846406
-0.660872
0.186258
0.597552
-0.028205
-1.000000
0.441670
0.586012
-0.248495
-0.867311
-0.502948
-0.362724
-0.364396
-0.539280
0.804246
0.795491
0.186701
0.156880
-0.463725
-0.784630
0.365808
0.707874
0.291479
0.338732
0.295868
-0.318882
0.288451
-0.346317
-0.311992
1.000000
-0.383863
0.511427
-0.037164
-0.284731
1.000000
0.734390
-0.642179
0.675722
0.048043
-0.739018
0.023994
0.814382
-0.146436
0.124885
-0.568749
-0.791151
0.552342
-1.000000
-0.113749
-0.855382
-0.704908
-0.015040
0.052023
-0.648267
0.028385
0.560055
-0.164600
-0.694614
-0.158588
-0.898048
0.401760
-0.307380
0.778005
0.085207
-0.486516
-0.221157
-0.018623
0.689192
0.399152
0.056442
0.180253
-0.702741
-0.533156
0.895632
-0.497468
0.783884
0.615814
-1.000000
0.392307
-0.983754
0.415691
0.410996
-0.422156
0.441947
-0.645396
-0.429627
0.746345
0.614005
-0.927986
0.762022
0.595152
0.050114
-1.000000
0.403833
1.000000
-1.000000
0.171598
0.135404
-0.945312
-0.616946
0.507735
-0.141568
1.000000
-0.495831
0.389983
-1.000000
-0.211241
0.119011
-1.000000
0.012942
-0.936203
-0.379510
-0.773438
0.266315
-0.233736
-0.624856
-0.862345
-0.410324
-0.032948
-0.966236
-0.132889
0.320501
0.057932
0.505297
0.857545
0.816527
-0.849206
0.220217
0.716745
-0.868629
-0.308787
0.163581
0.819737
0.651064
-0.514905
-0.150385
0.733059
-0.056516
