0.403595
-0.279550
0.645714
-0.563974
0.659280
1.000000
-0.108953
0.878471
0.504996
0.350585
-0.408230
-0.013819
-0.139529
0.088205
1.000000
-0.943210
-0.132118
-0.078972
-0.603036
-0.240239
0.845816
0.440941
-0.513420
-0.058198
0.751767
0.728929
0.830128
-0.222921
-0.583290
0.949786
0.715048
0.262025
-0.856073
-0.592205
-0.130643
-0.018089
-0.171510
-0.658905
0.320207
-0.061204
-0.361580
0.897075
0.004299
0.560223
0.746825
-0.161391
0.043404
0.393402
0.247929
-0.675773
-0.089436
-0.540714
0.435354
-0.759993
0.778008
0.346767
-0.737730
-0.138298
0.429624
-0.703729
-0.078628
-0.892605
-0.134210
-0.174669
-0.367700
-0.017861
0.193155
-0.473520
-0.718910
0.993245
0.142357
0.505033
0.301565
0.245832
-0.331632
-0.488279
0.698689
-0.476482
0.472785
-0.234628
-0.337759
-0.789030
-0.881581
0.530926
0.498130
-0.504337
0.170149
0.445212
0.335399
-0.113685
-0.271969
-0.461366
-0.202653
-0.347801
0.293002
0.494291
-0.651518
0.911422
0.172077
-0.352214
-0.711375
-0.016797
0.417874
0.734261
0.185511
-0.218164
0.742173
-0.557928
0.960813
0.054704
-0.899589
-0.910366
0.756792
-0.212399
0.454209
-0.288698
-0.925699
0.136384
-0.632853
0.443777
-0.180690
-0.272666
-0.274207
-0.557245
-0.921731
-0.111751
0.321933
-0.326602
-0.201950
-0.367994
-0.390878
0.944135
0.844710
0.353949
-0.707269
0.447312
0.617331
-0.165062
-0.566864
0.726759
0.693522
-0.587583
0.144396
0.491918
0.659357
-0.760800
0.324675
1.000000
-0.872733
-0.144612
-0.440912
0.826640
-0.270584
-0.101709
-0.020290
0.324680
0.636542
0.400393
0.656997
-0.077594
0.951625
0.265226
-0.237299
0.397150
0.206247
0.597049
0.009756
1.000000
0.314688
0.332598
0.685815
0.204289
-0.592848
-0.567949
0.565144
0.857259
-0.823484
0.721432
-0.218086
-0.352583
-0.020236
0.295574
-0.774227
0.724689
0.552611
0.387938
0.406969
-0.613649
0.499718
-0.919051
-0.091918
0.442328
-1.000000
0.660225
-0.433669
-0.554393
0.297238
0.759326
-0.690788
0.274465
-0.258822
-0.712546
0.433429
-0.791637
0.023252
0.932823
-0.159961
-0.484061
0.464529
0.561645
-0.104918
-0.781663
0.935497
-0.525549
0.556089
-0.549668
0.296151
0.909811
1.000000
-0.961330
0.413414
0.420780
-0.802343
-0.070259
0.001744
-0.989500
-1.000000
-0.096815
0.413344
0.820664
-0.871309
1.000000
-0.132229
0.329259
-0.201811
-0.233200
-0.672399
-0.125300
-0.999896
0.826636
-0.274173
0.105217
0.470129
0.879565
0.017458
0.320523
0.471299
0.329164
0.605002
0.603904
0.346815
0.265989
0.918968
-0.004639
0.641036
-0.154572
-0.630269
0.185828
0.072580
0.726690
-0.791265
0.864497
0.988853
-0.492876
-0.124392
