0.971060
0.385589
0.452688
0.114769
-0.151111
1.000000
-0.568607
-0.975888
0.232584
0.192880
0.271251
0.569763
0.058539
0.058182
-0.795166
0.999533
0.366334
0.241912
0.011051
-0.115546
-1.000000
0.291312
-0.185078
-0.010097
-0.489454
0.111540
-0.494037
0.349858
0.997216
0.113354
0.382157
0.314769
-0.835904
-0.489662
-0.720781
-0.222018
-0.317039
-0.167592
-0.844867
-0.589141
1.000000
0.044607
0.952004
0.316849
-0.526380
-0.757953
0.014898
0.581392
-0.073194
-0.459036
-0.943824
-1.000000
0.148224
-0.052912
-0.684386
-0.351990
-0.710702
0.922128
-0.538467
1.000000
-0.934386
-0.687127
-0.726017
-0.349496
0.427254
0.509224
-0.359334
0.947938
-0.067995
-0.871556
0.677691
0.199718
0.495316
-0.502230
0.943505
-0.773128
0.217004
0.092435
-0.084756
-0.807366
0.876782
-1.000000
0.475362
-0.064162
-0.144110
0.854147
-0.834925
-0.848639
0.355424
-0.606171
-0.360119
-0.761397
0.483441
-1.000000
-0.025012
-0.170183
-0.269409
0.691036
-0.398860
0.229504
0.120309
0.616450
0.017469
-0.892469
0.424026
-0.777091
0.117560
-1.000000
-0.201346
0.927739
-1.000000
0.275366
-1.000000
0.119643
0.855601
-0.169750
-0.624742
-0.655481
0.209543
-1.000000
0.365560
-1.000000
-0.789943
0.223822
0.248077
0.634871
0.714294
-0.072041
0.322659
0.329394
0.320302
0.732378
0.921230
-0.494633
-0.021330
0.137138
-0.370821
-0.964607
-0.119531
0.836009
0.379474
-0.207028
-0.218528
0.408926
0.976968
0.868726
0.130539
0.337107
-0.462805
-0.185582
-0.133044
0.820409
-1.000000
-1.000000
-0.488394
-0.534557
0.265424
0.076342
0.755203
-0.410882
-0.010099
0.191875
-0.284343
0.536824
0.425539
0.256988
-0.767669
0.298921
-0.837094
0.917915
-1.000000
0.109261
0.375038
-0.974035
-0.297149
-0.888702
-0.624187
0.781375
0.259074
0.784515
0.923852
0.024258
-0.677393
-1.000000
-0.424505
0.137689
0.295241
1.000000
-0.054935
0.855245
1.000000
0.279955
-0.377081
-0.356351
-0.878492
0.461557
0.102841
-0.929381
1.000000
0.096375
-0.843475
0.579668
0.948117
0.598113
0.759188
-0.027733
-0.001032
-1.000000
0.824980
0.207991
-0.724375
0.255197
0.949067
0.596739
0.267125
-0.961758
-0.892004
-1.000000
-0.033072
-0.118040
-0.792387
1.000000
-0.455072
0.642501
-0.625197
-0.532864
0.489363
-0.359545
0.604482
0.098367
-0.926894
0.253735
0.745121
-0.264910
-0.456271
0.578508
-0.308048
0.357942
0.679013
0.585151
-0.615189
0.062111
1.000000
0.936800
-0.395014
-0.621002
0.130026
-0.453250
0.296340
1.000000
-0.226334
1.000000
0.566332
-0.862776
-0.775620
-0.272279
-1.000000
0.488081
-0.928642
1.000000
-0.291773
-0.972200
-0.363822
-0.716751
-0.313415
