-0.703985
0.561788
-0.720715
-0.158959
-0.022295
0.748663
-1.000000
1.000000
0.950158
0.601525
-0.674905
0.305554
-0.677326
1.000000
0.768724
-1.000000
-0.360735
-0.548313
-1.000000
-0.699382
0.057905
0.948820
-0.945316
0.060748
0.605728
-0.453449
0.051800
-0.135410
0.182252
-0.397968
-0.181851
-1.000000
0.617446
-0.175546
0.153348
1.000000
0.427134
-1.000000
-0.163661
1.000000
-0.758214
0.007088
-0.594100
-0.558948
-0.521157
0.143607
0.698721
0.190584
0.135379
-1.000000
-0.223284
0.026592
0.843021
0.433672
-1.000000
0.211952
-0.065917
-0.698318
1.000000
0.996326
0.588323
-0.735520
1.000000
-0.320650
-0.115013
-1.000000
0.020373
1.000000
-0.334278
-0.269715
0.520860
-0.543914
-0.385040
-0.548448
-0.072891
0.524935
-1.000000
-1.000000
-0.245441
1.000000
0.478733
1.000000
0.979739
0.157968
-0.227832
0.603063
0.315359
0.592530
0.533525
-1.000000
0.063446
-0.423127
0.522335
1.000000
0.470217
-0.274632
-0.288548
0.716234
1.000000
-0.248510
0.175247
-0.626115
0.728946
0.373142
-0.865003
-0.508140
-1.000000
0.841140
-0.297422
-0.536221
1.000000
1.000000
1.000000
0.156830
0.268689
-0.309414
-0.139343
-0.674898
1.000000
-0.993300
1.000000
-0.786543
-0.431331
0.793432
-0.363637
-1.000000
1.000000
-0.894313
1.000000
0.737571
0.870050
-1.000000
0.935812
1.000000
-0.577945
0.217985
-0.238072
-0.340057
0.397285
0.194398
0.543925
-0.542335
0.571680
-0.084238
-0.522240
-0.350787
0.350605
0.556493
0.982494
0.926823
0.786599
-0.667975
-0.899439
-0.482353
0.232304
0.856340
0.209830
1.000000
0.162439
1.000000
1.000000
-0.213389
-1.000000
1.000000
0.143604
1.000000
-0.321875
-0.478517
-0.349273
0.663017
-0.889528
-0.312027
-0.408824
-0.223947
0.766952
0.388036
-1.000000
1.000000
-1.000000
-0.101006
-1.000000
-1.000000
1.000000
0.816065
-0.302441
-0.158945
0.137241
-0.785385
0.263263
-0.719810
-1.000000
-0.337123
-1.000000
-0.292633
0.211302
-0.797251
0.471361
0.815155
0.377733
-1.000000
0.289437
1.000000
0.789848
0.592380
0.447153
1.000000
1.000000
0.675781
0.777495
-0.820635
-0.033048
-1.000000
0.560626
0.380554
0.075639
-0.314390
-0.737600
0.720025
1.000000
1.000000
1.000000
-0.981471
1.000000
-0.238117
-1.000000
-0.063958
1.000000
-0.682798
1.000000
0.930134
-0.542620
0.071734
0.140546
0.280138
-0.922087
-1.000000
0.895457
0.616786
-0.418107
0.892963
0.837544
-0.935678
-1.000000
0.920271
-1.000000
-1.000000
0.853094
0.769331
0.486222
0.206004
-1.000000
-0.166167
0.119010
0.368825
0.751275
0.727873
-0.426530
0.947355
1.000000
-0.346198
-0.833136
0.145268
0.356392
0.646495
0.960419
