0.712484
-0.635317
0.463519
-0.226346
0.347510
1.000000
0.160683
-0.734565
-0.073136
-0.682764
-0.379027
-0.898109
0.235805
-0.494749
-0.794030
-0.248658
0.784563
-0.729336
-0.840391
-0.634851
0.609860
0.349366
-0.697260
-0.398797
-0.886181
0.369304
-0.781117
-0.309773
-0.834963
-1.000000
-0.084614
-0.402050
-0.586583
-0.578111
-0.433532
-0.114773
0.047438
-0.481617
0.762571
0.425789
-0.891623
0.225049
0.902769
0.022356
-1.000000
-0.930282
-0.154788
-0.995531
-0.433315
0.703893
0.265590
-1.000000
-0.727750
0.504485
0.246492
-0.204982
-0.566142
0.810978
-0.470874
-0.599642
0.133433
-1.000000
-0.647969
-0.370079
-0.897676
-0.553381
-0.453666
-0.271973
0.793069
0.668361
-0.502448
-0.414250
-0.211083
-0.000994
0.822771
-0.161490
-0.880006
-0.020423
0.967330
0.602915
-0.508194
0.693699
-0.591756
1.000000
-1.000000
1.000000
-0.219038
-0.696844
0.570710
0.286339
0.634640
0.387264
0.274592
-0.910803
0.276906
0.735874
0.923458
-0.559241
0.614050
-0.575831
-0.661423
0.520229
0.555581
0.711104
0.759485
0.241853
-0.137474
0.101198
-0.677884
0.620651
-0.284264
-0.521301
1.000000
-0.856720
0.160609
-0.807668
0.539910
0.782267
0.488056
-0.689760
-0.845893
-0.454196
1.000000
-0.049535
0.428451
0.457692
0.124227
0.935200
-0.759834
-0.209908
0.569338
-0.225375
0.569965
-0.095276
-0.278562
-0.014605
0.997462
1.000000
-0.448586
-0.495137
-0.361158
0.774808
-0.612955
0.641707
-0.354245
0.406846
0.965367
-0.991229
-0.758234
-0.636961
-0.473392
0.106346
0.837422
0.372992
-0.687402
-0.115845
0.875945
0.191427
0.651170
-0.159314
-0.828578
0.959299
0.152342
1.000000
-0.107527
-0.870299
0.552754
0.031520
0.384001
-0.155532
0.583518
-0.567319
-0.456396
-0.667455
-0.670147
-0.913829
-0.007857
-0.863301
0.898340
1.000000
-0.373057
0.903076
0.811994
0.106384
0.700251
-1.000000
0.655208
0.002459
0.779222
0.391318
0.525492
0.707128
0.175827
-1.000000
0.431087
0.872332
0.935110
-0.036624
-1.000000
0.094937
1.000000
-0.328871
0.953947
0.608318
-1.000000
-0.606529
0.182923
0.897402
0.836105
-0.205058
-0.825757
0.246049
-0.260100
-0.027746
0.007758
0.565035
-1.000000
0.347792
-0.335631
0.601340
0.114865
1.000000
0.280716
0.435979
1.000000
0.580648
0.901481
-0.029534
0.429260
0.478934
-0.973949
-0.450194
-0.829952
0.670119
-0.806878
0.491748
-0.891520
0.121946
0.946109
-0.681183
-0.476521
0.295022
-0.432358
-0.477605
0.464887
-0.541567
-0.711935
0.576024
-0.014783
-0.839997
0.254951
-0.862780
0.463065
-0.129717
-0.302582
-0.273011
0.213485
-0.174184
0.236222
0.732706
0.378231
-0.136700
0.006494
-0.268317
-0.054792
