0.511846
-0.695217
0.722417
0.190790
-0.024207
0.006329
0.576801
-0.473353
0.257529
-0.504939
0.222538
-0.378132
-0.096450
0.052349
0.282451
-0.485487
-0.623448
0.889351
-0.948744
-0.458694
0.241227
0.422164
0.499298
-0.367937
-0.707174
0.259380
-0.973098
0.310189
0.230074
0.156080
0.149619
0.370662
0.747357
-0.823415
0.653060
-0.656979
0.976192
-0.273371
0.138185
-0.729482
0.744200
-0.139838
0.117166
-0.576126
-0.985574
-0.373243
0.499637
0.597824
0.347966
0.315516
-0.841853
0.915034
-1.000000
0.177841
-0.123765
0.666219
0.994144
-0.816912
-0.081131
0.297651
-0.518150
0.704310
-0.678951
0.639157
0.510359
-0.917214
0.687104
-0.061724
0.523927
-0.146433
0.153574
-0.926578
0.975618
-0.482477
0.246326
0.412782
-1.000000
0.000414
0.024061
-0.774553
0.804081
0.737709
-0.479431
0.480910
-0.686564
-0.599013
-0.204355
-0.013459
0.941234
-0.747781
0.305308
-0.559429
0.088439
-0.331927
-1.000000
0.359171
0.739376
-0.205960
0.258533
-0.938579
0.488385
1.000000
0.765559
-0.154877
0.740195
0.310375
-0.456212
-0.927466
-0.998681
0.201344
0.663663
-0.039284
-0.168748
-0.444036
-0.311206
1.000000
0.423148
0.793697
-0.088843
0.878764
-0.097824
0.279085
0.102430
-0.661197
0.027448
-0.039533
-0.213280
-0.505178
0.704727
-0.686587
0.421952
0.134788
-0.478826
-0.181509
0.579404
0.715437
0.404963
-0.763182
-0.863546
-0.619805
0.168370
-0.813194
-0.114337
0.383423
-0.767958
-0.943564
-0.464486
-0.346835
-0.765851
-0.577652
0.988707
0.329070
0.136320
-0.456920
-0.847582
0.782129
0.325107
-0.388373
0.939688
-0.480621
-0.274652
0.677900
-0.355946
0.838633
-0.061227
0.440911
-0.481096
0.030842
0.690524
-0.452178
-0.230821
-0.710545
-0.770621
-0.834313
0.160345
0.058267
-0.140261
-0.430293
-0.745525
-0.114232
0.763118
0.862576
-0.601726
0.384202
0.577981
-0.261431
-0.390014
-0.390189
0.290645
0.399003
-0.623473
-0.592009
0.177538
0.850916
-0.456443
0.311180
-0.363333
0.319627
0.517241
-0.971684
0.540787
-1.000000
0.685837
-0.389260
-0.481583
-0.759142
0.383651
-0.224781
0.406302
-0.367344
-0.599666
-0.247938
0.291862
0.796573
0.027436
-0.568571
1.000000
-0.791521
0.575204
0.103209
-0.760386
0.503742
-0.944944
0.514887
0.952926
-0.097171
0.473663
0.561552
0.981365
-0.018223
-0.585542
-0.176354
-0.915063
0.246277
0.840494
-0.328122
-0.826475
-0.390305
-0.133264
-0.075890
0.110618
-0.856020
0.857203
-0.237531
0.783543
-0.817310
-0.214126
-0.165262
-0.550134
0.794846
0.459545
0.596071
0.097924
-0.910666
1.000000
-0.428499
-0.604996
0.819468
0.307096
-0.073014
0.463847
-0.149142
-0.575245
-0.192771
-0.068853
