-439.600000
1.000000
-1.000000
-1.000000
-1.000000
-1.000000
-1.000000
-1.000000
-1.000000
30.400000
0.283364
1.000000
-0.799933
-0.479179
-0.766688
0.279114
1.000000
0.179967
0.269720
-1.000000
0.548552
0.598445
-0.297115
0.618721
-0.243878
-0.886812
-0.664085
-0.677202
-1.000000
-0.813898
-0.882680
0.423037
0.446064
-0.373985
1.000000
0.791710
0.436636
-0.381341
0.107653
0.374939
-0.144849
-0.817531
-0.133861
0.795799
0.482051
-0.302821
-0.007254
0.025742
-0.762998
-0.212467
-0.915496
-1.000000
-0.621263
-1.000000
-0.385308
-0.068244
-0.851956
-0.245988
0.537434
1.000000
1.000000
-1.000000
-1.000000
-0.930776
-0.601472
-0.454427
-0.074818
-1.000000
1.000000
-0.201439
-0.230793
0.132881
-0.643050
-0.528384
0.640248
-0.225138
-0.449350
-0.208419
0.054982
-0.781291
0.850834
-1.000000
-0.494944
0.345943
0.088470
0.569224
1.000000
0.624044
-0.767897
1.000000
0.180899
1.000000
0.223932
-1.000000
-0.020708
-0.251947
-0.930360
0.977119
0.350516
1.000000
1.000000
-0.369653
0.506197
-1.000000
0.078121
-0.466389
-0.630600
-0.509198
0.759303
0.471412
-0.455622
-1.000000
-1.000000
-0.740941
-1.000000
0.803604
1.000000
0.137030
-1.000000
0.894556
0.132980
0.464252
0.132745
1.000000
0.556424
0.546941
-0.342005
-0.587997
1.000000
-0.749996
1.000000
-0.471358
-0.253317
0.051021
0.546914
-1.000000
-0.118975
0.772890
-1.000000
0.363095
1.000000
-0.645703
0.617381
0.194945
0.424025
0.348622
-0.179341
0.632311
-1.000000
-0.795822
0.530008
-0.681213
0.287404
0.008221
-0.247695
0.514262
-0.859758
1.000000
-0.520266
1.000000
0.325851
0.000114
0.906167
-0.627544
0.126274
0.527955
-0.068115
-0.881087
0.773858
0.704874
-0.575025
0.313380
0.602593
-0.080873
-0.350130
0.329692
-0.691315
-1.000000
0.460499
0.644261
-0.565534
-0.137975
-1.000000
0.067945
-1.000000
-1.000000
-1.000000
0.189803
0.742327
-0.673957
-1.000000
0.133037
1.000000
-0.240970
1.000000
1.000000
0.914161
-0.466979
1.000000
-0.665570
-1.000000
-0.381627
-0.751966
1.000000
0.392359
-0.584940
-0.866247
-1.000000
-0.395468
0.156896
0.947803
-0.703862
0.622098
-0.327181
-1.000000
0.784398
1.000000
-0.896213
0.150253
1.000000
-0.710362
0.424459
-0.330401
-0.322159
0.485571
-0.520233
-0.018143
-0.132207
1.000000
0.162517
-1.000000
-0.010658
0.261587
0.044475
1.000000
-0.164313
-0.621886
-0.548056
0.436766
-0.319524
1.000000
-0.394391
-1.000000
0.895165
-0.675460
-0.447706
1.000000
1.000000
-0.928843
0.317473
0.486056
-0.068255
0.122129
-0.561589
1.000000
0.807977
1.000000
-0.997980
0.813801
-0.058298
0.889786
-1.000000
0.770427
1.000000
0.953532
0.136055
1.000000
0.117437
0.931890
1.000000
-0.977056
1.000000
1.000000
0.317585
-0.314320
