-365.800000
2.000000
-1.000000
-1.000000
-1.000000
-1.000000
2.200000
-1.000000
-1.000000
22.000000
0.578297
-0.559113
-0.851413
-0.635463
0.120391
-0.128024
-0.516992
-0.045211
0.175835
-0.289001
-0.754025
-0.489155
-0.810856
-0.872887
0.514036
-0.418652
-0.866405
0.438778
0.035273
-0.147673
-0.714243
-0.894999
0.228123
0.908583
-0.368316
0.172918
0.568672
-0.968531
-0.739947
0.229074
-0.869767
-0.882188
-0.878757
-0.636184
-0.613237
0.477466
0.520420
0.187304
0.781452
-0.996877
-0.318546
-0.341255
-0.367888
-0.253364
-0.010285
0.842242
-0.044605
0.184523
0.830913
-0.469477
-0.333038
-0.242428
0.354562
-0.744115
-0.064416
0.542450
-0.067786
0.680359
-0.332816
-0.093594
-0.949826
0.054958
0.849673
-0.985583
0.774333
0.027064
0.597530
-0.669311
-0.198652
-0.924147
-0.454486
-0.069459
-0.692260
-0.849336
-0.989157
0.804311
-0.934645
0.999966
0.236805
0.294741
-0.501123
-0.544355
0.624546
-0.529244
-0.280308
0.272142
0.529490
0.597579
-0.588622
0.682257
0.749738
-0.781276
-0.582433
0.941438
-0.910269
-0.859137
-0.275120
-0.855713
0.930501
0.674928
0.630372
0.575090
-0.419118
0.183694
-0.691289
-0.012717
0.975553
0.229427
-1.000000
0.597558
-0.635705
0.675790
0.385759
-0.707819
0.010350
-0.787128
0.639663
-0.620340
-0.487871
-0.382171
0.730510
0.148106
0.912726
0.618598
0.576363
-0.431114
-0.595904
-0.010988
-0.125874
0.390016
0.641923
0.416966
0.421678
-0.702112
-0.392767
0.563350
0.548197
0.697500
-0.763318
-0.771206
0.714640
-0.983603
-0.147430
-0.556000
0.057506
-0.009247
-0.923792
0.616255
0.451308
0.369100
0.160416
-0.600063
-0.875242
0.322258
0.357893
0.518311
-0.257411
0.188299
0.359029
0.121636
-0.128522
0.958787
0.936704
0.567050
-0.512081
0.687303
-0.427427
0.856515
-0.322344
0.526413
0.830783
0.737500
0.506903
0.672698
-0.569064
0.808343
-0.671603
0.796683
-0.732169
0.184243
0.410903
0.318006
-0.719240
-0.217490
0.528586
-0.236012
-0.595845
0.033081
-0.162561
0.488504
0.759337
-0.031933
-0.987479
0.568402
0.797378
0.877600
0.928881
-0.765002
-0.666471
-0.560971
-0.204665
0.792065
-0.752573
-0.132439
0.894888
0.325080
0.235853
0.007864
0.079815
0.892523
0.344325
0.482654
0.581222
-0.062689
-0.844607
0.989208
0.453472
0.929346
0.331127
-0.171266
0.161745
0.950755
0.376110
-0.848926
0.931632
-0.337869
-0.029367
0.191426
0.694090
-0.448673
-0.869441
0.963847
0.900158
-0.443716
0.040354
-0.027371
-0.159007
0.645220
-0.093277
0.286556
-0.726155
0.044129
-0.488954
0.930181
-0.343380
-0.282424
0.741869
-0.663610
-0.556118
-0.982886
-0.504178
-0.854611
0.917505
-0.215847
0.438309
0.633189
-0.886319
-0.232485
0.586075
0.508110
-0.042386
-0.541452
0.518067
-0.211626
0.691165
