-85.000000
3.000000
-1.000000
78.000000
-1.000000
-1.000000
58.600000
-1.000000
-1.000000
48.400000
0.770723
0.546795
-0.574023
0.546639
1.000000
0.937115
0.349588
-0.337250
0.451221
-0.608902
0.416285
0.114930
1.000000
-0.547761
0.500941
0.452314
0.332528
-0.740780
0.276825
0.945772
0.132358
-0.556195
0.074181
-0.282428
0.682329
-0.187901
0.302132
-1.000000
-0.035818
-0.599276
0.596818
0.892837
0.165859
-0.828222
-0.643257
-0.424115
1.000000
-0.780266
0.524802
0.247088
0.600552
-0.062687
0.667987
-0.941697
1.000000
0.013370
0.151167
-0.705156
0.342627
0.688752
0.991884
-0.679552
-0.531341
0.080165
0.479448
0.030967
0.484350
0.936046
0.540415
-0.500470
0.153410
0.438504
0.323557
0.213743
-0.259276
1.000000
-0.639983
0.915658
-0.603631
1.000000
0.114068
0.985685
0.644582
0.779203
-0.249832
-0.450010
-0.980410
-0.226533
-0.331466
1.000000
0.660744
0.438558
-0.409321
0.206116
0.967227
0.653119
0.662451
0.722231
0.246137
0.150896
0.432580
0.599651
-0.656209
0.233097
0.687942
0.964639
0.440009
-0.081974
-0.502887
0.166937
-0.962172
-0.926919
-0.408414
-0.852990
-0.496858
1.000000
-0.234099
0.382522
-0.651368
0.317703
0.704757
0.446744
-0.647475
-0.047659
0.405911
-0.608686
0.904622
-0.170061
-0.379169
0.004021
0.530857
-0.889708
-0.736071
-0.745232
-0.113445
-0.783332
0.824231
-1.000000
-0.010391
-0.641451
0.268402
-0.644946
0.860300
-1.000000
-0.212036
0.211066
-0.598917
-0.068918
0.137271
0.496723
-0.968823
0.058612
-0.914933
0.712799
0.466913
-0.142204
-0.624044
-0.587450
-0.732382
-0.314506
-1.000000
0.020808
0.645069
0.507792
0.893832
0.731454
-0.559707
-0.493178
0.012679
-0.962029
0.998588
0.583525
0.005107
0.237647
-0.804693
-0.803589
0.441413
-0.153336
-1.000000
0.181167
-0.973135
0.842014
-0.470349
-0.779684
0.360589
-0.214558
-0.214868
0.339740
0.396689
-0.560349
-0.614901
0.724865
-0.388855
-0.562297
0.547287
0.643141
0.728156
0.268726
0.656202
-0.506581
-0.257146
-0.019924
-0.109814
-0.912152
-0.375304
0.081273
0.494178
0.128547
0.398045
-0.605111
-0.080626
-0.255972
0.837068
-0.145312
0.861443
0.088915
0.067252
-0.452181
-0.311034
-0.162813
0.758688
-0.637499
0.811963
-0.009191
0.585823
0.285206
0.322407
0.823857
0.964204
-0.154083
-0.877860
0.858886
1.000000
0.804219
0.748137
1.000000
0.961673
0.713252
0.480777
-0.858553
0.377860
-0.744939
-0.870867
-0.700286
0.536324
-0.542253
0.897100
0.698315
1.000000
0.661749
-0.946249
-1.000000
-0.035926
-0.648340
1.000000
-0.503272
-0.313090
-0.570006
0.478225
-0.211270
0.053338
-0.238582
-0.440997
-0.449004
-0.490510
0.053499
-0.300212
0.988379
0.124452
0.431614
1.000000
-0.233482
-0.378661
-1.000000
0.294608
