0.734054
1.000000
-0.063484
1.000000
-0.256701
0.588026
-0.342092
-1.000000
0.505338
-0.217335
-0.288547
0.176361
-0.981236
0.805215
-1.000000
-0.741691
0.311992
0.102786
0.497903
1.000000
-0.669203
-0.630483
-0.159228
-0.209867
0.294893
0.770185
-0.767091
-0.058961
-0.133578
0.575396
-0.846647
0.924698
0.173588
-0.301685
1.000000
-0.844805
-0.631351
0.217263
-0.974198
0.830244
-0.341100
-0.267011
-0.149904
-0.637715
0.011867
-0.659697
0.571995
1.000000
-0.114345
1.000000
-0.911218
-0.116641
0.148938
-0.904518
0.023703
0.980681
-0.328542
-0.154493
-0.032641
0.380318
-0.737613
-0.746286
-1.000000
0.141957
-1.000000
-0.713742
0.100159
0.520164
0.161511
0.217616
-0.748566
-0.532549
0.871260
0.645875
0.851318
0.759770
0.020578
-0.895657
-1.000000
0.676370
-0.249555
-0.003439
0.519894
0.725489
0.764572
0.458655
0.781248
-1.000000
-1.000000
1.000000
1.000000
-0.401964
-1.000000
-0.328186
-0.723377
0.933077
-0.579800
-0.652965
0.877746
-1.000000
-0.043299
0.888055
0.764191
0.060617
0.308257
1.000000
-0.275370
-1.000000
0.472317
-1.000000
-0.554380
-0.417035
-0.531798
-1.000000
-0.138376
-0.878932
-0.785446
0.149499
0.285206
-0.339768
0.281097
-0.568655
0.031064
-0.712878
-0.642776
1.000000
0.660385
-0.121865
0.732881
-0.427711
0.231631
0.932926
0.959310
-0.410616
0.344408
-0.203196
-0.878080
-0.603571
-1.000000
-1.000000
-1.000000
-0.732417
1.000000
0.732230
1.000000
0.424909
-0.771995
-0.514721
0.779117
-0.508443
0.360552
0.776159
0.489186
-1.000000
0.770040
0.230375
-1.000000
1.000000
0.758582
0.980439
-0.064341
-0.123243
0.172054
0.181404
0.166826
0.413041
0.656837
0.159845
0.540291
1.000000
-0.492978
1.000000
0.487585
-0.543721
0.852543
0.919892
0.230338
-1.000000
0.411090
0.029594
0.194732
-0.492559
-0.336822
0.306940
-0.199414
-0.725048
0.874695
0.302860
-0.215247
-0.141320
1.000000
-1.000000
0.282582
-1.000000
0.959964
-0.106404
-0.688235
-0.354976
-0.986254
-0.497024
-1.000000
-0.573792
0.395889
-0.786029
-0.892469
-0.934869
0.347986
-0.820590
1.000000
1.000000
-0.751324
0.529510
-0.306263
0.251850
-0.122931
-0.611282
-0.240896
-0.307182
-0.718524
0.454025
0.325428
-1.000000
0.455535
0.198879
0.893028
0.663736
-1.000000
1.000000
-0.383987
0.519070
-0.209181
-0.558781
-1.000000
-0.797378
0.995570
-1.000000
-0.043976
0.472367
-0.050138
0.385980
-0.176766
-0.576772
1.000000
0.735092
0.863178
-0.243279
0.427562
0.073679
-0.586279
-1.000000
0.151284
-1.000000
-0.486340
0.978611
-0.195606
-0.764447
1.000000
-0.783072
1.000000
0.071613
-0.289962
0.581416
-0.216400
0.787474
0.542217
