0.300609
0.732017
0.805223
-0.351440
-0.935731
1.000000
-0.403926
-0.955555
0.911561
0.385294
1.000000
-0.140475
-0.086042
-0.204071
0.289773
0.619143
-0.107504
-0.140601
1.000000
0.346748
0.595428
-1.000000
-0.631828
0.858803
0.200503
1.000000
0.938257
0.198355
-0.031914
-0.225322
1.000000
-0.929260
-0.807318
-0.246843
-0.703573
-0.634558
-0.790114
-0.052998
0.014533
0.418956
-0.779602
1.000000
-0.418788
0.335516
0.687472
-1.000000
0.698469
-1.000000
-1.000000
-0.605390
-0.114959
-0.330755
-0.301157
0.494172
-0.877206
-0.915378
1.000000
1.000000
-1.000000
-0.404824
-0.726194
-0.877666
0.667182
0.958411
-0.367831
-0.623422
0.172407
-1.000000
0.613668
-1.000000
0.640549
0.515639
-0.828952
-0.260279
1.000000
0.575072
0.117137
-0.801874
0.695231
0.409826
-0.645596
0.174216
-0.539119
-1.000000
-0.221055
-1.000000
0.478945
0.262765
0.584250
0.260166
0.050031
-1.000000
-0.773266
-0.324495
-0.285404
-1.000000
-0.189781
-0.138281
-0.148061
1.000000
1.000000
0.738851
0.235638
-0.501166
-1.000000
-0.127400
-0.112227
0.914164
0.981566
0.226974
-0.356863
0.893766
-0.961925
0.746646
1.000000
-0.233163
-0.903992
-0.795087
-0.711519
-0.373900
1.000000
-0.097186
-0.438691
-0.444347
-0.775431
0.281405
-0.312155
0.972421
0.164073
-0.570876
-1.000000
-0.216419
-0.212127
-0.152784
-0.181238
0.205338
1.000000
-0.061633
1.000000
0.045969
-0.479457
0.189038
-0.638169
-0.114667
1.000000
-0.155551
-0.882524
0.374656
-0.408801
0.262360
0.927991
0.350058
-0.431531
0.184907
-0.415449
-0.870380
-0.159941
-0.041870
-0.446755
-0.619673
1.000000
0.487959
-0.910986
1.000000
-0.651940
0.049862
0.757428
0.009797
0.632949
-0.299583
-0.584509
-1.000000
-0.968995
-1.000000
-0.469857
-1.000000
0.044138
-0.148393
-0.007410
0.386105
-0.463433
-0.089808
-0.164630
0.700249
-0.344903
1.000000
-0.916994
0.606900
1.000000
0.908963
-1.000000
0.323993
0.981292
0.843158
-0.562521
-1.000000
-0.941146
0.289515
0.045601
-0.556591
0.394713
0.196261
-0.560473
0.176799
-0.979719
0.536588
0.380079
0.822165
0.525118
1.000000
0.115375
0.305721
-1.000000
0.042559
0.170791
0.772658
0.323275
-0.227096
-0.901816
-0.041694
0.479263
0.150323
0.070342
-0.620422
1.000000
0.453481
-0.205661
-0.430620
-0.752749
-0.732758
0.154337
-0.293733
1.000000
0.026769
-0.052633
1.000000
0.240309
-0.887616
0.849347
1.000000
-0.277967
0.066783
0.737217
-0.191601
-0.049581
-0.594964
-0.332307
-0.264653
-0.180375
-0.906551
-0.420576
0.735739
-0.287319
-0.436006
-0.626967
0.465168
-0.674708
-0.167562
0.141032
0.419008
-1.000000
-0.359105
0.713819
1.000000
-0.258060
