6.487151797505352757e-01
-5.144631330871625163e-01
-1.717435801319977529e-02
8.245289967315059254e-01
4.717797571679771540e-01
2.256862099740602756e-01
-7.961899443182165470e-01
-3.558963098314176232e-01
-5.589737883553764775e-01
-8.649369285942147823e-01
-5.743090642211645669e-01
-1.296830485124176313e-01
1.866963296747199408e-01
-4.730863273439249728e-01
9.875367303096098670e-01
5.624305393012990484e-01
-1.868409000156728839e-01
-5.326089686561235048e-01
5.839659185156298449e-01
-2.078616263521260166e-01
2.776628947453412266e-01
-4.739065917594876831e-01
-8.040932173140642458e-01
2.286839891918830414e-01
-7.244261166115479877e-01
1.740775511380980856e-01
2.088953850737366169e-01
-3.066814076100947695e-01
1.288068363086285473e-01
-1.715749476038304078e-01
4.934190553624503983e-01
9.957707525947163685e-01
-8.082202726676563920e-01
7.197679453784473491e-01
3.071294569954747811e-01
-9.658600726504924516e-01
5.881021402165853562e-01
-6.222856460808738888e-01
6.364836359496421903e-01
1.446896335696079561e-02
-3.162361174149368459e-01
-7.947798256233997716e-01
9.476772606608370175e-01
3.075986100072922724e-01
3.287816703794450568e-01
5.410276009058883062e-01
-9.249326527024961386e-01
1.030010519572182037e-01
-2.557125525218606477e-01
-4.605900217330047286e-01
-9.614211730610202622e-01
3.816894908518391194e-01
-5.975468060995645647e-01
5.144533318466930627e-01
4.421398853485569713e-01
2.039285705108382363e-01
-6.592695224916675922e-01
-3.004476011520951229e-01
-5.996830418780341176e-02
7.523057169479880901e-01
9.133143668351029199e-01
-8.293194867562572181e-01
-8.209360871651902869e-01
-2.140205053070205476e-01
-1.017097246935743105e-01
8.546642371077974865e-01
9.076846589575051638e-01
7.751075695971847423e-01
9.996458929434370866e-01
7.866547815747738648e-01
5.095303918216049777e-01
-6.361993769102691765e-01
3.848640417877713382e-01
5.394867105427425535e-02
7.176556000506963962e-01
9.317700094261667232e-01
-9.702737167989468059e-01
5.912970901494791764e-01
-3.248058003258433857e-01
-6.650737915150939372e-02
-1.322194319992433531e-01
9.547389487359314586e-01
-7.429791765585362917e-01
3.251643786254783119e-01
-4.676413235506537980e-02
-8.892172516714060837e-01
7.774937625109912265e-01
9.489931328019652890e-01
9.305437204425202058e-01
-7.113368903186936265e-01
5.806336697467686658e-01
4.846317501897470237e-01
6.531395977600531477e-01
1.755988432282122869e-01
-5.889860436756755302e-01
4.772955927045969826e-01
-3.316174163624417415e-01
-5.242899255991617657e-01
-2.927069754135244173e-01
2.817111001212472821e-01
6.516223552561155596e-01
-7.324681391282310550e-01
8.854676920090431835e-01
-5.141197538955295521e-01
7.720111418869810560e-01
2.500580768571493695e-01
-9.095256491911802854e-01
6.835237711405316441e-01
-6.361836538663823148e-02
4.789780578158127078e-01
-8.227296244963782090e-01
-6.615663686368788987e-03
-1.274238851154125829e-01
6.771573372597172735e-02
-7.265538381574165872e-01
-4.633575662831621589e-01
-8.537903146550895883e-02
2.399144268188562190e-01
6.422702529606116872e-01
4.154813760501745445e-01
9.144578855424033703e-01
9.187592359787677410e-02
2.123999407426104824e-01
3.004501742631990879e-01
8.587288958718808374e-01
6.781688677871888782e-01
-2.694675733198199641e-01
9.002473463971336631e-01
-3.672076924022457112e-01
-5.812433482744677748e-01
1.660804392308861122e-01
2.353400485064693903e-01
-3.834440275766854977e-01
-7.206240162036715580e-01
-1.074141740813601142e-01
-4.650828968043010381e-01
-6.599860298444025775e-01
9.852007435344549702e-01
9.289472621492054216e-01
-1.592286841003867082e-01
-5.829153845259833489e-01
4.573980234802721423e-01
2.569207664467920704e-01
3.308357961156034310e-01
5.648411457722293250e-01
-7.138380545494582563e-02
-8.833775330733539821e-01
4.046312063726116293e-01
-4.069215616639756394e-01
-2.979856528012965189e-01
-6.889383184028652352e-01
-7.276629292264134019e-01
8.895204625715520397e-01
3.653102784520700919e-01
4.309900715927879045e-01
-7.673381207438945140e-01
-9.340054278561327195e-02
-1.145305348058150985e-01
4.094964591454812730e-01
-5.478238558131287572e-01
-2.135099925330483095e-02
-1.032043181890679590e-01
2.991597934554306448e-01
1.985457680718560880e-03
4.732388649032706063e-01
-3.560814133976224483e-01
6.926204157493514035e-01
3.543724377646596535e-01
6.709898979360566784e-01
1.857621438504774292e-01
-5.198371887292940752e-01
-4.146070391115237452e-01
8.337721271004832069e-01
-3.269036957985331227e-01
2.201860894979343897e-01
2.623875080947806193e-01
2.861764084999318669e-02
-4.085563614266189969e-01
9.324700995882633237e-01
-5.180541761659047673e-01
5.254143003404661005e-01
7.502160182151600409e-01
3.467242473161522565e-01
-8.398860781715017376e-01
-7.538099148275905215e-01
-8.032138172590086445e-01
-3.094605292080077064e-01
1.245952697188659752e-01
-4.745965625226806761e-01
8.176758317424961398e-01
1.231930584102489679e-01
8.697560813923748135e-01
2.818557389859874807e-01
2.647392349772041964e-01
8.632205933215950644e-01
4.006510762484662980e-01
-5.139613252927870413e-01
-2.506862895145183234e-01
-5.073817617962130821e-01
-6.117055589912510083e-01
8.993754459607261609e-03
9.513643976332417651e-01
-4.326935893000273259e-01
4.693018883971781796e-01
-6.313031350544047182e-01
-5.132031177107261311e-01
-2.006996323223777523e-01
3.448800493614534446e-02
1.000000000000000000e+00
6.833510305818648600e-01
8.665729163873736596e-02
-2.165197213048926095e-01
9.856363610065776992e-01
-9.748009257801770744e-02
-7.445959691892651833e-01
-4.899613627649390679e-02
-7.241726648443065628e-02
3.432614406832521642e-02
1.809402221446988202e-01
8.734422457679484886e-01
-5.488664530188339663e-01
-6.913435479943943474e-01
5.895144433611811952e-01
6.430974611056702317e-01
8.476598463725053545e-01
5.306506938034538656e-02
9.228887450165903505e-01
6.133430579429579588e-01
7.128931220240761757e-01
-9.734363987174956545e-01
-6.400326209908633324e-01
4.882012950493315184e-01
-1.253272604135939328e-01
-6.398882423182239432e-01
1.704098416542993988e-01
4.800806416300917867e-02
-6.387359793730751356e-01
7.712381742565481701e-01
1.730460353837606213e-01
1.710635323426812349e-01
-5.761064807327168635e-01
4.739345737311391193e-01
6.426645388699636641e-04
-1.000000000000000000e+00
-8.669365751174598067e-01
-3.204528892140074969e-01
-8.064853109496472605e-01
5.016046577788140226e-01
-5.414365760043042819e-01
-3.815767605103221882e-01
-4.443538231451285569e-02
-6.202648399059563777e-01
9.628126205414555550e-02
1.359856899957234688e-01
-9.280070860560218904e-02
-3.952337804176704328e-01
-9.888244947930318052e-01
-9.837316327858651732e-01
6.818677325541812051e-01
4.321552148845314578e-01
-7.310599750082105164e-01
-5.541800102229510472e-01
-4.860552467999830206e-01
-8.833485874785331760e-01
-4.534599128739458251e-02
