1.678497573704160750e-01
-5.797332595266349031e-01
5.628143424225269253e-01
-6.926715264158651575e-01
-8.404829196686447457e-01
-1.398604634992350881e-02
-9.399114060108635371e-01
9.828803584976155694e-01
-3.660785524821135173e-01
7.530351424299359664e-01
-8.020333520649366998e-02
-1.401698724205415747e-01
4.694711210605239105e-01
-1.949558986331159094e-01
1.207999850302954314e-02
-7.138298420991655568e-01
8.565204678040552189e-01
-2.996960681526010806e-01
-9.350719179252366953e-01
-3.817485021677707868e-01
-3.712313020385125117e-01
6.619734970374144822e-01
-1.399284220157737124e-01
2.775345325257663198e-01
2.720151146851332857e-01
-9.853353173221912620e-01
4.842770412102241906e-01
-8.403716578629232270e-01
-4.778999010266242742e-01
7.303895546769780811e-01
8.063419762980423844e-01
9.525255939501774405e-01
-8.815637572112833276e-02
5.954735892011878695e-01
2.936325193321421834e-01
-7.359576831527023799e-01
4.104507212433543550e-01
3.624066292775868225e-01
9.462011056251287133e-01
-5.736057169834445357e-01
-4.617167589668469407e-02
6.035083595701110637e-01
4.028703548893677877e-01
-3.898324818842779926e-01
-7.991644511190771905e-01
-7.800741877553831749e-01
-3.596361834768209143e-01
3.685318720828363315e-01
-1.468552994537792866e-01
-3.991317668308563826e-01
3.491184816817047842e-01
-2.575766210761385455e-01
3.086021002760952481e-01
4.364996670163268089e-01
-1.057021967817885905e-01
-8.365378275527803886e-01
-7.780758421059885688e-01
-6.385831708502527349e-01
6.178456892094783548e-01
-2.799586881227900115e-02
-7.780182382020364162e-01
-5.185638083629330319e-01
3.690096924413417412e-01
-9.765471503770999373e-01
5.378944296301360062e-01
3.068496386069812232e-01
-4.264335358145654453e-02
5.086902995424427143e-01
3.090773046647488087e-01
-7.876481060628741648e-01
-2.874535352180350722e-01
-7.593170299976905735e-01
-7.156175554453966248e-01
-4.372504694565382266e-01
5.410156409083364260e-01
-6.649272521223692500e-01
-8.375596086248814354e-01
-6.777248020780337612e-01
1.856770706342357191e-01
-5.539035576248400039e-01
-3.333084999911992696e-01
-1.418774236056201676e-01
7.840714149631127228e-01
6.062866491789367096e-01
1.078871223911348487e-01
1.083309612280017598e-01
9.535855446702428129e-01
1.090070459323189134e-02
-3.836174554038576101e-01
-9.020609917894154561e-01
-1.722307639342064989e-01
-4.608122665170126808e-01
4.115149585801092247e-01
6.738396105797844760e-02
-2.367370057286790619e-01
-9.409120280799530001e-01
-7.198083750911401513e-01
-9.371076790744121698e-01
-2.281563357432287997e-01
-5.201007267095867359e-01
6.383801733570988457e-01
-2.217788598307623982e-01
9.946272960952855513e-01
6.412398346847896224e-01
9.042165722930410876e-01
-2.189015655945836247e-02
3.453214840844736067e-01
7.407439782271827422e-01
9.441682518285077208e-02
4.309181534051378382e-01
-5.481954225083285337e-02
-3.135464773929717008e-01
-9.336794312895491110e-02
-2.299793436485699782e-01
-5.040723613686570737e-01
-7.808854047574649293e-01
-4.265768358285377815e-01
3.496729463836028007e-01
2.489638623871166523e-01
1.232818360841895083e-01
-6.808148395180022572e-01
6.776178064387456956e-01
-8.337332901192275880e-01
1.247669494099442611e-01
8.232184568199645280e-01
5.999200164324363094e-01
-2.279039545013995249e-01
8.910354279552793466e-01
7.891502255731186466e-01
-2.298256232292317236e-01
8.872924300395419461e-01
4.912731714747611278e-01
-5.100809187802730627e-01
5.586481848314167609e-01
-2.550950165729570784e-02
4.917136154095067546e-01
3.448212224995248487e-01
4.534509641680033454e-01
-7.588106301643260387e-01
1.660246248437256544e-01
-8.918988644713270464e-01
-8.933601016087082680e-01
-5.475805440535330693e-01
2.934229978326884369e-01
7.608787912737338122e-01
-9.492681713299283564e-01
1.529706389429777158e-01
-1.385809425854036547e-01
-8.316100188667047144e-01
-7.171757823214637284e-01
3.082298397464082740e-01
2.369597593582903894e-01
3.006217591069069162e-01
3.629768099083796606e-02
-6.481221800605087013e-01
-7.898634605849929047e-01
-9.038065044284615546e-02
-4.913190910848129200e-01
3.535878839082480241e-01
3.606872760292731961e-01
-7.689862493832222423e-01
-1.556596454701697496e-01
8.435173920966045902e-01
-2.372753273685703768e-01
-5.589863235914036554e-01
-4.261822342157932653e-01
-1.757942296507088720e-01
-2.709334148355417859e-01
4.444876000797783888e-01
6.544635245282131031e-01
-1.639410036336748089e-01
6.083800655050843886e-01
5.701077392988974646e-01
1.220371195768941153e-01
-7.418573334546536557e-01
-6.638264843913309621e-01
6.570704721484071920e-01
7.134633869606716861e-01
8.326164113140506196e-01
9.378375316648117632e-01
-1.177926261183226408e-02
5.945683428238300872e-01
1.878945659450312888e-01
-4.064046530296161475e-01
-5.940805760189280527e-01
-8.854493526111759660e-01
3.288480543106855336e-01
7.130860631223626678e-01
-3.098708394870243743e-01
-2.291311352770630805e-02
3.312514650530438143e-01
-7.981544020166748687e-01
8.632819681522183597e-01
-1.297616842090734135e-01
2.605929548961775574e-02
-4.408560357184126421e-01
5.133780111321796236e-01
2.760612710567067474e-01
7.010716223687381010e-01
-9.752516250546992005e-01
-9.240233620658360181e-01
-7.260339537698987655e-01
-8.661960566360873415e-01
4.269989607374017337e-01
-5.474631339606035318e-01
5.227394966306405655e-01
2.205228325802081057e-01
-4.966283005980762777e-01
-4.410129242845406417e-01
9.620972586687159822e-01
-6.398753787909747803e-01
-5.735976294362776784e-01
3.475041648409660233e-01
9.210484461546828427e-01
2.465037820289102122e-01
5.903933960980122242e-01
-8.954080667613146804e-01
-4.964543952936903981e-01
5.882843573324174624e-01
3.606763238092137169e-01
1.667950782129392628e-01
-3.774272819440822602e-01
-1.255211468040582368e-01
-1.139002508185952695e-01
-7.100126570530493897e-01
-1.828967759176273744e-01
9.716617463028802693e-01
-8.732388504607064839e-01
2.215785406826350501e-01
5.881696548622379339e-01
6.991838777698622387e-01
-1.302054435357082873e-01
9.615239266681787633e-01
6.546248218457506596e-03
-2.347099193383928029e-01
9.977428181306304822e-01
6.304711367453683657e-01
1.140370002753754441e-01
9.053128037886331025e-01
-4.702989529393561963e-01
-3.271309045266573845e-01
7.701543328043118919e-01
5.141917562758968607e-01
-8.799427091943181622e-01
8.511147198077908538e-01
-5.989792314083799418e-01
7.074221510515528166e-01
-3.417772190375216734e-01
7.862894791302950104e-01
1.676539131893132334e-02
-4.946494318393728218e-01
-8.951556680897783114e-01
9.575736662857448067e-01
4.539955232109438299e-02
-7.795917943220280755e-01
-8.939466630816241821e-01
-7.526835139359666638e-02
4.999941648864576482e-01
-5.318315814475629288e-01
8.624301606496898032e-02
-7.017018262657905847e-01
-3.590953446781453007e-01
1.050105421412936835e-01
7.006670353762143311e-01
9.609611650823872697e-01
