1.473094622818438837e-01
-1.000000000000000000e+00
-5.994761920258101506e-01
-2.927090156078492877e-01
-3.438426692210879709e-01
7.724819549732186985e-01
-4.781724785647500919e-01
1.000000000000000000e+00
-1.000000000000000000e+00
6.276311391200684042e-01
-4.752957860405719881e-01
-1.000000000000000000e+00
4.976991868444244904e-01
4.999239449151238190e-01
1.000000000000000000e+00
-2.240557867465097219e-01
-5.744743608263216395e-01
-4.256205318552040429e-01
9.215016031508225236e-01
-2.589330197298983505e-01
1.000000000000000000e+00
-2.751610888292965740e-01
1.693239288855603597e-01
-1.094168438741326965e-01
-1.000000000000000000e+00
-7.675006743988408431e-01
-8.948299713359816332e-01
3.474123248060894120e-01
-4.930361843337752736e-01
-1.882349694152751773e-01
5.401501124978231871e-01
1.298806024470330334e-01
1.749693104306103697e-01
-6.865540489682087077e-01
-1.000000000000000000e+00
-1.000000000000000000e+00
1.000000000000000000e+00
-2.954052810089753400e-01
9.301310448742450276e-02
1.649485609194855651e-01
-8.370581407390891293e-01
-4.735762143844995942e-02
-2.035975106396257783e-01
8.150156689746237415e-01
-1.000000000000000000e+00
-1.237180156471234804e-01
5.293368223050834986e-01
3.222922362746827862e-01
5.777410332571146778e-01
8.816148561694436836e-03
-2.067987899384181663e-02
1.000000000000000000e+00
7.988766274685722424e-01
-6.405294967443408982e-01
1.000000000000000000e+00
-1.000000000000000000e+00
4.403192749562221397e-01
-5.992148056013935076e-01
-2.991953661091963923e-01
-1.000000000000000000e+00
2.283882950664520850e-01
6.368715780661967640e-01
-4.692828521866254654e-02
-4.481236268168065084e-02
6.061623584477894289e-01
7.327343310405936005e-01
-1.000000000000000000e+00
-9.241013286335443278e-01
6.528977611567583494e-01
-6.458992270024066507e-01
-5.516131225915812397e-01
5.242753959734207658e-01
-1.000000000000000000e+00
3.404568338178010078e-01
7.461239982107676916e-01
6.456454855868311027e-01
-1.000000000000000000e+00
6.539769287986576529e-01
-1.000000000000000000e+00
-8.424075554835339652e-01
4.658487633122017635e-01
1.000000000000000000e+00
6.612356357545517982e-02
5.310649173235004739e-01
-8.181389380754731100e-01
-7.593045089103626077e-01
-7.446678111040838655e-02
-2.792608352146126460e-01
1.356277809297924963e-01
3.947484904558354879e-01
-6.890626804179700304e-01
-6.435661160831533945e-01
7.900147796602996486e-01
3.501431335623836905e-01
8.136762724265065305e-01
-1.000000000000000000e+00
-8.837517728807122719e-01
-8.876390857237841381e-01
-2.047963240152527731e-01
7.505117103664608047e-01
6.673673976229808069e-01
1.022699436159517639e-01
3.582213345959182060e-01
-5.956904434921712621e-01
4.184423232370025336e-01
-1.000000000000000000e+00
7.683561860477206018e-02
-2.229588289547182189e-01
-1.000000000000000000e+00
1.000000000000000000e+00
-6.500671417387859918e-02
5.275964264422734473e-01
-5.439697120502403616e-01
1.000000000000000000e+00
-5.580625250459707587e-01
8.175035364750393718e-03
-6.752653579201709499e-01
-6.874728516991953642e-01
-3.564380732971441645e-01
1.000000000000000000e+00
-1.000000000000000000e+00
-8.252125292223178032e-02
-3.629274729876976746e-01
-1.000000000000000000e+00
-9.141634237452420653e-01
3.398449180611270437e-01
-9.624126836542284957e-01
-4.739283987036680967e-01
1.000000000000000000e+00
-4.756495443525781130e-01
8.286352843907505150e-01
1.115527930854069982e-01
-5.083433697165187226e-01
1.293910948777305114e-01
1.000000000000000000e+00
-2.111849742884251147e-01
-1.000000000000000000e+00
1.534765423730730383e-01
7.751410548111672405e-01
-1.753366273421838040e-01
4.687041125864945812e-01
1.106465183481089021e-01
8.184561990636327611e-01
2.657924053811581699e-01
-3.890726248392383235e-01
1.000000000000000000e+00
-9.275384353460547349e-01
-8.568852478732558176e-02
1.000000000000000000e+00
4.291019947201833995e-01
8.750678410966604703e-01
9.422655603794696799e-02
7.266674320147139543e-01
-5.493303945734784310e-01
7.663089913123577457e-01
1.221641312641099653e-01
-1.000000000000000000e+00
-2.411233986069830637e-01
-7.118982142351371056e-02
-2.934522404230907044e-01
1.000000000000000000e+00
-7.493646103001282421e-01
3.963602771454077800e-02
-1.000000000000000000e+00
6.328997941195277921e-01
4.615423440472953276e-01
5.739192329464928299e-01
7.328940155863550299e-01
1.000000000000000000e+00
7.972992536481318115e-01
9.196986571322970372e-01
-1.000000000000000000e+00
-1.000000000000000000e+00
-1.000000000000000000e+00
3.700899545754147146e-01
-1.000000000000000000e+00
1.000000000000000000e+00
-7.678432642637051941e-01
-4.302235222275225812e-01
6.243005749805397020e-01
5.579526741758839004e-01
1.000000000000000000e+00
1.133330957695906083e-01
-7.637970613600261194e-01
3.660081154290166783e-01
1.000000000000000000e+00
-3.022933550008893300e-01
-2.140481698360805485e-01
-1.000000000000000000e+00
5.347385215654953949e-02
-1.000000000000000000e+00
2.294748161349070836e-01
-1.000000000000000000e+00
1.242207786641432721e-01
1.000000000000000000e+00
9.771037926094683357e-02
9.010679196807931390e-01
1.000000000000000000e+00
-8.438722198469623681e-01
7.088199851008876173e-01
-1.000000000000000000e+00
-1.000000000000000000e+00
1.000000000000000000e+00
-8.405596309673698530e-01
3.806697791481056803e-01
8.915517550440199557e-01
8.161380444991870320e-01
-6.197173845727188546e-01
-8.739104569195840777e-03
-6.031795595893344464e-01
-6.301838763011839983e-01
-9.244437372216740556e-02
-1.788157057022222995e-02
7.452009468076454812e-01
4.809270054134047179e-01
1.941109032906994658e-01
3.335604112474569449e-01
-2.040595429643417558e-01
6.709980798879933150e-01
2.516709605087629198e-01
-5.353288274646504918e-01
4.452439405907797632e-01
2.335402501806467246e-01
-2.897910064388407037e-01
-2.556155339182294428e-01
-1.000000000000000000e+00
5.976108376337515571e-01
-8.907293181715916774e-02
1.000000000000000000e+00
-5.620783403544549195e-02
-3.736572544164177279e-01
-8.057817094884873743e-01
3.986526576643647513e-01
1.000000000000000000e+00
2.736921926898205903e-01
-6.340310360624397124e-01
-3.521235172835107674e-01
1.000000000000000000e+00
-1.000000000000000000e+00
5.532215817999690533e-01
1.691556032499352824e-01
-5.600337695996998599e-01
7.076212120088556379e-01
-7.358218523874948680e-01
-1.000000000000000000e+00
-7.199493972055114321e-01
-3.300996639945988909e-01
5.919749224470451932e-01
-1.000000000000000000e+00
-6.727064538010918415e-02
4.567443734805924915e-01
1.294739223710381637e-01
8.553333996696121933e-01
4.077550576931703308e-01
6.739134000388362633e-01
-1.000000000000000000e+00
-9.940465656377572845e-02
1.000000000000000000e+00
-1.503692664951028490e-01
8.667226487837336180e-01
-6.626698467045459839e-01
-1.000000000000000000e+00
3.771976936292023019e-01
8.983272891519025194e-01
-3.688017249997555536e-01
