-1.129264830245637063e-01
-1.657455445967014884e-01
-6.394268250017964839e-01
-7.212405666670249627e-01
3.263057842022991650e-01
9.001040650956324551e-01
5.723977595160986698e-02
5.873538311305717130e-01
-6.023917525128082984e-01
4.178485882340416957e-01
-2.158764126060041255e-01
5.766649019631762130e-01
-7.822897773455825265e-02
8.010248217727028441e-01
-7.176163776966472119e-01
7.778069167662959860e-01
-1.831724597583911374e-01
-9.311311574838441185e-01
2.865824907327474413e-01
-6.258533476390115702e-02
-8.604079524413943414e-01
-7.786015672432299306e-01
1.103472511288552671e-01
-7.242937346961306755e-01
-2.311429100839047790e-01
5.000032976679943397e-01
5.113969240335580757e-01
-1.000000000000000000e+00
9.924683584781054391e-01
-4.697328106589775398e-01
9.472443793447499205e-01
-2.938451836777571935e-01
-4.440571570091490505e-01
-1.318932007003716100e-01
3.991349229825615352e-01
3.734663975622384141e-02
-2.570636041787687232e-01
-5.453413472324405431e-01
1.431519839313086517e-01
-7.880268686675595546e-02
-8.993466159678087379e-01
-4.717363882170290124e-01
7.206477812870953903e-01
2.583479544091916991e-02
-6.195388373823175199e-01
-5.492933275102842572e-01
6.128213040785640553e-01
-1.847605501833966476e-02
5.080329050467686791e-01
-9.873266443869049835e-01
3.407496340314066785e-01
9.616908016339625886e-01
-2.463625140057565388e-01
-1.000000000000000000e+00
6.598251845025072670e-01
7.011295129810469762e-01
-6.662211929730597060e-01
9.081934104908397920e-01
1.219184011481121988e-01
-6.644395392752997509e-01
-5.459816414963796216e-01
-9.564375057466837360e-01
-2.188847096051358410e-01
-8.754142915767956779e-02
-3.017248956155011985e-01
2.146125044021963413e-01
5.658784600045555502e-01
-9.075170715709829361e-01
9.416613894952509389e-02
3.310346968689096281e-01
-4.236611851050062216e-01
-1.000000000000000000e+00
7.188484792417187963e-01
4.170999284550854780e-01
8.499617060614338415e-01
9.997686067666617937e-01
-5.250894680075368637e-01
-5.187168201595234729e-01
-4.548789938749392969e-01
-3.072809739400246265e-01
9.719520396075747026e-01
-3.772870057685536738e-01
7.082947601267112203e-01
5.223673250203613172e-01
1.760502100922363977e-01
-5.912592978419838330e-01
5.173388084021246502e-01
-7.619647938578286706e-01
9.660479005810735931e-01
6.062382221553633821e-01
5.720540458260855443e-01
1.000000000000000000e+00
-1.000000000000000000e+00
3.421083517072838753e-01
1.713351765111760794e-01
2.661015339396118895e-01
1.746585382491649130e-01
-7.878045793367007832e-01
-1.864196848221966740e-01
-8.382478132846712393e-01
-1.313738159156272178e-01
-9.415300944906974945e-02
5.518238688966097261e-01
4.471054649923615343e-01
2.475429241587034646e-01
1.552174128600190273e-01
3.104248719889307062e-01
-9.777054878595430321e-01
-1.504974706726432965e-01
-7.350716664232574971e-01
-7.400377507123486742e-01
-7.577447166368441733e-01
3.088258041076218929e-01
-6.444025352443965016e-01
-4.115590238386176436e-01
-1.066082466139586793e-02
-2.316498777797135200e-02
-5.880651342240753032e-02
3.477765711044653735e-02
-7.184376217877905813e-01
4.579636323236294659e-01
-1.536951942158811535e-01
-2.539724102087133062e-01
6.238720478373608325e-01
-6.106438209693980379e-02
8.287735624181871152e-01
-7.903482230075280501e-01
-3.635332623949721204e-02
9.333831055660335441e-01
-2.972716601462312980e-01
1.218222884645727422e-01
1.705407492286360460e-01
1.000000000000000000e+00
6.375828785910392371e-01
-8.429301497128747211e-01
1.206171409627355695e-01
4.731471235455029789e-01
-3.699082432320898173e-01
6.224774416304411639e-01
1.000000000000000000e+00
8.928634394719520140e-01
3.940979179375294489e-02
-7.659464050978376237e-01
-7.230698367994757847e-01
-1.000000000000000000e+00
-1.000077905724002791e-01
5.235735776079601944e-01
-1.811379536581526062e-01
-8.106305018848810606e-01
-3.131381095096938960e-01
-8.881035316570478066e-01
-8.820871674905247373e-01
-9.402277891950358013e-01
5.057166564679611565e-01
-9.979217404185500295e-02
9.962370733431230585e-02
-1.614569713438360199e-01
-3.425646990056542274e-01
3.802959238263756703e-01
-1.000000000000000000e+00
-9.650046373433860403e-01
-1.537958599679034866e-01
-5.774385950999888495e-02
-8.983848067748784194e-01
-9.075278737909751037e-01
8.674379502369036210e-01
9.969453287388222451e-01
-3.454857722907271333e-01
3.837431265952180592e-02
-8.776188433061020699e-01
5.903988068874859163e-01
-1.916733562653154810e-01
-1.000000000000000000e+00
-5.412929413160715297e-01
-3.598875211657003304e-01
-5.428382584980090408e-01
-8.375930199374068685e-01
4.876507041720320457e-01
4.417431684675710013e-02
2.418708296051906292e-01
9.289359672645971511e-01
-1.424416576007449808e-01
1.811434703500191812e-01
-4.773128173791605922e-01
-1.319931585916053196e-01
-6.289072177091598048e-01
-4.558866482278598475e-01
8.067492167291149263e-01
3.132842311833872739e-01
-2.634957347329458521e-01
-7.367305052351942329e-01
2.254534655903288332e-01
4.027955656727984501e-01
6.084656937461467852e-01
3.036359975700707037e-01
1.870275433657996866e-01
-3.180540495116399580e-01
4.007760444964330593e-01
4.774492826176847671e-01
4.991660434003028501e-01
-9.416176864180012540e-01
5.901319221153690231e-01
-9.999984938066945883e-01
-5.285817025720666029e-01
-3.541734740756484201e-01
9.962563180081567271e-01
-5.091196014361224487e-01
2.472181347183270150e-01
9.693643301720901162e-01
-4.291863406073975207e-01
-1.796635217380167515e-01
2.560367618912119392e-01
-1.140987707260663342e-01
2.642100801612746741e-01
5.005471935129556238e-01
-7.683943818965606187e-01
-2.436204731696704762e-01
5.890619624245132524e-01
-4.998739595908607836e-02
5.830549180955910682e-01
-9.643587047160626091e-02
8.324395245836084811e-01
-4.903051957581188169e-01
-3.565466597934694587e-02
-6.172832476035521321e-01
-4.109588021331646579e-01
1.338219445945195707e-01
9.010567704505615394e-01
1.460209988682386051e-01
-2.175468789014137205e-01
6.621949057557594553e-01
8.873517028550755859e-01
1.598919717648510791e-02
-5.563216874720311456e-01
9.402643516879282126e-01
9.082984668353595303e-01
6.378720991916625449e-01
-9.347299969507105732e-01
4.815029321429348808e-01
5.249925415837820575e-01
3.324258578624122995e-01
-4.821255132066482596e-01
6.774061717619769274e-01
1.056596895383533213e-01
3.939691076470562270e-01
-9.606149177346384738e-01
-9.586880121741160332e-01
-4.260981376294725731e-02
-2.037056127390375337e-01
4.020113118708120159e-01
3.822943928474383801e-01
-1.298067947713914261e-01
-6.670548130766593697e-01
7.220602821211075106e-01
-4.252521613421495483e-01
1.443728363666394732e-01
1.170455740797791411e-01
3.126013811384061869e-01
3.742091513684412396e-01
-1.647312158368401391e-01
3.406206484904535092e-02
6.665679630039451631e-01
5.639968197904362546e-01
2.465998911518186287e-01
-9.013346282570726675e-01
