3.338924874075273608e-01
-7.584346420789809251e-01
-5.702817383045840627e-01
-8.081989130641141772e-01
-7.714676048048354495e-01
2.460517732714284367e-01
7.230965042672963250e-01
1.000000000000000000e+00
-9.550916142030755340e-01
5.074047991102544897e-01
-6.508513632526723436e-01
-4.517628178864933064e-01
7.990306976340556533e-01
-3.405973539797368943e-01
5.906825539520051960e-01
-2.671147108920203239e-01
-1.480530669002658173e-01
5.816371575512628844e-01
-8.227485876673221732e-01
3.908903703836859034e-01
1.000000000000000000e+00
-9.775272804747618949e-01
-7.437888419481089031e-01
4.817951087529197540e-01
5.265182493089038962e-01
1.355196574326870684e-01
6.945870601150047063e-01
7.997082544621194611e-01
-1.617893214965151205e-01
-7.532144940750820084e-01
-1.000000000000000000e+00
-7.792939831294648512e-01
1.411316018275693418e-01
3.065090740728002583e-01
-9.271205289786313974e-01
-1.679995747872632117e-01
1.940460581582049704e-01
7.860631256712126147e-01
-7.707000605640240698e-01
-3.260335581794254756e-01
-6.064335597042793680e-01
-5.174162708402434419e-01
-1.000000000000000000e+00
4.147366727705256162e-01
-6.383632291074601284e-01
-8.049671249773288073e-01
-8.579101883312980625e-01
1.418892820039332203e-01
1.000000000000000000e+00
-3.458993825530158883e-01
5.496787102008127146e-01
-7.037199229350208363e-01
3.566227779615874782e-01
3.089028885123034085e-01
-2.794928924242630619e-01
1.959821542159723151e-02
-4.167063165075274855e-01
-4.882694763844068753e-01
8.626514258228914489e-01
-6.273545102489144210e-01
-3.553589483683513572e-01
6.102206467713545690e-01
5.090111559992984702e-01
6.203983311288889801e-01
1.000000000000000000e+00
1.040237116669336936e-01
1.151773577252812319e-01
-9.445859033354159218e-02
2.107947770834026624e-01
1.190163245323596630e-01
-2.620956070149999539e-01
-1.000000000000000000e+00
-5.989373351680048474e-01
-1.000000000000000000e+00
5.643260014734538532e-02
-1.000000000000000000e+00
-5.097373551529684743e-01
-8.572717064640421603e-01
9.704580863710193794e-02
-5.859334680708843113e-01
-7.614305776555896355e-01
1.000000000000000000e+00
3.841342400454865746e-01
-2.696642066901235868e-01
-2.553919944966061006e-01
-2.131958430862468390e-01
9.437571233641420254e-02
-6.698926607284962920e-01
5.688886340033220135e-01
1.000000000000000000e+00
4.645137182331870451e-01
7.206331072168560281e-01
1.000000000000000000e+00
6.685736992892116204e-01
8.111963540768483139e-01
5.276050686604297768e-01
3.393547132329493010e-01
1.000000000000000000e+00
8.077689151087410480e-01
-5.997474970807870065e-01
-1.492700325477985257e-01
4.430436000876774583e-01
1.755493269209476570e-01
1.000000000000000000e+00
1.000000000000000000e+00
5.267578641804093742e-02
-8.519351697259093248e-01
-1.000000000000000000e+00
4.469771530147987892e-01
8.050761872074567727e-01
7.307818919019670734e-01
3.022734925912938797e-01
-8.972641340868844351e-01
-7.866887692020905209e-01
-1.000000000000000000e+00
5.345001381329612666e-01
4.472119055139957000e-01
1.569881276361305145e-01
-5.159796081823146974e-01
8.102724268009097175e-01
6.141643910445382382e-01
-8.957863693518482995e-01
-3.458841113855395943e-01
-6.737363250379346802e-01
2.935000399429860130e-02
-9.905591029508759027e-01
-7.814475221216572454e-01
4.601507134976887681e-01
1.260989598952984569e-01
8.960173418086418984e-01
8.754648352968569247e-02
-6.167274215827994732e-02
-3.960355925459082549e-01
8.942797843751717490e-01
-1.900982528710500052e-01
2.758754345003224806e-01
4.117832579318633224e-01
-2.209732533752388761e-01
-5.932192427041033111e-02
-4.340841206581006473e-01
-1.000000000000000000e+00
1.578740102974273418e-01
-1.548027421245271040e-01
-1.272643774161206220e-01
3.174843853118780590e-01
-1.437383670324519219e-02
9.117356036416501830e-02
2.486585841357868976e-02
-4.421664773747850941e-01
8.126915223295267943e-01
9.852163097266544711e-02
6.123427019079866751e-01
-6.859798805553773970e-01
-2.638067029579771461e-02
5.672394791185184637e-01
4.625546979509216339e-01
2.330833297182691444e-01
5.807061495119120176e-01
9.033010711057124498e-01
7.674530698604994372e-01
-1.000000000000000000e+00
-6.064143386905402888e-01
1.877728356073675720e-01
-1.000000000000000000e+00
5.473637952335038692e-01
2.020992290480501663e-01
3.900206675448584792e-01
-4.284580528498775909e-01
1.000000000000000000e+00
1.000000000000000000e+00
5.794485850608501742e-01
1.000000000000000000e+00
7.410229576100604287e-01
-8.929175594999392285e-01
6.901699908817890972e-01
-4.162186552130722750e-01
-1.922822617903023890e-01
-1.000000000000000000e+00
1.000000000000000000e+00
-9.979577053764402406e-01
3.202407192225676935e-01
-4.752003852543457141e-01
3.680032642051096481e-01
1.000000000000000000e+00
1.000000000000000000e+00
2.163643519994414288e-01
6.143406434330954680e-01
5.367871092680845946e-01
-2.059061889357549080e-01
8.751122522022493078e-01
-7.179264804669196476e-01
-4.353716333723827714e-01
-2.390497760781801206e-02
-9.832516259302336303e-01
4.512680979441063278e-01
-6.148018876358010143e-01
-4.652591235415107773e-01
5.063993458507882739e-01
1.000000000000000000e+00
-2.088384608348624050e-01
-2.744937963362867328e-01
4.610684536654272581e-01
5.181865554941997853e-01
-6.270639521372375347e-01
-9.284608297240043440e-02
-5.424241300875428662e-01
-8.524247667680681095e-01
3.433106048956839351e-01
-9.442635968799786284e-01
1.256063701919011288e-01
-4.144122474761636754e-01
-6.679273307365819479e-01
1.000000000000000000e+00
-5.630370719722823658e-01
-1.000000000000000000e+00
-2.793062632464605732e-01
6.007445429357340938e-01
-2.001359532821772591e-01
1.000000000000000000e+00
-8.152265250756701720e-01
9.568930705255714875e-01
1.000000000000000000e+00
7.043405231845917269e-01
-5.976858260671440437e-01
1.639091165350698986e-01
-3.097475087108103042e-01
-6.692175724604936260e-01
2.877056880402268924e-01
-1.712874746026538109e-01
-7.220409950926396370e-01
-7.595114085344598642e-01
-7.200630481981036279e-01
-1.000000000000000000e+00
9.577996841743405820e-01
-1.846639816952069801e-01
-1.000000000000000000e+00
-1.699811726063856221e-01
5.987487606506919358e-01
6.704645551951464721e-01
-2.488756345093433020e-01
7.510957643422756513e-01
8.172322287592000967e-01
-1.000000000000000000e+00
-8.717936580917312606e-02
8.932565965424390519e-01
-9.258553034662324599e-01
7.288799244778075836e-01
5.002056386215073536e-01
3.118486720627957620e-01
1.000000000000000000e+00
6.324547178873376474e-01
-6.530691124748134735e-01
-2.605913556943728615e-01
8.353513791705645675e-01
2.578300440917724590e-01
-2.543211153422105797e-01
-4.976543693714086114e-02
1.000000000000000000e+00
2.319868549055615348e-01
1.000000000000000000e+00
7.165580684640694420e-01
-1.019144832442395177e-01
-2.936088972796788710e-01
4.247900376017650914e-01
3.568529727761116099e-02
