-2.086199198879433725e-01
1.252930698065587434e-01
-1.049683624206069477e-01
-1.009660365564651330e-01
-1.266974768623645720e-01
6.627889329575752109e-02
-4.520770333044685230e-02
4.422209578462752422e-01
4.055718973790888859e-01
-2.802733398926017250e-01
-1.514536568627688207e-01
3.383836242930933214e-01
-6.622096883422026181e-01
4.909818076627782135e-01
-6.026931997081875769e-01
6.518656341504485141e-01
1.893285352066285954e-01
1.970385708555259241e-01
2.176215865379888259e-01
3.016202831216278080e-01
4.358091903775619946e-01
1.529125661056696672e-01
-2.442561601799563276e-01
-7.162758408166817192e-01
6.147637286623799380e-01
-4.830975119374439908e-01
-4.619002706961472526e-03
-8.894096439829936307e-02
-2.234906790675405541e-01
-4.782985610938582377e-02
-3.181382069725941508e-01
-4.822920635182270654e-01
-3.334271067541823008e-01
-1.739294389541005403e-01
4.578131243463937072e-01
5.027968280999142170e-01
-8.954984669048170476e-01
2.851381224800566550e-01
-1.969478539193784128e-01
-4.185721995391713524e-01
2.321707620747078260e-01
-4.620329058367472763e-01
3.631537202296437616e-01
-2.500035375213971803e-02
-3.622931527249836359e-01
3.701601720239964255e-01
4.909377038973413709e-01
4.606128687110018771e-01
3.572760005473984979e-01
5.700691739537309122e-01
-7.813268623407620961e-01
-7.147423595126491946e-01
2.036336901182601022e-01
3.920690899488638026e-01
1.625434200294061104e-01
3.980771765843906657e-02
8.307389442327361984e-01
-3.177607724890593177e-01
1.808982971680438423e-01
5.237436073448453744e-02
-4.295037584492584770e-01
1.681596583205413331e-01
-4.100736202770711714e-01
2.934291260444621963e-01
-3.704267402810604848e-01
-2.595527155960116183e-01
-2.916793864604425024e-01
5.819763323996960391e-01
-5.226749444887355267e-01
-1.976508798206640383e-01
-3.944656047425623702e-01
5.597103231035555071e-01
-1.978509881226140910e-01
-2.427342919598951265e-01
-6.046677434575935539e-01
-4.034997329103278130e-01
7.239595300132417588e-02
3.445430075680088744e-01
-2.223074629850870995e-02
-2.830245178657177507e-01
-3.364021564532011788e-02
2.696761336821431043e-01
-7.130193470396096744e-01
2.643488045109665396e-01
-6.546882171754100921e-04
5.167655910067795594e-02
-9.550038774235829475e-01
9.505622062775406778e-02
4.011287435040237215e-01
-1.340978493305809427e-01
-1.252411956292608930e-01
1.849047041077740983e-01
2.333492451583715765e-02
2.739457073077489757e-01
-1.052018998067427019e-02
-2.240568338668006698e-01
-2.195721860552382054e-01
-5.590183359857820999e-01
-9.769393025825603427e-01
6.894929569489653964e-01
-4.465800510115846000e-01
2.604165869172202497e-01
-2.195787306299293862e-01
-1.915322332550433437e-01
6.808638738582206695e-01
2.481800739717758275e-01
7.286361277984517715e-01
-4.552504332991309105e-02
-9.945782587853055356e-02
6.747496020736193367e-01
1.714350284951417919e-02
4.368316353461769164e-01
1.709910484187506796e-01
1.376308733775011006e-01
-3.411030150122840721e-01
1.745934267908428039e-01
-1.495534571752211717e-01
-1.691766981850060247e-01
6.723509686602725521e-01
-3.575207418458539177e-01
2.317914201983593270e-01
-6.203147410887291935e-01
3.682580819459881361e-01
-1.707667893329213316e-01
6.146477430126419117e-01
5.645763144700244318e-02
-7.820333590075234653e-02
-3.555721211096277701e-01
-7.832234516141596270e-01
-7.385840692345986280e-01
-3.627800046069050710e-01
1.896948444339413564e-01
-6.468339330352882444e-01
2.123175721272791971e-01
-1.922891138309349573e-02
-9.541882416726348015e-02
-1.246985536376403886e-01
2.257491429446224496e-01
2.887825430896650003e-01
-4.371955724034218838e-01
-2.596542883641693167e-01
-2.934082702775233642e-01
5.855678643732996624e-01
-7.871060089087169587e-01
-3.901293167316858268e-01
2.018145988498492027e-01
-2.591058313866497764e-01
-5.175027754698238169e-01
-8.979279386528912776e-02
-1.445779827972362153e-01
-4.755526793253150308e-01
-3.033489253837164945e-01
4.215335360418949184e-01
-4.185918393536973148e-01
1.486479975163748912e-01
-2.333646495931694931e-01
-2.108867817124768507e-01
4.760092906498921139e-01
-8.109196841439597625e-01
-2.665016140565577563e-01
-3.519274020888954468e-01
-3.758333573375611802e-01
-2.104451189482781093e-02
5.936019140964605978e-02
-2.630361645043418073e-01
-9.153761560258821817e-01
5.805304727801219311e-01
2.900464672477053862e-01
-1.469346853592519214e-03
-1.572736048973817080e-01
-3.849028355899390963e-01
-6.394517895791402839e-01
-4.545613386003389267e-01
2.829793731773396215e-01
-3.036428788507161136e-01
5.639141956012897472e-01
3.459937185561895445e-01
4.961664784423436281e-01
8.270376305816210527e-01
-4.752180917293499784e-01
-7.535706500688700571e-02
3.358156511977396508e-01
5.046308712299020227e-01
1.790299378012441545e-02
-1.641196664720951381e-01
-5.562714408122932941e-01
5.179242447776866154e-01
-5.156221303015524199e-02
4.257994527867713375e-01
-3.281897221344768911e-01
2.637017564788353696e-01
3.174200364596768686e-01
-3.772229095602049886e-01
-2.321827912142150618e-02
1.134375608635651983e-01
-3.149803435028872972e-02
5.306476703131440820e-01
-3.967001938746350098e-01
-4.156918493719968799e-02
8.413319747232542722e-01
-7.525648977393042394e-01
2.792892348809705161e-01
-3.566894639404721290e-01
4.093543030514190106e-01
3.160836992986812977e-01
1.580026131912724285e-01
1.781021987278663121e-01
6.629604079789140902e-01
-5.715970627354450828e-01
1.122656207912380577e-01
-4.633110242752515040e-01
-5.342032388972380863e-01
9.356821391325897963e-01
-2.907358786329116707e-01
6.033128931210854917e-01
-6.020305801418962544e-01
1.395536737547746209e-01
1.776963202789816898e-01
7.441727995192690681e-01
9.746924585887704051e-01
-8.498008838077057703e-02
-1.738407697151198861e-01
2.387371927104403324e-01
9.446856817696928088e-01
1.124691457732125283e-01
-3.459055869426524987e-01
8.197408610554032804e-02
-9.108369692884586699e-02
5.595663076484456155e-01
7.108271729583114373e-01
-6.144803792274847742e-01
5.591300698156629334e-01
2.712743550950453414e-02
-5.270927659060548054e-01
3.270158916948514571e-01
5.998839645711474544e-01
-4.337609459750820795e-01
6.805556490691361260e-01
5.084901179743619437e-01
-4.194284582144032214e-01
-3.650763221436471861e-02
2.153008061382107041e-01
-4.182096062366831846e-01
6.909517054485297960e-01
9.600291266560855297e-01
-3.537939338048224358e-01
1.548423280416258985e-01
4.254916820624331519e-01
5.013096598309232377e-01
7.603819362963254447e-01
-5.384610864531635954e-01
1.695098687341401178e-01
-5.501402320679052993e-01
3.980840848150914435e-01
-6.892754995671707130e-02
2.350254683350675167e-01
1.447759753871511179e-01
8.903085035098068367e-02
-3.312554169803599291e-01
7.376654470085258763e-02
-4.509875729765760455e-01
4.220849776261568209e-01
-3.895015160224639672e-01
-4.677540039490721280e-01
2.004458947724643003e-01
