-6.813491912492235514e-01
-7.241288020810162651e-01
-4.734799106145066161e-01
3.487187881978203174e-01
9.292533456557625082e-02
-4.494730058752227642e-04
-8.378043943364287260e-01
-3.700392832147506583e-01
7.449922345633269716e-01
-2.870283179199575874e-01
7.175355154106007882e-01
5.640752645285369571e-01
-9.078311235625837750e-01
-4.294051555986515001e-01
9.718729377137760306e-01
8.551494715477535591e-01
3.629537955927041315e-01
-2.032037286934743614e-01
4.063320503890684998e-01
-4.437127881767083948e-01
-5.115237877674099209e-01
-9.803729335375228615e-01
-1.901775606953071129e-01
7.598384056533887820e-01
4.019886013440839845e-01
2.476290091934186810e-01
-4.761837485732891562e-01
3.130504696293068267e-01
7.589241542692912179e-02
-1.784959386884991950e-01
-5.037100943610718362e-01
1.000000000000000000e+00
-7.230431375309060993e-01
1.602657453498950585e-02
-9.933323085404344166e-01
-5.870447592767504830e-01
8.236241434312174814e-01
5.169177301292005033e-01
-5.952544215500092939e-01
-8.356983144062755109e-01
9.547876056048270055e-01
6.425402920956406749e-01
-7.716773403589385349e-01
-2.289935253555365202e-01
8.029266694389043391e-01
1.000000000000000000e+00
-5.451873035906263931e-01
1.000000000000000000e+00
-1.761328153914347716e-01
-2.365103116557707996e-01
-7.185982511725342858e-01
-8.743226260092070712e-01
4.296391068682376968e-01
-5.727860313533017500e-02
1.000000000000000000e+00
-1.959157417184312355e-02
-2.422724885288393970e-01
-2.863562221639881500e-02
1.000000000000000000e+00
3.240902890083725563e-01
-8.028257889148036064e-01
-3.522935919782026470e-01
-1.000000000000000000e+00
1.085629522397267843e-01
1.336703445105523747e-01
2.619469285085095356e-01
-6.316695653339594596e-01
9.165991315519874671e-01
-6.359371934840507556e-02
5.087239701880514886e-01
9.818976754212997982e-01
8.128181553109049551e-01
-4.312171984076033637e-01
2.607516049530566038e-01
-6.653570767899769089e-01
-2.043974164687940021e-01
1.811084883798418643e-01
-2.817845419203643953e-01
5.406232646844787437e-01
-7.522854514752281840e-01
7.506637756340787948e-02
-7.283137720157205619e-01
-9.672805053196025238e-01
-1.493084454489910784e-01
-4.238904875194587918e-01
-1.827453199693964692e-01
2.265352461007205664e-01
-5.435554247779483816e-01
-4.812943694625574920e-01
2.068926856349000976e-01
-2.865351587455720050e-01
-9.939350224207797735e-03
5.617430258317306357e-01
9.794561240911925371e-02
6.595429376997458126e-01
5.698408795931728665e-01
1.000000000000000000e+00
-7.355683487080928451e-01
-6.857651382790574957e-01
-5.273440521077121801e-02
-7.990959224667165683e-01
7.916666248462821132e-02
8.041906021938947102e-01
7.587476622346173150e-01
-3.657314877397029873e-01
5.884895215435448357e-01
2.847710889913001586e-01
-4.967960281833805891e-01
1.000000000000000000e+00
3.656438830646158156e-01
1.948966579650099062e-01
-2.502674063244287317e-01
-2.848846001801668693e-01
5.908541616433597987e-01
-7.489149727685393554e-01
-8.633727842254496077e-01
-1.000000000000000000e+00
7.017239050921753041e-02
9.576828374810856248e-01
2.843820840516518844e-01
-6.331897320449159094e-01
3.706743487864228026e-01
8.065884369466827519e-02
-1.000000000000000000e+00
-4.955189607789594608e-01
4.311202553100558221e-01
-4.998332984521907107e-01
-4.642881232222434429e-01
7.178531757994742468e-02
1.029705929991951430e-01
2.470504435653957664e-01
3.320945395927517585e-01
4.331595689716662145e-02
1.856157481335690695e-01
-9.939053877379262492e-01
-1.366411063327763187e-01
-9.789317440516219770e-01
8.874921425449242562e-01
-5.933342842901208058e-01
-1.521053947299234876e-01
-6.559272633298982580e-01
-4.669149984227671801e-01
-2.478509099554268291e-01
-9.524227499849617917e-01
-7.800484775304123986e-01
5.315946793729346975e-01
4.998544792136737080e-01
-4.998245426523180712e-01
9.046732636122141180e-01
6.320062150825885849e-01
-4.155561910552235672e-02
1.399860491141885210e-01
7.842779201414499246e-01
-6.095342464179417385e-01
-6.400177821802985889e-01
-6.342985799979408146e-01
-7.121997276625351425e-01
3.144738007141738290e-02
2.536638920845096234e-01
9.814279708860016438e-01
-8.771575415254968533e-01
-5.133208790561805124e-01
1.000000000000000000e+00
-3.521399005024002382e-01
-6.161169221130062823e-01
2.553834902085752034e-01
-1.459288669922834125e-01
-2.902048199130267125e-01
6.153521458879908090e-01
1.641913643133672829e-01
-1.000000000000000000e+00
6.445415674618767410e-01
-3.504857515465742424e-01
-2.196681960560527003e-01
-1.000000000000000000e+00
3.009739418053541948e-02
2.041656732533233543e-01
-3.081523225326638360e-01
2.764036193426305799e-01
4.234463690689662524e-02
-6.006559924483457769e-01
-7.834266822610527203e-01
-4.813616483963369386e-01
4.421606816848983046e-02
-8.030131398214112037e-01
2.005969184612745038e-01
-1.288516667522653925e-01
-1.479787892064700627e-01
-1.432020313603225847e-01
-1.456014720125520245e-02
6.140216109077716311e-01
-6.934540355240084164e-01
4.242250350276178805e-01
1.000000000000000000e+00
4.750963527342499937e-01
4.753767026207326718e-01
5.334255744696898560e-01
-7.753022025720804900e-01
9.162028788592924133e-01
3.581058429388613851e-01
-9.441751166073275581e-02
6.396955637583144894e-01
5.067734276276104205e-02
-1.398891674530272633e-01
9.155470859372853987e-01
-4.418015863729180537e-01
-7.528414470713462592e-02
-4.977932913488392064e-02
-4.723860141976958804e-01
4.269457321222127621e-01
-5.901127488263598897e-01
-5.205210663112228575e-01
1.930771346004138134e-01
-4.315573667981950634e-02
6.162668454224060621e-01
3.811666376163490022e-01
-5.638311171818748413e-01
3.973949080828682034e-01
1.000000000000000000e+00
-7.125316684777533993e-01
-2.565831860066210557e-01
-2.019116535133033685e-01
3.678239856357143900e-01
6.353097522496968796e-01
4.316914784831504814e-02
-1.641441298798828052e-01
3.458360408363761462e-01
-3.587185369932417434e-01
-8.662243835364388245e-01
-1.802747313597509171e-01
-1.000000000000000000e+00
-1.000000000000000000e+00
-7.968237815125734924e-01
-7.566196987988693667e-01
1.000000000000000000e+00
-4.781667302680771003e-01
4.939570628702160127e-01
-5.510465089190647037e-03
-3.412091986141128630e-01
-2.292311106137149834e-01
-3.964913351462162616e-01
-3.188777158427743563e-01
1.000000000000000000e+00
1.512946992154458048e-01
-2.108922419219252109e-01
-1.000000000000000000e+00
6.383845752273126228e-02
2.282672874047025346e-01
9.649722656200141468e-01
9.479599708454695683e-01
-2.190729172477271225e-01
-6.578899097466899271e-01
7.471314944352641652e-02
9.510486274597228507e-01
4.713262828437772001e-01
-5.270647873363940583e-01
5.630347308155278507e-02
-2.832792317459087439e-03
2.182635450899961804e-01
6.568624108791045746e-01
-1.000000000000000000e+00
1.407906464893537990e-02
5.746780158460516041e-01
1.000000000000000000e+00
8.187802671253449072e-01
