-2.153316820286743649e-03
-1.992100427799461393e-01
-5.938567268314265402e-03
-7.146038009870704366e-01
-4.772245915953132744e-01
6.506332862682528972e-01
-1.440377920145474167e-01
1.539197842796019566e-02
-8.060873862064849016e-01
-6.163764888228463468e-01
-1.000000000000000000e+00
3.097222367799536413e-01
6.633546334946099909e-01
2.626464403282953164e-01
4.286759435847893318e-01
-2.278029067142757769e-01
-2.154274038010277337e-01
-6.014750894312165252e-01
-3.559879846801226044e-01
1.000000000000000000e+00
2.186775701123466753e-01
3.252173620926787634e-01
-8.590736164045238432e-01
1.352525284129003080e-01
1.038310864642922327e-01
-7.993299456882883014e-01
2.752656803040933742e-01
1.000000000000000000e+00
-6.250917001161068187e-01
-3.623586993745128160e-01
4.670647407773860227e-01
-8.445459022533041704e-02
-5.015897880528361608e-01
-2.297633288149206754e-01
-9.254949392742889414e-01
-4.181914797980491594e-01
-1.657244146569233911e-01
-1.928796984148090088e-01
-4.812413882591352610e-01
1.000000000000000000e+00
4.298056891467592899e-02
4.581091515109576018e-01
-6.904980362552204376e-01
-1.000000000000000000e+00
2.744516799680096764e-01
2.999340936168530813e-01
2.194247679357356484e-01
-1.000000000000000000e+00
3.046116902989604025e-01
-4.800237060302641745e-01
-7.399305534518354488e-01
-9.189740624566875571e-01
5.541298607164188983e-01
-4.088934601935202418e-01
-6.642754737745750759e-01
1.000000000000000000e+00
3.056144440063280898e-01
-3.162901798136656395e-01
-6.301293511794117119e-01
2.734404057437079816e-01
7.584749336083558280e-01
8.915594491260826482e-01
2.279554630431571416e-01
3.674289457323280939e-01
-9.680842505164108935e-01
-8.059414855572496483e-01
-4.616853800354628889e-01
2.889948941598518561e-01
5.788492799283987411e-01
-4.434242778370267590e-01
7.483581164033452637e-01
1.822432132156012186e-01
1.000000000000000000e+00
4.933459124439418808e-01
-1.000000000000000000e+00
-8.359469118208516791e-01
6.552450171600571194e-02
-9.180212191793687415e-01
2.884391834615064321e-01
-4.355137717290981092e-01
-4.971364900135460951e-01
-2.456124492474658361e-01
-4.747971640582482888e-01
-3.262886098009391556e-01
3.711587894565923085e-01
-7.310026381235890103e-02
-1.000000000000000000e+00
-4.033597228091776454e-01
2.456005405588781720e-01
-1.755952223094155995e-01
8.435389156487896889e-01
-3.355542188906235901e-01
1.151678952974604653e-01
1.519686279476426261e-01
6.628109068274660176e-01
-6.844906000968387083e-01
8.288634502954772554e-01
3.383710992421484764e-02
5.186458767445041307e-01
4.152504930783215142e-01
7.335742463462782137e-01
-7.850795307219408103e-01
-1.000000000000000000e+00
1.034458273138266077e-01
-2.839486649142235475e-01
-7.053397513139281205e-02
7.864686463120920124e-01
8.322130767180070388e-01
4.248966483322395016e-01
-6.015107499616716424e-01
2.217408113211105647e-01
1.000000000000000000e+00
-1.411479425161606960e-01
1.261057136132648360e-01
-3.139908799671989881e-01
7.690064695269946959e-01
-2.655525702758916307e-01
-9.551633987434903217e-01
-3.417367352598206232e-01
4.297062313269074396e-01
-7.671797050663609063e-01
5.565171166245510559e-01
-6.453476396399033810e-01
-7.397913451960055897e-02
1.000000000000000000e+00
-2.381319644520243362e-01
7.641688645710987826e-01
-7.581832672842893084e-01
-1.000000000000000000e+00
8.767085429006390429e-01
-3.072829631037045095e-01
-5.276419931383601325e-01
-4.190081578032818777e-01
7.800208834598710839e-01
-7.242576712201305167e-01
-4.384356438254416455e-01
-7.384179330308937583e-03
9.212742289286969533e-02
-7.351030341139690449e-01
2.826379983439913923e-01
4.930020855268003599e-01
1.395611209362598304e-01
7.795638529163597674e-01
1.000000000000000000e+00
2.817016223118373186e-01
-2.794865563159225630e-01
6.325523181459788979e-01
8.913718151154733649e-01
-5.173286900302602742e-01
7.816494044635851068e-01
-1.070692099373492523e-01
-1.000000000000000000e+00
4.790545343910799364e-03
1.000000000000000000e+00
2.576188245844452940e-01
7.741931121690015516e-01
-8.302611636334416012e-01
-7.068198121948160439e-02
-1.000000000000000000e+00
4.344554499004624759e-01
2.100071704616275903e-01
1.000000000000000000e+00
-3.454669665140895907e-01
1.060944413612808779e-01
7.104660080698307345e-01
-1.000000000000000000e+00
-3.928456236261301804e-01
-5.850910992397215793e-01
8.659078131570808745e-01
6.360992130812757051e-01
-6.518804486949004995e-02
-3.437944228010815784e-01
1.000000000000000000e+00
8.844307770859365370e-01
2.639413314272959776e-01
-3.601940502619593309e-01
-2.629368205402645708e-01
-3.078707261265868911e-01
3.817907858998749182e-01
-2.670203060204749401e-01
1.680252227707314805e-01
-1.000000000000000000e+00
8.162551198449927159e-02
-1.000000000000000000e+00
3.130852464932608603e-01
5.749238390681478128e-01
3.598728604871992420e-01
-5.857451198774854539e-02
6.810779803336652893e-01
-1.229349997099647429e-01
4.888722812935788475e-01
1.912071818962056691e-01
5.182701544825989437e-01
2.377824781757288397e-01
-1.393537540266773234e-01
1.671649624925631294e-01
-9.434348192292030255e-02
4.012872424020245132e-01
7.490198124173642613e-01
3.301042119725614565e-01
-6.502138059306534768e-01
2.323987568363189982e-01
-9.576682726978462679e-01
2.844524040287541577e-01
5.631561031338189194e-02
-6.051725732483248521e-03
7.038736853592746368e-01
5.816795341244083151e-01
-1.000000000000000000e+00
2.829889038008585600e-01
-9.887097499143410184e-01
-1.106814561873093600e-01
6.516643693262438308e-01
7.950612551617661783e-01
3.595662654275612047e-01
-6.339631493591064704e-01
8.287858139791584033e-01
5.854603079797090492e-01
6.119167100746740751e-01
8.920572063510050498e-01
-1.608287365125921076e-01
3.693803226322835975e-01
-2.605779254893411667e-01
1.000000000000000000e+00
-1.953654201116951372e-01
8.287840500516374664e-01
-7.388639699960711793e-01
-1.472516339312907596e-01
3.064979325438498270e-01
-6.226416831662223705e-01
8.236185745828833449e-02
-9.039414420749160017e-01
-6.867561484919318393e-02
1.850710081702038323e-01
-2.284128869859030075e-01
-1.796183052482936138e-01
2.508206367801721903e-01
-9.256254198598548033e-01
-2.524569202885890706e-01
7.484888410394351377e-01
-8.451937275542698025e-01
4.910078733524567141e-02
-1.167046709540556226e-03
-1.000000000000000000e+00
4.576614459816736868e-01
3.839819755333242490e-01
-1.000000000000000000e+00
8.144274025813280637e-02
-1.392253651113429802e-01
1.468529482548419640e-02
-1.000000000000000000e+00
9.710107906146759893e-01
-5.017108471331743758e-02
8.459792192287883816e-01
9.389156064613398689e-01
-5.035946457060753723e-01
-6.703181293487243675e-01
1.594509247678083941e-01
-1.000000000000000000e+00
-5.022314820673510205e-01
-8.263346261458567321e-01
4.115188088172308523e-01
3.033652361730106439e-01
-1.623003258672039983e-03
8.502847681633549093e-02
