-2.180021854458192299e-01
-8.448884652411303708e-02
2.770268853169753354e-01
-3.249742398431255119e-01
-1.821208707821375949e-01
1.780783538303559732e-01
1.000000000000000000e+00
4.418257668631400681e-02
-1.000000000000000000e+00
-3.698379346771168974e-01
-7.562895426311794234e-02
-8.489093922979895623e-01
8.564456540224574255e-01
-4.077082455576757636e-01
3.882843657084740219e-01
-6.273182961660597190e-01
-5.548992453648665668e-01
-1.000000000000000000e+00
-9.497087335998404267e-01
4.390767234389006402e-01
-3.469063402778261862e-01
-3.921563659053551865e-01
-1.379739759266223886e-01
8.543943530341865933e-02
8.281215672648873927e-01
-2.595362055604960583e-01
-5.515183800997771613e-01
-1.000000000000000000e+00
4.542512300657736146e-01
5.470719982403497994e-01
1.535261307258775632e-02
-1.000000000000000000e+00
-8.210882527482252780e-01
3.225640570178017197e-01
-8.645814700404903519e-01
-5.280305326817027467e-01
7.041862895646798792e-01
3.755188619017905127e-01
-1.000000000000000000e+00
2.873195138211962485e-01
3.414273649678489786e-02
-2.883328595132084171e-01
-4.061761732052944773e-01
1.142720341787051841e-01
8.879944445694771815e-01
-1.000000000000000000e+00
9.177248609397770096e-01
3.308093851991996681e-01
-7.361994641790788052e-02
-7.297147635094002327e-01
6.050997497689830640e-01
5.914198336933109701e-01
1.503469460582262662e-01
9.083279388839271551e-01
2.690255169687923997e-01
-6.088427694523703693e-01
3.165523770915509294e-01
1.000000000000000000e+00
-1.000000000000000000e+00
4.652011610085354243e-01
-8.780906678638857876e-01
-2.774445401325392191e-01
6.084705341844268700e-01
1.229645691154981069e-01
4.220238392800732541e-01
-5.640546445747524062e-01
-2.857982429514174805e-01
-3.272645549904711904e-01
4.785366063916294266e-01
-5.973364934943580229e-01
6.973832501985811616e-01
1.000000000000000000e+00
-1.985024370969774854e-01
-1.886960477368575251e-01
2.163621255644803190e-02
-1.000000000000000000e+00
9.803425620500387794e-01
2.121871981405969165e-02
4.335258592779248077e-02
-1.038828829212877364e-01
9.815715121673257437e-02
8.955298561932302226e-01
1.978316151508941467e-01
9.110901240030566672e-01
-2.499347339814221580e-01
3.341913597297999639e-01
-3.130385334346350579e-01
-1.000000000000000000e+00
7.129266740088604504e-01
-8.773095510875190683e-01
5.664798327982932813e-01
8.184344329280686114e-01
-7.991398802794703604e-01
-8.909078096845975958e-01
3.624174136941937796e-01
-1.761317513259020862e-01
4.859777420183774010e-01
-1.000000000000000000e+00
-2.938626196396398882e-01
2.634375857543655441e-02
-4.051855041586512884e-01
-1.000000000000000000e+00
-2.834413394190402613e-01
3.660021438867809285e-01
-1.239228024219796165e-02
7.051256841197495878e-03
-6.676406139057157185e-01
2.186515626082414232e-01
-1.000000000000000000e+00
-1.793046368116396616e-02
6.475573190890303588e-01
9.259767881838261161e-01
3.202640038104553888e-03
1.315791496715101316e-01
3.761827471400158718e-02
-9.541195596974273441e-01
5.369444271370982236e-01
-4.148243513244593839e-01
-1.000000000000000000e+00
4.260497171361582458e-02
-5.419000031642606796e-02
-9.936619460468183451e-01
-7.876235211254787316e-01
5.686672830668926260e-01
-1.000000000000000000e+00
-7.668069580652150385e-01
3.502719237339892988e-01
6.581108153202863686e-01
-2.030086628208626343e-01
1.493634364210905119e-02
-6.312588810274948337e-01
3.814600877254981093e-01
-2.750848207623757813e-01
1.389313916772142443e-01
5.178304969668962032e-01
-2.115627222989545364e-02
-3.910315727424134580e-01
2.185004837631491781e-01
5.107176869431500066e-01
-1.119826515258629529e-01
-5.800146934698110490e-01
-5.333344818322844905e-01
-6.037976516190670662e-01
6.273589407597701673e-04
-2.132343017188935708e-01
-7.991451310102680727e-01
-1.134778209499189977e-01
2.088758090802369238e-01
-1.184065400250424727e-01
2.925729741907099335e-01
1.033722831482881688e-01
1.058282227610509996e-01
1.000000000000000000e+00
1.000000000000000000e+00
2.708128648951679818e-01
-3.186583141322015811e-01
-1.000000000000000000e+00
-1.615202170296584638e-01
-6.455710251583660075e-02
1.244364926085829715e-01
-6.887599801450572379e-01
-2.781169523228351759e-01
-4.074444360409854582e-01
8.212973487123825800e-03
-2.284614858986158681e-01
-3.218261130891377775e-01
-1.249385465575349186e-02
3.896270654147486745e-01
-7.821985640334390144e-01
-6.806068631400534752e-01
-8.001524914403096433e-01
3.615119598419335167e-01
2.390234046111974209e-01
-8.125489669146582772e-01
-9.194741645175207312e-01
-5.472853527001055873e-01
6.680580391375783300e-01
-6.990367730410839142e-01
6.827741452007505263e-01
3.560233513377898396e-01
6.223906746240422949e-01
-2.903841803949300804e-01
6.149679253580928595e-01
-5.969648529815335669e-01
-3.946023265484476239e-01
1.000000000000000000e+00
8.915258978508231458e-01
2.233755672717927243e-01
3.691703607412271104e-01
-9.484056015948216789e-01
-8.015389563110744131e-01
2.424076438194213423e-01
-9.537003577895852846e-01
5.198178236683265174e-02
-4.787068279475178989e-01
8.255352421071653346e-01
2.443400477266333137e-02
1.000000000000000000e+00
3.889276654450203319e-01
-5.325758143168696224e-01
1.000000000000000000e+00
3.198957557660720985e-01
-1.581496525654773055e-01
4.070689049143633165e-01
-7.427950429281854339e-01
-3.734976256713340437e-02
-8.095082775686410770e-01
2.494268552448549170e-01
9.796300822366813543e-01
6.439497551670094744e-01
9.344411638160051714e-01
-6.848632551830149406e-01
8.308843538615746649e-01
-6.275527881914748640e-01
5.130669897460922169e-01
7.217820900100543891e-02
-4.731140545321063096e-01
-8.901579190590336310e-01
2.740793759415887099e-01
-1.000000000000000000e+00
-3.079013950542613953e-01
8.294287591856362996e-01
-3.371358053188840409e-01
6.285781440427417044e-01
4.925214801863384562e-01
1.000000000000000000e+00
-5.848099739450565160e-01
4.064437469380852708e-01
3.636442914810011917e-01
6.968189961772860430e-01
-6.468837045584985290e-01
3.669389338979630044e-01
-1.391606419665336325e-01
2.967801304161095666e-01
9.646227651623683341e-01
-1.000000000000000000e+00
-3.109710717846527750e-01
-2.943783126242844883e-01
9.722177053494999999e-02
-1.710981841320248498e-01
-4.010177961264362878e-01
3.293355308332689413e-01
-8.617833527484974887e-01
8.480620105880559700e-02
1.059562013097234967e-01
-1.457441214662128504e-01
7.762579555558641875e-01
6.458367238631296248e-01
3.822378762886110559e-01
4.613021894477052909e-01
2.302619665012803907e-01
-5.101635590153278388e-01
1.384673064537296494e-01
5.801375178147976097e-01
7.604812074602003147e-01
-1.000000000000000000e+00
7.020500920554225699e-01
-1.000000000000000000e+00
4.390427433867925000e-01
4.218291712080885492e-01
6.486336480076946298e-01
4.406122256798405967e-01
-4.281658733054205523e-01
-4.215666221110929701e-01
-2.927407835752697807e-01
