3.819041254407340991e-01
3.714296112922566007e-03
-2.292206903508298699e-01
-5.633857512677036272e-01
5.968063230899602889e-01
-6.630548284687766136e-01
2.200846088627053387e-01
6.827903108710665914e-02
-3.432716416789525216e-01
-2.049400645204654814e-01
-3.704106480827528691e-01
2.543817871077597159e-01
1.000000000000000000e+00
3.535125312252696550e-01
-9.151053475433507112e-02
3.217365125636024725e-01
-8.694066543457741325e-01
-2.780021630126404131e-01
3.591888948121885750e-01
-7.293931881001702866e-01
-9.515490178369725438e-01
-1.909116637466490296e-02
-6.169562508896884317e-02
-3.073791146061777280e-02
1.000000000000000000e+00
-3.050150978910881050e-01
1.254525850349156313e-01
8.697744546621284378e-01
2.534999977457873532e-01
5.727407874684604661e-01
-1.654606127210938027e-01
4.597705051737837056e-01
9.415386192174812763e-01
9.140109804182987574e-01
9.186240970475882950e-01
5.418188320671007974e-01
-5.134651147758201306e-01
-3.444212700074172906e-01
-1.000000000000000000e+00
3.732662794587363053e-01
1.000000000000000000e+00
-4.833671740212820978e-01
-1.869084827201517029e-01
2.043413625535475675e-02
1.000000000000000000e+00
3.733806122564713448e-01
-2.325303485204992804e-01
5.945321662658452633e-01
3.098816810288877455e-01
9.316591293393734485e-01
-8.792595415468978937e-03
2.011335712245048424e-01
-2.018986678425863102e-01
1.465352774602208807e-01
-5.338308158591319463e-01
-4.739466439860495206e-01
2.905646129222484442e-01
5.864923239923803822e-01
-2.835435715815785573e-01
6.719450745256133617e-01
4.025782836181321933e-01
-7.878605722324365512e-01
1.000000000000000000e+00
6.016298069499043111e-01
9.389740780889707095e-01
1.322016978221813022e-01
-7.673305295479314614e-01
-1.334801987589387673e-01
1.153608512206775183e-01
5.970777725201621700e-02
-5.179221079058446975e-01
1.224665745813127565e-01
-2.398177368979438895e-01
-2.088508033142690845e-01
9.622283505736871634e-01
-5.495987000700857106e-01
1.000000000000000000e+00
6.823517472816471585e-01
-1.854439408208654050e-01
-5.590046228775241710e-01
-1.000000000000000000e+00
-3.300132992685528288e-02
-5.067025266833782293e-01
-9.370456059202673937e-02
3.852468677136322572e-02
6.216757989727242362e-02
7.667615455017804393e-01
1.000000000000000000e+00
-2.124027770029841555e-01
5.580707287130484140e-01
-6.492544843174903324e-01
1.201193366752227598e-01
-1.545127505038148552e-01
8.486428072870477735e-02
3.753672655691508431e-01
-4.986828512407364133e-01
-5.659069080250219708e-01
1.763285067185865751e-02
-1.107876211465394223e-01
-2.874946056790063653e-01
-1.608310653803205759e-01
1.383921930886172769e-02
-2.479189833287705480e-01
4.398075876679610197e-01
2.467143169199524644e-02
-1.456319480010810352e-01
5.312768773106540943e-01
-5.257815991706797920e-01
2.772040155920371118e-01
-4.818186266458395206e-01
-8.890999541438558973e-01
1.998660426184176719e-01
-1.230131496680119396e-01
8.992577544257988054e-01
-9.262365447732725521e-01
-4.747449813367046190e-01
-4.027015614342381311e-01
-7.226847518571449802e-01
8.358013189673366705e-01
-1.453528759483187216e-01
4.829676572630539066e-01
6.240158970848086462e-01
-5.944869404607002750e-01
4.174580402702682269e-01
-8.278527209742790882e-01
2.023464655452312522e-01
-6.457096010864362690e-01
7.463919181587652663e-02
-4.951323044396073458e-02
-3.863959487419210692e-01
2.187907892497831241e-02
5.124497210002724179e-01
-5.090058533292700638e-01
-1.000000000000000000e+00
-5.731566012877229443e-01
-1.000000000000000000e+00
-3.546028582800552220e-01
1.000000000000000000e+00
-3.152031331812384096e-02
-2.274901736862766644e-01
6.214834557219089950e-01
-8.962711159839100716e-01
-7.535240976334059981e-01
-9.661782166763763779e-01
7.191555363460047090e-01
4.536396722677880078e-01
-7.461722718579220093e-01
-5.093492141980432431e-02
5.382703894469155204e-01
5.717430223573829462e-01
-2.914336723270520846e-01
-1.856948960507276425e-01
-8.528991829083547582e-01
-6.459429251640205205e-01
2.677144109115267012e-01
-9.124487525207866656e-02
6.612887399820333023e-01
4.037023135421334841e-01
-7.298238798308011033e-01
5.333848994166192625e-01
-1.016636738521984884e-01
-5.270202381755428878e-01
5.906642231988835645e-01
-7.544673194437134800e-02
6.125343151313098478e-01
7.476041432458362390e-01
1.000000000000000000e+00
9.366372846729420498e-01
-5.596615365531329989e-01
3.448714636532064781e-01
4.448666282290337226e-01
-3.195963731160725851e-01
-1.000000000000000000e+00
7.955287297822977166e-01
1.487908911642271126e-01
-1.000000000000000000e+00
-4.286073560903960189e-01
-5.509150141672509715e-01
2.176951131735246903e-01
6.871987238507371032e-01
-9.981373441178321704e-01
7.865670086154459284e-01
2.646890531428029991e-01
4.442441946598764124e-01
1.000000000000000000e+00
-1.000000000000000000e+00
2.155591723516734892e-01
-8.713980405951160524e-01
-2.857475269237613746e-01
-8.949169069675821930e-02
-8.767404250772814489e-02
3.759979609584193083e-01
7.783017042761457560e-01
-2.656260168409486644e-01
1.813652464384079843e-01
1.000000000000000000e+00
4.432417595278743683e-01
3.593013658660103027e-01
-4.727777633475895303e-01
6.632900463529194102e-02
-1.904090252287152785e-01
4.406830256794666556e-01
8.772593000594233748e-02
5.522401126922946712e-01
8.709431704942959263e-01
1.142800114752480500e-01
4.149004339400925723e-01
2.681218752425083007e-01
1.000000000000000000e+00
7.136707458774621538e-01
-3.479624205574328721e-01
-9.160408426934156800e-01
6.055860016440364202e-01
-6.826421764787351520e-01
6.522074378657767291e-01
-1.000000000000000000e+00
-3.548195049362538045e-01
9.435180324899200555e-01
3.845189168814859837e-01
-2.809414644678285833e-01
8.124585754133708537e-01
1.000000000000000000e+00
9.278373328427763633e-01
-7.651702547913925567e-01
-4.540634755853864002e-01
-7.093742253447965496e-02
4.343198982019630394e-01
-3.064285177270265059e-01
1.495538940267997496e-01
-4.352098703856753792e-01
-1.000000000000000000e+00
-1.152707976185270988e-01
-9.553407450453085259e-01
-3.017203635195903066e-01
-9.078394596976673281e-01
-5.391933905730564858e-01
-6.573423258054919005e-01
-5.218534239381705797e-01
1.000000000000000000e+00
-5.313922388434029198e-01
-2.931160545218763902e-01
3.251090186752440825e-02
-2.747886722564111261e-01
1.000000000000000000e+00
2.568830341024733177e-01
2.986033558744594085e-02
-7.206430098903948700e-02
7.656139111921331786e-01
-7.741596756647660671e-01
1.054588540591938073e-01
-1.128396535623064079e-01
-3.442041029193007029e-01
6.763570758852393006e-01
1.664833836226290997e-01
1.040835574257433227e-01
-5.340840109494432442e-02
-8.169736596257926031e-01
-3.006751210366855886e-01
4.729193131400868388e-01
-1.525716162986135993e-01
8.807012223598706391e-02
-9.891203942650365066e-01
4.236524431693827197e-01
3.307076368044139514e-01
8.307316172789789288e-01
