0.172990
-0.485620
-0.971888
0.516762
-0.617073
-0.842574
0.187180
-0.780010
-0.245058
-0.144494
-0.602302
-0.711243
-0.058928
-0.627038
0.052031
0.288998
0.975359
0.646746
0.526083
0.143782
-0.349980
0.904649
0.232463
0.409407
0.948009
-0.029374
0.222480
0.611695
-0.533529
1.000000
-0.613216
0.412250
0.099454
0.143877
0.480089
0.197664
0.229679
-1.000000
-0.349943
1.000000
1.000000
-0.754224
0.344171
0.097146
0.096812
0.702160
-0.457329
1.000000
-0.837606
-0.863376
-0.501494
-0.006294
0.242557
0.467480
0.980596
0.028013
0.983407
-0.124912
-0.584324
-0.472866
-0.925121
-0.952141
0.967087
0.535635
0.835328
-1.000000
0.606568
-0.490335
-0.470179
1.000000
0.221946
0.669266
0.666217
0.381173
0.641935
-0.936226
0.409824
0.171139
-0.478364
0.769945
-0.111227
-0.434006
-0.525860
0.390511
-0.479413
-0.137531
0.759983
-0.780033
-0.107862
0.384586
-0.452237
-0.217031
0.696209
-0.723657
0.714792
0.318080
0.021173
0.044492
0.835840
0.114093
-0.346450
-0.474895
-0.954727
0.738309
0.388764
-0.168265
0.992727
0.044223
-0.888116
0.101812
-0.764278
0.461354
-0.610634
0.369915
0.043818
0.440153
-0.954721
0.041013
-0.636588
0.743959
0.612432
1.000000
-0.953852
-0.699244
-0.983688
-0.409779
-1.000000
0.621501
0.805010
0.309420
-0.947704
0.957872
0.925783
-0.035567
-0.633313
-0.500283
0.477198
0.561851
0.055848
0.054329
0.920632
0.101846
0.038634
-0.308168
0.333571
0.496506
-0.005953
-0.751901
0.677768
-0.537906
0.496864
-0.461929
-0.216632
0.692335
0.882176
-0.249615
-0.185386
0.829872
-0.294474
0.890695
0.431968
-0.420300
-0.390895
-0.077478
-0.979365
-0.570827
0.346299
-1.000000
-0.654107
0.245667
0.853192
-0.390997
0.115460
1.000000
0.182262
0.882592
0.989977
-0.083039
-0.534331
1.000000
-0.724103
-0.592589
0.145347
-0.189057
0.376550
-0.164393
0.716911
0.860438
0.401848
-0.963537
0.514277
-0.684852
0.329783
1.000000
0.580735
0.449707
0.803009
0.826856
-0.172000
0.031833
0.115286
-0.354029
0.931276
0.734694
0.367666
-0.043558
1.000000
-0.721786
-0.708006
0.533655
-0.031081
0.221828
-0.154463
0.838746
-0.632981
-0.063575
0.327122
-0.248759
0.159078
0.846689
0.059600
0.693752
0.116168
0.227065
0.553375
-0.592638
-0.440638
-0.268868
-0.454384
0.594080
0.090036
0.438845
-0.392582
0.599566
-0.535543
-0.942561
0.373161
0.115281
0.292748
0.641383
0.364602
0.843556
0.057675
0.779593
0.413819
0.009421
0.946137
0.296119
0.421056
-0.382027
-0.470553
0.420803
0.363959
-0.712427
0.388636
0.942167
-0.209337
0.237684
-0.212040
0.414961
0.569925
0.117680
-0.873305
0.681546
0.265029
