-9.334150143387991150e-02
-4.232685519691997689e-01
5.166950737181793540e-01
-5.585162428867773698e-01
8.143175742354503699e-01
-3.669430144221777490e-01
4.223423889026145517e-01
-7.924091558568784333e-01
2.973490991927985050e-01
-2.667701877586515780e-01
-9.409201123374555387e-02
-8.549995422932207267e-01
-1.618080689665242766e-01
2.235191395421776139e-03
-6.792578106875903909e-01
7.649960531215163062e-01
-9.588645976051618502e-01
2.075875104916728442e-01
-2.103979152806416120e-01
4.688776367521572119e-01
4.340504805909048414e-02
-4.092510165550715395e-02
5.281961459738687692e-01
1.017614683453679086e-01
5.449133458514797690e-01
-7.722737872656991742e-01
7.050698324119122340e-01
6.706651084731768409e-02
5.822940939553691297e-01
-6.513863410478670790e-01
-9.950885219842783846e-02
-1.275806512953847338e-01
-5.540472936684225774e-02
-2.441874009604820539e-01
-2.781566679298215772e-01
7.216493134697866685e-01
-8.054582939897736438e-01
8.842619420148099818e-02
1.063012942994905341e-01
2.852744143207660565e-01
-1.599569228706130275e-01
3.210551050829029140e-01
-4.421901132549207469e-01
4.159264624226136076e-01
-3.488348278195071983e-01
-1.731211788417777175e-01
1.752552568114667808e-01
-5.089698222115888182e-01
-3.392317209317500804e-01
-7.090101612181041180e-01
7.447051842933823940e-01
-7.702685218213101148e-01
-2.501796607044826648e-01
-4.195438806619906091e-01
-4.066937721930110466e-02
-8.503308582400062043e-01
-7.046036083691603613e-01
3.406907279912717995e-02
-1.064313762780307038e-01
-8.331705327985640119e-01
8.946007960932658154e-01
1.174000248027353907e-02
4.616972654199266168e-01
2.602605639822524325e-02
9.578916790270819437e-02
-2.278124696587749964e-01
4.683162859175656334e-01
-3.541932765956922191e-01
-2.058972497308285965e-01
-1.616399823709623318e-01
-8.795455590879470709e-01
-8.408742398216292324e-01
3.847007523681797436e-01
2.035358739207114853e-01
4.303798028731945641e-02
8.093691684833628219e-01
7.764824433297656814e-02
7.579247515048962436e-01
-2.427727922604247524e-02
-1.000000000000000000e+00
-2.672010118330829798e-01
-8.197457339426227341e-01
-9.722835429885251513e-02
-9.467413294641295607e-02
-8.032803522007803121e-02
-3.668718350874584644e-01
5.870617236083507384e-01
2.214682124992480294e-01
-1.350336362188031825e-01
-3.529062235563584782e-01
-8.098976009708155344e-01
3.609292186224389853e-01
-5.269319818981287318e-01
5.684472483937665910e-01
-3.845342960913533670e-02
-2.697581478981216779e-02
6.012961885228687922e-03
2.136329908899607319e-02
-7.128715874901897509e-02
1.254231842748454728e-01
6.345878634346027725e-02
-7.302557428547965523e-01
-6.706485381316835692e-01
-6.259082200070231750e-01
5.883690960256982017e-01
6.133865744779777307e-01
-7.726295756449726992e-01
8.384161681580578618e-01
6.191765599868902514e-01
1.145811111894699114e-01
-1.585273939390131059e-01
4.311007185432656486e-01
-8.996638336158019333e-01
4.585225869417660638e-01
-1.767596406962749778e-01
-7.464851936584284697e-01
-2.999330572948268325e-01
-5.393835782418772151e-01
-3.254555478157695192e-01
8.913285748258860108e-01
-4.440494247379637160e-01
-3.446141619275213674e-01
-2.820513942905297777e-01
7.624863368949655884e-01
-5.664507759804049414e-01
4.717284657138431925e-01
-8.149905893670228441e-01
-5.284441226602137887e-01
3.657739492678114823e-01
2.710580456641873415e-01
5.100047784458692224e-01
-5.058022008705082007e-01
5.080590974232104262e-01
-2.172741271109404626e-02
1.004880124860984547e-01
6.891113986575960748e-01
3.619113321679813255e-01
-8.468812766980142459e-02
-4.157208725705494046e-01
-6.639050220395342761e-02
-4.115487104867324719e-01
-7.444842087651312168e-01
4.921173746973949159e-01
-4.091220605756055728e-01
-3.851788513418633042e-01
5.614219609185113757e-01
1.525968706191019875e-01
3.082288132409757297e-01
6.224995076966822749e-01
-6.519432439643695065e-02
-2.635363931534920323e-01
1.358338282875355130e-01
9.199865764151046177e-01
-4.198498663709937517e-02
-7.672410169819790515e-02
1.061838709879086434e-01
4.297263392271583604e-01
-1.824998120389689227e-01
4.672329335829606967e-01
-4.147227445172022575e-01
-5.359298308537865374e-01
-1.000000000000000000e+00
-4.283539098444279491e-01
5.339842313978170329e-01
-2.664967237465680761e-01
4.726965056351947747e-01
5.066585310605824510e-01
-5.085193575420215994e-01
-2.961854725876352790e-01
2.916389223908432693e-01
-2.354565206650820197e-01
5.412607854835653765e-01
6.860219642836041798e-01
-5.722744872428668916e-01
-1.286167489663398722e-01
-1.042923890763620409e-01
-5.183502186804005429e-01
-1.459591793336130761e-01
-2.647504337544257513e-01
-9.080274364676522714e-01
2.030586591300801991e-01
6.055125369053021567e-02
1.990121572902820435e-01
-6.038636650886544111e-01
-1.370757967279980227e-01
3.613283222161333130e-01
3.334880993711520913e-01
-8.495069279560396591e-01
-4.863603861149429219e-01
2.029767913521649814e-01
-3.717394354098073617e-01
-7.917206805132522840e-01
-3.090623086439057698e-01
4.481907474212922793e-01
9.038849674768069109e-01
-1.471263960233711587e-01
-7.049425299960631053e-01
-1.593977800015505264e-01
2.549408629471244803e-01
-4.351637374392747226e-01
-2.893068915952232700e-01
1.661068063684875140e-01
2.392890165218281018e-01
-2.003176497155604863e-01
-2.258255013559842261e-01
2.804946216151554123e-03
-1.332842499657936608e-01
1.810851848075206161e-01
4.106553252932186315e-01
-4.204762494635085890e-01
-4.396652455397895287e-02
-1.261913081790370650e-01
-1.556395302764310706e-01
2.553664014506800209e-02
2.780770249418072493e-01
-5.620486950260734638e-01
-3.007685911492380404e-01
-6.706183919227819423e-01
-5.159557055364137890e-01
-7.735429097378136998e-01
1.061399996612799046e-01
-3.134449763699318492e-01
-2.563919094593918868e-01
-4.238334082710382145e-01
-1.322498175111455898e-01
-4.870949730870330341e-01
-3.408931046429872214e-02
4.830713578174090639e-01
9.636194461190386029e-01
3.008920536080545993e-01
3.018085698550301843e-01
-3.098528591862911852e-01
2.414173151325360867e-01
-6.215489177998156922e-01
5.998571414829058090e-01
1.056633106863555938e-01
4.048995384502447892e-01
-7.259382825315791044e-02
2.774763448918682873e-01
4.465588487910213678e-01
-7.313383641880222275e-02
8.613892486226770728e-01
6.840409656765936708e-01
6.897876112578760210e-01
-2.229009487266267742e-01
-4.662787542850007627e-01
-9.169931974887139958e-01
-8.708799640024935673e-01
-1.197813760277650075e-01
-1.191399853115560209e-01
-4.325539553860988096e-01
-6.825831545951380752e-01
4.690735170305880830e-01
-8.975407961885739638e-02
4.128970249170657025e-01
-4.889453822428323493e-01
-1.938671853691256164e-01
7.118759605093973875e-01
6.764743949137137502e-01
1.568176639608654388e-01
-2.790979605821908849e-01
4.215435287371632200e-01
-3.742737632038471984e-01
-2.040149597090770706e-02
-2.349551347342025420e-01
