4.011387602569552735e-01
-1.009257670343181867e-02
-7.530847126180966189e-01
-3.606395511430056655e-01
9.369902526121443032e-01
5.707904781498506219e-01
-7.943760749273257593e-01
-1.514631851138373564e-01
1.760028219284218154e-01
-4.074180635659701011e-01
-6.045956225029617270e-01
2.044570742700906885e-01
-3.661675620893206085e-01
8.041236786515018053e-01
6.918216201373659537e-03
-3.553477555594722892e-01
-7.752086437739134084e-01
9.471095618396778715e-01
5.532279580662666230e-02
-9.248839400322522719e-02
1.384289707012033299e-01
2.057943540747561306e-01
4.989302174760346098e-01
-4.274867741419913214e-01
5.429901543633001149e-01
5.181351444084519864e-01
5.276130564921782673e-01
-3.118346688662892996e-01
-1.000000000000000000e+00
1.993102758679716757e-01
3.800190770797007844e-01
-2.205892421663735448e-01
1.095586424031772810e-01
-1.593121151714742834e-01
4.725600789522067524e-01
-5.048749663268453647e-01
8.827037984003174298e-01
9.747912385138819413e-01
-5.576976574712524393e-01
1.039183003433691715e-01
5.450085564925002402e-01
8.521473400843556645e-01
-2.520596419286162404e-01
-7.500037908826467925e-01
1.407598103072213447e-02
1.010468269658233165e-01
-5.207361345750919357e-01
2.057354552507049683e-01
1.000000000000000000e+00
-6.236791759805624391e-01
-1.475904164580894330e-02
4.885620753048006693e-01
-9.843286076402754103e-01
-1.000000000000000000e+00
-5.201433610454868628e-01
-1.228217395128388262e-01
1.000000000000000000e+00
3.611581726602316467e-01
-6.521244959803411678e-01
-1.223557298265618987e-01
-4.632269188694173034e-01
-2.983084856073506264e-01
-4.424879165652315649e-01
-9.632895801690635751e-02
-4.708672261449555613e-02
1.000000000000000000e+00
-4.641061200606081960e-01
-3.007066549008956535e-01
-9.051120335604773137e-01
-4.630075391547736618e-01
-5.983292606970892491e-01
-5.706640854869701185e-01
-5.131808077462898243e-01
-9.189190013467984919e-02
1.000000000000000000e+00
-5.952733553930440458e-01
5.515692204058038339e-02
3.028131054097675245e-01
-5.789408634050620117e-01
-9.338988151557982009e-01
9.642826887449783557e-01
-1.000000000000000000e+00
2.555205888608885756e-03
-8.915013751594704772e-01
3.903876189995407198e-01
2.161861666734684051e-01
-7.254961656150304972e-01
-7.167844155061338096e-01
5.392932046762589637e-01
-1.415825739119119797e-01
-8.029140469435475103e-02
-2.059840279283300379e-01
2.785443252819963522e-01
-6.043777613441266849e-01
-3.681173213040118686e-01
-7.039506290138192179e-01
-1.773110410710976859e-01
-9.239357249384257953e-01
1.000000000000000000e+00
2.102384349492610049e-01
6.394974743805159623e-01
-3.872601480375388316e-01
2.269098272481270273e-01
5.285857353065037678e-01
3.651152882547761824e-01
5.700614174092135666e-01
1.782307057559580077e-01
-4.804011213563829097e-01
1.000000000000000000e+00
-7.695054388092916753e-01
8.230261988411641250e-01
-4.793202133275272780e-01
-3.221821291492403261e-01
-6.984221915465234076e-01
6.318216933611925379e-01
-1.235000725230630814e-01
1.184180437356355947e-01
-3.967891163244187669e-01
2.340737714935031688e-01
8.952497184360235227e-01
2.414792184766518801e-01
6.127024416794567552e-01
3.512400259837206162e-01
4.276427201941850331e-01
-9.924595738819047552e-01
1.729912710125056097e-01
9.165835058712978878e-01
8.230544324537590883e-01
-5.210465196100938501e-01
4.079292994682759410e-02
-7.234370610975499050e-01
5.699338296908701418e-01
2.981644448198595976e-01
-6.588948251516707488e-02
1.394228640976193090e-01
6.858123334018653150e-01
3.138961432565998688e-01
-7.667477408874653344e-01
-5.517210908803965586e-01
7.611500723182210715e-01
7.336067341890804006e-01
-1.000000000000000000e+00
-7.216323632969749990e-01
1.312618589501798883e-01
1.872371935010994637e-01
7.856626498485498322e-01
-8.587287781333681203e-01
6.295353262667000016e-02
2.153403621076375729e-01
4.014405247738639382e-01
-6.229187870985332109e-01
-2.838286622464941678e-01
2.357875335108788328e-01
3.288719189836694645e-01
-5.800913385153093627e-01
6.853144044920640443e-01
-4.817069270201793096e-01
6.364683042431603655e-01
1.723975641991004060e-01
-1.000000000000000000e+00
-1.076932750042885467e-01
2.923508253562835946e-01
-3.575438195625226245e-01
-8.787348374862279377e-01
-3.435133005345281654e-01
4.240144342424442825e-01
8.590422445313827815e-02
9.027103964318947127e-02
-7.208016228345015541e-01
-1.040722727503265721e-01
-7.429446357605118401e-01
-4.385879862302738963e-01
-5.398884399359415998e-02
3.328270775974730977e-01
-2.788202021243086359e-01
-2.195666371333913625e-01
-2.532667483850816748e-01
-7.060562159130329141e-01
-4.774468205400760334e-01
-2.392369264571837517e-01
1.689289329386268190e-01
-8.788670769508004632e-01
6.716655404589114697e-01
-9.290675711488175503e-01
-1.073475704566539679e-01
1.154999349441168666e-01
5.254067511271867108e-01
-6.271416781010763497e-01
-3.752389802184204481e-01
-4.065563866487704736e-01
4.371676317369088682e-01
-2.558472300271276145e-01
-1.391904273160071703e-01
-9.395858857641871120e-01
-5.359766425185197303e-01
3.195650293538004338e-01
-4.855081549508356020e-01
-1.821524886240265539e-01
2.783873599544786082e-01
6.807616210234596066e-01
7.121492918455631926e-01
5.474163781332315182e-01
-1.190317950951899073e-01
-5.997679152999448871e-01
8.606498325800168159e-01
-1.000000000000000000e+00
-1.000000000000000000e+00
8.842626991227958699e-01
-7.585066874831801753e-01
1.228523886018906275e-02
-8.411041592160825586e-02
-2.773515214315577793e-02
2.887855024518555525e-02
1.976967113583242286e-01
7.370595279882241613e-01
1.226384548021705323e-01
-5.124491245904416736e-01
7.385225858502901808e-01
-3.546081396644203965e-01
2.597186318710769520e-02
-1.333974447972643418e-01
5.628033849759122020e-01
5.964635868314857037e-01
9.998281642848736439e-01
-2.678406872292199425e-01
-5.005471306105417906e-01
-6.327595298509181010e-01
9.821907946738611672e-01
7.639889381496505205e-01
6.989545668865695394e-01
-3.045571572513769976e-01
6.080048323126600041e-01
3.815235253118762770e-01
2.666507234136219484e-01
4.383258739105696522e-01
5.990584209489004941e-01
7.099494667640280365e-01
-2.301509695406795952e-01
3.306097194876682632e-01
2.852047117591574033e-01
-9.019985549578406481e-01
-4.524301407233675687e-01
1.957364239204846812e-01
-4.218979528686893077e-01
1.000000000000000000e+00
-4.124190425910128632e-01
-9.531505180224014717e-01
3.882788331285713657e-02
8.491198794231151759e-01
7.914771362796485521e-01
8.164807973260417295e-01
8.553657172272302045e-01
-2.197180445590367626e-01
3.354548061025112715e-01
-9.876759170343906158e-01
-9.003352147684753337e-01
6.460309063671871854e-01
9.784525116982717430e-02
4.572713487502977348e-02
4.055273397026751270e-01
7.859492354999157993e-01
-1.463625918919796987e-01
4.047079619949939810e-01
-2.497550534530914024e-01
-4.599306455016324846e-02
