9.501844101692308309e-01
-2.842847746653109353e-01
9.537589961705288388e-01
-7.553493280610594773e-01
7.017638501802152540e-01
-1.000000000000000000e+00
-5.759612461912274606e-01
1.000000000000000000e+00
-3.635814899568970970e-01
-7.497452089238041406e-01
-8.571645354797101657e-01
-3.765644077980239146e-01
8.506004386003579443e-02
-9.413891356346039130e-01
-5.137838610070427636e-01
3.356966437421564642e-01
9.101954747126618506e-02
7.737125113055642878e-01
3.181970418280583024e-01
7.674148816270012219e-01
-6.013617396193819964e-01
1.762617158888748203e-01
-2.182556945969278961e-01
-8.352685408022555436e-01
6.406476353179652028e-02
4.801362597255634523e-01
5.000118640303221618e-01
-6.780829232788552208e-01
-3.299511457114968627e-01
6.310727003731829710e-01
6.330182727890275585e-01
-4.582884099404034295e-01
-9.446843614861756278e-01
7.509291374774512695e-02
-5.827493065041899900e-01
3.199142907545295955e-01
-3.716169926179094807e-01
3.755224088726054066e-01
-8.458179750206952230e-01
3.608270855449759451e-01
2.053617289114231248e-01
-7.469044225130831993e-01
2.067805564197346124e-02
-6.198024524474480268e-01
2.062152964371562480e-01
8.810727535526909904e-01
-5.834738776863143128e-01
3.730342232250698498e-01
1.995341849290195313e-01
8.905318446281895728e-01
-1.000000000000000000e+00
-2.694815973226205585e-02
3.815201192023005561e-01
9.566076795781286446e-02
3.456798663163460072e-02
8.696979962945985410e-01
-8.103051516110961749e-01
9.258962316219276900e-01
5.379469764265615295e-01
2.142848331329706979e-01
6.001994420069152181e-01
-7.860854504397580822e-01
-1.648751468068368475e-02
-5.948162845994890979e-01
1.351664634518852659e-01
-1.412536771037947725e-01
-6.042895909470282767e-01
1.000000000000000000e+00
-4.061142914382460112e-01
-3.403395109768653226e-01
-1.780062301593049456e-01
-1.958133533383166758e-01
3.075230955217743700e-01
-9.830742678789050615e-01
-1.942379422850877280e-01
1.005870140216130471e-01
1.324441636820574697e-01
-1.371509534420552456e-01
-2.176271119504978868e-01
-2.294400748839700577e-01
-8.682743468711237589e-02
-3.797604594127417799e-01
2.982793259078760362e-01
-7.212413126276917552e-01
-1.000000000000000000e+00
-6.080412613962349333e-01
-5.607321001018203965e-01
-2.433122104425158860e-01
3.332859546400080974e-01
-7.006145877278143752e-01
8.746201347031716533e-02
1.732413648556454244e-01
4.174119383288165674e-01
-1.614647056265043901e-01
4.251237120243073209e-01
2.836380527351820002e-02
-3.961543189369204354e-02
1.147053765876848708e-02
5.657523690165096042e-01
4.107611446239229913e-01
-9.397302941067749993e-01
-5.197962455443955188e-01
4.158806351684877778e-01
4.644575972054059698e-01
1.000000000000000000e+00
-4.128635074974015273e-01
1.602075022441270813e-01
-2.775325932487729963e-01
-8.937004038144491513e-01
-3.063455005523477714e-01
2.205651588290047926e-01
-7.826009760718946051e-01
-5.788274074361621224e-01
-2.256997672810238387e-01
-2.534422023618985165e-01
8.277063576843280979e-01
1.794834421754893938e-01
-2.212711671996864249e-02
-6.900596659219198070e-01
-4.015192860266123542e-01
5.243098391252323243e-01
-6.858915251107242650e-01
-6.554122782700826377e-01
9.532462582584687594e-01
-1.788719925587465842e-01
-6.059736540132879545e-01
-5.023981146913477636e-01
-3.186983993831036810e-01
1.873023815652807289e-01
3.740311906605078285e-01
-2.547867433121495662e-01
2.869296237988119280e-01
-1.092926531573044646e-01
9.826084778084398508e-01
-2.906907359425849879e-01
4.495994104884524223e-01
2.003920964624741896e-01
-1.000000000000000000e+00
-2.633608146620609602e-01
-2.451174172433161491e-01
2.506069195673230054e-01
-3.179799109463459228e-01
-1.000000000000000000e+00
3.583650312377300584e-01
-8.324648403795477103e-01
-1.000000000000000000e+00
-3.738966005640079193e-01
-3.159292139731008087e-01
-4.098609371213240288e-02
1.767358202395091782e-01
-4.014760354411559540e-01
-7.854370708319520222e-01
-1.000000000000000000e+00
-3.380360159625255267e-01
-2.455504296894810423e-01
-3.527435933382639943e-01
-1.480678657494494954e-01
-8.302527600683974329e-01
-4.375596597669729193e-01
6.050012136603297730e-01
-1.000000000000000000e+00
1.153186860345516984e-01
1.336970037879965101e-01
-1.758086540804194020e-01
-7.223569384362821255e-01
-1.709165513747643861e-01
2.088923385065261096e-01
-8.114792957465621903e-02
6.834346526915329179e-01
7.868670598424527540e-01
5.905415527371126183e-01
-8.232571274078229751e-01
-2.530955449490468467e-01
-6.486533701989447565e-01
9.787328812992848182e-01
4.400256082057288354e-01
8.643036951881111207e-02
-4.844146841584027197e-01
-7.757694711481416538e-01
-7.476214832564188617e-01
-9.626177534309261485e-01
3.535930682122454538e-01
-2.391302662326246220e-01
9.721155730579704723e-01
5.957221461684329977e-01
-2.025550528945690432e-01
1.000000000000000000e+00
4.629247745883696696e-01
3.229281580460823253e-01
2.854564808989894509e-01
-7.614088091876072273e-01
2.209144955568538293e-01
-5.829816250595520888e-01
-2.884101193783220607e-01
-2.232726267235851658e-01
-6.914043657457292769e-01
1.317337506974199657e-01
8.728012812369707607e-01
2.300050882321401646e-01
1.349162062082003011e-01
-3.243561572792772463e-01
-7.924046214977142899e-02
6.541275997412188126e-01
6.655960695878521127e-01
-2.443363031233514171e-02
6.288655641036482447e-01
4.316068528746418165e-02
1.685466396643991449e-01
-6.278199477165280484e-01
2.440508367754644636e-01
1.000000000000000000e+00
-4.387120844756113858e-01
2.403283345440603291e-01
-2.540716600264896208e-01
-2.848680007357889954e-01
-6.213194275751077189e-01
-9.542758523772960633e-01
-9.943211585493845484e-02
6.263994835467285860e-01
7.977943785933194754e-02
-3.214183672975466366e-01
-1.000000000000000000e+00
-5.185990551748652644e-01
-9.783108875159518547e-01
8.374796569684989089e-01
-2.324323729723333232e-01
-2.092555123587586663e-01
-3.058893084555933117e-01
-2.527897665789307635e-01
4.682009941298137523e-03
6.731803403260242513e-01
6.665329529670807052e-01
9.832517046805238081e-01
-7.835899216194405215e-01
3.135646198267474927e-01
-7.263145879869672417e-01
3.075930915132116805e-01
5.062067589688783453e-01
-9.086772481862313011e-01
-2.249814654375172362e-01
4.502182534604910052e-02
-1.000000000000000000e+00
-7.912260244097178985e-01
-4.923905463975312147e-01
2.472837019481977094e-02
-9.130924911549255230e-01
-8.748776834382925027e-02
6.020005495775307969e-01
1.939693845087967217e-01
-7.307831566757516661e-01
-6.389418243538427244e-01
5.042802017827490157e-01
7.965449396581345543e-01
8.007388698732859078e-01
4.205923878404614347e-01
-9.901401746842909413e-01
-6.037245759725757832e-01
-4.978997125012102343e-01
1.000000000000000000e+00
-1.193957490068250915e-01
-1.000000000000000000e+00
4.608720471080166026e-02
-1.654156764947615488e-01
6.944085781741264896e-01
3.961907360999125105e-01
