5.586363125998113910e-01
-4.654682699052004047e-03
2.527960173505106045e-01
-9.432216455817618028e-01
-8.371297813441147539e-02
5.625016242441851499e-01
6.879627480674456175e-01
3.823702514676232123e-01
7.849324486015314406e-01
2.036162389592026667e-01
2.388379192044572455e-02
9.879348712619500095e-01
-1.799512568975697446e-01
8.416837857142995816e-01
-8.309128965332179817e-01
-6.986517604414066440e-02
-6.537496372177833415e-01
-7.183113778063905386e-01
5.636037109871766537e-01
-1.732095219995535285e-01
-1.578580475139826078e-01
-3.629386108863660310e-01
8.047464037796809855e-01
-3.077940242332630749e-01
-2.960723612529084781e-01
6.529945739756562451e-02
3.181018548458189876e-01
-4.532470086318615143e-01
-4.651048275491194706e-01
-2.117021065685301962e-01
-5.893565979608494931e-01
-8.224467123768971488e-01
-4.512978391755202434e-01
6.088913074031625516e-01
-1.493232965702457060e-01
5.169688154578092609e-01
-5.059993578112701451e-01
4.606494709466655291e-01
-9.290416405102156494e-01
-9.523649245339371738e-01
2.179093444332507734e-01
-7.007870142950247683e-01
9.584844086473963409e-02
1.603959027567789242e-01
-1.033371199016656083e-01
-2.541600800151506689e-01
1.424317299044122187e-01
-3.578083365920396997e-01
3.600934334260885716e-01
8.564564306016250184e-01
-1.625469277973178306e-01
-4.895105192069105216e-01
-6.991059617393621251e-01
-3.748861958356075608e-01
-2.521035450809694378e-01
5.495611058554850104e-01
-1.492715696139116088e-01
-5.132687839928610218e-01
-3.387030010035664285e-01
-6.252275652076244583e-01
3.800855282920160283e-01
2.466111656486606740e-02
-9.255761830241366894e-01
-5.275367664194758888e-01
5.484632835041127752e-01
9.849214773055822159e-01
8.897659439036466333e-02
2.977346842143605010e-02
-7.442148341664156508e-01
4.090591587188396883e-01
2.566318753579193146e-01
5.900332069845201088e-01
-2.969753982169429651e-01
-9.523867742466018971e-01
6.872029750429775596e-01
-1.898381612192313050e-01
-6.698971967786857551e-01
-9.330359079836316738e-01
7.271537489722320613e-01
8.530443870259029060e-01
3.754968572371847335e-02
1.000000000000000000e+00
1.479611148712143276e-01
3.483861063431947791e-02
4.466902407592601154e-01
-8.213138260449105443e-01
6.581022486405260219e-01
-4.212340585290189066e-01
6.711014969680482167e-01
4.431143162023427617e-01
1.010953175604689114e-01
-3.841961718959319150e-01
1.312724573352287150e-01
9.142280174345085442e-02
8.042644818333617440e-01
3.799829008382631934e-01
2.482377918940599226e-01
-3.092703104329779795e-01
-1.448411841933346100e-01
5.939585121852373195e-01
-3.244365672822333568e-01
3.680959102005934014e-01
3.711429360714578740e-01
3.262959507966490813e-01
-7.698081092407147441e-01
9.712320714916493625e-01
-7.374788970508576735e-01
-4.696592883801947726e-01
1.804648617066886285e-01
-3.399000909490016986e-01
4.452041908440521056e-01
-8.224603114946573701e-01
5.618325208325454234e-01
1.998390667957680722e-02
7.646910070137531434e-01
-9.883730723035552002e-01
-7.571246481714326571e-01
3.568004382416646303e-01
-6.747820217454103542e-02
-6.092441253857363570e-01
7.128965668156717062e-01
-3.304605589581467440e-01
4.839297159772860679e-01
3.510322787255983901e-01
2.800833103155715431e-01
-7.105569822767043853e-01
3.460361813777753093e-01
-6.541398054796623285e-01
-6.291305959131914260e-01
-8.537823023512074450e-01
-1.461273737599782796e-01
8.910871834997284857e-01
-6.263597303870560573e-02
-5.347982674100870693e-01
3.767287763203158724e-02
-6.150226886113543401e-01
-6.308779433141844528e-01
-5.874531847707634702e-01
1.652084046753334312e-01
-4.665351179933126535e-01
3.292488047029418219e-01
2.786000811867588300e-01
2.708815040094880028e-02
-8.108392683058109063e-03
8.522657112982354732e-01
-4.829564381711471399e-01
-9.756004432516657277e-01
2.733365340110153197e-01
-2.230869354040740382e-01
2.537763198715303758e-01
-1.000000000000000000e+00
2.678732117682713909e-02
-1.000000000000000000e+00
1.000000000000000000e+00
6.928369303079465746e-01
-7.939566570182006178e-01
-7.129835424194118643e-01
-7.264694824935125084e-02
6.472018713791293232e-01
-6.027722270486389755e-01
-7.126740972605346558e-01
-8.753248073269724872e-01
-7.111710264507562496e-01
7.283986378444488041e-01
3.285527613061945962e-01
-1.111536885178307094e-01
2.953881560052591393e-01
7.104955514411054329e-02
-1.849921593550769849e-01
-4.077251951042947797e-01
5.401648412533328614e-01
-1.792002932918133062e-01
-5.478859542497912516e-01
-4.744316741491096945e-01
5.214393231554093067e-01
-7.710045070447749671e-01
-7.425194833208229594e-01
-1.537307929193857392e-01
4.199539137020786850e-01
-7.991446724709366789e-01
4.434339635829435133e-01
-5.587173697837577446e-01
6.134831282567214661e-01
-1.307806438919080771e-01
-1.348329911666048542e-01
-5.713333256853330155e-01
-5.556163136303603478e-01
1.000000000000000000e+00
-5.117746002289393914e-01
-3.969189120736329457e-01
-6.003467193064421226e-01
7.775624774404801265e-01
-4.814229832037175694e-01
-6.128441288260066955e-01
-7.819015284245625086e-01
3.370918487671143438e-01
4.428957316100305963e-01
-7.195472600817778286e-01
-1.323568177631861131e-01
-2.402924111391324669e-02
5.502609475536355266e-01
2.377756451887582667e-01
-8.495578043508651422e-01
-5.404750519588105151e-01
4.347180825182930253e-01
-3.106248580749833982e-02
-3.998241686867387013e-01
-7.343747119345156449e-01
-1.121718430456937199e-01
7.846274918231088691e-01
-4.707635397374704267e-01
-7.315836769343373458e-01
5.449118792409531897e-01
1.626436852196889160e-01
2.560823340954377914e-01
1.591876883254078057e-01
-6.469353896719025609e-01
2.847400095760593830e-01
3.874568420105355404e-01
2.110044435549984776e-02
1.417695975800966832e-02
9.240608916380799176e-01
-4.413258455150002590e-01
-8.773483306102011769e-02
-4.685285234106035812e-01
-1.099480533791376557e-01
9.262221163417563297e-01
8.959812465147642957e-01
-4.482836794407283887e-01
1.239129020950789084e-01
1.226396657067292395e-01
5.538523773664794092e-02
8.365863371177802987e-01
8.576085960943459208e-01
3.142195839885610353e-01
-7.814774469645143773e-01
-3.648272673831979285e-01
4.957079680855251413e-01
1.195433562122805160e-01
-9.403473086987290674e-02
7.381829817986156339e-01
7.194284350633116665e-01
9.244521950515458553e-01
8.356251158393084300e-01
1.000000000000000000e+00
-4.920296378310037300e-01
3.487720357579977559e-01
6.564550542995106763e-01
-5.287603339460464902e-01
1.244550617163752565e-01
-3.051101694303016698e-01
-2.962956272879189168e-01
-1.253953386195367226e-01
5.973413286651976239e-01
3.109521560349833846e-01
3.049367090512998257e-01
3.593189364747900044e-02
-3.589466804266521205e-01
-2.443542990883534605e-01
1.585811594768567756e-01
5.990781905274378261e-01
5.210237568717162038e-01
5.632419330417104408e-01
9.166768645747391808e-01
6.602200680897811758e-01
