5.274476274912631713e-02
7.430087383557448799e-01
1.531135272888123622e-01
-3.835194531455132227e-01
-1.893519347198472369e-01
-7.757389258525401177e-01
-8.749588691373226812e-01
8.436159599203820747e-01
8.998448409798025516e-01
8.884091893717525057e-01
-4.931662776242229373e-02
-7.865165259318759872e-02
-3.144049196156869508e-01
4.628889640473067557e-02
-6.837604428725561068e-01
1.000000000000000000e+00
-5.779064997648664104e-01
-5.921570878732629328e-01
2.876632480961568983e-01
6.372923489181595569e-01
8.131449049170145216e-01
4.673509850148778177e-01
-1.828694721720917626e-01
2.077791069613982300e-02
-1.356405100741320258e-02
-7.696828814788029272e-01
-7.506352616148370682e-01
-1.950346578784481477e-01
3.052593829413190185e-02
5.678161690572446074e-02
7.675505695207318624e-01
-4.683221980839971654e-01
-2.289194416722296066e-01
-8.507092671272069584e-01
-3.086959701768116071e-01
1.867933597588904426e-01
-8.190334256357044707e-01
-6.705338511178096095e-01
-8.607193119296403516e-01
6.382064575860862954e-01
4.853748324032612915e-01
5.235318497023522255e-01
-6.869262201776272780e-01
1.000000000000000000e+00
1.404471021591135460e-01
1.921631602451976117e-01
-5.007569479279362357e-01
8.082632546029455689e-01
-4.709348273263619378e-02
-4.136886544389948295e-01
4.595180484566657175e-01
6.180775223638321214e-02
1.000000000000000000e+00
-3.446843089437470198e-01
6.168476665066918718e-01
-5.998492617124900894e-02
7.076333693876872832e-01
1.406628691746086013e-01
1.158114882942453960e-01
9.700054602666617898e-01
-3.889693390257731864e-01
2.207469015528903955e-01
-8.559610461174538276e-02
-1.000000000000000000e+00
3.470882009378753463e-01
1.298502847305715857e-02
-2.035569064651011895e-01
-7.869077134281947661e-01
1.000000000000000000e+00
3.051951713593044624e-01
2.633709924769681576e-01
1.361720763640924814e-01
6.517256149222371009e-02
9.193292083628792355e-01
-9.282138346529014150e-01
9.418569659004175088e-02
-1.091969206225112260e-02
6.063376487614997590e-01
2.715461218702750479e-01
3.079982837491950232e-01
3.684384624005106468e-01
-7.152295683162407380e-01
9.149223885561032221e-02
-1.000000000000000000e+00
-4.701965467008997757e-01
-4.935186364300286899e-01
1.000000000000000000e+00
-3.601403059183756472e-01
2.262809985875533503e-01
9.776607258908938114e-01
-5.685883106286958588e-01
6.274475109868453693e-01
6.140142404648929464e-01
-4.896349744202402876e-01
-2.949129260208953607e-01
7.825331732500346860e-01
1.000000000000000000e+00
7.726886153568881532e-01
5.695220514991735650e-01
-7.471687537404193558e-01
-2.650552321834395153e-01
4.358152433619337518e-02
-3.303296766268365436e-01
2.427945834352280008e-01
-4.085398640416759153e-01
8.785674788280314340e-01
3.872524900996962560e-01
2.662549885017736484e-01
-2.996564080460248358e-02
-4.590176723505962064e-01
-1.000000000000000000e+00
1.037964842383072572e-01
1.000000000000000000e+00
-3.841652319935581761e-02
3.345365322473164982e-01
-3.344763747753347061e-01
-1.030798077751516190e-01
1.000000000000000000e+00
2.578673107876227610e-01
-5.202923055360300086e-01
-7.055822298072398358e-01
-1.363843211100871367e-01
5.854798372976764975e-01
4.580172437141210584e-01
-7.985553808831918898e-02
-4.401735373721601396e-01
-1.282536023780074252e-01
-9.619106387815076764e-02
5.604335389005733470e-01
1.000000000000000000e+00
-2.711481789810156751e-01
-1.584170123425713561e-01
-5.246016953950910500e-02
4.841533825727816209e-01
-8.062785075222830278e-01
8.779342532781486685e-01
-1.562038606539555008e-02
-9.963465568482804402e-02
7.074226361382935924e-01
3.544727067141858479e-01
1.000000000000000000e+00
-3.013170746569189262e-01
-9.825830643681371379e-01
4.873374342346755150e-01
7.418907497618416613e-01
-3.529081691216053862e-01
1.000000000000000000e+00
-8.957215968057155031e-01
1.847084493627410007e-01
-8.298761970427022128e-01
-6.028533254026005039e-01
-5.336177505432421198e-01
-7.327696442255430265e-01
-3.612799663809209694e-01
-3.480981670332770617e-01
8.168228184177893647e-01
6.019606862551429849e-01
3.176195832016983078e-01
-1.110399033001635560e-02
5.879977998646344073e-01
-3.296510872668800829e-01
5.828204690737009974e-01
-5.329281306440418753e-01
-6.788936307913634449e-02
1.398976826492798475e-01
9.764869522653656098e-02
3.920110007327253232e-01
-4.381499122326076856e-03
2.478521364311007669e-01
-8.084427383203502959e-01
-8.601265404555862304e-01
3.468823445105010950e-01
-9.668377106439957069e-02
2.087951653361010962e-01
-4.566707387161254017e-01
-9.872023992172375140e-01
2.390862873263707167e-01
-1.000000000000000000e+00
1.716610364762422569e-01
1.000000000000000000e+00
-1.162247818839943769e-01
-3.524552609305470208e-02
-5.984925561072775846e-01
5.481270382885656822e-01
2.747127584452002114e-01
7.427108736499045127e-01
6.174991708286130532e-01
1.138440489775012499e-01
2.313628688751036278e-01
2.392817955017455256e-01
-8.266302309201065679e-01
4.683082825650311531e-01
-1.987088089123789092e-01
-1.000000000000000000e+00
-9.715452187076794033e-01
-6.302507863246256115e-01
-2.319122703077880487e-01
6.242550289445816247e-01
-6.501336949144264077e-01
1.115534895310845986e-01
1.151929297331199809e-01
-3.792237704357560579e-01
7.986681443077483511e-01
3.493205580928375742e-01
6.748762497020541762e-01
-3.827624489420289322e-02
-1.575674688178665406e-01
1.000000000000000000e+00
8.354248256301297776e-03
-6.993323265148485568e-01
-6.676807627706370374e-01
-1.303899617829228363e-01
3.579616098375434374e-01
6.307158314556094991e-01
3.705994931921268720e-01
-2.989417245520837874e-01
-1.000000000000000000e+00
-2.538258674871083920e-01
-3.475217752899523171e-01
7.707710707457939847e-01
-4.047200743027487557e-01
-4.083932008131641589e-01
9.249604067270776886e-01
-1.000000000000000000e+00
3.756255000970568636e-01
1.818318197371598943e-01
-1.102073417338614442e-01
-3.964191246689008352e-01
-1.478816833945534870e-01
3.924467367618481584e-01
-2.567376080641604608e-01
-3.790937758545483427e-01
3.524842653460368291e-01
-4.903219003572777401e-01
3.848480911152085682e-01
6.609632482320425551e-01
2.226221108319204056e-02
-3.270298426240625389e-01
-1.289722192282602986e-01
4.821893115852196599e-02
1.907214400618031380e-01
8.465122725395923808e-01
6.657500665048821098e-02
1.000000000000000000e+00
4.328521510188598764e-02
-4.597989555448592780e-01
-2.011297623449942451e-02
7.454286971041348409e-01
1.386794509797848948e-02
-1.000000000000000000e+00
-2.095469175187271160e-01
-4.246419182437534690e-01
-1.000000000000000000e+00
-5.177408863389559857e-01
-4.958703645809544591e-01
9.189680927295945656e-01
-2.166804921704506837e-01
-2.867088423824615817e-01
4.424770614059141405e-01
-2.062992940059882041e-01
1.963704043195581284e-01
8.082341406286236429e-01
1.632460951162780227e-01
6.645785918501081468e-01
7.669243713084044067e-01
