8.083236970559888324e-01
-6.611971061137636996e-01
6.054862015451209500e-02
3.264976951023038643e-01
1.000000000000000000e+00
8.807225247102754562e-01
-7.332405794927678855e-01
6.236281935557954625e-01
-3.664430012585441487e-02
5.192392227321033227e-01
-5.829474640920991879e-01
6.795148406579795131e-01
-3.122823997473719304e-01
6.742166394030658649e-01
4.008391380502515644e-01
9.978865575686849398e-01
-3.899317430068851564e-01
-1.161879349425598007e-01
-1.095838519642444719e-02
-6.645465824172881453e-01
1.754261275903032380e-02
3.477323422271046405e-01
8.161009199791522395e-01
-6.874643450494430930e-01
7.173491008341680297e-01
7.768160139576875123e-01
5.185831797218329875e-01
5.255763140774042386e-01
7.029454736353042410e-01
3.743566308485835048e-01
-2.887803807686643576e-01
-3.021105424082325963e-01
4.918429156147273162e-01
-9.473443666620035009e-01
1.645215171368187013e-01
-4.954237480062531618e-01
7.592414443732651286e-01
2.617267715083636537e-01
-8.994968262816284144e-01
-6.496931193050334841e-01
9.809326081812299591e-01
4.391376544085710543e-01
-1.000000000000000000e+00
6.085701821366199527e-01
-1.000000000000000000e+00
-6.366451174240564392e-02
8.552745872775364966e-02
9.053901515382865028e-01
9.913485881728147930e-01
9.451426768462047878e-01
-1.087053053006722114e-01
-8.085842753489155266e-01
-6.361584899674525007e-01
6.293900817221670385e-02
9.873048388229372918e-01
-9.101953985423824056e-01
-7.902492931729834247e-01
-9.144869176405948652e-01
1.686550494493014307e-01
4.363491319528912116e-01
-9.982954689793467340e-01
-7.297216696305067751e-01
9.122413550542744776e-02
5.447874922962295807e-01
-1.307772151323254861e-01
-2.084995922149095182e-02
-2.615449424792415378e-01
4.911047018587342272e-01
-1.915850173463000961e-01
-7.203127647850074977e-01
3.667926524067906535e-01
1.000000000000000000e+00
-5.736422226724187112e-01
-3.573191883895080467e-01
8.076828573006835654e-01
-5.706551820869963931e-01
-7.023802115315951333e-01
2.072707537829237279e-01
2.858895337156640015e-01
-5.750452135743228110e-01
-3.840693978330660396e-01
5.795508134107016929e-01
-1.916328389312965119e-01
-1.000000000000000000e+00
7.605962347946682023e-01
-8.578214259951484344e-01
8.983454560446426651e-01
-2.840417926603243104e-01
-3.809598718222969027e-01
-8.307805592345405277e-01
1.984495652659790943e-01
1.801087553452928591e-01
-1.000000000000000000e+00
8.494349587523769562e-01
9.310448386109860808e-01
5.825267200707824333e-01
-1.000000000000000000e+00
1.172249258499010877e-01
-1.554794648376340294e-01
-8.313606278886916945e-01
3.075338433886590783e-01
-2.805616172350830495e-01
-9.448184314918495197e-01
9.349584125555421288e-03
-9.623070438018839490e-02
-4.117196697245330550e-01
7.515416284206360986e-01
5.839192847202817616e-01
-2.403329298547146886e-01
-3.616857354647149414e-01
9.913597260540742973e-01
-9.026274600977304274e-01
3.571027926639062100e-01
-9.590015328209992029e-01
-2.645109794589967089e-01
-4.315760039247144575e-01
3.966131581778328252e-01
4.495733872196714387e-01
8.134999665321348550e-01
1.000000000000000000e+00
9.408695593149623004e-01
-9.971558825142410321e-01
-2.601974412855076815e-02
1.647359262260940371e-01
8.415462865316233332e-01
1.872941045331378562e-01
-8.099442471150309908e-01
-1.384048727420322811e-01
9.548489286351733440e-01
5.009668099169088951e-01
-3.911115038659874754e-01
9.747848154265610354e-01
-8.899084739146253531e-01
-2.274611142212786263e-01
7.736249697725977592e-01
3.883713776389194905e-01
6.266709407029956713e-01
-6.259441574159414490e-01
-7.423877785748710378e-01
-6.659455831245579827e-01
1.000000000000000000e+00
1.000000000000000000e+00
4.124453931590399414e-02
1.028229989021604562e-01
-7.150692389120536507e-01
8.475113333406905092e-01
-1.263141680381996146e-01
-3.423770787812119298e-01
-8.095236793105972106e-01
7.333803361881560678e-02
-5.597601136903945784e-01
3.715918584838354688e-01
-7.924338450005290468e-01
-2.150718972051583466e-01
6.012294962123694297e-01
-5.939158025400043117e-01
-2.592090497216112399e-02
6.023358309946471589e-01
-9.919372418435515870e-01
-4.954456065743869514e-02
2.495412723430983915e-01
5.778892452915733724e-01
5.639244616439560431e-01
-5.511126014708693510e-02
5.726847390558988948e-01
9.438844903884129334e-01
1.891885792911415509e-01
9.670644843349701647e-01
6.721473740545688136e-01
-5.656653051847529978e-01
4.110155289086914743e-01
2.292100083035384928e-01
-4.724347083994495655e-01
-9.129612901967139038e-01
4.807713730541983699e-01
-2.453126495984776778e-01
-7.826742918787403802e-01
-7.040725499901658857e-01
-6.272795337127592408e-01
3.575809606693272635e-01
1.846118609177020420e-01
1.000000000000000000e+00
1.000000000000000000e+00
2.504023029382924093e-01
7.344647141937423740e-01
7.721095995408203683e-01
-3.033771547512469358e-01
4.879066374069791490e-01
7.914699223539278794e-01
-8.645490458175295601e-01
-1.000000000000000000e+00
6.535852988965162869e-02
5.235197376911339129e-01
-8.608970462252618638e-03
-9.842161470550936375e-01
-4.729920293165905676e-01
6.442372369409492538e-01
-7.931462289595414550e-01
2.346374527004010946e-01
-8.561307472489390058e-01
6.230227039184809135e-01
7.609448330567220031e-01
-2.252485192439592776e-01
4.583174262449407621e-01
-7.679815455902010424e-01
-1.815911057214579516e-01
9.131694669778823714e-01
-8.662148080924628180e-02
8.009512225679223940e-01
2.632730245303183114e-01
-4.087528227488390620e-01
2.769305072603244766e-01
-7.867231064972471932e-01
-3.918940019205078840e-01
3.642785450935823177e-01
-1.000000000000000000e+00
5.770549040954396913e-01
8.371575263013142365e-02
7.298701325552338359e-02
-8.313055531813509647e-03
-2.324777278630435484e-01
-5.907046620738181097e-01
2.403358061305113647e-01
7.532604663404763867e-01
4.506201952405772260e-01
7.952404991217336683e-01
-2.034813044669120385e-02
-4.272318696738195976e-01
6.400569052732535402e-01
7.674374818814251320e-01
-5.260230483842319726e-01
-4.722219396441235117e-02
-4.095562103008057453e-01
-3.156876362534838387e-01
5.628276646192047483e-01
1.781453300463913536e-01
-1.000000000000000000e+00
-2.215128943140758089e-01
9.924888760933039400e-01
-2.235657717010430812e-01
-1.000000000000000000e+00
3.459675959331107165e-02
-3.440202437578395167e-01
-5.952742850623767845e-01
-3.693422253949066869e-01
-5.370828102520337072e-02
8.904153785824682199e-01
8.665334566208736655e-01
1.278920704328990188e-01
-7.136885948331089802e-02
-5.182356453944026581e-02
3.720255693700061927e-01
9.576870732179884049e-01
6.266615395177701497e-01
2.592238639291405411e-01
-9.996429591111409829e-01
-4.029498477769118958e-01
3.820391478928144569e-01
3.453216690892844110e-01
1.413784773404810069e-01
1.000000000000000000e+00
-1.462877523519939549e-01
5.859362529736531489e-01
4.805387236636389781e-01
7.973385814024541718e-01
