-1.000000000000000000e+00
-9.253004663354597037e-01
5.220405539979779963e-01
-1.773908003409060963e-01
-9.389646423259278007e-01
5.856828088367813656e-01
7.844063367510487605e-01
1.760608042659020933e-01
-2.297995456301528683e-01
1.889606860198734806e-01
-1.438356359726125910e-01
1.673704460562824292e-01
-1.344271050992483507e-01
-3.095019427319708472e-01
3.412155277012912102e-01
5.796656767137096100e-01
-8.365011309821728247e-01
-3.982045345222170463e-01
2.866957031906378073e-01
-5.257077487520700476e-01
-4.313203135460270954e-02
-1.000000000000000000e+00
-2.541091990833642122e-01
1.468745115795608847e-01
-7.521461178749586640e-01
-6.793750971550835960e-01
-4.923929333355266946e-01
8.649560133167077947e-02
5.365839993842180800e-01
-6.710773769424123181e-01
-9.877200520685633922e-01
-8.641832827462085920e-01
2.910176952326631872e-01
3.980433114142304385e-01
3.311852381815451052e-01
-5.321863945994276257e-01
5.281133413052523373e-01
9.475762823852663663e-01
-8.500416193224339390e-01
2.888770456987849178e-01
-1.000000000000000000e+00
-1.569350823653413718e-01
1.000000000000000000e+00
-2.136195141653788876e-01
-1.148207528401834487e-03
-9.243779289504236996e-01
7.685938805276124608e-01
-2.505283360885420807e-01
-6.052450107197641094e-01
4.417171285199035236e-01
5.014158545467095607e-01
5.828146984479366521e-01
-9.501998395986333001e-02
4.753746800202863221e-01
6.860186058571585699e-01
2.743743824977810664e-01
-5.772711664861204794e-02
-1.295038697133016337e-01
3.111476123277339134e-01
-5.959667153467068657e-02
1.000000000000000000e+00
2.369187165555002028e-01
-8.280775264606510255e-01
4.064867659425923097e-01
-8.293965393515014828e-01
9.225327072067043277e-01
4.096074188608224143e-01
1.882559933758889692e-01
1.945854689388812342e-01
-1.000000000000000000e+00
-3.330251221963396180e-01
-8.636737312306899117e-01
2.216086977991548745e-01
-9.463155600074174556e-02
-2.408199990667567181e-01
1.000000000000000000e+00
1.670630648899462944e-01
-9.736706448428495975e-01
-3.906799815546867505e-01
-1.000000000000000000e+00
4.572536985854681602e-01
-2.278165814400079370e-01
3.050421546838303910e-01
1.054907172057904796e-01
1.494714046406217800e-01
-1.000000000000000000e+00
-3.260930470447908069e-01
-8.544089652977053806e-01
4.657565604309865659e-01
1.000000000000000000e+00
6.362398911681780289e-01
1.000000000000000000e+00
1.000000000000000000e+00
5.632975275093917711e-01
-4.615547448898074112e-01
4.451818806068548184e-01
1.711036239322692443e-01
-2.823244279157685610e-01
-3.755719754088627793e-01
-9.675811537924469130e-01
-6.476140850214959777e-01
-4.624662128546471740e-01
6.634050333154133394e-01
-2.245703629828280090e-02
6.164419732015585796e-01
3.338929361147817687e-01
-1.956140382313370785e-01
2.391010378516584406e-02
-3.395210744114657286e-01
8.370665276682972555e-01
-1.085587729932863121e-02
-2.981446489256957544e-01
4.255523047012009785e-01
-8.233530165777245280e-01
-1.000000000000000000e+00
-4.591634501900726528e-01
-5.792950757475433532e-01
1.000000000000000000e+00
8.370076780757053081e-01
2.354802078637648899e-01
-9.129254580008339115e-01
8.787624226665492477e-01
7.163306112708184292e-01
7.573340256468584775e-01
-1.000000000000000000e+00
3.964418296224795357e-01
-7.512520713622561352e-01
-5.994953930393162045e-01
-5.273616149372138961e-01
6.555187256852454958e-01
8.651577483345337383e-01
1.000000000000000000e+00
-2.559854714833000311e-01
1.000000000000000000e+00
-1.528078943485591534e-01
-9.959131121985613788e-01
-8.027920469043100526e-01
1.700329394922479309e-01
9.953949239430800455e-01
6.447930807008592780e-01
6.965174718015408883e-01
5.861990116804208784e-01
8.977316950611602397e-01
-1.000000000000000000e+00
4.110594303007698014e-01
-1.063895262524964525e-01
-3.977833543502050651e-01
4.910223828324400408e-02
2.136519175413925664e-01
5.401532885471597156e-01
4.185162658792089818e-01
-1.000000000000000000e+00
-4.687866890108841611e-01
9.167366786132580270e-01
1.749613614767893677e-01
5.268654549480624727e-01
-4.775160214070069964e-01
-3.639419865624784478e-01
7.106748700201266367e-01
9.732461739579510995e-01
1.000000000000000000e+00
-5.844801203466742923e-01
9.098932514324791221e-01
8.234642317442874004e-01
3.166079150582403745e-01
5.158705309056863531e-01
8.197792613927761263e-01
9.763250768755502573e-01
4.467310471687089279e-01
-5.667976071587040865e-01
-1.600935510603790912e-01
6.183446892584016918e-01
8.830980802459227341e-01
-9.212194816431286126e-01
-3.379664497685373470e-01
-6.282370791081857142e-01
-6.263374275270481295e-01
4.688721389260714356e-01
-5.826294620959674431e-01
4.598226673386691665e-01
2.238131793152453586e-01
-8.389860355800958791e-01
-4.972579712484954118e-01
-2.357675991734995147e-01
-1.532174236389022559e-01
7.915528886871994740e-02
-8.703133042184643120e-01
-1.736613037763986844e-01
1.346930892532740287e-01
-6.849018682843253103e-01
2.999447354914263064e-01
-7.340435823997205622e-01
-1.000000000000000000e+00
-1.403156375054125660e-01
4.097693929612141739e-01
-7.579708927600520285e-02
-2.582082067870347664e-01
5.019333485317979404e-01
-1.576417824813058643e-01
-9.176545335308826656e-01
9.417530497811402723e-01
-1.288689954805616322e-01
3.825310539561347367e-01
1.200222828932223096e-01
-7.651147693970241637e-01
1.000000000000000000e+00
-6.993849353494370202e-01
2.219199273475366829e-01
-5.498432917446758328e-01
-1.000000000000000000e+00
7.581494756027414850e-01
2.760879367578074339e-02
2.340176800495696874e-01
6.761964756218061812e-01
1.330523151176795094e-01
2.117872056895880595e-01
4.582524821846433172e-01
-3.782154596492803833e-02
-1.465646360334619258e-01
1.000000000000000000e+00
6.759166640530303027e-01
-7.142676589075130922e-02
-2.393213715814380693e-01
-8.898580453683310743e-02
7.556672929058727561e-01
-1.219546876767567678e-01
3.301449911172403828e-01
9.028343877374159776e-01
5.888948395384612233e-01
-2.716137362217604379e-01
-5.767922866484783695e-01
-2.286401973836271473e-01
8.619136979553060351e-01
-7.506964424968997074e-01
6.145342150452186569e-01
8.084270275436444830e-01
-8.015927229517230135e-01
-9.334065252060599893e-02
-6.502843347715416833e-01
-1.000000000000000000e+00
-5.958218532038720427e-01
-9.722059421197075668e-01
-6.036054746843317886e-01
2.662663675270715569e-01
5.781395880089468253e-03
-5.382264461564050251e-01
-3.491651879469737096e-02
5.103145253245444657e-01
7.299235754380384300e-01
6.523704006525152810e-01
-9.747825791593410782e-01
-3.406273378993900369e-01
-4.219541707783825424e-01
-4.021923339523480467e-01
5.809310819485659083e-01
8.767655677585434182e-02
-2.577507080601827982e-01
4.821824842017354840e-01
-7.776289089409907929e-01
-9.707470554514004979e-01
-5.660928227546494496e-01
9.140165654579763821e-01
-6.364796574929809658e-01
3.004437590050541007e-01
-8.590820988415357462e-01
