-8.924899443472758542e-02
-6.030105829154938091e-01
9.400246878803063533e-01
3.607882889237989943e-01
7.917969153393938919e-01
-1.654655390239413437e-01
-2.904233383771404053e-02
-5.138138545617929598e-01
-9.554338302167405539e-01
1.038524590914863266e-02
5.423470147531395114e-01
-4.885680976363881989e-02
2.816223020107218034e-01
-1.137591818671528088e-01
1.617374069060723007e-01
2.119515466817495364e-02
1.000000000000000000e+00
1.000000000000000000e+00
-1.212538217965569154e-01
-1.000000000000000000e+00
8.250179628527332110e-02
9.240171797017023847e-01
-9.255323025574690998e-01
-1.000000000000000000e+00
7.830507763451050041e-01
3.629735214448178149e-01
1.209190743139927637e-01
6.530678226303587852e-01
1.415952900296533201e-01
4.345375856750258725e-01
-3.076978107554051434e-01
-3.560042374724590175e-01
6.054133099172096522e-01
-2.050761932716347880e-01
3.133604669063775883e-01
7.437512888849688864e-01
6.491369605660955999e-01
7.575886603826266219e-01
6.114363933122834993e-01
2.552210361364648517e-01
5.584951109993925300e-01
1.000000000000000000e+00
-3.323358801365404180e-01
-9.116832062960417149e-01
1.000000000000000000e+00
7.551450456243551379e-01
-6.513770502984111976e-01
-1.000000000000000000e+00
-1.714616959080383085e-01
-2.017306804804434028e-01
-1.995987401986940302e-01
-8.513455857427231210e-01
1.676418122807329658e-01
1.174433879261195940e-01
-3.474344610548690815e-01
-7.644717626302711677e-01
7.328013201871743654e-01
1.188074305254284702e-01
3.629711040898967456e-01
-1.000000000000000000e+00
1.511785730937955652e-01
-4.386358386494715322e-01
-9.145294739140725770e-01
5.037345291518624535e-01
-6.725309830601233774e-01
-2.763514414715437795e-01
1.000000000000000000e+00
6.883649482548237497e-02
4.962538966858744405e-01
-1.656145887174619025e-01
1.756649330932454345e-01
-1.900738445735262738e-01
-7.364541339451889934e-01
-1.000000000000000000e+00
8.389829635583864742e-02
4.937857338552186226e-01
9.315902463586145377e-01
1.112427303560128145e-01
5.403533503436374064e-01
1.000000000000000000e+00
4.266663141394190228e-01
-1.597383863945855964e-01
-1.000000000000000000e+00
-3.294460925704407184e-01
7.122137658411145100e-01
-6.155625593903391035e-01
9.165571871155649974e-01
-6.961793245420533349e-01
3.653164968361990450e-01
-4.830412191483528517e-01
-1.000000000000000000e+00
2.131252742085054386e-01
-1.000000000000000000e+00
1.000000000000000000e+00
1.064761784423248758e-01
2.424511963902191702e-01
-1.987047771960559761e-01
-8.245309861552835295e-01
-5.719282350290220140e-01
8.286847684897186150e-02
8.558468881883336543e-01
1.236306676896051226e-02
-8.218651960273719581e-01
2.193545150685120571e-01
-2.347626154015293731e-01
8.488001066258904492e-01
2.907541580188175434e-01
-6.874643036518236494e-01
3.945876185758878663e-01
1.000000000000000000e+00
4.620719755695190667e-01
-2.223937865028220995e-01
4.917973773802856163e-01
-5.000314317711724854e-01
-5.010114462432756488e-01
-3.472870833883750508e-01
-3.702968938141403266e-01
1.000000000000000000e+00
-1.000000000000000000e+00
5.383586738654603243e-01
7.294232475191622100e-01
-1.000000000000000000e+00
-3.748820865909824884e-01
1.000000000000000000e+00
-9.399793190842411494e-01
1.000000000000000000e+00
4.378377758521347363e-01
1.120832998226583832e-01
-1.000000000000000000e+00
1.355994309879394732e-01
1.000000000000000000e+00
-6.296067415290743652e-01
-6.706424272430532296e-01
-1.986757337083726316e-01
-1.000000000000000000e+00
2.832065905526744976e-01
2.556842411448117525e-01
1.887332436571268618e-02
1.804582796309974202e-01
-1.932042611888047934e-01
4.895497771658475772e-01
-1.000000000000000000e+00
-7.414610339228799862e-01
-6.502334917762901956e-01
2.523052548390752881e-01
-4.251287225851387297e-01
-1.000000000000000000e+00
-8.105480139585903299e-01
-3.444292937877606042e-01
1.391110236288108370e-01
6.146808901997661279e-01
-7.762442306291592597e-01
-4.277835502320083139e-01
4.851663410296753742e-01
-7.506126345618265860e-01
7.760086045209683148e-01
-5.856946263923136498e-02
-4.693050679808807302e-01
-7.264711840362879647e-01
-8.756429213506190523e-01
1.530727018690621888e-01
-9.778392582841584080e-01
-5.688799457641616764e-01
9.727442681454222528e-01
1.000000000000000000e+00
-1.000000000000000000e+00
5.587383970195016758e-01
8.682701121395713928e-01
2.986562456466222981e-01
5.301969835240238904e-01
7.151245370177294891e-01
1.000000000000000000e+00
4.610326722845670133e-03
5.198228483590212612e-01
-1.000000000000000000e+00
6.213626822631641566e-01
7.225225026109207693e-01
3.333292515952397950e-01
-5.741401598578424470e-02
1.983978779461066932e-01
9.543534991358041397e-01
-5.469260147758405743e-01
9.578469477819968880e-02
-9.028792483289459492e-01
-1.000000000000000000e+00
-7.660846575313539075e-01
6.072416918107765849e-01
-3.800290208806693104e-01
2.071386254852781716e-01
9.345718453776756807e-01
1.081137219058663224e-01
6.997113383714759216e-02
6.511403019791012214e-01
-4.326025119534414598e-01
-1.000000000000000000e+00
1.000000000000000000e+00
-5.037064344426294138e-01
5.713571168810847867e-02
-8.497821091455828313e-01
-5.652273908348115494e-01
8.154527710837788934e-02
-3.176504204130161102e-01
-1.000000000000000000e+00
-6.943429991486583797e-01
-1.594044014929747177e-01
2.935032221398610197e-01
8.048134666645301305e-02
3.638604133386169615e-01
-4.101927169575971810e-01
-5.867429789732854228e-01
-9.337401444980151233e-01
9.901503515538805367e-01
-5.289992094743503070e-01
-2.194714042545788391e-01
4.279956434095582019e-01
8.221792858260988934e-01
-4.027430577323075633e-01
9.463134852247278017e-01
9.950797340921769818e-01
1.000000000000000000e+00
-6.156143268660099199e-01
-2.465877062223952310e-01
7.469444575477592885e-01
3.764849778014671133e-01
3.220692082059028460e-01
7.214535454143677917e-01
1.000000000000000000e+00
-2.388540515951497745e-01
8.900017778669619406e-02
-4.332771697389994903e-01
2.751215000308734338e-01
7.523584888628980227e-01
-6.337822303550286751e-01
-2.173906561427081940e-01
4.396096232082479238e-01
3.096717757335650245e-01
8.518524506450936284e-02
-8.438095015439432967e-01
5.486898169088912924e-01
1.870423564939507899e-01
-2.112734523123114827e-01
-9.498963825644398673e-01
6.146016907944477081e-01
1.000000000000000000e+00
1.000000000000000000e+00
7.618176894533489341e-01
-7.852163903412132107e-03
2.805138145989930498e-01
7.298031209996077573e-01
5.984506874796875486e-01
-7.580381210199450548e-01
-7.654623572294723122e-01
2.821171209616751829e-01
1.000000000000000000e+00
-5.295055822749867858e-01
-5.378467263063064774e-01
2.701019222081149085e-01
-8.424158053993191508e-01
-6.565395920632799420e-01
-4.092275346324568686e-01
-3.916393095592355378e-01
3.185853902908027946e-01
3.385047407193336744e-03
1.000000000000000000e+00
4.326543462840434229e-01
