3.168590528224666247e-01
3.560674635444984193e-01
9.525246471568813433e-01
-4.485892443322282430e-01
-5.247083026838778030e-01
-9.902794529142333602e-01
6.866645471396894962e-01
6.052873939417127147e-01
1.204539032037536261e-01
3.342900324792029698e-01
-3.900364286564242389e-01
-6.184307838394719203e-01
-9.996032808081330989e-01
5.231317391758560920e-01
-5.979948249480997458e-01
7.453766083114139462e-01
-8.027272663060827096e-01
-2.021213934615706531e-01
1.000000000000000000e+00
2.779176989841484202e-01
1.901912532458096550e-01
-5.432889269254260745e-01
-5.638177436882135796e-01
3.348047909139919009e-01
5.539584345705587110e-01
-7.996136582365573897e-01
2.113626352228906990e-01
-1.000000000000000000e+00
-3.980853846318885281e-01
6.627434318549449976e-01
-1.959772512747128825e-01
2.792981323936767901e-01
-3.690194400726445195e-02
-8.095648024143955457e-01
7.761256306722099652e-01
1.000000000000000000e+00
-1.455059306116560369e-01
-5.916882545483500566e-01
-5.708529787395617561e-01
-6.696208294059162736e-01
2.835329666861684528e-01
1.000000000000000000e+00
-2.816808470009850573e-01
-7.330880050572917694e-01
-6.815020719500143320e-01
4.020141484291512302e-01
-7.108149095568140341e-01
-6.891130686226171198e-02
-8.211411620608848327e-01
-6.063060359576797342e-01
8.099427073844308600e-01
-8.155842076971735188e-02
8.769590578210617604e-01
-6.683669609113618293e-01
-1.000000000000000000e+00
4.942367933399549051e-01
-3.315386346842913445e-02
-6.086678551163104967e-02
1.000000000000000000e+00
7.962639571405722982e-01
1.000000000000000000e+00
4.201190690023986485e-01
4.965550068319406485e-01
1.000000000000000000e+00
2.092631031787697271e-01
-5.292782122921714238e-01
-1.950755454342834039e-01
2.006213666061804624e-01
-6.971598510646205282e-01
7.487971663768850927e-01
-2.282269122794529648e-01
-9.314073259763481216e-01
-5.524291269946818295e-01
-2.502498711715481217e-01
-1.258702533687602598e-01
4.384029926491515849e-02
-3.066006117938758768e-01
-3.814105782422250734e-01
8.523521354369767433e-01
8.821100557424743638e-03
-3.922411973891894166e-02
-3.051818529596496132e-01
-5.249314478455054944e-01
9.966570810857288132e-01
-5.306691209215581573e-01
-2.352044372765722258e-01
-6.163609069623735698e-02
-3.617095949046216785e-01
-1.171805559120613627e-01
-8.410909497820701075e-01
5.199604303631744084e-01
3.267406216457360291e-01
4.870493668628941286e-01
2.013896471581261283e-01
2.277885026956066872e-01
9.788438317413614698e-01
8.434164311848694195e-01
-8.576132464926020660e-01
-2.916986226953933170e-01
-1.102202520128023333e-01
9.084345291229876940e-02
1.168167098131925874e-01
8.608882703595496233e-01
-2.176806236408799500e-01
9.981313372215616653e-02
-2.655957911575470565e-01
-1.794068559819449182e-01
5.397386172693547507e-03
-9.346822928820303078e-01
-3.162324819220523886e-01
6.219213221041215434e-01
-5.850830997613282181e-01
6.980643454401984638e-01
-8.562363269822483858e-01
1.707850498687268903e-01
-5.032629285973493349e-01
-3.263068084040515737e-01
-1.933778443174663242e-01
1.351973483127746067e-01
-4.589526914153911896e-01
-4.940678460323644217e-03
-1.734004145468556191e-01
-1.282031648862651807e-01
1.000000000000000000e+00
-6.779574948430168169e-01
-1.000000000000000000e+00
-3.658717423855367135e-01
6.120130634688367710e-01
-8.381898455024135997e-01
4.054518895953982405e-01
-4.357841579531919751e-01
-2.118034952874005561e-01
4.581099225264395614e-03
-9.816312569668030896e-01
7.414404780558121466e-01
2.137584207393951885e-01
9.295009439082670966e-01
-2.613024569319651325e-01
5.622819860269416825e-01
-7.281355569510301606e-01
-6.116520658874328165e-01
-8.950173683742528308e-01
-1.053356922824758429e-01
-7.814082363521018815e-01
-5.725513899637912907e-01
9.989019230413916928e-01
-3.012897325723986053e-01
-9.577012996809461942e-01
-7.097912024852094381e-01
-6.245751483772454815e-02
-3.168778588411897967e-01
-1.843631093284114897e-02
-5.123750958592401261e-01
3.298614602534333251e-02
-3.787722010599158251e-01
2.659315935438044121e-01
-1.395208674278498318e-01
2.353739572592603024e-01
1.543952301023764628e-01
3.113665930228851075e-02
5.891693292446044117e-01
-7.585008946868507795e-01
5.862492311829912151e-01
-1.316702305868769907e-01
4.564992640588947936e-01
-1.000000000000000000e+00
5.385397350067098188e-01
3.577753180371927577e-01
-7.515043969363272014e-01
-1.768921678474923986e-01
-1.120740308851794764e-02
5.606769709803385848e-02
-5.500950742782979574e-01
-6.314400574869470928e-01
-8.658825980709093928e-01
-9.528159024586012604e-01
-1.374850901713317586e-02
8.463822403825872476e-01
-6.121321345370174249e-01
-1.444068115034924105e-01
3.518945556238826100e-01
-1.000000000000000000e+00
3.524370027466167676e-01
-1.000000000000000000e+00
5.955453536120245417e-01
-7.506378213890916307e-01
-9.555524734900596243e-03
-6.891815191273500396e-01
1.995940225569843296e-01
-7.489920917050572058e-01
4.479634506588097143e-01
-7.767323334970028803e-01
-4.672328464730508557e-01
-7.162539162964075556e-01
-1.088313035341329782e-01
-6.447595909997393404e-01
1.053272506976041661e-01
-1.088678342569786711e-01
8.656879738419649417e-01
4.048060678949179092e-01
-8.228800486044804408e-02
-8.591572813171327594e-03
-3.279186156056694279e-01
5.122179013990250107e-01
-8.630211226124576696e-01
5.174128378346506962e-03
2.568254399660247489e-01
3.737296818981003521e-02
-5.470439694687695420e-01
3.479325630686245785e-01
-4.742748143803972305e-02
3.339553773985154961e-01
9.277569063977934016e-01
6.884044376301347301e-02
5.040071528483931473e-01
-5.131779466986273741e-01
2.015250761718014316e-01
6.899926052120007869e-01
3.908548895717196547e-01
4.262368445471100276e-01
-3.448842782203183441e-03
9.307108288607679469e-02
6.954357406331332925e-01
-8.386575271020174638e-01
-4.388244872143543529e-01
-9.506041566733507420e-01
2.035522325044872294e-01
7.710639777550131191e-01
4.259010437766457269e-01
-1.199004524093955221e-01
6.155618661185482399e-01
3.726138561536312954e-01
-3.127505278914425313e-01
-6.144753614047185897e-01
9.574522668194948016e-01
-3.292088417298444369e-02
-9.839316807872143800e-01
1.118839503843317568e-01
-7.415093342474292359e-02
-3.928815951654835437e-01
-7.248265942195797340e-01
-8.555694834243504632e-01
-2.633809392074245581e-01
3.186740016403271092e-01
3.973977395676397406e-01
-4.134854291511007029e-01
-5.330543656994728430e-01
-9.248032939282966325e-01
3.952004066714732144e-01
-7.109150407178661812e-02
-4.513002335460102321e-01
-2.977383134044353508e-01
4.774240234800625760e-01
7.356791309180287231e-01
6.979505830554536550e-01
4.861942785869375339e-01
-6.856894437091768379e-01
-5.162319278385824051e-01
-2.810498616900812263e-01
2.183589559593297202e-01
4.185289343497991359e-03
-3.877584074016293680e-01
2.640191104955286194e-01
7.715355953350377938e-01
-2.058793695280580760e-01
