-6.840139115387543489e-01
1.000000000000000000e+00
4.293404543162531728e-01
7.561952946307072265e-01
-3.288608557387973086e-02
2.612044175178143690e-01
1.603474166116838351e-01
6.625420568915015851e-01
8.452349484539340985e-01
-7.477030361589280805e-01
5.180645121559190880e-01
7.001600129963018171e-01
-4.397339299970588478e-01
-1.882622987500837675e-01
-1.000000000000000000e+00
-5.324177682541383350e-01
-3.589157515481744554e-01
1.817332858307128540e-01
-1.040436991087761998e-01
1.000000000000000000e+00
2.351417032732141810e-01
3.201816438685570754e-01
-8.900022300336660752e-01
3.003650425533253010e-01
7.715730658408196385e-01
6.485828704332277095e-01
-9.723306443792314457e-01
-7.192086300463077508e-01
7.728605910272328128e-01
4.069352721720559396e-02
-2.340357850049171740e-01
-6.585302776913303235e-01
6.068196906157901083e-01
-9.009473690728965201e-01
5.512593654695943091e-01
7.301146186169531482e-01
-5.800122288491958988e-01
3.045321173216468669e-01
7.917537177348602517e-01
6.976365728413435052e-01
-1.272030638663549096e-01
-5.413278541786106790e-02
5.617682031925133046e-01
2.909600332557167879e-01
-1.155942132627084395e-01
-4.149824016027181539e-01
-3.901428513693708244e-01
-8.478469750637062097e-01
1.000000000000000000e+00
4.467022783195352953e-01
5.211984333863790564e-01
-3.206400615728275949e-01
2.077825162771665957e-01
3.063210420632181963e-01
-3.324448061736889892e-01
6.750800175106874690e-02
6.944645817475808558e-01
1.620602296782251983e-01
-9.798652516882720986e-01
4.547885251391011741e-01
-4.015357458024831905e-01
1.601400818020684569e-01
-6.669282605563170430e-02
5.145891459927740552e-01
3.732507504918916030e-01
-2.805515198383767284e-01
-7.179552665203470241e-01
-3.288813368184014818e-01
-2.696149433205885515e-01
-1.384221685749449926e-01
8.166412411699076612e-01
-7.085730182006451106e-01
4.249185731194882187e-01
-1.809634355154371987e-01
1.429709152348175305e-01
7.681230649450827563e-01
-5.182384833079221043e-01
-6.312554836174587569e-01
-3.847434778720513204e-01
-4.343356399803457307e-02
4.507226209533162775e-01
1.000000000000000000e+00
7.510998847673733270e-01
-6.541373877521612368e-01
-6.559091457875801945e-01
-6.069834191846061877e-01
2.489283116008019214e-01
-5.042410678830255844e-01
-4.561174673539047930e-01
-4.543608569260295660e-01
5.323708136534304192e-01
-1.000000000000000000e+00
4.705135843292851394e-04
-7.066000695115584040e-01
-1.000000000000000000e+00
7.524275554589541226e-01
3.652266702807712706e-01
1.000000000000000000e+00
2.776218723479664807e-01
-6.847674682267059776e-01
-7.450210182333514286e-01
-4.302115763127586368e-01
8.025074158724970763e-02
6.250261669257630714e-01
-5.966135798856988526e-01
8.686862347754729097e-01
9.309119310701244321e-02
5.218305477733549136e-01
-5.249240146929001760e-01
-3.682256223089072633e-01
-1.451189213264894862e-01
1.089333592666196782e-01
8.976892775076616982e-01
6.603209497927005067e-01
4.397890909252618052e-01
-2.160452349599235600e-01
-1.000000000000000000e+00
1.173673830270238749e-01
6.531254286408537391e-02
3.949898653317407415e-03
4.081106117911812436e-01
9.695191826338873664e-01
-8.765071001970945463e-01
1.632377869026691020e-01
-6.548271803391259027e-02
8.525214705992527620e-01
-6.568467371721093961e-01
-2.659023713279767831e-01
-5.207821568210249108e-01
-9.595830476989393176e-01
1.985644630510798314e-01
-6.433767852628137218e-01
3.377444609741850345e-01
-3.575618541977120812e-01
-8.765174228086987096e-01
4.070029852969476170e-01
3.012893305790756981e-01
3.632824344094771618e-01
7.159694364801767463e-01
-1.711639473936949485e-01
-1.000000000000000000e+00
-2.434495757966142482e-01
3.596057524653299975e-01
-3.159558180066136535e-01
-6.350149972075708193e-01
-4.452284120212075536e-01
3.343639628860090030e-01
4.509149098040729498e-02
3.226529703415914607e-02
-3.032875937211054751e-01
-3.985123879749491449e-01
1.453095689094923704e-01
-1.536786910623233471e-02
-5.627904008752965259e-01
7.315188457433412506e-01
7.975901493034220913e-01
-3.781887664666962467e-01
-3.296568579425357970e-01
4.571591078482728498e-01
-5.194180047737054773e-01
-3.444911702048584212e-01
-1.000000000000000000e+00
-4.185528040495445912e-01
-1.944251620507634892e-01
-7.465251065299272071e-01
-3.041781417736665327e-01
-3.806122148847027598e-01
-5.520203108166443773e-02
-7.365833004302788645e-01
4.819478306397735334e-01
-6.321418890000906066e-01
4.586830884899006922e-01
3.619042381319356183e-01
4.944115605625274967e-01
6.302005511451088671e-01
-4.590023748747020238e-01
3.480291965424001099e-02
-2.102914481256029644e-01
-6.406502847576619475e-01
2.309699216953914891e-01
-6.624709964075019553e-01
4.060680957222494447e-01
2.796161907637114696e-01
7.929249733827505864e-01
-2.736434142881207787e-01
-7.894912732754323370e-01
2.929359678469015682e-01
-2.281086804705050874e-01
3.113717399498584781e-02
-7.555149665549067972e-01
-3.422481377232792776e-01
-6.227993034208818557e-01
1.015219724403357421e-01
8.881419209366403500e-02
2.953431324695610649e-01
1.000000000000000000e+00
8.422154407842055157e-01
4.883367544465838650e-02
-1.602046865181872004e-02
-3.535174971918830233e-01
3.216173903398724665e-01
6.047508804831804863e-01
-8.531072852669678852e-01
7.551384450370465240e-01
-6.315476301092881606e-01
3.489498241472109852e-01
4.181668273209897535e-01
5.645896163365995424e-01
-4.470461907988552697e-01
6.241345171262679958e-02
-8.252555389766041971e-01
8.761086971674738599e-01
8.139624059970338443e-01
1.000000000000000000e+00
8.984132775784724467e-01
4.029173878540481119e-02
8.059402167315719012e-01
-4.679210904737747534e-02
-7.176647639590554295e-01
-8.672455441300015444e-01
2.858439156250452418e-01
7.813851704199499260e-01
-2.532133650088800453e-02
-1.297140963472420139e-01
4.334819645708676839e-01
7.313572574076951938e-01
6.824778623060372418e-01
1.652259691894036320e-01
5.375533841246593614e-01
3.644369218083596262e-01
6.326863740536756708e-01
-4.601868233202890401e-01
8.947980243961928259e-01
4.313258632726001407e-01
-7.256034617183841906e-01
2.026143215070732306e-01
1.484706836945339503e-01
-8.170422179853976674e-01
6.042872743482434750e-01
6.181983841181541983e-01
-5.770553485773510793e-01
-9.972148482224763022e-02
-1.000000000000000000e+00
-8.853165843555826919e-02
-3.493668114047132067e-01
2.040728327447080548e-02
1.200584301934724540e-01
-2.340381151722685793e-01
-1.000000000000000000e+00
7.835374810154442926e-01
4.630567357494776992e-01
6.918597046116445881e-01
2.059132930189814525e-01
-1.000000000000000000e+00
3.080778969248377797e-01
-5.872986112365962130e-01
1.000000000000000000e+00
-2.677638302801603754e-01
6.653861030894347994e-01
3.824589972670353610e-01
4.862629127245305383e-01
-1.000000000000000000e+00
6.063420487232068501e-01
-7.641894016391528321e-01
-2.745304140069150245e-01
