1.000000000000000000e+00
-1.000000000000000000e+00
7.903897327996804723e-02
9.756717354617721050e-01
-3.390498461221548299e-01
-9.681366130221790156e-01
-3.328719016994579616e-01
-7.444492642406030924e-01
-1.000000000000000000e+00
-7.050766736570874826e-01
2.814350056730946514e-01
1.456888806282615190e-01
5.130071726500855522e-01
8.062994934766153365e-01
-7.690465299817117462e-01
3.483412432965071748e-03
-5.856624472890834543e-01
8.102825467052446884e-01
6.528955418905878494e-01
7.448347840256526187e-01
-3.075516138477011330e-01
9.948413594527473203e-01
1.202165782312781261e-01
-8.218986272451627162e-01
1.000000000000000000e+00
7.748252818951063547e-01
1.000000000000000000e+00
-2.524050500392341911e-01
-3.838678256636934849e-01
-6.769152852831792355e-01
-1.308184190381833645e-01
-2.646969656550071659e-01
8.280977048025871257e-02
-9.756161805008508603e-01
6.113784288336980843e-01
1.913383421813757979e-02
-1.374517828559446153e-01
-1.503283481103957486e-01
-9.328637527909454386e-02
4.786035846140255234e-01
-3.872506525512785236e-02
4.817741002902807268e-01
2.586792055762215381e-01
-7.694738597611163744e-01
-1.000000000000000000e+00
7.382913981923626690e-01
-5.671715307550145857e-01
-1.000000000000000000e+00
1.000000000000000000e+00
-8.748886752120711430e-01
-7.272238502477135214e-01
-4.384144467196934292e-01
3.830237266571556720e-01
-7.953526281967825129e-02
-3.319674585077636575e-01
1.000000000000000000e+00
1.000000000000000000e+00
1.483322385684442968e-01
-8.529584750164262985e-01
9.707991774365646309e-01
9.110267694560630902e-02
1.000000000000000000e+00
-1.943409465812683257e-01
-1.454152488976147573e-01
-2.233114010721647391e-01
-6.948807957910799749e-01
-4.885950149363644246e-01
8.357861266058197458e-02
3.339889862314432412e-01
2.655416411578932490e-01
-8.455565516112814040e-01
-7.078280552617074450e-01
4.468426757401422478e-01
1.000000000000000000e+00
-5.543598340728583818e-01
3.106643700266226715e-01
6.021047844289474371e-01
-1.984567744018696511e-01
9.115217161571901316e-01
6.796245546949704064e-01
4.210257032057278526e-01
3.723967481059375362e-01
2.980012005212786530e-01
9.016103100636264633e-01
8.508168877082626924e-01
1.067908962859032834e-02
8.649376309863821000e-01
9.530354019174460678e-01
-6.434183333387655246e-02
-2.086842022339500669e-01
6.622209940082413038e-01
2.436268015953077237e-01
7.924595867713267738e-01
9.772641692184538820e-02
4.737680172301533266e-01
-4.211638745537819029e-01
-1.000000000000000000e+00
6.454845793843315693e-01
-5.016550352048227968e-01
3.637932303532562806e-01
2.590695254888507604e-01
1.000000000000000000e+00
1.000000000000000000e+00
-6.981017595227390071e-01
9.902525870636473826e-01
1.309699655380251182e-01
-6.170913531772997951e-01
5.545848373523638575e-01
1.000000000000000000e+00
-4.958533737313275402e-02
8.089614066383343793e-01
-1.000000000000000000e+00
-2.846796388181905280e-01
-6.680050489592392893e-01
-3.560912727442805958e-01
4.231262607935011300e-01
6.823453425351067025e-01
3.060670617433906837e-02
-5.681445431753420205e-01
1.154253529936738465e-02
6.937977291656589607e-01
9.504091064919911735e-01
-3.574407597691544591e-01
-2.802203270493821563e-01
-1.000000000000000000e+00
2.045052523353452223e-02
-3.935616968437494201e-02
5.124684178123821710e-01
-8.117863642178519967e-01
8.926147070858779786e-01
-5.843396108801472977e-01
-8.172668659689066306e-01
9.859343167866641000e-01
8.510665101667028720e-01
-1.000000000000000000e+00
5.438372324653274470e-01
1.000000000000000000e+00
-2.532913888088803023e-01
-1.547322966543653033e-01
3.032490907608468844e-01
-3.905808182738857992e-01
3.397910595734777717e-01
2.082063018090462014e-01
1.477987433021435981e-01
-3.593473882907651795e-01
4.420226924948781333e-01
4.027227437597343251e-01
-7.322249263936710939e-01
3.774218006141459303e-01
-3.240371604459457711e-02
5.176493731263318576e-01
-2.273601444398751503e-01
8.444842078330233592e-01
5.025526441037018177e-01
-9.419076162728311497e-01
-9.714124797364341868e-01
9.106471738633474811e-01
4.089150039003478510e-01
-3.703220150185165260e-01
1.000000000000000000e+00
-6.863347230002689869e-01
1.000000000000000000e+00
-1.000000000000000000e+00
2.575179297883506968e-01
5.615737119102073294e-01
1.000000000000000000e+00
-7.044174282853266078e-01
4.460724986590539065e-01
8.763406924599652648e-01
-3.846134456507819821e-01
-3.219694225858303893e-01
4.494589688843183550e-01
-3.171360008870149350e-01
-3.725407329835837555e-01
-6.562989422317686561e-01
-1.000000000000000000e+00
5.473635819884878906e-01
-3.097112865054268971e-01
9.453991088424373856e-01
6.440886925422826259e-01
-4.834384590067638543e-01
-1.000000000000000000e+00
-5.706033844692723345e-02
-5.702598397297407029e-01
1.000000000000000000e+00
6.324880217888018130e-01
2.286203865613367636e-01
2.140744540497290238e-01
-7.777466378632562627e-01
6.155489607711555067e-01
-4.494653305499545226e-01
-1.000000000000000000e+00
1.000000000000000000e+00
-1.000000000000000000e+00
1.944665924941584023e-01
2.569698277196777458e-01
4.662299822531037474e-01
-6.274911128767965973e-01
3.961417855446343617e-01
1.000000000000000000e+00
7.320924026313850863e-01
9.430364508849308214e-01
8.737008833146865383e-01
-7.244620345324449817e-03
6.076282265005252814e-01
-7.858046668541268653e-01
1.000000000000000000e+00
7.266799735106878044e-01
4.550670596539281854e-01
2.837644516338302947e-01
1.047981945565860107e-01
6.468090815527793858e-01
-1.000000000000000000e+00
3.321909423834248920e-01
4.756569930032152893e-01
1.000000000000000000e+00
5.551440829714268110e-01
9.453633952086702985e-01
9.642328213198974041e-01
-7.854382971614677356e-01
-4.179726255885765074e-01
-3.505583310727139468e-01
4.739694879531893279e-01
3.279024030561419889e-01
4.324013883401096048e-01
2.140243400815779184e-02
-1.000000000000000000e+00
9.262813525681584670e-01
-4.429063079464599234e-02
1.579726546389340069e-01
9.714300812074918579e-01
-7.548946812048348831e-02
-5.542892876812195446e-01
-3.968045894721385358e-01
-3.386635798970986655e-01
-1.000000000000000000e+00
4.339067638160880591e-01
1.000000000000000000e+00
5.942223109015409843e-01
1.446009631526352091e-01
-2.306539846421479245e-02
-1.000000000000000000e+00
-3.005706285849537099e-02
-1.000000000000000000e+00
2.170609979484697805e-01
-1.000000000000000000e+00
7.896087630082384567e-01
8.157464328330412684e-01
-5.402857540064588404e-01
2.281784012265621331e-01
1.000000000000000000e+00
9.437141922970224694e-01
-9.997427700925390903e-01
-9.242702300699996432e-01
-1.000000000000000000e+00
-7.024920014423819969e-01
-7.197280565426866783e-02
1.449687414961529364e-01
5.077545585728643340e-01
1.000000000000000000e+00
-6.366297621045166055e-01
-6.453742251734781998e-01
7.397207480915231059e-01
6.435394530231363097e-01
5.905363487464639904e-01
