-3.524872478585066582e-01
6.032202063952610271e-02
2.567372495842316915e-04
-6.370403413978328322e-01
-3.019017882445208523e-01
-5.867905506298314311e-01
-4.556478122905748274e-01
-7.104769663696293147e-01
-4.666821131480085039e-01
5.938961349664908518e-01
5.804597721859002801e-01
-1.789420396591556439e-01
-8.970627667963879670e-01
9.766543927093143118e-01
3.420657749668709613e-04
-3.218476150154225279e-01
-2.028484057060280510e-01
2.596509071840723548e-01
-4.979597068748398137e-03
5.064727181738454265e-02
-1.000000000000000000e+00
-3.066448585509641833e-01
-1.000000000000000000e+00
-3.161671015045896538e-01
-8.952512097059508456e-01
-9.632069716069875387e-01
-4.288197940236578298e-01
2.783358900258264823e-01
7.401169508742037051e-01
-3.056689439049369850e-01
1.000000000000000000e+00
-1.000000000000000000e+00
2.172271832212169795e-01
-5.678329433695846751e-01
5.646574819767806730e-01
1.242043939215206616e-01
5.649471831774000030e-02
-3.737764773568563181e-01
7.768687371142537490e-01
6.265484317082034016e-01
3.164248002067507337e-01
1.755750517967986091e-01
-5.473957592892192414e-02
1.140196236065847968e-01
8.923127793138898589e-01
-1.396439398736904480e-01
-4.329591058565317452e-01
-7.118960542538046443e-01
-3.566721099465958167e-01
-3.222159825057412941e-01
8.980006906956006230e-01
1.000000000000000000e+00
-1.850332636137711206e-01
1.437438742048662843e-01
1.243506062273489476e-01
1.615331373960075534e-01
-7.589156332539881422e-01
7.486367320198542563e-01
-7.583377933361408196e-01
-8.514458554015084113e-01
3.715895253700913226e-01
-2.567137015387430665e-01
-6.163610957794198875e-01
5.138706527843918126e-01
7.541667599159878055e-01
6.742196499004847743e-01
8.556915166993850352e-02
-4.918002666431804393e-01
2.058837885229869991e-01
1.000000000000000000e+00
7.087022642058022903e-01
-9.880541004973243391e-01
5.486664230718090174e-01
-3.170833237382792991e-01
-2.268064339874221180e-01
-9.939366328063947709e-01
-7.486212987067570879e-01
4.624267569395257294e-01
7.070964833113368986e-03
9.529555185023763642e-01
-3.310356230937695488e-01
4.285129416915132161e-01
-9.924763233401219242e-01
-1.000000000000000000e+00
-4.837520209936628512e-02
1.894128574884237637e-01
-6.825867060685566479e-01
-7.487279475658266126e-01
3.992826775498149461e-01
5.149117829399361135e-01
9.760556967129765393e-01
-1.000000000000000000e+00
-1.000000000000000000e+00
-6.067845034847132446e-01
4.461756836078747401e-01
1.000000000000000000e+00
7.922249720355614699e-02
-4.637288673005254269e-01
1.156430960678095365e-02
-5.520735547651703934e-01
-9.908725407563263587e-01
-6.233760971393048633e-01
-1.000000000000000000e+00
5.646410195894188688e-02
-4.613467017074637799e-01
1.000000000000000000e+00
-8.581975263560160938e-01
-5.546273629665336991e-01
1.090838814039963300e-01
1.000000000000000000e+00
8.609988365312399861e-01
6.635490376461289364e-01
-7.821460277360354763e-01
4.997887650440619445e-01
-9.700675540032668298e-01
6.436806675011736978e-01
2.936844877303853019e-01
-2.593036851930834996e-01
6.484980655969191377e-01
-5.974486894167903017e-01
7.402479675154431948e-01
-3.755418168638782750e-01
-8.829566319628973092e-02
5.531446853587803636e-01
3.500688971491501267e-01
-4.243638989831142183e-01
-4.889624281859646926e-01
7.822928111234395132e-02
-6.136954968517881470e-01
1.286454955038532078e-01
-8.085704322105974340e-01
3.038745493715817592e-01
-4.927603810008106544e-01
3.700095657632302970e-01
-5.413630429931237664e-01
1.000000000000000000e+00
1.478330192788903652e-01
-5.133421781287524910e-01
5.564414932669954350e-01
-3.234581600798128176e-02
-6.003790031404001581e-01
3.960531210485295217e-01
4.410561428020699504e-01
1.000000000000000000e+00
5.477813457894230575e-01
3.405163430314209205e-02
-1.307849046652567182e-01
3.074888382424644795e-01
5.313090708919513405e-01
1.424095668419619598e-01
4.056851246491762208e-01
5.800835914419711914e-01
-1.000000000000000000e+00
-8.828692633591892491e-01
6.578408076592312526e-01
-3.599902530044999382e-01
5.465314719362863727e-01
-8.846741253585924669e-01
1.000000000000000000e+00
-1.339515493822490133e-01
1.000000000000000000e+00
9.538105748115549565e-02
-8.448067005832564647e-01
-3.229015546597492903e-01
1.330303635543403917e-01
1.000000000000000000e+00
6.925783405630991929e-02
2.836158658635201113e-01
-1.000000000000000000e+00
-4.522029431674494393e-02
-8.428231452109531396e-01
-1.073193114752028360e-01
1.019984296817959268e-01
1.628629073716143238e-01
5.141192378939710705e-01
-9.415881928563701875e-01
-1.606506355200664760e-01
1.824052335563626781e-01
3.320277591172976495e-01
6.864629596305934500e-01
7.452734772070446212e-01
-2.264263373155755987e-02
-3.259161688492659970e-01
-7.449292586610234412e-02
1.000000000000000000e+00
-2.192130997457183428e-01
3.681603583979621286e-01
2.626174315552324834e-01
1.000000000000000000e+00
3.072971631491015487e-01
9.146005438879302174e-01
-4.637539054167055808e-03
6.832432242266863742e-01
4.534030723428121856e-01
1.000000000000000000e+00
-5.234135442639433755e-01
3.696261494115605784e-01
4.767904385028602365e-01
9.768044543166678473e-01
-3.745628791326457985e-01
6.621270196024127141e-01
-5.376092746804181921e-01
-2.583435901305212168e-01
-6.876257700753688473e-01
3.003089584073524443e-01
2.844973261780339713e-01
4.761051938925622284e-01
-4.468140519440195191e-01
1.802632348652520866e-01
-2.819748115880313724e-02
-4.510401329016153760e-01
-7.333277930528954158e-01
9.458387303301187821e-01
3.878469891663398061e-01
-1.000000000000000000e+00
-1.806834810950244674e-03
-9.659839949550729221e-01
4.125711525453212847e-01
4.295700934922163094e-01
1.000000000000000000e+00
4.892498039372786822e-01
3.600680446178282090e-01
-9.863593972438583490e-01
2.498918094436570758e-01
-3.572795177766376895e-01
-9.980759100943312756e-01
8.266956506562511686e-02
5.054867680213275261e-01
5.307237559718693820e-01
2.894822509549290213e-01
2.395217784548610007e-01
1.000000000000000000e+00
7.709276822323396505e-01
9.803142652095487852e-01
4.534912611081854950e-01
1.571950466170360383e-01
7.445217867247860832e-01
1.000000000000000000e+00
7.660950417743447316e-01
4.206390300784996761e-01
-2.539123994660130723e-02
-8.027794896618145604e-01
4.406064122646287107e-01
-2.488562476033215343e-01
-1.000000000000000000e+00
-3.164928224435789028e-01
-1.000000000000000000e+00
8.620423671198412796e-01
1.000000000000000000e+00
4.815218647672159236e-01
2.293043561238614081e-01
7.099306323909111427e-01
6.924227205070354607e-02
-7.769673653820484693e-01
-5.930941436422985102e-01
-8.279933398632086661e-01
7.460442029726321866e-01
1.000000000000000000e+00
1.000000000000000000e+00
1.000000000000000000e+00
6.587267978415067837e-01
-5.348487338095092580e-03
1.425855652075136426e-02
6.143853557874869864e-01
7.660496382681194483e-01
