9.097349207430622808e-01
8.276899520088099038e-01
9.156250365571083627e-01
9.396904594391171095e-01
5.241538366996028042e-01
7.863123071303297351e-01
-3.363495472915571938e-01
-5.732753498326855768e-01
-8.374312407296533589e-01
-9.243972206301749317e-01
2.496267657851163335e-01
-3.517964840220696443e-01
6.769096745277356497e-01
4.012597010585552404e-01
7.584625855706167430e-01
3.096416218361547346e-02
8.951296791838776468e-01
-9.417308665507431176e-01
-8.744282242477580125e-01
2.378488833271106273e-01
2.734286953867479664e-01
-6.385224027662650403e-01
1.000000000000000000e+00
5.340210831704551575e-01
-9.907116475547897982e-01
5.637599331174203421e-01
4.248501334624232850e-01
-5.005221950684717314e-01
2.227659420072174434e-01
-4.283585005784344424e-01
-6.621696342400924529e-01
7.226288877084738882e-01
-9.501222585923077002e-01
-8.811037729026875986e-01
2.515266537369398869e-01
2.790270959241227811e-01
5.453597523214883669e-01
7.521546759668478188e-01
7.113904955310799139e-01
-6.213896042078068671e-01
-2.515334764199310680e-01
3.956785448357222901e-01
8.674876170185032986e-01
8.269509347544248268e-01
5.842841909278221335e-01
-5.927899382029532260e-01
-1.292388226115626093e-02
4.313385954359481023e-01
-4.765069749473254124e-01
6.893075160540267365e-01
2.641818418557368986e-01
-4.993011869619841114e-01
7.240485598485578711e-01
1.671686375114851131e-01
-7.526260210286550567e-02
-4.511962443775621168e-01
4.662043685730370424e-01
-3.021793397074756804e-02
9.279164100054770881e-01
-1.000000000000000000e+00
-3.905147593367644943e-01
-4.311246662117387829e-01
9.899654131657498191e-02
-7.688438414907784457e-01
-5.647369846967702500e-01
2.070470125059356015e-01
6.048051243575702784e-02
1.286542133533081500e-01
-6.863617017332110937e-01
-7.983889890630999631e-01
-7.716778481443975490e-02
2.918735618316592451e-02
1.748383262480666112e-01
-1.298167609073788142e-01
8.421602100243927858e-01
-6.218189489438172846e-01
5.384197394218170896e-01
8.094284104653781675e-02
-9.667132402492423227e-01
8.783260264059766786e-02
6.921588874311499495e-01
1.117459200657795471e-01
-8.710529805426929784e-01
-1.214117683940001413e-01
-2.515307121934591272e-01
5.073769722121503900e-01
4.594090849827596745e-01
6.017781651859421821e-01
-5.251806213967021852e-01
-2.147388037630786339e-01
7.305229890468296627e-01
-1.038600269142389010e-01
-3.899331243102970301e-01
-5.202439819636586193e-01
-2.729218136474642620e-02
-1.609216328821181374e-01
5.580983271600212792e-01
-1.996405798965930067e-01
-6.438424789063577069e-01
-3.479910671990424920e-01
-1.003355268543206780e-01
7.020275401174390639e-01
-2.083123798611101474e-02
9.915385151105367001e-01
8.851064733624181002e-03
-3.794098298368759892e-01
-5.944473043173308380e-01
7.126886601261893661e-01
1.503908477390602516e-01
8.424529533155282746e-01
-2.621688976719229736e-01
3.239537978700776089e-01
-1.130013311855728730e-01
-4.965763940651846120e-01
3.389400895177061557e-01
7.876376174598308522e-01
-1.523465073358414301e-01
-7.618581425966273191e-01
-4.747142131361148376e-01
1.828835374405348713e-01
8.176044837140095112e-01
3.620242344826954950e-01
3.666240796279686132e-01
6.664861813165314786e-01
6.960809134518033403e-01
3.401101655642750909e-01
3.152057750812380377e-01
5.176661760360963260e-01
-2.568537839145070834e-01
-6.574020583418861419e-01
-8.345399190036784098e-01
7.345684399631751127e-01
-2.616774576231588600e-01
1.985685465729081223e-01
4.160127059839173469e-02
-5.384983712015338764e-01
-7.759584459485732721e-02
9.553624897627154278e-01
8.058078704075382070e-01
8.184016431297573835e-01
-2.405802254745273427e-01
-8.946134451678859900e-01
-5.187919909042332245e-01
7.308045732735349298e-02
-5.904420899888827012e-01
-1.618870460058415839e-01
-6.017365474460036889e-01
-1.874687353438573290e-01
-2.917093097887770159e-01
7.464459227341169179e-01
-6.523040584738337699e-01
-8.968536475697206356e-01
2.242108960119097716e-01
9.230866454535564536e-01
-9.590311539285498732e-01
-6.900967933979647029e-01
5.900599259090721915e-02
-1.215582426189191767e-01
-1.745676373731974707e-02
-5.828966662594122772e-01
-4.797502518384073045e-01
3.093691924430075346e-02
-3.529358290960238898e-01
3.859933855107300360e-01
9.007754568177661625e-02
-7.241181197416373116e-01
-6.093106807440615835e-01
9.343720751948414449e-01
5.160255656843697469e-01
1.511402945501152395e-01
-7.813309328481092830e-01
-1.887702923033762192e-01
-3.581004246869297081e-01
-7.677641781000886789e-01
8.269627958437951731e-01
3.976488562891879464e-01
2.616326192906834880e-01
-5.607701162923119931e-01
-2.126789783050916927e-01
4.721198760096177449e-01
2.362418841457518126e-01
-7.624370042414092552e-01
6.898498487040762850e-01
-1.775330586068100125e-01
-2.768804952440861999e-01
-3.413939832552012055e-01
1.000000000000000000e+00
-3.224633322334644059e-01
-4.627574697565063344e-01
8.950366729077462447e-01
9.818190324432459759e-01
-9.298611594087176080e-01
1.277417272021676986e-01
7.165940594513520168e-01
4.425778297494212810e-01
-3.603386779014110947e-02
-6.042293680423860280e-04
3.135819509962317619e-01
8.927022170689100644e-01
-3.871724280857808953e-01
-3.004360177456848191e-02
1.392555205418586350e-01
7.399102765710806606e-01
8.838386351307071509e-01
-4.894891671264527400e-01
-9.962928139697684315e-01
2.545702822942679244e-01
1.538145026811097438e-01
-4.539256168986389173e-01
-2.606099117655635844e-01
2.011154262391301462e-01
-9.736540823708319525e-01
9.020357745868656796e-01
8.908032335100954935e-01
7.504705095786148306e-01
-6.127649344266691278e-01
5.264061299584207321e-01
9.003212055213291043e-01
-8.090947276002470323e-01
-2.624158269125742571e-02
-3.180545353098374051e-01
-2.109005886369355043e-01
4.404272097074055647e-01
-7.451018902894899210e-01
-7.701665096564115354e-01
1.399616394189144852e-01
3.248538419028014490e-02
8.058096563188530403e-01
4.060470232738748741e-01
7.873949080472366635e-01
-6.777738607731262910e-01
-3.428198907472800316e-01
-2.492663414043219117e-01
5.253066445776488624e-01
-1.633103055271736270e-01
6.622202351399204545e-01
8.634239449056483329e-01
-1.123246175173311379e-01
8.494121494483698465e-01
8.977148805723228486e-01
4.188611631017441495e-01
9.671926810644502215e-01
-1.352848479529875636e-01
8.879310986403382566e-01
3.970665349411679479e-01
1.042542684833382971e-01
8.743398685970458217e-01
1.213851629414299249e-01
-4.837343122484583646e-01
-9.077557036380567990e-02
-3.446628039289478806e-01
-7.161853436617857671e-01
-4.063380134559404500e-01
4.103635010864302712e-01
-5.407304122147662540e-01
5.595991184700148668e-01
-3.604362965086171378e-01
-6.307982163020007249e-01
3.428559211989508082e-01
-4.876787578645581656e-01
-2.174876846908979922e-01
-7.418941339711712102e-01
7.674010481713238185e-01
6.835929123850013056e-01
-8.861906815309116281e-01
