8.983330746420951085e-01
-2.920880981701106105e-01
-4.655927216070308017e-01
-5.427156085375969274e-01
7.952427350985470655e-02
-1.000000000000000000e+00
-5.705757000466240569e-01
7.983314813183411962e-02
-5.304976067081126345e-01
5.159158327694157720e-02
6.798770177524365854e-01
9.642118381997524246e-01
-5.333290802688229748e-01
2.737579494106382461e-01
8.345235902970242758e-01
2.664866571015606644e-01
-4.006833325929892720e-02
-1.000000000000000000e+00
-6.296777026937742106e-01
1.204664993118221838e-01
7.146271800557258969e-01
2.373871117339532710e-01
7.711784782405711747e-02
2.329925471995227815e-01
-4.527933526275053078e-01
8.404566059047867688e-01
5.930721507812399818e-01
1.624529388981353628e-01
1.000000000000000000e+00
-4.037797590776034395e-01
-5.910120292665547170e-01
2.404368585135056580e-01
3.880151252479490109e-01
8.649261185541043950e-01
9.867584844106093156e-01
9.416064423804126893e-01
8.906406274604514728e-01
5.992084055352500105e-01
-5.974708638457799648e-01
-6.932800933540643751e-01
1.114540919442943701e-01
4.669392409473863137e-02
3.105952542930190408e-01
8.744085635287351943e-01
-1.836153068573004310e-01
-2.680694116182016917e-01
-5.250926002138422977e-01
-5.216321874027324279e-02
6.824876735241477421e-01
7.045900465268968293e-01
-7.896960905481474891e-01
4.118096833256117417e-01
-3.541661007704224318e-01
2.706051427510045015e-01
-7.026123933483383599e-01
-5.162878544808718884e-02
-5.232852248426079766e-01
-3.847051532376696281e-01
-6.309732126643109451e-01
7.101115106213632400e-01
-4.793694546836425596e-01
2.008361100161143442e-01
-4.236069493737885105e-01
9.373867398690920449e-01
3.160592216064184168e-01
1.598812620034213428e-01
-7.685150264216198401e-01
-1.000000000000000000e+00
-1.000000000000000000e+00
4.652216396774744300e-01
8.577863791068626176e-01
-4.131081112671644018e-01
-1.371395193136333568e-01
-3.653699833014676379e-01
7.365547210252009203e-01
3.489517861988775671e-01
-7.914637602279699369e-01
6.501731768847140991e-02
-7.224023405454674807e-01
-3.569307818733339910e-01
-7.820150153860964126e-01
-7.665538206916753250e-01
-1.000000000000000000e+00
6.614423620594652720e-01
-6.484398768236353527e-01
1.000000000000000000e+00
-3.191451209678005108e-01
2.142542420516727053e-01
3.831401656225228575e-02
-6.502099849001699017e-01
2.192284536837999787e-01
-4.988623346931199687e-01
-4.428054393052108240e-01
-7.184110791435187604e-01
-8.979500817686592029e-01
-6.822651223479500038e-01
-6.587083130146503818e-01
-2.880214777050274511e-02
3.445058100079994579e-01
-7.033581965244779521e-01
-1.512934058604659404e-01
1.000000000000000000e+00
-2.383693272054618340e-01
6.065555050563720130e-01
-9.289697510236544220e-02
5.072010049387677411e-01
-5.916429441095176767e-01
-5.530692863133760406e-01
-2.820838608663595037e-01
-4.491928923883045655e-01
-8.195526830940589313e-01
1.377623783001486191e-01
5.188416567409172009e-01
1.671767011659167079e-01
3.934359852536999380e-01
-1.615884900857306183e-01
4.679103781032933895e-01
-2.867351991265629785e-01
-4.985625668143940925e-01
5.005853667739298407e-01
2.520361137289328646e-01
9.869287774570955074e-01
-4.376409521341308451e-01
5.430214315024414762e-02
1.490682161418628027e-01
1.000000000000000000e+00
-9.908937171321935411e-01
3.719323478037137587e-01
3.811619502359138156e-01
2.674910416855519890e-01
-6.809992855690284452e-01
7.919763985554785224e-01
2.924762662793063961e-01
-7.121047652513422532e-01
1.900274214274509377e-01
3.345277990455424733e-01
-1.000000000000000000e+00
-5.122070975705104168e-01
-8.578870602330652684e-01
-4.818630042843305983e-01
8.553713608336302454e-02
-8.628048553796777154e-02
9.902315405187780417e-01
-3.791435538411864203e-01
-3.227174833328926296e-01
-6.763936963022267879e-01
8.340640151877424247e-01
-6.824806425455965941e-01
3.428056494685247264e-03
-4.372668832168871145e-01
-2.553905233658498863e-01
-7.575145239581587697e-01
1.576936617435709675e-01
-1.000000000000000000e+00
7.964738865408649282e-02
-8.036243873518628122e-01
-1.972096322211127073e-01
-1.655024219214664138e-01
2.283184455031807003e-01
-3.775524936976618062e-01
6.920374056480473879e-01
7.143491334763522049e-01
-1.000000000000000000e+00
-8.962201823580285831e-01
8.960361568778628660e-01
1.951643962224189899e-01
1.147704687472594492e-01
3.890551894547909784e-02
5.122473478087999910e-01
4.770138381021978291e-01
-5.649283065768319345e-03
2.719985557722431890e-01
-8.940937639965329531e-01
2.975492192155931304e-01
4.772873508237382434e-01
8.208569769060767296e-01
-1.000000000000000000e+00
-3.906652378305998652e-01
-6.441774496666528016e-01
-3.312875343220701985e-01
-7.192285491019552168e-01
-2.414767633599194108e-01
1.873880136284524767e-01
-5.452325187556439356e-01
-4.384765217676078186e-01
-4.504428920939557157e-01
-4.914095555605076937e-01
9.295297457120985651e-01
-2.705245834290109785e-01
-4.684475378600372331e-02
8.780208202551196273e-01
-4.576236719502363437e-01
-5.718149588936400907e-01
8.306358362848674792e-01
-8.702042712545187131e-01
5.993253269022693619e-01
4.964886467744686338e-01
9.735520177938987718e-01
9.244097169981591033e-01
7.696513254323034126e-02
-3.060038088328564387e-01
-8.152610565016709110e-01
2.055439023839766843e-01
-8.226966490094597129e-01
1.078081810680935892e-01
6.775584352740928740e-01
-1.000000000000000000e+00
-1.351513765781265919e-01
8.324158476230771875e-01
-9.201459131896350119e-01
6.481344996715281415e-01
-5.596006998974600855e-01
2.208843996224514328e-01
8.945879105265761577e-01
1.380734928082044954e-01
-3.398201770791531295e-02
-4.910972506359554957e-01
3.484292148047524740e-01
3.767573763547929500e-02
-4.098237956367453694e-01
-1.000000000000000000e+00
9.602684090097208802e-01
1.822485608011961133e-01
2.359105017234527091e-01
1.871403697736304383e-01
5.415262685412999266e-01
-5.930460144606218842e-01
-5.430836945399775129e-01
5.450791272528835441e-01
3.842071578313486779e-01
-3.273810494060604426e-01
-7.839803035604719916e-03
1.237043172514715739e-01
5.805775975299873881e-01
-3.450966905855317179e-01
-1.479122627005636792e-01
5.340480938435994140e-01
7.445101111017511375e-01
-6.083701303339609234e-01
8.836710071249191945e-01
-7.765774939155145606e-01
-3.205032266459043599e-01
-2.514585569810599552e-01
-1.522756540097587319e-01
-1.774146624578378240e-01
-1.000000000000000000e+00
8.917170527732625196e-01
-1.000000000000000000e+00
-1.303539754125106198e-01
-3.063998274117087917e-01
-2.343505676449426089e-01
1.973428572657920377e-01
-3.021643544443315954e-01
-6.043680976716501174e-01
-3.266004316146892128e-01
-4.339969924811458435e-02
6.416918184760003196e-01
7.723748620066368809e-02
1.077541292187557259e-01
3.102763968197721489e-01
1.000000000000000000e+00
-3.947387370344599966e-01
-6.479943776284775581e-01
3.010715154275650507e-01
1.000000000000000000e+00
