5.256610166056432387e-01
9.116805787842052755e-02
2.221882681914418289e-01
-6.947051748536167137e-01
6.474183963096828975e-01
1.000000000000000000e+00
4.813753944935207363e-01
-1.021011755025486023e-02
-8.598817135011917190e-02
-1.000000000000000000e+00
-1.000000000000000000e+00
-1.000000000000000000e+00
2.254306141417437848e-01
-7.382355194603600346e-01
-2.163162679838515623e-01
1.000000000000000000e+00
-9.328800689322216400e-01
-5.285561316656571806e-01
-9.655259214933645251e-02
-6.196963738847185432e-01
9.660286703218787796e-01
1.000000000000000000e+00
3.729900617214843006e-01
9.368998501155784142e-01
1.422965866969917725e-03
7.608006745218768296e-01
5.040387569097692921e-01
1.000000000000000000e+00
2.348458741252116844e-01
-1.000000000000000000e+00
-5.673202187349030146e-01
2.361800149379420510e-01
-9.240156105347617777e-01
8.411161994837200728e-01
1.000000000000000000e+00
-1.613799843874183515e-01
4.863034439657125674e-01
-2.930739212013416251e-01
-1.000000000000000000e+00
8.100082223862969943e-01
-6.493644775040066097e-01
-2.147487327807057200e-02
1.000000000000000000e+00
-1.680024050367840138e-01
3.924042188936149311e-01
3.497684819616310725e-01
5.931440350196367506e-01
3.104921767873813909e-02
-1.963251078529650029e-01
-2.139028999048406265e-01
-8.765753792587271942e-02
7.651725354074299101e-01
5.569476557659313043e-01
-1.000000000000000000e+00
-7.681981304128076005e-01
6.938278823304416809e-01
8.555354270584957233e-01
2.405193686237613593e-01
8.726837386498724758e-01
6.951040969498354372e-01
-1.000000000000000000e+00
-2.410554937241062012e-01
-5.494247818742021838e-01
6.814696203593517687e-01
2.398406004332773178e-01
-9.347303194050656794e-01
-3.814866052151604237e-01
6.329411553107420207e-01
-8.205397993547813851e-01
-1.000000000000000000e+00
-8.898134191606784649e-01
-9.335914444587170014e-01
-8.775149222728948484e-01
8.670587580390760607e-01
-6.738161278541514587e-01
6.107699290064529940e-01
-3.234194588717419494e-01
-5.268519770566898464e-01
1.380049831083965950e-01
-5.323593301100744135e-01
-4.269761929305539438e-01
4.020575683489507890e-02
-8.052685929138546639e-01
5.923641733074092031e-01
-1.719295484471082547e-02
8.389679692369145236e-01
1.456074776192582687e-01
4.340424087032290767e-01
-8.522809439244036778e-01
-6.329895829530904905e-01
-3.680559173350292368e-01
7.093680069807718480e-01
-1.200199628060213408e-01
-2.554402581886753287e-01
6.792922750850060032e-01
-5.259574056431088884e-01
6.852456818275409756e-01
-5.905957968186150708e-01
8.666779664070179967e-01
-9.291575847712556513e-01
-2.755697895224182847e-01
-1.980367795840405343e-01
1.000000000000000000e+00
1.616693701348137502e-01
-1.000000000000000000e+00
-4.247493425439212156e-01
2.877844001976338426e-02
-9.619108246065976031e-01
-1.499493407394811850e-01
-1.000000000000000000e+00
2.756074845257123207e-01
4.192910944096229775e-01
6.814840040567038404e-01
-4.590264063746748446e-01
-1.000000000000000000e+00
-1.184563999380219279e-01
3.899247510321116050e-02
7.776443831760551095e-01
-1.278346060047829691e-01
-4.734451115065213544e-02
-8.534358003792948955e-01
4.111224217153205407e-01
6.473977717493787365e-01
2.328173426996013040e-01
9.597864749383535621e-01
-8.103535088437275880e-01
-7.391244246844552723e-01
6.037868499424461355e-01
9.326838416445938362e-01
-7.045529250515579767e-01
-3.478316955683610767e-01
6.595937558229381104e-02
-8.228614018780088246e-01
-6.904139864381455549e-01
9.731788934735641217e-02
-9.131238757157098540e-01
-1.000000000000000000e+00
9.144873584612646100e-01
-2.084021669341573069e-01
-9.408733018357756661e-02
1.000000000000000000e+00
4.334736751516641284e-01
5.746231704199846746e-01
1.575086155221884776e-01
-2.708256514669191706e-01
6.740427976662245468e-01
-6.816408430896275794e-01
-4.510374914892313347e-01
1.663403711961872755e-01
-2.980846733647867786e-01
-1.090104721026102785e-01
5.886096407842933420e-01
-6.933840486796397640e-01
1.000000000000000000e+00
1.000000000000000000e+00
4.237036253627424198e-01
2.931967448395976783e-01
-1.000000000000000000e+00
9.597853817451129643e-02
-8.447013904816629282e-01
2.019747064483869425e-01
2.544796091105578362e-01
1.131036984985212546e-01
-8.214104569172862025e-01
-2.350241766934682286e-01
-6.186172524253883420e-01
-8.010967665026347273e-01
9.532753504133647526e-01
-1.511560549697276434e-01
3.506137081211204709e-01
6.738981090878513047e-01
6.083173787309085201e-01
-5.273432815084492242e-01
-6.901042397182886035e-01
3.631659763320403411e-01
-9.533439989547869420e-01
-4.243082454316003949e-01
-1.753981808963610556e-01
1.000000000000000000e+00
-4.606194266457374065e-01
7.881388492076323304e-01
-6.606124318239251503e-01
-1.000000000000000000e+00
6.501800368404326846e-01
6.596748384783543417e-02
5.476877994699385077e-01
-8.985181578635386135e-01
1.195112165289725081e-01
-3.950718132469721589e-02
-7.447875626786877312e-01
2.529693620623851280e-01
-3.915660111854251113e-01
-2.292145695475314437e-02
6.275819180349077042e-01
3.715785000448227349e-01
-3.169864711430508963e-01
-7.191591371949184186e-01
-1.681106916303115317e-01
-7.357194004073187577e-01
-9.245540350549042996e-01
3.590332529674494788e-02
-1.000000000000000000e+00
-1.000000000000000000e+00
-1.000000000000000000e+00
-1.173279614485317479e-01
-9.733075986165398152e-01
-7.912763746808096355e-02
-6.195989464464825014e-01
1.000000000000000000e+00
-2.436187576885025519e-01
-8.788922526576037342e-01
-3.008137061307649129e-01
7.905082661458071591e-01
5.743591985223847063e-01
8.767346939129704309e-01
-8.380871681587214184e-01
-8.143554114154866186e-01
-1.077364455971646651e-01
3.167800415453922991e-01
8.328171395242338626e-01
-2.051362246044466098e-01
-7.887922268516769919e-02
-5.665938226428703928e-01
1.000000000000000000e+00
-4.258649149834106695e-02
-4.945454708345462524e-01
6.524356405087257116e-01
3.671760629988347624e-01
9.454739862094221348e-01
-3.827346477375843103e-01
1.839117069033034957e-01
-8.890013461751777868e-02
9.041161643940426318e-01
-3.803049657938032957e-01
-8.614857605728345469e-01
-8.324446449328841702e-01
5.356175059477586986e-01
7.123184782917723057e-01
1.125495478033423230e-01
4.577994352091931951e-01
3.920925412017546852e-01
9.536564782225015469e-01
1.384467815689510162e-01
9.856877182305252560e-01
-4.737125686250260870e-01
9.044909651837580444e-01
2.052290093439951280e-01
-1.000000000000000000e+00
-8.014276959116800603e-01
1.277988569776825067e-01
9.680733313907672333e-01
-4.866476684663992303e-01
6.579687995198866268e-01
8.925334412210900181e-02
-2.053096957130730593e-01
7.840674686654712788e-01
-5.071465390811060736e-01
-7.991238399895170263e-03
6.566947776767417810e-02
1.000000000000000000e+00
-3.607211037958902855e-01
7.816083773320321448e-01
-1.045468549457838868e-02
3.006748113883520035e-01
5.736200979502908276e-02
