9.831004852547863271e-01
-3.028852569906648196e-02
7.147327443548248116e-01
-2.007581975238036387e-01
-4.470522552909248493e-01
1.000000000000000000e+00
2.611157621708857790e-01
1.000000000000000000e+00
5.712608729961372589e-01
-1.000000000000000000e+00
2.935667682144285640e-01
9.864811377745688059e-01
4.221594885936712505e-01
-1.000000000000000000e+00
-3.436187903026332036e-01
3.638328889770127694e-01
-1.321721540611055234e-01
1.930606766622038339e-01
2.764069571290360128e-01
-6.877406740485489944e-01
2.194488577037434773e-01
8.830119146485827519e-01
7.912614286453840684e-01
-1.000000000000000000e+00
2.115297322159464810e-01
7.464492431442770748e-01
-1.000000000000000000e+00
5.629989969402445782e-01
1.000000000000000000e+00
7.580034191998847870e-01
3.884836287492857698e-01
-5.960483991588183539e-01
3.866013801527364291e-01
1.497675632650513622e-01
-7.669234434562764990e-01
7.095349466721490028e-01
-4.173772477588076346e-01
1.199867783590366499e-01
1.385882285953976001e-01
-8.524671834995543040e-01
-5.498583376129455580e-01
-1.000000000000000000e+00
2.459208521165834882e-01
1.000000000000000000e+00
-2.675769058515555798e-01
1.969239768668280821e-01
-4.982087581037314972e-01
-3.793481092794397380e-01
-7.355622649187116835e-01
6.447856912836669174e-01
5.081624826641246706e-01
3.821150902579669162e-01
4.473548647943517143e-01
-7.892252495574648696e-01
7.909751571156149463e-01
3.981791490814279300e-01
2.661245847865778003e-01
7.278458064632131741e-01
-1.000000000000000000e+00
5.495114914380152538e-01
1.963328769735287194e-01
-7.078869197379007439e-01
-4.749821760312017971e-01
-2.544566880933083475e-01
1.729645382661827435e-01
-5.420309866107624330e-01
8.044942572791285995e-02
-6.750185575912451830e-01
2.761129822313848070e-01
4.819660940219802070e-01
5.235540918843584191e-01
3.893322062612291079e-01
7.946488072107655842e-01
-1.000000000000000000e+00
7.470995458365898845e-01
-3.428141212988500275e-01
-3.645051552338275935e-01
-2.496940292313876708e-01
7.576906222345010100e-01
-7.757534024580886589e-01
-8.313851814237793736e-01
4.969356680046925212e-01
3.865339546311608032e-01
1.000000000000000000e+00
4.540901577051026927e-01
-9.283510928758237357e-02
6.398913090866831244e-01
6.353886486549545909e-01
6.312579159678950447e-01
-6.296527173881448780e-01
-1.036304334797772397e-01
-1.735499860866793198e-02
2.272823212538139029e-02
-5.012609114430530699e-01
4.110200926721219172e-02
8.199375893876819088e-01
6.853874794459693387e-01
9.010291120889122318e-01
-8.549891576437527174e-01
-9.641764845080397217e-02
2.916213933060322061e-01
8.156993828193067619e-01
-1.000000000000000000e+00
-5.860682634675845604e-01
1.604160385704745950e-01
-1.000000000000000000e+00
7.567923543724676128e-01
1.153980352458329750e-01
-4.960420906598144719e-01
3.391636090815356996e-01
-6.934961067971059379e-01
-6.136541094583136680e-02
-1.000000000000000000e+00
8.820426645691028522e-01
2.607653005124087597e-01
1.000000000000000000e+00
7.355338547489529422e-01
9.951536729607194376e-01
2.836912518918816017e-01
-5.341169845451029241e-01
-1.000000000000000000e+00
-6.087837729074144777e-01
9.535942805148741597e-01
-2.749222727481769879e-01
7.868403504711132812e-02
-9.683421421460455258e-01
2.156375219899712148e-01
8.035852447127506126e-01
3.806281744839477565e-01
8.440685798348704916e-01
-2.600656843884698866e-01
-3.855671918804332021e-01
-6.767289807961368586e-02
-8.009487593141856321e-01
1.414463997249900684e-01
8.733448618319912538e-02
4.374942590551961219e-01
4.550072357896278730e-01
-2.501703888025610389e-01
8.896329812955299232e-01
8.144477446979552226e-01
5.993592847165605253e-01
3.924794517655863513e-02
5.442761020321331689e-01
7.493672423412280903e-01
-8.815598997590261554e-01
3.946696462015837348e-01
1.000000000000000000e+00
6.280088629542908141e-01
9.058283207100314982e-01
-7.231781128126277824e-01
-2.498377345901235391e-01
5.450465509645199269e-01
3.682087616435548161e-01
-2.843555022595613546e-01
7.207890684176723184e-01
-1.000000000000000000e+00
-5.005248204029235648e-01
-3.332548267091028360e-01
6.395768093638725116e-01
-5.871816196869109605e-01
7.436286389978553624e-01
-1.055812833029845937e-01
6.187027087975854878e-01
-3.642764623966165405e-01
-4.764265453089186475e-01
3.394753983597134095e-01
4.721504277205011979e-01
1.640384908602591785e-01
8.302787281376680095e-01
-1.000000000000000000e+00
-3.867401214531109299e-01
4.187676973363849697e-01
4.710767955332550994e-01
8.451495533116514247e-01
-1.000000000000000000e+00
9.979281678202850392e-02
-1.979411258543616881e-01
-7.123005955986685400e-01
5.262339040777858079e-02
6.876601935255780562e-01
1.671247824236702928e-01
3.820117472550680349e-01
1.616540563941973041e-01
3.956049341776254336e-01
1.932888465216077711e-01
-5.706510714165556886e-01
5.141785831495268022e-01
9.058809651220853798e-01
-2.442791504705807415e-01
-1.000000000000000000e+00
-1.000000000000000000e+00
1.000000000000000000e+00
-1.187933009756952235e-01
-1.068462727463306283e-01
-8.449832867166217065e-01
5.297542333649863933e-01
-5.117291448783209962e-01
7.301513326427915285e-01
1.000000000000000000e+00
-1.142360399181668457e-01
-5.126158600183128300e-02
-1.064713113349234352e-01
4.933699064749453855e-01
-4.516107476919730690e-01
-1.000000000000000000e+00
7.106603722305278037e-01
9.949163076577114406e-01
1.000000000000000000e+00
3.200114061981704783e-01
-3.952071331673564503e-01
-4.670975662129639439e-01
3.949936423532613983e-01
-6.127353716969119457e-02
-6.988023892503384404e-01
3.434728025831761400e-01
3.987789477441318065e-01
9.493021659106086751e-01
3.732994484728981432e-01
1.000000000000000000e+00
-6.776327352576982932e-01
1.017156657508400119e-01
1.000000000000000000e+00
3.285182172888386209e-01
1.684176446526404192e-01
-1.148242148095660053e-01
1.000000000000000000e+00
-9.406986009158289086e-01
1.000000000000000000e+00
-1.000000000000000000e+00
3.557308055179705386e-01
-5.408669969597197369e-01
1.000000000000000000e+00
7.052083914812005139e-01
-3.330527458354508030e-01
1.000000000000000000e+00
-8.012174044374869020e-01
-8.957015515798258387e-02
3.214185278737513585e-01
1.000000000000000000e+00
4.108790856149958648e-01
1.996568268876917074e-01
-9.906103874094760453e-01
6.337232138838826412e-01
1.934282456014480567e-01
4.156858552410260810e-01
-9.126071776194020213e-01
-8.205251286617313289e-01
8.005055296922486407e-02
5.309486177829902953e-02
6.295706797659008647e-01
-3.161377599328906163e-01
1.000000000000000000e+00
4.765244611079715031e-02
-5.858900334385787056e-01
-3.598426320133870648e-01
-1.317634802253909443e-01
1.000000000000000000e+00
-8.432139193378855868e-01
5.915193275353827218e-01
-1.000000000000000000e+00
-1.095166789643032684e-01
-3.617267032170788932e-01
5.935687631281814092e-01
5.873028196662193334e-01
