-1.742482378788636765e-01
2.292361918039175772e-01
-6.340660807232501028e-01
1.000000000000000000e+00
-9.849081740441174571e-01
-4.723661378904148722e-01
-5.411748577607371491e-01
7.346660491675665039e-01
-3.617768928410289853e-01
2.913559828975841870e-01
-3.404896873752687458e-01
-3.512199270036622245e-01
-1.223871963812863672e-01
-1.395675536888252577e-01
-4.878111911006710599e-01
2.103661396756943414e-01
3.461127994664316976e-01
-3.473667289154019205e-02
7.808277806783849861e-01
6.038145872089180077e-01
-3.450964743839596283e-01
-1.000000000000000000e+00
-9.085855744756035079e-01
1.000000000000000000e+00
-7.151586879255413809e-01
5.874453704431127354e-01
-1.000000000000000000e+00
9.416924129838002422e-01
4.231156315624854947e-01
9.638544939899315600e-02
-1.000000000000000000e+00
-5.423403880645233377e-02
6.090577448861361765e-02
-6.577077282469312447e-01
1.000000000000000000e+00
-2.321156250160881229e-01
3.244724185815641149e-01
7.548266384767055026e-01
-3.572847216580534169e-01
-6.090471548022593495e-01
-2.162037927018252148e-01
-1.239353136962007551e-01
2.447035164284452613e-01
2.068126242824974148e-01
-7.539617660248039144e-01
-1.000000000000000000e+00
-1.000000000000000000e+00
-1.000000000000000000e+00
-1.000000000000000000e+00
5.898426495296338334e-01
-1.436841108267719602e-01
-2.283830203541659110e-02
9.049074252552083419e-02
9.037304547672431188e-01
-7.670660243114171273e-01
-6.039790184594693301e-01
4.595217950471923163e-01
-1.020739324967967487e-01
5.728741523392102408e-01
-1.250095499462253457e-01
3.267202638126449621e-01
2.518365917070658488e-02
7.992462282117852590e-01
8.568552663407602576e-02
4.062264440496360374e-02
7.667596959856002314e-01
5.218730398832089890e-01
1.074937706883768995e-02
-1.000000000000000000e+00
1.000000000000000000e+00
-2.990081125673247908e-01
-1.015867567118758918e-01
-1.000000000000000000e+00
-6.637888258754907067e-01
-4.298559016412534239e-01
-1.000000000000000000e+00
1.190782413659996486e-02
-3.787160312798800721e-01
-4.832114781098020839e-01
-3.430093077721966255e-01
1.000000000000000000e+00
-7.397562245588075180e-01
4.817997221885943482e-01
1.379426376989617564e-02
-7.966875794862157134e-01
-1.000000000000000000e+00
2.299177727860210463e-01
-6.706396381494390546e-01
-1.000000000000000000e+00
4.772658201901238684e-01
9.461087637899295855e-01
-1.194857181018837283e-01
-3.567475148601360196e-02
-5.444615996852832929e-01
-4.675085772357993608e-01
6.167009506561644816e-01
5.395325031441864372e-01
-3.013695191854194322e-01
7.818293164551193275e-02
8.051982252388063810e-02
4.837545306478975848e-01
4.991639935930687333e-01
-7.366996813125850085e-01
9.287499796931263096e-02
3.128065677413093271e-01
2.978687181143414020e-01
-1.772481877989411925e-01
-6.649666225282505061e-02
-1.787321986077858860e-01
4.184507808077109203e-01
-4.948509883590133662e-01
2.494066954427451299e-02
1.019111337658406002e-01
1.050893735878276336e-01
-3.681223453123678158e-01
3.005883837865888086e-01
-1.000000000000000000e+00
6.110026308998532940e-01
1.024302991474917435e-01
-9.337340002405742911e-01
2.442879472215462866e-01
8.522710991534488967e-01
-4.542911022228470763e-01
6.118413935184492392e-01
1.459364757745468255e-01
4.318631942237723953e-01
1.087344757912087206e-01
5.393984334634192024e-01
-6.542291297276213724e-01
1.000000000000000000e+00
1.000000000000000000e+00
2.014019385220032210e-01
-7.622782966673541383e-01
-4.477280199055078125e-03
-1.682817217741686966e-01
5.977615983856732207e-01
-8.242097710555262857e-01
2.471189092317855329e-01
4.518938349021218714e-01
3.101841192560535476e-01
3.415633683929329423e-01
-3.023923856060473647e-01
-3.739444689224072915e-01
1.000000000000000000e+00
-7.322296824350653655e-01
3.817377741930428892e-01
1.537201236534332660e-01
7.760639901251988881e-01
2.996240575837664233e-01
-1.679835223863199167e-01
4.702522156178163062e-03
-1.410206871474548873e-01
4.878194526277968013e-01
9.965570911485301941e-01
5.060108875631648129e-01
-5.276153711225972653e-02
-3.967743551175779704e-01
7.449896535901707750e-01
-5.921927115895568861e-01
-4.646693140168463299e-02
2.188842297205370602e-02
3.070835720310123307e-01
3.447089064427845129e-01
1.000000000000000000e+00
-2.042129604556057743e-01
-2.140151128520020873e-01
1.000000000000000000e+00
-2.863469365717636328e-01
3.605630450071152238e-01
3.539355775193016029e-01
-1.000000000000000000e+00
-1.006259898036943046e-01
-3.978915874240620543e-01
1.000000000000000000e+00
3.825523987221776667e-01
8.016396165779962613e-02
5.890375710155697497e-01
-6.496163352008147429e-01
5.859699138396753382e-01
-4.432261088070162947e-01
1.000000000000000000e+00
5.141778216705232829e-01
-3.195180217800593359e-01
-5.610632779595989827e-01
-2.569775066779191736e-02
-1.000000000000000000e+00
-3.773702890559442746e-01
4.699266621010771972e-01
-1.139971347160533832e-01
-9.193033345668788492e-01
2.585370152909232666e-01
2.822301881674153523e-01
5.108071570179789633e-01
1.353659129908510450e-01
3.360967940736433457e-01
2.848939164410816405e-01
9.086379163177021878e-01
2.591951583365383893e-01
-2.518105982719642810e-01
-3.668079629051901325e-02
2.217240607243670114e-01
-4.924497769171861106e-01
1.154741876315532600e-01
3.645341980901250500e-01
-2.437593415091161286e-01
3.876045893520535524e-01
-3.505365571393784241e-01
9.860352693669316437e-01
7.111072777632416742e-01
4.355072651635312764e-01
-1.000000000000000000e+00
-7.950485075082760478e-01
7.520966529466361905e-01
1.000000000000000000e+00
5.446535069736204715e-01
5.099519793238621590e-01
1.068817572822333695e-02
7.747264962795831211e-01
8.338031965635190890e-01
-3.482054144373950555e-01
-4.828728830006440154e-01
-9.103948221391858775e-01
2.736261239906698922e-02
8.378982277360847997e-01
4.067167167024742236e-01
-5.359655690817863860e-01
1.101861513926529756e-01
8.755447002739850104e-01
-2.064946572539099467e-01
4.495825969798042943e-01
2.403373114525561571e-01
2.263626629291218273e-01
3.207306820508600276e-01
4.753049773734334682e-01
5.811144787202304762e-01
-4.268246526644968730e-01
-1.190308977091936588e-01
6.600429652221865284e-01
1.578809899563941299e-01
-8.379359245979808302e-01
-1.000000000000000000e+00
7.114049117213498974e-01
-6.565088379420251918e-01
2.863953460103796367e-01
7.197052353831617788e-01
1.015849736674901971e-01
4.010084103113709109e-02
7.968872070980539402e-01
-5.694332897718352715e-01
3.717384915443320281e-01
2.172640504772924974e-01
7.558289173989515275e-01
-4.258987991432666709e-01
5.581148730330048879e-02
7.415126330708170510e-01
-5.285569166010728459e-01
-4.825771650242013378e-01
9.167931145914034463e-01
2.406620978218281803e-01
5.255828274354152896e-01
-6.191753506272157370e-01
2.800514533313042120e-01
7.136119017246037588e-01
2.182216953250250002e-01
4.604502749474039813e-01
