-1.127615257768238011e-01
1.820332549032477321e-02
2.801988974377028208e-01
-2.578646608516184102e-01
2.362893595803491620e-01
-8.857158506759652550e-01
3.585334301338259921e-01
-4.497142045778763086e-01
4.607559722358064991e-01
-1.000000000000000000e+00
3.564518028037882424e-01
4.016980614632983948e-01
1.269429736034764084e-02
8.742976742336071583e-01
-4.633387343033545935e-01
-5.926049043570681685e-02
-1.927258177409726381e-01
7.347010332480669037e-02
-8.188585593596170442e-01
-7.419681376295259589e-01
5.753030276337373072e-02
1.000000000000000000e+00
-7.578970202782790988e-01
-9.725713235914414945e-01
-4.447543050915117036e-01
4.807653427873003205e-01
-8.816758108952628126e-01
-2.520069415966256776e-01
-2.447417523302428122e-01
5.731694523916825990e-01
1.000000000000000000e+00
5.328763738777564374e-01
-4.213095634756778840e-01
4.748361570889783612e-01
-1.027924368092691249e-01
-5.867426855441935096e-01
-2.802144396145662131e-01
-6.315224778670562866e-01
-3.103189211109335099e-01
9.194804525755351232e-02
-2.128479471561622871e-01
-1.281528825103738778e-01
1.589507016363638225e-01
-9.298685503028983890e-01
5.530323061201083412e-01
3.947106105510148066e-01
1.000000000000000000e+00
-2.330882300275772256e-01
-1.000000000000000000e+00
3.233123443945169484e-01
-8.582461256002993366e-02
-5.153758255163168878e-01
-1.166438408090334500e-01
7.410902127104821435e-01
8.948044591117547755e-03
-4.238190183125573052e-01
-5.284208707689785900e-02
1.000000000000000000e+00
5.874873351392942977e-01
-8.595196115364830414e-01
-6.639054154402548313e-01
-1.157147616384734123e-01
-4.536253128055942607e-01
3.333934148640892436e-01
-5.192069822767758636e-02
-2.832594501952323540e-01
-8.980856948820165053e-01
4.899395933703670769e-01
3.452646470599122774e-01
-1.998354274633482031e-01
-6.027029548493566535e-01
-2.277372992636819693e-01
9.120095114471815645e-02
-1.000000000000000000e+00
-2.387817313738098968e-01
5.285666272626187157e-01
-5.341293239328683828e-01
-1.037301818246776641e-01
-2.982469424740089026e-01
-1.360174175562058330e-01
-7.852064498041385621e-01
-7.077434117659696655e-01
-8.641080840746869773e-01
-4.020656537428138888e-01
-2.882197141963458997e-01
4.254946980776429521e-01
5.502648926158957288e-01
-6.780124156748035258e-01
-1.685229111248337519e-02
9.385192323186924979e-02
-1.139718187450633746e-01
5.976094753030958273e-01
-5.751225050361369329e-01
-5.916541484809292317e-01
-5.041643119473260271e-02
5.921241849947312952e-01
-1.275715529140648563e-01
1.087925474740794318e-01
6.532989091295331452e-01
-1.000000000000000000e+00
2.345790196205554123e-01
5.728913139427260770e-01
-1.136159192550229291e-01
-6.315583910155472269e-01
-4.258821980829569642e-01
7.233141822203601468e-01
-2.958059373839369011e-01
2.337789078714921920e-02
-9.806204962637127265e-02
-2.398411357754132167e-02
-9.809302974777486805e-02
3.788159864144405864e-01
-1.518566699668669195e-01
-3.151382395991998986e-01
4.032783418261258190e-01
-4.774921428514367072e-01
2.993113705567700955e-01
-3.031904443719373177e-01
3.803080757003408641e-01
-1.000000000000000000e+00
5.659997937284872993e-01
1.064551146779073310e-01
1.865920519371719877e-01
-6.583184987981205438e-02
3.172299953922106397e-01
6.511558234591208194e-04
-1.858832667389004323e-01
-6.964261621991554296e-01
1.089921088500455104e-01
-9.929755284487198352e-01
-5.955032120627354875e-01
-6.666078779214217320e-01
1.000000000000000000e+00
1.000000000000000000e+00
-4.281796023917680549e-02
4.186367826106238699e-01
9.807427485256337008e-01
-2.219358512021800123e-01
3.184223601052371122e-01
1.000000000000000000e+00
-5.998061826234840632e-01
-8.573341515835390669e-02
3.341679633853082421e-01
1.000000000000000000e+00
1.000000000000000000e+00
-9.751835014242437039e-01
-4.827774066319625579e-01
-3.193015852581689851e-01
6.953226576485406207e-01
5.434493662128514480e-01
-9.778139255966068755e-02
-1.709181148408458473e-01
8.724601028260875468e-01
2.486104783884286185e-01
3.272069669681293425e-01
-6.260369933201657133e-01
8.319915452651315269e-01
1.000000000000000000e+00
-6.805838841108602377e-02
-1.345375527356058587e-01
1.686855873817024176e-01
1.000000000000000000e+00
-8.759305393188427935e-01
-8.302854158210384306e-01
-8.709394577626374812e-01
-6.872653736100476918e-01
-1.056288246143409354e-01
1.911178439841570986e-01
9.486893636151342291e-01
6.581392300570332310e-02
2.314846800553164996e-01
-5.307220777556231894e-01
1.590858490085956811e-01
4.340611146955972166e-01
-5.841776717899964666e-01
3.062197952629145958e-01
7.843064279742092415e-01
5.163169609390731996e-01
-8.062647327986932622e-01
-1.092279502355721355e-01
1.676980020231577662e-02
9.478645323681175738e-02
1.790581517816896284e-01
3.417666733018321357e-01
-9.432408069801813122e-01
-6.998046935796644608e-01
-3.656903317285230548e-01
-8.552227141337482852e-01
6.099076831287656431e-01
5.351585385624818558e-02
-9.820604505777251747e-01
5.865534273912698104e-01
3.756075845489365017e-01
4.373704924845885356e-01
6.873261949874317489e-01
9.532913155692768203e-01
7.654468938911624942e-01
-5.666534746991557236e-01
-1.593084387544527469e-01
1.409435576353905151e-01
1.596227754232784346e-01
2.792321636744877211e-01
2.036092450318403024e-01
-8.357744163945286520e-01
9.086884570115276727e-01
5.648027089895326647e-01
1.000000000000000000e+00
4.967593808486289730e-01
-5.243327200484051431e-01
9.924922262768980374e-01
2.066404802215723313e-01
1.728999476075374353e-01
2.044649184827382060e-01
6.527041160217664229e-02
-4.836769276021357644e-01
-5.046946445924624935e-01
9.796678394133053747e-01
-6.923378039958603125e-01
-7.357909077524206198e-01
-8.300870220143827805e-01
-2.034849227364361746e-01
-1.000000000000000000e+00
1.803924218077778696e-01
-4.800853843508081642e-01
5.010202981364054731e-01
6.533025905873548478e-01
7.295921790058967904e-02
-8.627054942116388903e-01
1.000000000000000000e+00
1.000000000000000000e+00
9.073195981465419502e-01
4.529218537310253923e-01
5.468593858977390809e-01
6.859689569230463801e-01
-7.147971879410621732e-01
-3.785457815904376133e-01
-1.000000000000000000e+00
1.000000000000000000e+00
3.858275966109173671e-01
3.260669844068468382e-01
-3.265528098197868490e-01
7.157209566935013312e-01
-5.623894405528024887e-01
3.350118326061878038e-03
3.158700425223699426e-01
-2.223267564535760799e-01
-4.591276778365818156e-01
8.912792136939748922e-01
3.596132125033276172e-01
-1.000000000000000000e+00
7.610777341694938136e-02
3.760916844562425254e-01
-4.559018518644800677e-01
4.094213725495488565e-01
-3.457717691373441427e-01
1.076784401734542929e-02
6.695700219527934705e-01
6.860948392421433173e-01
1.257615872260278711e-02
1.000000000000000000e+00
-3.327669833382572162e-01
-2.438569084280962085e-01
7.145670825728579478e-01
-7.021194141598301464e-01
5.271103910592420672e-01
