4.293852686733575785e-01
-3.600398603833894207e-01
-1.000000000000000000e+00
-2.626739494945068976e-01
-7.164882839600160702e-01
-2.529515609966970779e-01
3.604408571466242162e-01
-7.281179363818082173e-01
-7.086998655423635274e-01
-9.492871784194187867e-01
1.000000000000000000e+00
2.359742159180093224e-01
-3.967370313652640590e-02
7.271494638259787813e-01
-8.916547913655847868e-01
-9.168251517248953153e-01
-9.615538291155576456e-01
4.879062331183705581e-01
-5.199151480374868406e-01
4.825633956515762435e-01
1.000000000000000000e+00
9.413856310073688283e-01
6.537686447595608685e-02
-2.460422062839544288e-01
8.117030730144636497e-01
2.475347980435513295e-02
-7.096387457975161794e-02
-1.000000000000000000e+00
4.690084321034688752e-01
7.198065728085121240e-01
-6.850190726373033279e-01
-1.000000000000000000e+00
1.000000000000000000e+00
-1.000000000000000000e+00
-5.303880427027529709e-01
7.634899393965508541e-01
7.467218801653620064e-01
9.146555899453439054e-01
-2.916680776522330709e-01
-6.158719815121344032e-01
7.560175380012778001e-01
9.934510108340013357e-01
-3.120081634602112630e-01
-1.779633027663534151e-01
-5.658250585638616159e-02
-2.089483894898953031e-01
-1.582874403589665802e-01
3.121491226248049866e-01
-2.465671494214301540e-01
5.030091019923296214e-01
2.919177854450056286e-01
-2.945492575546926894e-01
4.083939456028575221e-01
3.435198943539679028e-01
4.865328324171014351e-02
7.648029375004197217e-01
-5.895854419943851177e-01
-5.447949073084086269e-01
7.290722894034427082e-01
6.989588109662858706e-01
-1.000000000000000000e+00
-2.018334180011255030e-01
-9.104485860707539624e-01
-3.627815709696342039e-01
-5.978228525538522575e-01
-8.025657176970433238e-01
-3.536041502724251995e-01
-2.872204866132818113e-01
3.220282398381452138e-02
-3.251242286998562436e-01
3.769663584750235774e-01
-9.663629737544697784e-01
6.432971757217813558e-01
1.000000000000000000e+00
2.171022246891510799e-01
-6.159614543232996287e-01
1.000000000000000000e+00
7.955918064381268806e-01
-5.957567081976408163e-01
-7.176087717771654217e-01
8.615585251693573809e-01
3.935164926693778265e-01
-1.267561280007678537e-01
-2.795591413432313432e-02
2.210318678021128413e-01
2.306157720723273075e-01
-4.436989963097848766e-01
-1.000000000000000000e+00
-6.351484417215684797e-01
-7.373730856186655469e-01
8.759489309833313753e-01
-1.989442492265583451e-01
1.000000000000000000e+00
4.481606179376731447e-01
1.567481475611027519e-01
-2.004193949899782945e-01
5.523670436878248824e-02
-5.655447980542673836e-01
5.743145989134444962e-01
-8.571314993764260759e-01
-9.078706800250877507e-01
6.948341612453159399e-01
6.994650828494333172e-01
5.828895090927832534e-01
7.385884430708783421e-02
1.850053760373639444e-01
3.245548176326057410e-02
-1.000000000000000000e+00
6.813178832980076871e-02
4.005730258565737278e-01
4.894303515845475072e-01
9.551395785331319166e-01
1.000000000000000000e+00
-7.438029779752829418e-01
1.000000000000000000e+00
7.824369559318057332e-01
-1.000000000000000000e+00
-7.191253933294770029e-01
-4.422556149885189525e-01
2.972318452885949758e-02
-1.239182079108952228e-01
-8.276778920396062889e-01
5.438138919564696749e-01
-6.205643334686254953e-01
8.958333603150953062e-01
4.592032617101470815e-01
-3.458635718377470192e-02
-7.936309854747805592e-02
-8.941951942022194899e-01
-1.000000000000000000e+00
6.756257517212498342e-01
8.032932982535370692e-02
-8.345064916378541753e-04
5.739835235545606151e-01
-9.405486956482208560e-01
6.718964317297320132e-01
1.000000000000000000e+00
-4.417625979096809763e-01
2.706188368503468222e-01
-2.301975985978231276e-01
4.596060479862890125e-02
-9.403900989911195829e-01
8.615108240465018108e-01
3.255800595374290229e-01
-5.043262159486708862e-01
-5.398574960794222388e-01
1.407961243866888146e-01
5.806984259702453466e-01
7.645758010010024197e-01
3.333934649877409173e-01
-6.601303735474264300e-01
-6.985938014154446929e-01
5.662068771610124784e-01
-3.585050275679575460e-01
6.624890053333137852e-01
3.836551903484375359e-01
4.425092865600502856e-01
-5.273938611472801519e-01
2.685074393388183767e-01
1.000000000000000000e+00
5.708784815976593041e-01
2.285223089104156113e-02
1.919755934744270531e-01
1.000000000000000000e+00
-2.159260503512477336e-01
-5.556994276870257377e-01
-1.536973059192468238e-01
9.840388202987229160e-01
-2.671248870504024098e-03
1.748828402598355258e-01
-3.948892467254694338e-02
-4.589462717472634345e-01
-7.949984703121787399e-01
2.284943285091262100e-02
-2.446449537972176791e-01
4.474863916730678626e-01
1.415748086482855606e-01
6.063580443601246373e-01
-5.465583023972697685e-01
8.418740539343338991e-02
5.716379970841747316e-01
1.000000000000000000e+00
-6.085839215231039212e-01
5.179757620220021286e-03
-1.000000000000000000e+00
-7.187226614416680759e-02
3.079494219725001369e-02
-2.061064405122898235e-01
5.249461443339722422e-01
1.350009336260350190e-01
-5.686982903736723660e-01
-3.837678483912226879e-01
-5.870592996595753732e-01
7.004782350643112832e-01
-3.027817507189265456e-01
-4.319253694459340709e-01
-8.357292590786196129e-01
-6.979136467837815383e-02
8.417975610604176984e-01
-2.030241177964140498e-01
1.000000000000000000e+00
-8.551198581673731258e-01
1.000000000000000000e+00
9.646232916674509772e-01
5.751218419897814460e-01
-5.483570028151302234e-01
1.397641948601285322e-01
9.935378400131690269e-01
4.268590504472318248e-01
-9.642332625533069912e-01
4.417983672313322008e-02
-1.729933362567245836e-01
3.383737839453069274e-01
-4.815067876299358174e-01
-9.733777631494644478e-02
-2.894100942513890828e-01
6.867206769208650252e-01
-1.564039273558930632e-01
1.707935511347341562e-02
2.963382890670568925e-01
-4.534305451133273102e-01
-2.567006269563633092e-01
-3.237014066272202450e-01
-1.000000000000000000e+00
-5.743820549528600994e-01
-1.000000000000000000e+00
-1.000000000000000000e+00
7.424307761342205381e-02
3.929085620810788271e-01
-5.246360848082006756e-01
-7.298776361149518221e-01
1.853871022644273114e-01
2.712134426434239520e-01
4.429755863839794916e-01
-4.949878206725353835e-01
-8.051851595564391006e-02
-1.000000000000000000e+00
1.521770406366792228e-01
9.886663254299834502e-01
3.806244003176224577e-01
-1.000000000000000000e+00
-3.908368277975290961e-01
9.157540113492332878e-01
-2.513350849503906970e-01
1.000000000000000000e+00
-5.426938491844863766e-01
-5.763244761714720887e-01
-1.000000000000000000e+00
4.126367928302888677e-01
-2.225947083036456942e-01
1.000000000000000000e+00
5.737567279846501611e-01
7.660341152378284946e-01
9.670950621803185987e-01
-3.262358473558682470e-01
-4.575261774818096816e-01
6.978546116274433331e-01
-4.568436214241859972e-01
7.288971962905732571e-02
-2.289868186858246557e-01
-6.856128470628147786e-02
-1.000000000000000000e+00
-7.132970745212497965e-01
-1.085329344990071943e-01
5.219325630236342217e-01
