6.765895954445517724e-01
-5.853550495769884732e-01
-1.000000000000000000e+00
7.758415112103937972e-01
-1.000000000000000000e+00
-1.670080383642213451e-01
8.972729000776355490e-02
-1.000000000000000000e+00
1.000000000000000000e+00
-3.642037840016932870e-01
-1.000000000000000000e+00
3.208822029671281051e-01
6.496222966524316522e-01
-8.874545998175105144e-01
-1.060839392443790885e-01
-5.023058520401780802e-01
-1.604392365867642334e-01
-6.406915797940304635e-01
3.583500995823611368e-01
9.954596725587512296e-01
-1.000000000000000000e+00
1.000000000000000000e+00
-1.000000000000000000e+00
-4.910089438465688461e-01
8.891485412229337415e-01
-6.741731178709520211e-01
-5.469372458881293086e-01
9.173348378621628552e-01
1.000000000000000000e+00
-1.000000000000000000e+00
1.000000000000000000e+00
1.000000000000000000e+00
-8.990407987576110038e-03
-2.026000733138044740e-01
-6.687882552696409189e-01
1.000000000000000000e+00
5.504269589666644924e-01
1.000000000000000000e+00
-5.692802398687821785e-01
-5.383397120151256487e-02
-1.000000000000000000e+00
2.142175469773534013e-01
7.254623634549426381e-01
-3.241441437758881827e-01
-1.000000000000000000e+00
7.135418964704660638e-01
-1.000000000000000000e+00
1.324091061984908890e-01
6.805093491602776101e-01
-1.000000000000000000e+00
-1.000000000000000000e+00
1.000000000000000000e+00
-4.265162775040941545e-01
4.682837779228798958e-02
-1.000000000000000000e+00
-1.000000000000000000e+00
6.018893860918854699e-01
-1.436842612848334699e-01
-8.079869616226781348e-01
-1.000000000000000000e+00
-3.655328554436431676e-01
9.330494147145294015e-01
1.000000000000000000e+00
-5.805127833927330450e-01
-1.000000000000000000e+00
1.000000000000000000e+00
7.448698627410171857e-01
-1.000000000000000000e+00
-9.618520005026969244e-01
-1.000000000000000000e+00
5.216034364557782244e-01
1.000000000000000000e+00
7.950044888663942988e-01
-8.220384968997038744e-01
1.000000000000000000e+00
2.258443143792454588e-01
-2.578600724990713355e-01
1.000000000000000000e+00
1.128779172980070022e-01
-7.565919815244053215e-01
-8.807321870369243522e-01
-1.000000000000000000e+00
4.455935210297279347e-01
1.000000000000000000e+00
-4.009294064685875458e-01
2.226347966097071418e-01
1.000000000000000000e+00
-1.000000000000000000e+00
-5.837659939657011687e-01
-1.930331992397292529e-01
-1.000000000000000000e+00
-1.000000000000000000e+00
-1.000000000000000000e+00
-4.644257170842803761e-01
6.322955985248699395e-01
5.617202541148039741e-01
4.517212291405483526e-01
1.000000000000000000e+00
-1.000000000000000000e+00
1.000000000000000000e+00
-6.355715497361085209e-01
-4.677399894074429909e-02
-9.846784565836699255e-01
1.000000000000000000e+00
2.691062547642136260e-01
6.440803277715123620e-01
1.000000000000000000e+00
-1.073846041432843235e-01
-9.246804556040197909e-01
-1.000000000000000000e+00
8.715403615136469995e-01
3.525824985634486985e-01
3.811033470494965547e-01
2.078967152449103517e-01
-5.765902298072893561e-01
2.550345466315900311e-01
1.650532665265040944e-01
-8.576253122975043830e-01
-1.516905514398312893e-01
-1.000000000000000000e+00
-5.987291124418629984e-01
-4.749954952257304797e-01
6.598077066954655123e-01
2.077260882256604935e-01
-1.000000000000000000e+00
-5.725644426432764389e-01
1.000000000000000000e+00
3.295580237553508152e-01
1.239648913691406840e-01
9.777730318671431498e-01
-6.995286138103864459e-01
5.400385282443666002e-01
-1.000000000000000000e+00
-7.458620869351987315e-01
-1.000000000000000000e+00
1.000000000000000000e+00
1.000000000000000000e+00
-7.410073605764453397e-01
-3.215817413412030978e-01
-1.000000000000000000e+00
-1.000000000000000000e+00
-6.368722592893498735e-01
2.443377931344855036e-01
1.000000000000000000e+00
8.882055856972811414e-01
4.493016223058463599e-01
-2.229554884506823598e-02
-1.000000000000000000e+00
-1.746211952556075975e-01
-7.586396271191181429e-01
-1.000000000000000000e+00
-9.112301882702515954e-01
4.833367195239446912e-01
-8.397697831103386745e-01
-3.658276784550412719e-02
-3.108553746527419337e-01
8.176505840501286926e-01
5.860856108343073245e-01
3.977979642347113653e-01
-3.251728044757145053e-01
1.250724488046036642e-01
4.706425049988132159e-01
-6.138494210018277109e-01
6.174208712320085057e-01
6.961806178084921637e-01
1.697168107135824666e-01
1.000000000000000000e+00
4.067417601779954595e-02
2.123458454540050333e-02
-8.391588971090990778e-01
1.000000000000000000e+00
2.809371239156984723e-01
-1.634811647338459822e-02
-5.050908325148406597e-01
1.000000000000000000e+00
1.000000000000000000e+00
-2.653000890342289697e-01
-1.127668172157620385e-01
6.772224408394740269e-01
7.504830648471767507e-01
-1.000000000000000000e+00
1.000000000000000000e+00
2.105097756453290780e-01
-1.000000000000000000e+00
-1.000000000000000000e+00
-1.351954370063817301e-01
-9.920460727075262053e-01
2.038645466102953219e-01
-4.377323224899548615e-02
1.000000000000000000e+00
6.988090199333900632e-01
5.463702119452162886e-01
1.000000000000000000e+00
-7.547470245735748984e-01
9.225109932288390047e-01
1.000000000000000000e+00
-1.000000000000000000e+00
-1.000000000000000000e+00
5.762648702451637073e-01
6.833492865436223695e-01
-1.980747790178007950e-01
4.255455776770640242e-01
9.518151801571284043e-02
1.000000000000000000e+00
3.332652629754310203e-01
8.508962333836521674e-01
-9.245255674176131588e-01
6.783718041541497712e-02
-1.000000000000000000e+00
-3.714500026623714923e-01
-3.331645935158249472e-01
4.657128025811159144e-01
8.836175005542162841e-01
1.835924168240515852e-01
1.000000000000000000e+00
-8.158746307377977569e-01
-1.301015669730443691e-01
8.326817737370894035e-01
3.733021255778425918e-01
1.000000000000000000e+00
-1.159128584161612796e-01
1.000000000000000000e+00
1.269823874640165773e-01
-5.787403087292710552e-02
1.000000000000000000e+00
5.944446404373768811e-01
-6.536694556525539657e-01
5.446830010400389721e-01
-1.000000000000000000e+00
4.785047821674837110e-01
-1.000000000000000000e+00
-6.006807042351203219e-02
-3.782383537562686304e-01
4.939971173950132854e-01
4.385941137523641231e-01
-7.799921500852524670e-01
9.436667518999850568e-01
-3.732965308151747763e-01
7.309121018677644521e-02
-7.075438780006522155e-01
1.865026860401594599e-01
-1.930654914802927280e-01
1.000000000000000000e+00
9.546463964954888803e-01
8.085700381773280876e-01
-1.000000000000000000e+00
-9.805350463873475642e-01
7.172424244530906101e-02
8.269214772501237709e-02
1.000000000000000000e+00
-1.000000000000000000e+00
7.260594235353650117e-01
1.000000000000000000e+00
3.584304912836442369e-01
-4.187996371924448402e-01
-1.899138627577637850e-01
5.885968449009537640e-01
8.308534718340467862e-01
5.965794994181005118e-01
1.000000000000000000e+00
9.686210692112284804e-03
9.783783806353866241e-01
-4.390763126184125675e-01
9.686575499414725732e-01
5.935561010597929510e-01
