-0.426921
-0.727358
-0.490896
0.114345
-0.944180
-0.794561
-1.000000
0.770527
-0.189273
0.812558
0.385062
0.030690
0.796280
-0.961427
0.391787
-1.000000
-0.698292
1.000000
-0.027149
0.190092
0.093446
-0.428191
-0.949200
-0.763300
-0.582168
0.530507
-0.380243
-1.000000
0.846342
-0.415849
0.805809
1.000000
0.424773
0.509067
1.000000
1.000000
1.000000
0.163795
0.926126
0.109388
1.000000
0.835719
0.218700
-0.996046
1.000000
-1.000000
-1.000000
-0.099302
-0.194681
-0.987225
-1.000000
-0.686258
-0.247719
-0.841004
-0.721368
-0.057911
1.000000
0.684098
1.000000
-0.325348
0.535044
1.000000
-0.497322
-0.755670
0.645700
-0.383724
-0.210391
-0.717842
-0.335229
1.000000
-0.873105
0.176717
0.774837
0.850029
0.060206
-0.290412
0.721841
1.000000
0.353399
0.035911
-1.000000
1.000000
-0.116805
0.706224
-1.000000
1.000000
0.022158
1.000000
0.290650
-0.676838
-1.000000
-1.000000
-0.099533
-0.073089
0.310626
1.000000
-1.000000
-0.880022
-1.000000
-1.000000
0.355169
0.050327
1.000000
-0.742284
-0.463465
1.000000
-0.399482
0.873900
-1.000000
-0.884322
-0.418480
-0.000245
-0.573012
0.750817
-0.641219
-0.097310
0.679249
0.683783
-0.661361
1.000000
1.000000
-0.024261
0.267507
-0.634778
-1.000000
-0.566830
-0.848915
-0.373591
-0.080160
-0.247069
0.468849
-1.000000
0.277092
-0.299490
-1.000000
-1.000000
-0.084606
-0.987387
1.000000
-0.619184
-0.361166
0.837543
0.677609
-0.184722
-0.928459
0.680497
-0.783536
-0.622938
1.000000
1.000000
-1.000000
-1.000000
-1.000000
1.000000
-0.916627
1.000000
0.513542
-1.000000
-0.999272
1.000000
0.057609
0.291587
-1.000000
-1.000000
1.000000
-1.000000
-0.915423
-1.000000
-0.566215
-0.486794
0.466859
1.000000
-0.645455
1.000000
-1.000000
-0.677558
-0.299797
-0.559329
-0.418909
0.102453
0.780973
-0.005192
0.749574
1.000000
-0.253324
0.925078
-0.559969
0.447499
1.000000
-0.141519
1.000000
1.000000
-1.000000
-0.665906
0.368864
0.660224
-0.710450
-1.000000
0.668618
0.311194
0.549303
0.630653
0.727301
-1.000000
1.000000
0.936206
-0.727789
0.523347
0.156659
-0.501229
-0.351474
0.933699
1.000000
-0.082010
1.000000
0.215699
0.204477
-0.443481
-0.215645
0.381061
-0.938348
-0.804193
0.255397
0.654900
1.000000
-0.323022
0.672463
-0.239516
-0.588466
-0.248176
-0.531306
-0.281094
0.074245
0.540716
0.516406
-1.000000
1.000000
-0.143649
-0.629745
0.208263
0.155211
-1.000000
1.000000
0.209626
0.457660
1.000000
1.000000
-0.399472
-0.556561
0.001349
0.937807
0.928305
0.283158
0.838419
0.437303
-0.465765
-1.000000
1.000000
-0.036830
0.894398
0.218168
0.439995
0.621462
0.558553
0.239286
