-8.512638240057359695e-01
-3.549838313354949371e-01
5.898971822665650677e-01
-5.026636850661976297e-01
2.444267426005581889e-01
3.604625786883808303e-04
-8.392222083186884340e-01
-5.408816595121308524e-01
-1.119642421954907263e-01
-9.541362562730877350e-01
6.095673677498125720e-01
-2.177070848648575696e-01
1.335782403314889066e-01
4.295277679459124087e-01
1.857745383244744364e-01
5.639504494708131865e-01
-3.043806190467963635e-01
1.485088512141288231e-01
7.511499539527835001e-01
-3.440992614720306264e-03
4.698780229994927726e-01
-8.878195338616188259e-01
5.752096291325388133e-01
1.786629308971949825e-01
-8.606983711453688457e-01
1.892338302284102269e-01
4.619458173725836669e-01
4.748316324599288762e-01
7.953047020179915272e-02
6.345905913040006396e-02
-4.814399843665384537e-03
-3.760491967599834950e-01
8.875067379812118240e-01
2.403540293161188224e-02
-2.186037473459054303e-01
-3.912883230969410597e-02
-3.642256799598300177e-01
-8.919334675488410635e-01
-3.490755311011444206e-01
3.663066584715450880e-01
-9.983562984489272596e-01
9.096466885733767160e-01
2.865240451033232993e-01
3.399769309600375600e-02
-2.382945568374839063e-02
-5.436282487682420062e-02
6.296651984819053860e-01
-5.989074378225598405e-01
8.360840824795037207e-01
-1.777545182324422601e-01
4.536226775596678973e-01
-5.625078583299258916e-01
-3.563227710421411620e-01
4.423913659593364800e-01
-5.077223181222674242e-01
3.740995699154476828e-01
5.667860311046488686e-01
5.715358986263421315e-01
-1.413388792373460046e-01
-8.867163893398151142e-01
-4.725993561680092991e-01
-1.607656596171114227e-02
1.817630472373374939e-01
-5.909484202058590263e-02
-4.151704330141861021e-01
6.472155717502464656e-01
-9.740330392287277483e-02
-2.678126533665130538e-01
-1.591467979167000557e-01
-4.376101996996486498e-01
-5.414894222517097067e-01
-8.095823233493426585e-01
-1.651437085599558596e-01
-2.339965167895261544e-01
-2.769463585016516127e-01
-6.829715583606101870e-01
6.851423041843591744e-01
4.801582389756018365e-01
9.992225129767162706e-02
9.783025379028265078e-02
5.341845336033230751e-01
4.955002660308180928e-01
-5.009404489877633537e-01
5.864178510471811379e-01
1.336485349347030782e-01
6.847394148307694994e-01
-4.382550887343142909e-01
-3.634450748100035433e-01
5.443624423508208743e-01
8.331353404426189435e-02
9.534477579393718649e-02
-7.063336310472982937e-01
-2.655318380905060671e-01
7.620824349591068803e-01
9.377417855140077751e-01
3.682691132828708191e-01
6.347339222581718232e-01
-4.136004788658809161e-02
-8.827825697085642798e-01
2.783980160614563104e-01
5.207025159106595247e-01
3.962036776649264791e-01
5.987103137436593503e-01
1.337919739378545803e-01
3.160108950405831063e-01
-5.779898104847145390e-01
8.400346686788682238e-01
5.026866644680765273e-01
6.809041460181572969e-01
1.265007613617050719e-01
7.059703129852663572e-01
4.165809654077654578e-01
1.858969121650591028e-01
-6.415227273430836874e-01
-2.311498297002247959e-01
9.752064592467803994e-01
9.876446871358484092e-01
7.790304165023735905e-01
5.893211133573663663e-01
3.070214413819376542e-01
-3.787355994555321459e-01
6.871283806429198115e-01
6.249011432999547200e-01
-8.283023146177390661e-01
5.629935250261683954e-01
5.873162613598525983e-01
8.255741332216993689e-01
-5.723183368838578033e-01
-4.620584607120388210e-01
-2.329947977139079640e-01
-3.473303030475380915e-01
4.943361756040332011e-02
6.543795117068744727e-01
-5.136735865337294094e-01
-6.820752492564865488e-01
-7.054594671435894249e-01
1.827179816910666776e-01
-8.276247325818446576e-01
2.726944568152838144e-01
-1.169824090621085499e-01
-2.068027822465503540e-01
1.944322775479325749e-01
-1.131280757317467689e-01
-1.053400358516842772e-02
1.103691394520947000e-01
7.250700146529884815e-01
6.966352402683790856e-01
-6.996483699411553125e-01
-7.579119291674749626e-01
-7.119367887200105383e-01
-8.612261422629481356e-01
-4.251412110644539055e-01
8.731059121781497012e-01
7.198943259898005209e-03
1.533298344925086987e-01
-5.266323041928502313e-01
-5.139197085829256828e-01
8.345374610787332781e-01
-4.569893715688271296e-01
-3.743209165581111719e-01
2.713064423103204170e-01
2.485800344401394302e-01
8.404199109225602982e-01
2.991714979643429473e-01
-8.819664959026878304e-01
-7.379640859106439965e-01
-5.742918537198188345e-01
-7.888834127248072203e-01
1.538336562234623450e-01
-9.122569773593105502e-01
9.271000934528146331e-01
-5.461930952368978520e-01
-8.257314062829574919e-01
5.632245181063930684e-01
-7.232237360087703237e-01
6.583228808620817940e-01
4.070553629260302841e-01
1.806563561475125201e-01
5.451781226307770289e-01
-1.169730393162847770e-01
-1.135049600965598593e-02
7.059772468293661341e-01
4.048831030019808264e-01
-3.005966206310815014e-01
-1.881534390613341934e-01
-2.214255259305835111e-01
7.755234253712108838e-01
-7.451225970410613186e-02
-2.502610060562200367e-01
-2.266196503568436160e-01
-8.602555609869184661e-01
-9.675568174096533802e-01
2.684695655840843020e-01
-4.268076811466492426e-01
-9.747452814446226910e-01
-4.662182605714555450e-01
-2.624297211755014514e-01
-9.332211391645864884e-01
-7.409670531201788535e-01
-5.985488534187215492e-01
-9.780404780906217788e-01
-1.337868421531551721e-01
-1.231896634420170944e-01
-9.832162630184160257e-02
3.725684579107120253e-01
1.635609353986546832e-01
-6.059737747971196686e-01
-5.300170028364391273e-02
-3.691511885600951004e-02
-1.834192661670286384e-03
-4.681452427011456585e-02
-4.943002859769980439e-01
4.240651933503857829e-01
7.533000789027568533e-01
9.267151598430626303e-01
2.603846696487079893e-01
-5.378427625815455915e-02
-9.389770196710782724e-01
3.321522099456850619e-01
6.494376081570094605e-01
8.701184993501991372e-01
-2.134500482827144108e-01
5.824986667326433887e-01
-8.655282755628124214e-01
-4.134672409438841512e-01
-5.031182595823004977e-01
1.902710400509561861e-01
6.711931241847812757e-01
9.833249952457672194e-01
1.069228724706150491e-01
4.773575638790392706e-01
2.301539064634525733e-01
9.451635976842374109e-01
5.067692724484011979e-01
-4.909014505896156511e-01
2.013862748546302317e-01
-3.908848567329292756e-02
4.794877279798042125e-01
9.425104552717686879e-01
-2.323569538351737407e-01
-5.648593467071136853e-01
-1.454924561542033090e-01
-7.226423174873932709e-01
5.628381922384066982e-01
8.850658686306527301e-01
-7.061270234138983248e-02
3.482731151622271426e-01
8.985540693740907692e-01
-1.356870792020181682e-03
5.960644915373021213e-01
-8.791248626529406529e-01
5.416093936213624005e-01
8.122585284285379625e-01
-3.601466485559244868e-01
-4.830349386560044422e-01
5.866462363830378113e-01
-2.106015414653933104e-01
2.671775411603858341e-01
2.480025078308976116e-01
-1.436778026182410350e-01
4.977457156889334988e-01
4.764750187825548267e-01
2.192927089327365575e-01
-6.275360085040451175e-01
-1.374201967438197780e-01
