-7.430612441364101706e-01
3.994312762144522355e-01
-3.622585714211173924e-01
1.000000000000000000e+00
9.921432595488556272e-01
9.346400385703801383e-01
-1.000000000000000000e+00
-6.937529821634418337e-01
1.254371500285135221e-01
8.561244358149483480e-01
-1.000000000000000000e+00
1.167031517895045500e-01
-1.000000000000000000e+00
1.126616183137598148e-01
-1.311864741224952891e-01
-1.000000000000000000e+00
-8.429595209178202264e-01
-1.000000000000000000e+00
3.150731264644772156e-01
7.892401801209553147e-02
-1.000000000000000000e+00
-1.000000000000000000e+00
-3.320048420959292312e-01
-1.536955208155895147e-01
3.253687987189579078e-01
-1.000000000000000000e+00
-3.201401159849995293e-01
-8.851785604529520679e-01
-2.857108979697244866e-01
5.848637718975573385e-01
-9.304674985262373355e-02
-3.656702575020474022e-01
7.355092774839941394e-02
-6.045980510136584885e-01
4.394250329534689081e-01
7.413448225014260817e-01
-9.191368251161831371e-02
2.463439082111087974e-02
-8.983982979363309695e-01
-6.070728645206635576e-04
-6.901707761472597458e-02
-1.000000000000000000e+00
-3.733627616938145488e-01
-6.127066238039359236e-01
-4.253362834538415571e-01
4.656015788615086026e-01
8.564701450862549637e-01
-8.096424311270138396e-01
-1.000000000000000000e+00
8.753002727690941676e-01
7.102438837862894427e-01
-1.587369078770994868e-02
-1.000000000000000000e+00
1.000000000000000000e+00
-9.710352882031212385e-01
-1.000000000000000000e+00
7.323241265238316089e-01
-7.306375984406467960e-01
9.168694351865155356e-01
6.118473438521562224e-01
-4.300917585870692728e-01
-3.291629422894030155e-01
3.861470856221748682e-01
-3.268789924351515608e-01
-2.084808626075290161e-01
-2.030052551733156907e-01
9.516217684113532638e-01
2.773433533288168218e-01
-9.415316425993585092e-01
-4.494740756848586427e-02
7.710054859111767911e-01
1.363051231580636180e-01
2.315559619166532301e-02
6.246087853641254517e-01
-1.466006554526500527e-01
1.000000000000000000e+00
8.815433949382236456e-01
1.000000000000000000e+00
-3.564166168968084247e-01
4.301444398079708464e-01
-4.356869403631686288e-01
8.152096034385829526e-01
-8.221978011347264026e-01
-2.268740469961293138e-01
7.590183459871747695e-01
4.302763434563277589e-01
-2.142818262485772784e-01
-3.236061883111549520e-01
-3.514524241793972603e-01
7.194841821277728755e-01
-1.000000000000000000e+00
1.000000000000000000e+00
-4.301455962833709012e-01
8.959033796683812945e-01
-4.535941067420877770e-01
1.000000000000000000e+00
6.109298284153512337e-02
-4.561415567726960218e-01
7.042803301370501035e-02
6.698440367002052032e-01
-3.094088662491520925e-01
-7.384342549462916128e-02
-4.310591328846778425e-01
-1.535278410479748723e-01
-5.732688561073926437e-01
-9.423467812448576009e-01
-1.000000000000000000e+00
5.170112832811407655e-01
2.357647180891532246e-01
4.505324461082649279e-03
7.671696388185663684e-01
3.400447717367836020e-01
-8.145154753601605568e-01
7.179147246792032533e-01
-8.652417939295368177e-01
-8.706716126413220902e-01
1.000000000000000000e+00
-4.046538491502520984e-01
7.205587727513820262e-01
-2.106746238590167242e-01
8.478100557207173260e-01
-2.933876923870322173e-01
-8.196766235383383670e-01
1.000000000000000000e+00
-3.006464206835987030e-01
7.320487589555517705e-01
-1.966507221833731500e-01
1.000000000000000000e+00
4.328695789473272493e-01
-3.561529739362342406e-01
-5.289045671464245868e-02
1.000000000000000000e+00
-4.777037609422123410e-01
-1.458987035872055804e-01
5.360709101753533545e-01
-2.144227573415559418e-01
6.881675890019981479e-01
-3.312828741023656209e-01
2.269608770604339965e-01
-5.052738746964657857e-01
4.586621090093983555e-01
3.583621009850240791e-01
-9.600250080420474896e-01
-2.462298359442035012e-01
9.316937202258832595e-01
4.350028114815114866e-01
-2.525726835678880344e-01
1.216074859733704827e-01
-8.224175784069521766e-01
9.160321961024354698e-01
-1.287142329540009178e-01
-1.833348583353949512e-01
6.484709949006930430e-01
7.714336510003094727e-01
-7.262014372728191614e-01
6.336907860658751446e-01
5.183599773920377629e-01
-3.239202972649062873e-01
4.435153829625765876e-01
-7.675936973833639154e-01
-1.000000000000000000e+00
2.461360390920510621e-01
-6.622764037423263250e-01
6.263118688360324038e-01
-6.776854706645577542e-01
4.369308785996581790e-01
1.000000000000000000e+00
-3.800798205329419810e-01
9.959789675907104733e-02
-1.399966386768058957e-02
1.000000000000000000e+00
-3.593676025211018366e-01
2.977102933751790137e-01
-7.226427528370751308e-01
-6.509828722057263428e-02
9.647038452820837495e-01
-8.862351187282015985e-01
8.642970493353187011e-01
-5.228268914847638005e-01
7.593941077360635838e-02
8.492207784738131648e-01
-8.587230588402550158e-02
-4.794868545037391239e-01
8.407071132217345255e-01
-6.048748470995233273e-01
1.138628571701212622e-01
7.044794594634347096e-01
5.982160504376045074e-01
-5.750808078593194761e-01
-7.806848670638451004e-01
-1.131260360251591657e-01
1.000000000000000000e+00
6.093734040083029768e-01
1.891944800305019880e-01
9.733135962681499498e-01
-3.016967068257540574e-01
-1.000000000000000000e+00
7.447302419589247879e-01
3.524618555292124977e-02
-2.578633960006398440e-01
1.000000000000000000e+00
5.869125484721329777e-02
-1.000000000000000000e+00
8.089941071829188646e-01
3.180835617006299021e-01
3.800532428107283311e-01
3.284894016516401449e-01
-6.184343538796800432e-01
1.000000000000000000e+00
8.022713141468446052e-01
-1.000000000000000000e+00
2.410310838165171873e-02
8.345806636131503087e-01
5.871417217835903646e-01
-6.668767342042284385e-01
-1.000000000000000000e+00
8.303934771843995977e-01
-2.073237079976874564e-01
5.027719384954355553e-01
6.943663758493973104e-01
-2.665487700539652671e-01
5.205705802167076568e-01
-4.518780687767007809e-01
-5.881731758991159964e-01
-7.689620722546977039e-01
9.934022079283187923e-01
-2.123788783055315377e-01
8.073788068858935851e-01
5.028443205330865862e-01
6.248405701168545656e-01
-5.355652299742948985e-01
1.573450399296816571e-01
1.000000000000000000e+00
5.663989674559763987e-01
1.000000000000000000e+00
1.000000000000000000e+00
1.000000000000000000e+00
1.000000000000000000e+00
1.000000000000000000e+00
5.285373860491529019e-01
-8.112243248411666885e-01
-9.474837593074629805e-01
1.000000000000000000e+00
1.000000000000000000e+00
3.761259885562754923e-01
-5.222802122569325523e-01
-4.939447132574066313e-01
-3.706017770649420728e-01
1.000000000000000000e+00
-8.749753877043797701e-01
-1.993931113491294038e-01
-7.454599213246215772e-02
-1.294457868278567347e-01
1.000000000000000000e+00
9.416889364680361973e-01
-6.161584597349921699e-01
-1.000000000000000000e+00
-1.702275767651223459e-01
3.013781481965536191e-01
5.710219771223915552e-01
9.087336167209415505e-01
-8.041944314733701082e-02
-4.063753683371686964e-01
-1.406614338483765936e-01
1.000000000000000000e+00
