-2.952641906043792508e-01
-4.799236658575656289e-01
4.085952633577621396e-01
-5.659701546860362864e-01
-6.799987123719876125e-01
2.157618955589018506e-01
-5.838872212401318151e-01
-5.987265962748975490e-01
-6.953713579892865093e-01
8.218800910252366254e-01
-1.879395280893161047e-01
2.709259290897743089e-01
7.542583448437856219e-01
3.308462898676261532e-01
-3.810382091632931179e-01
-5.617569754140550736e-02
8.523561124541330358e-02
4.948923579934518258e-01
4.139451179281283810e-01
3.120149965148422133e-02
-3.516874868815776378e-01
4.566963800006227370e-01
-3.332087913155118986e-01
-7.546063983046712442e-01
-6.400414575262804995e-01
1.987193441869874455e-01
9.657864964788496209e-01
-3.489090174738855854e-01
7.901326169367309249e-02
-4.662430298963742281e-01
-9.681713838732769473e-01
-1.633704852146472819e-01
6.325452057544789231e-01
3.653954256987774762e-01
3.160408223905097902e-01
-5.106770974643535244e-01
-4.509151811117213526e-01
3.817547517944344104e-01
-8.228987098314041182e-01
2.904292384299347329e-01
-3.306903399587435288e-01
5.369668810950208870e-01
-4.685945957932765027e-01
6.805834327220914304e-01
5.405882148419725031e-01
-8.415038658886823120e-01
7.660715654373861927e-01
-2.940375782574955466e-01
-6.063969336794009513e-01
9.146263861344434698e-01
-2.188546599981451291e-01
-2.004564414692557028e-01
5.831173722529008341e-01
9.936697073917093448e-01
-7.833864787973477961e-01
-9.811200469665185553e-01
-8.801133468724430253e-01
5.068721544963297188e-01
-9.058127108171847297e-01
9.039952995508833133e-01
2.981779495793190904e-01
4.029973600651048232e-02
-2.072610656938220774e-01
6.392282629534193905e-01
-6.981303837136700885e-01
-9.149140693082855602e-01
-6.196187417139353837e-02
1.977823402709766309e-01
-1.248989660482688335e-01
-4.080150181274535548e-01
-3.539744981826404846e-01
-7.201667694063544900e-01
3.449188835967973432e-01
-4.789789364905777114e-01
-4.247076125639274169e-01
1.000000000000000000e+00
3.303563593327256687e-01
-7.217887024017192177e-01
5.555333556825281516e-01
-2.790654931498093849e-01
4.926393356282672831e-01
4.169890724750149325e-01
-3.745975131257848201e-01
4.906060924391593137e-01
-4.031121374097060284e-01
-2.209501546829903962e-01
1.858508917422581341e-02
7.509608274761139235e-01
3.890096302890185265e-01
6.559749605542057882e-01
-4.092733487445175955e-01
1.000000000000000000e+00
6.868792948056426928e-01
6.533529291242677894e-01
7.206925401902730677e-02
8.639667727876286785e-01
-2.062143173535890828e-01
8.347781992039949861e-01
6.195737073185157984e-01
-8.816560767986774128e-01
4.620315413099260748e-01
1.000000000000000000e+00
-9.913641997858658739e-01
3.518617735186810869e-01
-4.095372502834585537e-01
5.103518544100373866e-01
4.405651170271360773e-01
5.243362419544823627e-01
6.105520183920702948e-01
6.193617785263167974e-01
6.964282981149390039e-01
6.125104706483525119e-01
8.382125731038595484e-01
-6.365413471962588776e-02
-5.594779402352756392e-03
8.495885116224628497e-01
6.051540670264139443e-01
-2.725430393091071712e-01
3.821908489644642581e-01
6.755199840313024229e-01
9.237220601906777073e-01
-6.213753767973968500e-01
6.927102310215895731e-01
8.289803234794634879e-02
-7.911766439400830242e-02
-1.831432501544481006e-01
-4.930565709602723751e-02
3.740900036677972107e-01
-2.631780674325459035e-01
5.537746848954400170e-01
3.039660352577547298e-01
-7.875475395051454441e-01
9.184920494471611185e-01
1.000000000000000000e+00
-4.736428978714624094e-02
8.191369656956397627e-01
7.978521521028097974e-01
2.860079647853339679e-01
2.600798723262663925e-01
5.852905424976913296e-02
-6.976525673097037084e-01
-3.816423910030939393e-01
5.168897300432723219e-01
6.077250839365666568e-01
-1.965255516528713053e-01
6.400576602304302032e-01
-8.942217144921046912e-02
7.108422620839847106e-01
-3.953698981763377196e-01
6.974868040563095284e-02
-9.191791396023794025e-01
-3.814605856844756060e-01
2.273518609817983815e-01
-1.261486715309949047e-01
8.703792251940016822e-01
-6.662569125870521081e-01
9.394931512729816081e-01
9.846267088691218472e-02
9.253174859928532392e-01
-7.003925930705852121e-01
6.992319707971270670e-01
-2.939290818285961171e-01
1.233236325470934702e-01
-5.005728810526051120e-01
5.179719603616406154e-01
-2.240793820967142969e-01
-6.483958763077635190e-02
8.903955653672928072e-01
-1.323904867390011675e-01
5.593342581593464535e-01
-5.762856907207835055e-01
-7.385883299198475749e-02
9.718438349086904182e-01
7.808588167899819243e-01
-3.560756171578073337e-01
6.228748733027891227e-01
9.985216190197091501e-01
5.355875101668835514e-01
4.176121578814785407e-01
-7.455550964326105312e-01
-2.319506908540404089e-01
-8.094927739508483988e-02
-9.719658845229518784e-02
-5.174392392854605394e-01
6.962292844526294378e-01
1.178968192835455342e-01
4.724524957490869870e-01
5.863088202327757514e-01
-8.925176442888766992e-01
1.533054351284121042e-01
9.403228693334952926e-01
-6.801532795563519640e-01
-4.652003336264957101e-01
6.941709716927151330e-01
-1.808086344776678178e-01
-1.729981301911924785e-01
6.157961648300854796e-01
-1.690228694767943463e-01
3.550892594863475082e-02
9.110543631176205581e-01
7.285801235062858705e-01
6.331138187621654367e-02
5.851035580799437419e-01
7.899018961570785091e-01
-2.830643986198793094e-01
1.465803137187847993e-01
3.155189439446253186e-01
-5.823509379824611809e-01
1.189988259166420703e-01
-9.084923579599808452e-01
-1.021126637602463028e-01
1.246465199536885837e-01
-6.106250710558223105e-01
-4.974426747580942276e-01
2.971877225525115240e-01
-1.241349628243595404e-01
2.908231246214862953e-01
-8.888321586031717736e-01
4.376722312689260708e-01
-6.037652293872861620e-01
-4.150781415395576324e-01
4.192742372490303460e-01
4.640654237342456412e-02
8.432624092532792215e-01
4.296138709862879490e-01
5.462849780530140142e-01
-7.211910914382835269e-01
1.701584628972860891e-01
8.356238735130683271e-01
6.838474092130750748e-01
-5.065390398260462002e-01
-6.088719613849897794e-01
-2.551079303389434672e-01
1.000000000000000000e+00
-7.597192268896483247e-01
-9.490075150985164409e-01
-2.631888144240456806e-01
-1.559825289972134321e-01
8.988104288461920000e-01
-3.239898983766353879e-01
9.449369178922199797e-02
5.178733049415552570e-01
-4.780219289338765165e-01
9.397470000062906337e-01
-8.589853738339900957e-01
-6.052201298243251593e-01
1.000000000000000000e+00
5.264146113287571094e-03
3.993677217819128211e-01
3.337583906175924930e-01
-1.348674107453657900e-01
8.853957224468134157e-03
8.634902900791042724e-01
-5.358163836787930290e-01
9.111742077117057637e-01
-1.059252423039540592e-01
6.117399703729888838e-01
-1.155226572901833365e-01
-2.746308663183527621e-02
-3.596753767583017458e-01
5.169075056646538213e-01
-7.601984955046210413e-01
6.876573304711701695e-01
6.539338314272769015e-01
1.149633915470766599e-01
