9.311262101879389519e-01
3.947320176124052837e-01
3.635570319489414004e-01
-5.272696711560653782e-02
-4.030525861430045431e-01
-2.370985314528313848e-01
5.285816185151268609e-01
-7.429469050925482376e-01
1.115389194201199252e-01
-4.524278412577341646e-01
8.558230928433371298e-01
-7.027953693192537932e-01
3.584919310322843833e-01
1.404161985770372989e-01
-7.598321963207584906e-01
4.948775887078340485e-01
1.863705391877441553e-01
-3.307688629160436267e-01
4.469644034683448730e-01
-1.004061697111154339e-01
-6.494018954266382593e-02
-6.716884989973994635e-01
-1.000000000000000000e+00
-6.853896840139186430e-01
1.000000000000000000e+00
1.000000000000000000e+00
1.804878121739861840e-01
-3.609125477159582096e-01
-7.463872613333873973e-01
-1.230953457272990353e-01
-7.117265758160424838e-01
8.996475179238073716e-01
1.000000000000000000e+00
-5.677018705967042944e-01
1.000000000000000000e+00
-4.307432599566284048e-02
5.777767650767401397e-01
8.975261722926267671e-01
-7.441203444476203188e-01
-6.425525387838382230e-01
7.190687846188688059e-01
-1.646817240667207694e-01
9.854651261904461279e-01
-4.718501718472021267e-01
-3.853929877859322839e-01
-6.800321756867214740e-01
-5.240496645268624687e-02
6.073427389164003376e-01
-6.889204177153568365e-01
1.054492489460572002e-01
-1.433757636872139696e-01
-1.322796405499598316e-01
2.957790095872758207e-01
-8.822177789497356315e-01
1.456650585809353693e-01
7.354694137505862761e-01
-4.411857211821436642e-01
5.168711498452651654e-01
-7.456940469710131580e-01
8.211778220665961747e-01
4.131807232173710931e-01
5.559671094348261899e-01
5.663771914259385643e-02
5.427764165143943442e-01
7.172184167435656788e-01
3.621608346510207799e-02
-2.359908415633884537e-01
-7.533316621850265626e-01
-1.876048984980699386e-01
-7.705995347423191810e-02
6.011168673346189983e-01
-3.252375290179174150e-01
-2.596365676409975176e-01
-4.922646215340854559e-01
7.578714558246465449e-01
4.655072676379011787e-01
2.007208604800244101e-01
2.634771497598151213e-01
9.194125964585042610e-01
-8.633336615870150776e-01
3.063003667497594673e-01
9.703489483794193460e-02
1.000000000000000000e+00
6.710281876364854181e-01
-1.774189741757218330e-01
2.651278556197683711e-02
-1.000000000000000000e+00
-3.645520755482048458e-01
5.533388516475379326e-02
1.119033733069703107e-01
1.000000000000000000e+00
6.387769704774572121e-02
-8.495419294568376523e-02
-2.039519780789285364e-02
6.577679987132637462e-01
8.385296970947836437e-01
9.284340818065647261e-01
9.700281627492238767e-01
-6.255055376364445641e-01
-9.921560828751915251e-01
2.818251478697724743e-01
6.147145002568578098e-01
-8.330317125219589558e-01
8.280992208860654680e-01
2.913009101554384084e-01
1.079463359127355582e-03
4.544730684281620414e-01
-9.329416792132241842e-02
7.379320363473411692e-01
-6.368859424941993863e-01
-1.000000000000000000e+00
-6.224807022775300513e-01
2.329355820973741664e-01
7.716538218863766563e-02
-5.982549792898426144e-01
3.794590406602735833e-01
-9.880879319198015986e-01
5.270527161604682265e-01
1.500164455997493596e-02
5.499478034940846749e-01
8.550753238314533211e-02
1.903549867232707249e-01
-2.095721314425776916e-01
1.000000000000000000e+00
8.908127209895941867e-01
-3.093770997175973592e-02
5.736585704522817464e-03
5.549758068045501647e-01
-9.246108460622668446e-01
-1.353037738978906668e-01
1.160329200145193695e-02
-9.245538181717423143e-01
3.173858181461377548e-01
2.335611806647098221e-01
-2.077573205992039318e-02
1.000000000000000000e+00
-6.026443834538953714e-01
-7.289354501509093254e-01
-9.436457680187786412e-01
1.865660234673485740e-02
3.693448973632077470e-01
5.929224088055087827e-02
8.153085188737909661e-01
8.937029654710183513e-01
7.585455620135057586e-01
1.703758578710211913e-01
8.678449356482022259e-02
1.000000000000000000e+00
3.758874777490464059e-01
5.403367273200012644e-01
-1.000000000000000000e+00
-3.541682726891897670e-01
-9.185831705576237294e-01
2.909383695415039828e-01
-1.021270249249644491e-01
-7.671061705884596460e-01
4.893722743464361535e-01
-9.313941310970837995e-01
-4.970975918152896189e-01
-7.286466713671180262e-02
5.713013866636635907e-01
1.465726033848931964e-01
7.459871417383576730e-01
4.256259168169082563e-02
-9.323951000773919029e-01
-7.092310848479044250e-01
1.529986344321708214e-01
-6.842351670748852976e-02
1.941460783893357300e-01
-1.000000000000000000e+00
1.000000000000000000e+00
1.090041626939704106e-01
-6.265578512153515689e-01
-3.454189911664352630e-01
2.031855613329396903e-01
-2.902636804629031841e-01
-8.463827853566209258e-01
-7.441532225395320888e-01
-3.042941123948155191e-01
3.609463159319477032e-01
6.870309737655813098e-01
9.871770040922804856e-01
-5.625392280702061765e-01
9.373798212844466349e-01
2.982015420216488355e-01
8.360565161954141011e-01
9.177826730506440933e-01
-4.729337020705336458e-01
8.745342789437139386e-01
5.543998115730899845e-02
1.000000000000000000e+00
3.194508484660713576e-01
-1.000000000000000000e+00
1.347216456258581718e-01
-1.400089320402330417e-01
-7.796535042539038951e-01
-3.828748223472319689e-01
-8.077535057574452004e-01
2.707700065464906380e-01
-4.363965452735136807e-01
1.000000000000000000e+00
1.000000000000000000e+00
-1.514191126979725910e-01
1.036441855024305969e-02
2.884744906280976851e-02
-9.012465681746755219e-01
1.000000000000000000e+00
7.893272672212350294e-01
1.000000000000000000e+00
-9.108701441249222874e-01
9.048444880736903340e-01
-6.998530851878519421e-01
-1.000000000000000000e+00
1.000000000000000000e+00
3.960979528128561467e-01
1.110896440113260386e-01
5.476743200864141459e-01
6.927065146135630291e-02
-1.000000000000000000e+00
-6.130360839860671263e-01
-8.607241423025002725e-02
-4.040107749962899564e-01
-2.961056680504105532e-01
6.035557269823482729e-01
-7.683381381504741370e-01
8.761559805326291084e-01
8.247272776726710664e-02
-6.172525270416828747e-01
-1.864327019246246886e-01
2.850326480052578493e-01
1.391691914791631790e-01
1.000000000000000000e+00
1.000000000000000000e+00
-5.176357468515477844e-01
-8.462023196270233028e-01
-8.104762092386303962e-01
-2.886810815223952442e-01
-5.866108301941936887e-01
-7.190461505551373200e-01
-6.201656402440649529e-01
-2.645276240259965550e-01
5.295855282622174975e-01
-4.068855825355623956e-01
-5.064466781974896747e-02
-1.429442688780317439e-01
-3.468949558735593408e-01
-1.574279464985173238e-01
3.646992646246755010e-01
-2.609137161507479319e-01
4.124512021031272457e-01
9.311848452047333247e-02
1.462775509454108946e-01
-1.984489067628384396e-01
1.000000000000000000e+00
-6.809729270312687710e-01
-2.269359170542822324e-01
5.522092538766369962e-01
6.466956565128912926e-01
4.941151375374866483e-01
2.293104118348954223e-02
-2.812750482208800085e-01
-6.426796208092468987e-01
-6.517054794609418167e-01
6.527203850465511659e-01
5.177493472604463021e-01
