1.625729148287108072e-01
-6.684816623732817709e-01
-4.051526444165898938e-02
3.355126787194909754e-01
-1.229923085726924437e-01
-2.896782969843260669e-01
1.000000000000000000e+00
9.747700056910928446e-01
-2.267493666974109701e-01
-3.059449549605308682e-01
-1.000000000000000000e+00
-4.089665292703847932e-01
-7.872254276254364580e-01
-8.644913156036114765e-01
-1.000000000000000000e+00
-9.599156919158311485e-01
4.127948202653319298e-01
-1.680248468359329117e-01
-1.000000000000000000e+00
7.104848602593247797e-01
3.018227465657379316e-01
-4.754098773135040368e-02
6.566812564939834562e-01
7.566804860146506551e-01
-7.597937573965068969e-01
-4.640660852513156520e-01
9.157034835572595011e-01
-4.528677842633778150e-01
6.686825780816518794e-01
-1.000000000000000000e+00
4.898302570890777363e-01
3.314906830821228167e-01
-9.830291204873196076e-01
2.550149670620047160e-01
-5.184915918477347452e-01
-1.000000000000000000e+00
-7.737762825098730701e-01
9.754602989817700021e-01
-6.855529351043091468e-01
1.298284033590355602e-01
-4.159509850533984476e-01
5.817398539546716485e-01
1.000000000000000000e+00
-6.635659585690779627e-01
3.100564710238514765e-01
-4.899059659846080050e-01
4.481293900421388088e-01
-6.630537151581226141e-01
2.817419345806183584e-01
1.000000000000000000e+00
-7.543458160626441700e-01
-6.169615195524362772e-01
3.418772136538745232e-01
6.335812725190426153e-01
1.000000000000000000e+00
7.138776592156717005e-01
2.064670052798438515e-01
-4.062937178763088575e-01
4.831094079228593352e-01
3.688012233820673336e-01
-1.000000000000000000e+00
-8.842504849415629975e-01
1.000000000000000000e+00
-2.281933417492112426e-01
-2.155838398649279064e-01
1.000000000000000000e+00
-6.945941567257979399e-01
-2.780024728727035765e-01
-5.964746644156020405e-01
-8.652139800962972416e-01
-5.687743814210594051e-01
1.000000000000000000e+00
3.945963447796457801e-01
9.856847793782033684e-02
-1.656972692426330884e-01
-5.421564920851711378e-01
-4.386109163435011893e-01
-4.474983499138748266e-01
3.334169637215746995e-01
-1.084555340192599471e-01
-2.721600552608138268e-01
1.796289560266403074e-01
5.878883326135841969e-04
1.368475631004096582e-01
1.335298078859621096e-01
1.548051970967044277e-01
-1.000000000000000000e+00
-1.956573739919399424e-01
-6.843106453244817144e-01
-4.290612000330923381e-01
-3.511587916017013256e-01
2.585952818523293284e-01
-2.236494412991288649e-01
-1.000000000000000000e+00
-4.386114498954568619e-01
6.349608299083597807e-02
-1.210420491664793707e-01
4.605083496665429710e-01
4.544026836119298696e-01
2.566123307082447957e-01
-2.155542776551201689e-01
-3.308785867596176766e-01
-5.010360036905801007e-01
8.011256782742576243e-02
-6.761186601303972310e-01
-6.766709426147826667e-01
1.019267169001350365e-01
-2.962306298550534955e-01
-2.703789946038639425e-01
-5.291816979455391534e-01
-1.840903727243466403e-01
-4.525356988756976118e-01
2.121710158934548007e-01
-2.107718702990102611e-01
9.536790837890848360e-01
-2.045802954095288506e-01
-7.244391252264201775e-01
5.562187297771103989e-01
-1.000000000000000000e+00
-1.000000000000000000e+00
-1.565368983233821898e-01
-7.454373336121260518e-01
8.531550212533951516e-01
-1.000000000000000000e+00
-1.284316658502288322e-01
-1.000000000000000000e+00
-1.758666356708905865e-01
-1.000000000000000000e+00
1.000000000000000000e+00
5.127292447279291343e-01
8.397965487801409834e-01
-4.774551716535894719e-01
7.444891935251174431e-01
-8.042598429541508720e-01
-4.626489262818418713e-02
-5.031312456361949348e-01
-4.856929088265398708e-01
-4.596415543724052810e-01
3.900790978436531331e-01
-3.125811624824008095e-01
2.540719025174709156e-02
-1.000000000000000000e+00
-2.864997734974204513e-01
3.950997715044441971e-01
6.380729321805050924e-01
1.383057099139117507e-01
1.000000000000000000e+00
-4.256089919329091309e-01
-6.451067353959937245e-01
7.284711368770528939e-01
-3.882903438194993950e-01
9.576647449599534623e-01
2.954724963047640762e-01
1.000000000000000000e+00
4.930969643238865552e-01
-1.299034729039481306e-01
2.520115200112961751e-01
6.418813068228971241e-01
-6.942230678393553900e-01
9.241203632236702492e-02
-1.000000000000000000e+00
6.475416315502225961e-01
-4.830512536413029134e-01
-8.324159441500175172e-01
1.000000000000000000e+00
2.438098435399572161e-01
1.000000000000000000e+00
6.353180121611414766e-01
9.522283306765686461e-01
-7.709790687617650295e-01
1.000000000000000000e+00
5.137877161408193061e-01
-8.522905266824828407e-01
-1.324285847336264532e-01
-6.265127834079350366e-01
5.378147635201460108e-01
5.079427789393630155e-01
2.509461868066105161e-01
-5.333178449881404992e-01
-1.485813718531045491e-01
-9.579408322033311496e-01
1.000000000000000000e+00
3.257645988125295045e-01
2.475943539772869628e-01
-7.233380397675825968e-01
6.971162199693962114e-01
1.000000000000000000e+00
-6.413573650901649437e-01
3.729565112919339676e-01
1.289894276827924791e-01
-5.305408248540643967e-01
6.825775591381855190e-01
-4.266256466121468582e-01
8.642521117507424577e-01
7.040150548316007617e-01
-2.598871983437873734e-01
-3.963939373787304099e-01
-7.830286749251387235e-01
7.017791040895910992e-01
-1.000000000000000000e+00
5.158659215791449038e-01
-7.338342384146131492e-01
2.832904553943385029e-01
-1.000000000000000000e+00
1.000000000000000000e+00
6.092881471033386731e-01
-1.000000000000000000e+00
1.640660801312816275e-01
9.137400576116303519e-01
-1.078673808761731745e-01
-3.960123315434924129e-01
3.488512357087086846e-01
-1.238332688852564478e-01
1.964533698987706578e-01
-2.049434920995866494e-01
2.339773972681435388e-01
4.810574074999178773e-01
2.989394301634328288e-01
1.000000000000000000e+00
-3.442825416575568953e-01
-6.787473569078097402e-01
-8.911328578253063792e-01
6.572434304062223509e-01
2.169164914860396975e-01
-7.765202285917427449e-01
1.948790131702189121e-01
-2.449717006088256710e-01
6.180338322746773416e-01
-8.389311583387545346e-01
2.130176387882556921e-01
7.255042934975317603e-01
-7.369733209721031075e-01
6.994428310644609792e-02
-5.506699228439291272e-01
-9.447759993201070294e-01
-8.785550261675373340e-01
1.000000000000000000e+00
-8.463099177278732288e-01
4.508697146531209232e-01
6.566294815870453716e-01
1.940865106895434122e-01
4.599283648680619896e-01
5.672298459000741921e-01
9.500298439045581911e-02
9.590669577092072462e-01
-1.000000000000000000e+00
-1.000000000000000000e+00
6.424058161069863548e-02
4.969761552684127115e-01
-4.619866461197816299e-01
-2.938359156017947837e-01
3.679466653110100571e-01
7.354989988918431143e-01
-5.230876789109883962e-01
-1.207953792404543036e-01
5.772805839126289307e-01
-1.000000000000000000e+00
2.514268965772047393e-01
7.514458708553056754e-01
9.918069576461212566e-01
-7.017098108912424026e-01
-2.036219623798557476e-01
4.066816992787168905e-01
-9.269821279109144996e-01
-4.336006910556349236e-01
