0.898020
0.862752
0.641460
0.185523
0.447263
0.581123
-1.000000
-0.268723
-0.515185
0.936540
0.917585
0.369707
1.000000
-0.910328
0.123840
0.836857
1.000000
-0.486105
-0.604997
-1.000000
-1.000000
-1.000000
-1.000000
1.000000
1.000000
0.505635
-0.129170
0.903304
1.000000
-0.868585
1.000000
0.986113
0.469397
-0.955876
0.731897
0.464961
0.292169
0.371734
0.322703
-0.483310
-0.941997
0.228686
-0.367878
0.442411
0.972422
-1.000000
-0.015234
0.346241
1.000000
-1.000000
0.352236
0.681667
-0.095688
-1.000000
-0.894436
-0.288279
-0.005545
0.268528
1.000000
1.000000
0.469869
-0.031179
0.306656
0.345930
-0.903142
0.502697
-0.555477
-0.620348
-0.207001
0.167897
1.000000
-0.593259
0.519757
0.777679
-1.000000
0.451222
-0.655062
-0.542475
1.000000
-0.028822
-0.112363
0.879899
0.943099
0.648015
0.443653
-0.120284
-0.292341
-1.000000
-0.909499
-0.543209
1.000000
-0.569952
-1.000000
-0.913192
-0.151805
0.527306
0.234356
0.392518
0.893625
-1.000000
0.121254
1.000000
0.194624
-0.799227
-0.617790
-0.306487
0.172532
0.562336
-0.974296
-0.974712
-0.405433
1.000000
-0.674606
-0.001698
-1.000000
0.673846
1.000000
0.894317
-0.246352
0.600291
1.000000
-0.326079
1.000000
0.702364
-0.309087
-1.000000
0.938812
-0.004964
1.000000
-0.368783
-0.620260
0.391430
-0.682440
0.088446
-0.800672
0.718845
1.000000
0.256440
0.547217
-0.006143
1.000000
0.120689
-0.671247
0.867793
-0.012522
0.964279
0.933323
0.101177
-0.174883
0.599943
1.000000
-0.549371
-0.204528
-0.277864
-1.000000
0.029263
-1.000000
-0.644774
0.903239
0.056964
1.000000
-0.066608
0.556643
0.782695
0.022037
-1.000000
1.000000
0.069677
0.388799
-0.050868
0.279455
-1.000000
0.042860
-0.563043
0.288504
-0.259512
1.000000
-0.139700
-0.588149
-0.785896
-0.709498
-0.606340
-0.703400
-0.049582
0.589114
1.000000
0.109198
-0.995078
0.362283
0.108098
-0.642458
0.905125
-0.220940
-0.966577
-1.000000
1.000000
-0.549763
-0.414116
0.234351
-0.239337
-0.665716
0.606648
-1.000000
-0.124772
-0.495691
0.181529
0.312382
-0.625607
0.337384
-0.241418
-0.735688
0.116203
0.239833
0.605206
0.463836
-1.000000
0.712252
0.363407
-1.000000
-0.766538
0.720780
-1.000000
-0.610587
0.096157
-0.612588
-0.229218
0.944107
1.000000
1.000000
0.081678
-0.100732
0.811411
0.925758
0.702858
0.015100
-1.000000
0.491326
0.128064
-0.972257
1.000000
-1.000000
-1.000000
0.103521
-0.263565
0.054867
-0.659701
-1.000000
-0.238678
0.811212
1.000000
-1.000000
0.332644
-0.817200
0.660300
0.008527
-0.383465
-0.779432
0.796403
0.905224
0.241024
-0.978223
-0.083220
0.469650
-0.429135
-0.377683
