-1.998689938562521751e-01
6.942225927363039339e-01
9.841826841999968822e-01
-9.431126583577265077e-02
-7.013138220603301054e-01
-1.420251163838371911e-01
-8.455264179312196315e-01
-7.384238911711824560e-01
2.189159099361140393e-01
1.000000000000000000e+00
-3.273896416705941448e-01
-1.796800234184667000e-01
3.832518428044112135e-01
-5.733208378913579040e-01
-1.602826996727174658e-01
-4.475764622912056234e-01
2.688782893327000822e-01
1.000000000000000000e+00
3.399573977023562232e-01
-3.500807445189225153e-01
-2.038030902231044439e-01
-7.519178604765942575e-01
-6.113178501662901443e-01
8.459159002738935174e-01
-7.450909208479716828e-01
-7.950652361871589635e-01
5.706329873893276616e-01
-8.084995965655985550e-01
5.970873492863395526e-01
-5.939932240228446014e-01
-1.571558502071026542e-01
1.000000000000000000e+00
5.102700237224002677e-01
6.173730020395412632e-01
-4.996300254618042391e-01
-8.805736384812515860e-01
-9.489023156338993736e-01
-7.896512089722648176e-01
-1.000000000000000000e+00
-9.397016602719825418e-01
7.390298011328573502e-02
1.022080142300948458e-01
-5.268584765367059219e-01
-6.633608777260341371e-01
2.217990567212955177e-01
1.000000000000000000e+00
8.010274164128206031e-02
-9.519258023259962176e-01
-6.843767549523198657e-01
1.208229840469137173e-01
-6.615603510150822042e-03
4.243298812924622410e-01
-9.720842419443012083e-01
-1.000000000000000000e+00
1.000000000000000000e+00
2.368483016345474812e-01
1.152998525031341259e-01
1.000000000000000000e+00
4.485730919735289590e-01
-1.726740231477621734e-01
7.052473933505825077e-01
9.163424791574681372e-01
-2.239276474567035158e-01
1.000000000000000000e+00
1.000000000000000000e+00
2.327859431383349775e-01
8.749606954119171220e-01
-9.235985645818267642e-02
-3.924149805377019629e-01
-1.441255621425865385e-01
-9.961214544195129417e-03
1.000000000000000000e+00
-5.043772691616666970e-01
1.453342330931168547e-01
1.000000000000000000e+00
-6.247138970361965082e-01
8.483896968438922048e-01
1.000000000000000000e+00
1.000000000000000000e+00
2.482214045814332137e-01
-2.896231318328412185e-01
-9.781220214584513961e-01
-4.684005619945652565e-01
4.461741598767793304e-02
3.741002878827155431e-01
5.842446424964244933e-01
8.593933254306713732e-01
1.000000000000000000e+00
-3.306837070507163134e-01
8.405744825688787891e-01
-7.535029081393311845e-01
-1.000000000000000000e+00
2.313162952799150962e-01
-1.000000000000000000e+00
-9.417797211679165836e-02
2.959754979960167454e-01
2.629064809227550370e-01
4.986750657868427306e-02
-3.176925821225545232e-01
-1.000000000000000000e+00
1.000000000000000000e+00
-2.833758916388950944e-01
9.820534362454330646e-02
-2.676247713050495802e-01
-4.495930757471442440e-01
1.000000000000000000e+00
6.208631602224394808e-01
7.905148416033958014e-03
-3.773307129220845879e-01
5.193543078380900013e-01
7.322818392706372803e-01
3.261670864014734050e-01
2.508978857021160191e-01
-8.774281846467332224e-01
-1.000000000000000000e+00
-9.368498591246818274e-02
8.362217128605269334e-01
-7.658502343216819774e-01
-9.548929676110503584e-01
1.000000000000000000e+00
4.736414246072234713e-01
4.151092985299179583e-01
-1.488150904569161270e-01
-8.727747319407629378e-01
-1.044329610863174440e-01
9.253217745190962518e-01
2.670388546574704036e-01
4.808858728630678314e-01
2.025148881386074351e-01
-1.000000000000000000e+00
1.000000000000000000e+00
1.000000000000000000e+00
4.867827229767757169e-01
-2.821721604398315097e-01
1.000000000000000000e+00
-6.306554654840019758e-01
1.000000000000000000e+00
-8.060776139386666150e-02
-2.578792007924937679e-01
-1.000000000000000000e+00
1.905953162658388933e-01
-1.000000000000000000e+00
-7.257566585227115397e-01
-3.662818919870721723e-01
-2.489973902455782373e-01
-1.000000000000000000e+00
9.533557233725915570e-01
2.093729307983344112e-02
7.008608259725529477e-02
6.917562603973885782e-01
-7.034930096614433470e-01
-5.474493235226049470e-02
-2.185004793825074676e-01
-9.928924953464501879e-01
2.643552644522093042e-01
9.665224822987198428e-01
1.066481697654408783e-01
-9.482727660175720441e-01
4.083099588625228593e-01
-7.027371494565990417e-01
4.125347441467869247e-01
-7.676722804099370689e-01
-1.750040598893733979e-01
-3.539158671438301651e-01
7.458391850124739264e-01
-9.587943162477110537e-01
-1.000000000000000000e+00
8.738309796819702102e-01
-3.709879918331592252e-01
2.388265754756022652e-01
-6.416368819076732066e-01
-9.113393773809814746e-01
1.817647089118953896e-01
-7.228038744610725264e-01
7.383176138445333159e-01
6.262851563495752671e-01
1.000000000000000000e+00
3.700753103271048339e-02
1.000000000000000000e+00
-9.768542687014833970e-01
-4.804475732626234397e-01
-8.521018788990657455e-01
9.212765557218272061e-01
-1.000000000000000000e+00
-1.364260104140815333e-01
5.865878540349551695e-01
-4.783139627107169112e-01
-1.406415439539341616e-01
-9.480423842224668940e-01
5.752740514485321643e-01
9.121049378454899603e-01
-1.361892407680944383e-01
-1.132367672412209758e-01
8.906263485673969749e-01
-3.545558896623741130e-01
-4.178830567928099038e-01
1.084945517347520871e-01
4.429854001457462775e-01
-1.000000000000000000e+00
-3.565125711513330575e-01
2.020137031114550008e-01
-1.000000000000000000e+00
1.000000000000000000e+00
-2.564212912715163051e-01
-1.000000000000000000e+00
4.902834289077419028e-01
-7.682675320791764184e-01
2.752724385240862270e-02
-8.299472720789389246e-01
5.731741078434074987e-01
-1.000000000000000000e+00
7.157594191949898654e-01
1.000000000000000000e+00
3.896835497328602349e-01
-2.282017233853492755e-01
-5.286981358882902882e-01
-5.913946975399473338e-01
9.008722037250765924e-01
-6.960476487144887647e-01
-5.353561355776174230e-02
1.051088471201799823e-02
4.933048342308245515e-01
2.544504755848591704e-01
-2.528583672062096888e-01
-4.893993285431273987e-01
-9.901279760676058306e-01
-2.014725213443543106e-01
-2.818550257360414868e-01
9.892105875147899630e-01
-1.247797591625483538e-01
-7.295274960667439412e-01
-6.025024603450792604e-01
4.654399661098503893e-01
5.198407790669282158e-03
-6.553940018160806513e-01
-2.367564764816744161e-01
-1.560953961442342053e-01
-7.092066679320783162e-01
-9.616190442619458878e-01
-3.835981423755560615e-02
-4.162216547646641618e-01
-1.000000000000000000e+00
4.009143723710895113e-01
1.000000000000000000e+00
5.016387992994184586e-01
6.570851524799873333e-01
-4.693277252513782249e-01
6.684870123515151974e-01
9.192143606849694226e-01
3.189016846759354928e-01
1.000000000000000000e+00
2.345484972908693788e-01
8.553169531251375579e-03
5.418841119505746207e-01
-6.052380084529094262e-01
6.691765635639168597e-01
4.946808154948634240e-01
-8.689325370694622741e-01
1.000000000000000000e+00
-1.000000000000000000e+00
6.227548570678091977e-01
6.847104017330245540e-01
-3.049194337588652104e-01
1.000000000000000000e+00
4.635811556856383464e-01
