7.621504186425938077e-01
-9.633375560984891450e-01
4.322100526820855104e-01
8.569600153416925270e-01
1.000000000000000000e+00
-5.488808097607811298e-01
2.183934271466415611e-01
6.833655137080083541e-01
-1.128181801381806793e-01
5.337716547279053314e-01
-3.002808440365946074e-01
-1.000000000000000000e+00
-7.691493603898447162e-02
-9.127127459472000881e-01
-9.633640415602943152e-01
5.340984192594084856e-01
-5.622586427818040411e-01
9.040828452782907476e-01
-3.281308624249775208e-01
-9.640397546291858966e-01
-1.000000000000000000e+00
1.000000000000000000e+00
-2.119703956007560897e-01
3.255132943704444060e-01
-8.258002993600954689e-01
-1.897177996697739233e-01
1.000000000000000000e+00
-1.961019153370460177e-01
-7.526115697210236100e-01
5.775133370068187277e-01
-5.460910270913009734e-01
-3.974422723295948368e-01
-9.171590601770303053e-01
-2.814973279775545567e-01
2.166782811545683030e-01
-7.993368730455227000e-01
-2.915076752223120238e-01
-1.000000000000000000e+00
6.598847281893887029e-01
6.804490167512167176e-01
2.562089631626391917e-01
-2.713165468173782680e-01
-1.098980404008346873e-01
-1.000000000000000000e+00
-9.986585723910216261e-01
7.453866705319587282e-01
7.780711383516596413e-01
9.796213613214426186e-01
7.761839830719541311e-01
-1.000000000000000000e+00
7.524285845217597579e-01
1.826747907144339877e-01
1.000000000000000000e+00
4.698043700262721778e-03
6.790641871630954673e-01
-3.339006072804934777e-01
4.273814626722396981e-01
-1.000000000000000000e+00
-6.022408804804110227e-01
-5.728864438479561727e-01
-9.801470080978240684e-01
-1.000000000000000000e+00
-1.543051391832375163e-01
1.000000000000000000e+00
1.125278689223699335e-01
-6.624342172263342210e-01
-7.723226246598728917e-01
-3.776990205120915878e-01
1.181494397180005151e-01
7.258701914679156486e-01
5.689231304485140583e-01
-1.000000000000000000e+00
-4.020712517107077888e-02
6.355049985677881930e-01
3.737587357723604065e-01
9.503209027974757195e-02
8.978171865375541572e-01
7.384326755101541240e-01
-9.225617871533265957e-01
3.846530756402376516e-01
-9.696263838331329321e-01
-2.406211768724726419e-01
4.920973025362299080e-01
-1.000000000000000000e+00
-7.423772404104475031e-01
6.589473501754862517e-02
-7.270762733602960104e-01
7.105247971014985175e-01
3.937437565455152444e-01
9.054204882651086805e-01
-9.971501040651363779e-01
3.161226300290123081e-01
-9.816132190776060140e-01
1.000000000000000000e+00
-9.563334523883705307e-01
-4.476195446048293891e-01
-3.080753946387509989e-01
9.067585318267508132e-01
3.993280267089036606e-01
9.109227450474655097e-01
-3.940843775052688125e-01
8.065653952478056832e-01
6.933406033767985921e-01
1.000000000000000000e+00
-4.543106201829217872e-01
-4.958051828745113632e-01
2.806978715460297091e-01
1.949807390166211352e-01
-4.318314900819897328e-01
6.032402664037945783e-01
-4.216872250166842084e-01
9.975967449957930944e-01
9.628400865551047794e-01
-3.485684459755572506e-02
2.594442742925820444e-02
1.000000000000000000e+00
1.000000000000000000e+00
-1.000000000000000000e+00
9.616795881080781871e-01
-1.344362296597894080e-01
1.313192908878701992e-01
4.521511791467168195e-01
7.438054472185950949e-02
8.009986095620711399e-01
5.588833079852090213e-01
6.947560789974815965e-01
5.085599921950454405e-01
-3.390856996862519068e-01
-6.157696312238492009e-01
3.521454632756926273e-02
7.187814950697233307e-01
7.214834483895392614e-01
4.875447362579499178e-02
9.897831363633781132e-01
-5.335474416608156911e-01
-8.958252682133610589e-02
-6.813425311831984299e-01
6.435412485973819319e-01
1.000000000000000000e+00
8.808577438389435521e-01
-3.670689839554349687e-01
8.596920281058541002e-01
-1.201735591602304254e-02
-6.450515995214647358e-01
-1.000000000000000000e+00
-1.733602994288467869e-01
9.981966400265878114e-01
-4.880911660209512060e-01
1.000000000000000000e+00
-5.969080842172174162e-01
-1.000000000000000000e+00
-6.135381419825887139e-01
-2.244693473662829897e-01
2.659987812197152079e-01
1.750125845232569644e-02
1.000000000000000000e+00
1.808136933168678073e-01
7.565594168291036592e-01
-2.278156552624899800e-01
9.890153178917016064e-01
-1.171535619218004587e-01
-4.651313446815719121e-02
-1.000000000000000000e+00
2.310154054199708984e-01
-1.000000000000000000e+00
2.082604331891030336e-01
2.827625688350569044e-01
6.142919316815174113e-01
1.000000000000000000e+00
-7.385812387879415741e-01
-5.797568140917092050e-01
-9.166515295142549924e-01
-3.283236673751919188e-01
-5.156943112001521889e-01
-9.830070843282435744e-01
-7.885924866251791121e-01
7.391805170550498350e-01
8.383812450609181566e-01
-3.107161051613588909e-01
-7.075517096069972034e-01
4.421794522043798192e-01
-6.680835661150459348e-01
-4.213228056268946142e-01
2.256518216915251451e-01
-1.157961556100307599e-01
-4.778579770990218356e-01
-9.210109532203324401e-01
1.000000000000000000e+00
3.879628771573800927e-02
-7.692572373362602800e-01
-6.980576804630189702e-01
-4.676054140877312082e-01
-8.135504385700059737e-01
2.303000914586489090e-01
-1.338373015501341801e-01
-8.562843610133408223e-01
1.000000000000000000e+00
-9.754387455063823209e-02
-2.560908338090953779e-02
3.965256391665276658e-01
-1.680060753863843181e-01
5.531797261930743170e-01
4.533766003477007756e-01
-7.965402023677101706e-01
-7.688522352090905176e-01
4.467511548593504078e-01
-3.944661437284933125e-01
-8.611883911047357731e-01
-8.387458678473734830e-01
7.495756128320554268e-01
-9.562428044850110886e-01
5.593402817795024573e-01
6.855111859930549389e-01
4.180153082262345610e-01
3.359517930934774466e-01
-9.075607747294487382e-01
1.000000000000000000e+00
-5.775090516793139894e-01
4.467581252848693008e-01
-1.365623996788380423e-01
-4.740274877824783295e-01
-7.027290411052349306e-01
-6.488002608068282884e-01
8.887099668667458596e-01
-1.000000000000000000e+00
-6.625645633342880370e-02
4.005013923212452642e-01
1.000000000000000000e+00
3.039273318133147161e-01
-1.000000000000000000e+00
-5.470520850152761350e-01
3.186216810743791594e-02
8.591406877619899296e-01
7.109586128609590716e-01
9.884060556056680769e-01
6.667003600028744703e-01
7.205880559413583297e-01
2.829080335374753452e-01
9.933532247316918529e-01
9.618590613312026916e-01
-4.720594648868832177e-01
6.801328746236926515e-01
6.571553977108717248e-01
-7.329963008438477035e-01
8.149465744666064548e-01
-6.419760766249856809e-01
-9.880304634814032205e-01
-6.638573024236654740e-01
9.084916278103105647e-01
8.383054540183366710e-01
3.359745916166174684e-01
4.192342635185407618e-01
4.689448769375241799e-01
-8.862476404901105109e-01
-4.768503083260214881e-01
-2.228070917538812479e-01
-1.076972951767486419e-01
1.816162784613615244e-01
6.568026615446701522e-01
9.905875965466229838e-01
-9.139302063525482911e-01
-2.857578402596939737e-01
1.000000000000000000e+00
2.722463962749393507e-01
7.905747301840992947e-02
