-6.054489787344998764e-01
-2.662236034461231693e-01
4.180105157539168448e-02
4.416773640123775602e-01
1.093734053734674028e-02
-1.448738782905826250e-01
3.021733641549892435e-01
-1.000000000000000000e+00
-3.206828783824985929e-01
-6.612299292088760216e-01
-1.232481194780648825e-01
8.612726349374028034e-01
-1.934532586032503554e-01
-6.283156399281568660e-01
-1.773508563738971366e-01
-5.687649210815137746e-02
-4.590661356599573528e-01
-1.000000000000000000e+00
-5.005088946492386448e-02
8.279739519925122249e-02
6.222274265605939880e-03
8.699663512650400721e-01
-1.000000000000000000e+00
-3.422327571005356339e-01
4.043395008248479305e-01
-9.383458574264085250e-01
4.157152570609867204e-01
-5.118586652717362906e-01
-4.679874711705023782e-01
-7.293774351878821172e-01
-1.364260163072278931e-01
-1.000000000000000000e+00
-1.074982919425121475e-01
-4.453739463635109086e-02
-5.228922266896063320e-01
7.572703415040478170e-01
-5.678442041746132318e-01
1.000000000000000000e+00
-6.059224192169672396e-02
3.033238938972969700e-01
-3.788732971535224148e-01
-1.000000000000000000e+00
-1.000000000000000000e+00
-1.000000000000000000e+00
-7.046801838723458777e-01
-8.228238382506574133e-01
-9.085310900988929905e-02
-8.171562289426477499e-02
-7.564987895026467069e-01
1.215181098598409337e-01
4.760094940497822114e-02
3.260847937758043491e-01
-1.000000000000000000e+00
-1.499960150710016871e-02
6.511317309874314896e-01
-3.011893736784551634e-01
-1.000000000000000000e+00
-6.947463907968471908e-01
-4.725302726849571200e-01
-1.000000000000000000e+00
-1.452996516761249635e-01
-1.000000000000000000e+00
-5.130169063019964781e-01
-4.340622584531544370e-01
-1.000000000000000000e+00
-7.909431246184898956e-02
1.402007792920439977e-02
9.559494059657713816e-02
7.148479943077268306e-02
-1.231915739072891869e-01
-3.674581079601806355e-01
-2.644070383501030963e-01
-4.338801962725001293e-01
5.593442616063183381e-01
5.493243481737166700e-01
2.879890674553238217e-01
-1.674886809129574050e-01
6.371836894671641938e-01
-7.106557686181154132e-01
-9.737586001071545094e-02
1.000000000000000000e+00
1.000000000000000000e+00
3.560622382004372533e-01
1.000000000000000000e+00
3.779398594362252672e-01
-9.996362676075687403e-02
-1.000000000000000000e+00
-8.237814653867114867e-01
1.000000000000000000e+00
-1.000000000000000000e+00
-7.146564388352545372e-01
7.897566244288478643e-01
1.419607437782964832e-01
-7.679354630814794191e-01
-4.313953271460987393e-01
4.530533980953705409e-01
5.638189719096519115e-01
-1.000000000000000000e+00
-5.085930816507386876e-01
-8.912378219622506537e-01
-8.654968620435085080e-01
1.000000000000000000e+00
8.419998180446958136e-02
-6.158699687145929857e-01
1.000000000000000000e+00
5.809864593117051168e-01
2.363098569719050135e-01
-7.044761447720730985e-01
6.758953016542228465e-01
-4.566970881850093700e-01
-4.987393059557518327e-01
9.556352950364233045e-02
-1.000000000000000000e+00
1.000000000000000000e+00
-9.233129530758300563e-01
4.798469906014841135e-01
6.366062545155459773e-01
-1.000000000000000000e+00
5.363316724166641292e-01
-5.149030400094266602e-01
-7.225925606923148115e-01
-1.422192597849600282e-01
-1.000000000000000000e+00
-8.478520565611251669e-01
6.120681966784904393e-01
1.936802523165799816e-01
8.474517308035357521e-01
-6.904693373583297156e-01
-3.321260613254818361e-01
1.000000000000000000e+00
5.362626891267031626e-01
-8.940802613565130841e-01
4.254731768537902692e-01
8.153431057202059629e-01
-9.223559241299710276e-01
-8.289681899576871738e-01
3.198324234294366297e-01
-1.507015637079558434e-01
-7.629672122283552849e-01
1.275106021180470173e-01
-1.000000000000000000e+00
-5.569513256374640786e-01
1.864693839507327588e-01
4.619926072649677140e-02
-6.899133384850523187e-01
-6.010605970939957021e-02
-7.137265811369325474e-01
8.819743913647997147e-01
4.741989873906564124e-01
-1.754128188665485255e-01
5.555834621572350862e-01
-5.573804655469082325e-01
-8.249286830512125857e-02
5.627692364977361361e-01
1.784454140633936481e-01
-4.912847145161957085e-01
1.000000000000000000e+00
-4.822652144798204865e-03
5.021535326597226234e-01
9.745899160054044552e-01
9.450822136963901166e-01
4.713458928138349879e-01
-5.351091913667647137e-01
5.302713938485021927e-01
-7.153403646837821483e-01
-1.000000000000000000e+00
-6.973782172387834599e-01
-3.869847985446772665e-01
7.743921358792031917e-01
-1.128591115140960000e-01
-3.135159836654990428e-01
-9.522497734482053833e-01
4.587113216587687115e-01
1.779807590616909185e-01
4.252119763460790458e-02
-1.000000000000000000e+00
1.792490079688057181e-01
-3.655301628559787797e-01
8.176481202830095940e-01
-3.793270287675885033e-01
-5.393665854931081194e-01
-3.352944406778052278e-02
6.781973034910112608e-01
-3.786664429827595879e-01
1.868561701234239258e-01
-1.000000000000000000e+00
5.291593144460184917e-01
-3.263845148125081308e-01
9.070346241344344751e-01
1.000000000000000000e+00
-8.266419670688378574e-01
1.000000000000000000e+00
-9.940405036577959486e-01
5.703419799605080609e-02
-8.386196178291427383e-01
2.980081265857318362e-01
-2.955536983724078581e-01
2.942625578424447608e-01
-3.235758717784488758e-01
-3.690322342793833088e-01
-1.000000000000000000e+00
-4.757947919509232237e-01
6.956223901965703504e-01
-7.430582634494655725e-01
-9.016638036110089516e-01
4.004508658376569885e-01
-9.737395588313439987e-01
8.991589368259284010e-01
5.046464139097541768e-01
-3.739597770506772334e-01
-9.829554238135068678e-01
-1.000000000000000000e+00
-4.964785121359671649e-01
1.000000000000000000e+00
-4.283757243936339720e-01
3.187509742696444381e-01
1.009293825380715853e-01
1.713056525319606727e-01
-2.583556571497966359e-02
1.000000000000000000e+00
-3.233106049212630673e-01
1.000000000000000000e+00
-1.336316886048483088e-01
-1.015472637243108323e-01
-1.751835190361785421e-01
-6.605732923823626201e-01
-3.064131858561897070e-01
-1.000000000000000000e+00
-2.993821356154258706e-01
1.677504173690615996e-01
-5.583794677927518268e-01
-1.000000000000000000e+00
4.409825484652962757e-01
1.000000000000000000e+00
1.000000000000000000e+00
-7.006742002001182801e-01
-4.376451965691730006e-01
1.000000000000000000e+00
2.815276110405141585e-01
5.956341777270001137e-01
-1.000000000000000000e+00
1.860328453440935614e-01
-3.962293470831832476e-01
7.153189741115216771e-01
-9.752272966647544949e-01
-8.526895326053791635e-01
-6.065391177359330532e-02
5.491125238722572854e-01
5.805025172751093754e-02
4.643631945660613436e-01
-8.405024490264524362e-01
-1.000000000000000000e+00
-1.307279725907603274e-01
4.832617105829214443e-01
5.812253963873997842e-01
-2.861153358521724699e-01
8.168982070141874718e-01
1.000000000000000000e+00
1.000000000000000000e+00
5.515251224328341362e-01
-5.663219468835810622e-01
-4.987383543431256339e-01
-8.261690561399205324e-01
3.036716173374900407e-01
-6.937116393485258659e-01
