-1.000000000000000000e+00
1.000000000000000000e+00
5.997377626992481670e-01
1.000000000000000000e+00
2.342886903467673587e-01
-6.865235480338899299e-02
8.001705282231486027e-01
5.880231283769301598e-01
4.097008490161075933e-01
-3.487754625100212280e-01
-1.000000000000000000e+00
-4.448976470821515150e-01
-1.546356569096961342e-02
-6.042471133807286732e-01
-5.441792566900205408e-01
3.832579613251303474e-01
4.043493076250896934e-01
-4.511187213890728298e-01
7.149840815586030462e-01
-1.388844372985869047e-01
6.250195706406738161e-01
-7.817523166912360155e-01
9.718867565972970635e-01
-7.707264896299811374e-01
-1.000000000000000000e+00
-1.000000000000000000e+00
5.429712827274935094e-02
-1.647220802285545016e-01
-1.948374275379076148e-01
7.704313071137657287e-01
7.706044695907581232e-01
-1.000000000000000000e+00
6.639574883061065691e-01
-9.667676135802041326e-01
5.982590837807102435e-01
-5.283514243733964388e-01
-5.346910066112077475e-02
-9.962676040320150861e-01
-2.192261630971924502e-01
1.000000000000000000e+00
-1.000000000000000000e+00
1.000000000000000000e+00
-3.600243953989323842e-01
-1.000000000000000000e+00
1.000000000000000000e+00
-7.199465119696623061e-01
-3.954056350058863245e-01
8.463919120848339972e-02
-1.000000000000000000e+00
9.245164589029699620e-01
-2.167830389742801400e-01
-9.737714187387034315e-01
8.587816386293973814e-01
3.915240786751049695e-01
6.619243780675476696e-01
-1.322420310474940186e-01
9.370634191168236704e-01
-1.000000000000000000e+00
-9.930181436369708292e-01
1.000000000000000000e+00
1.000000000000000000e+00
-8.321121179667195777e-01
-5.933174623464005926e-01
1.000000000000000000e+00
-5.555927305128545157e-01
-3.434505412636067456e-01
7.969602288172652482e-01
-6.262122710312041374e-01
-4.458585587681055951e-01
-8.656384548690961855e-01
3.835394946211078682e-01
-2.440656506171892115e-01
4.204405390141608412e-01
3.720775115532592991e-03
-9.874150340681403515e-01
-2.467700815438086392e-01
8.139178158103681504e-01
-7.795440265836928173e-01
-4.785599665068278052e-01
-5.197575854003444462e-02
1.000000000000000000e+00
-9.376676180147296424e-01
-9.779040477324905112e-01
-9.706738081165784404e-01
-1.000000000000000000e+00
8.771719928194304794e-01
1.000000000000000000e+00
1.000000000000000000e+00
-7.111601556076632691e-02
1.219493763404083386e-01
1.000000000000000000e+00
-4.350174042287285325e-01
-6.158840208797095039e-01
-5.337987992977728524e-01
-1.000000000000000000e+00
-6.503067629045058418e-01
2.317481216935687038e-01
-5.841227411442282413e-01
-7.463245673549157022e-02
1.000000000000000000e+00
4.309881327510389215e-01
-1.000000000000000000e+00
3.919489023988491638e-01
-7.191149014711538667e-01
-1.000000000000000000e+00
2.454700091925595684e-01
-2.274212176563542576e-01
8.940541278699292160e-01
-4.156132858845387745e-01
4.080079431412124702e-01
-9.813436488530442592e-01
-7.508025435220042620e-01
-1.000000000000000000e+00
1.000000000000000000e+00
-7.033030753420811410e-01
-1.000000000000000000e+00
1.000000000000000000e+00
-8.415741146678719087e-01
4.033696284374434504e-01
-9.984797774225562250e-01
-6.921017726696038208e-01
2.314116179317455002e-01
9.268666609934839151e-02
-8.923640676840121078e-01
-4.777885178399707833e-01
-9.688066339957759343e-01
1.000000000000000000e+00
1.000000000000000000e+00
-8.837202833020975090e-01
-4.299697686717174339e-01
-1.000000000000000000e+00
4.537141179748965802e-01
8.294120269000990753e-01
1.000000000000000000e+00
-2.725770623866023978e-01
1.000000000000000000e+00
9.262711197245753203e-01
7.263406616045631203e-01
-3.762066421195744415e-01
-2.901078395841055757e-01
7.489870253315511484e-01
-7.835660051932846759e-01
-5.855883695749151130e-01
-1.908351655280648707e-01
-1.000000000000000000e+00
-9.684988275565646898e-01
-4.899160894301621827e-01
7.710316468923175126e-01
2.333817133628422469e-01
1.000000000000000000e+00
-1.000000000000000000e+00
-5.322020395705845397e-01
2.100029540553305374e-02
8.672457693984433336e-01
5.705724720077320899e-02
-3.878922067227583703e-01
-1.000000000000000000e+00
-1.000000000000000000e+00
7.991404956424995598e-01
7.193287347961917488e-01
7.621402742229645977e-01
7.290899220377293766e-01
4.189353931961878330e-01
-9.704044037431247549e-01
-9.257806643290515947e-01
3.482409301206705887e-01
-9.428775855651758686e-01
-3.574316596363329990e-01
-4.386373671066357005e-02
-1.102018792284660265e-01
6.349871289950600461e-01
-5.737968405776834313e-01
1.635888340723274381e-01
-6.117485109587098568e-01
-1.065199695632563781e-01
-1.000000000000000000e+00
-9.009309093408990332e-01
7.465036071643924576e-01
1.180296250365984179e-01
-1.000000000000000000e+00
8.150388609042111820e-01
-5.470945609669914944e-01
3.209943057990716220e-01
5.821702787851510408e-01
9.321952818384451334e-01
9.825649860883930442e-01
-3.307183906320463329e-01
4.795546457177574107e-01
-5.236340748387213750e-01
1.000000000000000000e+00
-5.198118498480039928e-01
-1.000000000000000000e+00
9.240450051677930876e-01
1.000000000000000000e+00
-5.638501516544988101e-01
1.000000000000000000e+00
3.188865789961363717e-01
7.651995209956321542e-01
8.417259792873715840e-01
1.000000000000000000e+00
-1.000000000000000000e+00
5.727070598745678115e-02
7.871944447509725551e-01
-2.950343370908190543e-01
8.710178792421473526e-01
-1.000000000000000000e+00
-1.000000000000000000e+00
-3.844436776966375646e-01
7.036978488967793322e-01
5.497713895889275726e-01
1.000000000000000000e+00
-9.688743593641830909e-01
2.780837469031554043e-01
2.953776781755252934e-01
1.000000000000000000e+00
-1.399987025865910562e-01
-9.955365445015569303e-01
9.503050738027131183e-01
9.917831832206097653e-01
-1.000000000000000000e+00
-8.234878318382232720e-02
5.261630591489094844e-01
-1.056384152301570456e-01
-3.165330391190662729e-01
-8.618483817063713470e-01
1.000000000000000000e+00
-1.631601460903331358e-02
5.479612835300904372e-01
6.871929968480783302e-01
7.191196067685695636e-01
-1.000000000000000000e+00
1.000000000000000000e+00
-2.429116438936255173e-01
9.438359789304268110e-01
-5.698876739339442388e-02
-1.000000000000000000e+00
5.578928194493081305e-01
-1.000000000000000000e+00
-3.477025487016667249e-01
8.691573553728145773e-01
-4.237317361899173296e-02
-8.221188825827102642e-01
-9.589334200255134055e-01
-1.000000000000000000e+00
3.307943286057900556e-01
-1.000000000000000000e+00
1.000000000000000000e+00
2.335603682514464374e-01
-3.410906735873523998e-01
9.864214999009580653e-01
-7.429346034843754554e-01
4.244703686368244133e-01
1.000000000000000000e+00
6.027711977680312305e-01
9.813133180885806883e-01
8.614915698786187459e-01
3.877016255799447531e-01
-7.082509662385645388e-01
7.399525563353304136e-01
9.845540944129904659e-01
-1.000000000000000000e+00
-1.000000000000000000e+00
9.394111875803967671e-01
-1.862648910249721235e-01
-3.287751627719593950e-01
