-4.351042381039929019e-01
-4.544031267525755480e-02
-5.167983541722080965e-01
4.356622844055122595e-02
-1.156841206165709762e-01
3.509514985146805488e-02
-2.233924061255825322e-01
4.502246075368272482e-01
-8.119301897323911721e-01
-2.222518251054170779e-01
-5.546687968455660256e-01
5.382602406290659669e-01
8.319743609038262599e-01
-5.373458136605828717e-01
-7.624853668349215186e-01
7.098735522096736306e-01
-5.676518774660416211e-02
-2.764001203007416807e-01
8.037240419645215184e-01
-3.768117898734650861e-01
-2.444855949175054610e-01
-5.117113682373113370e-01
-9.398672372327598890e-01
7.686321249825356361e-01
8.382557272701680606e-01
3.938792621931474502e-01
-2.579562786941834163e-01
9.966304470726763398e-01
-5.508604524556580673e-01
-2.741900436239531613e-01
-2.256238423791626646e-01
-1.000000000000000000e+00
1.880967944556487526e-01
2.409270005997272701e-01
-4.702053731352234811e-01
7.273549222908961553e-01
-4.204168816927711383e-01
9.949367412714753556e-01
1.422573898500134049e-01
7.629108502689683213e-01
9.130250130963994959e-01
-8.218673789928946372e-01
2.018098093823428307e-01
-5.851634648037118414e-01
-4.707048996863370527e-01
3.244426251184395760e-01
1.492741277577525061e-01
6.873154644356372911e-01
2.858789339734245094e-01
-4.865762018323577243e-01
-3.028119141224172028e-01
8.160337602019533954e-01
-8.120893516400411460e-01
-3.706139048112109258e-01
1.550539138418887131e-01
-4.421961700350391378e-01
1.584727168608282832e-01
1.519302302536227334e-01
9.871554868531884352e-01
2.522367565872962736e-01
-1.746335972453520180e-01
-5.298977644520774799e-01
1.000000000000000000e+00
-3.169419855429220778e-01
-9.266205793084547615e-01
-2.288483356452036266e-01
-1.000000000000000000e+00
9.480564268499080960e-01
-9.517290716504163139e-01
-8.446831490590573921e-01
8.329797939621768066e-01
2.262381297107905476e-01
2.095275887588982089e-01
9.272435982265344601e-01
6.815071254956528435e-01
9.605390376465214874e-01
-4.412902350455314426e-01
4.968367693046114031e-01
3.724730400260539698e-01
1.728662130838933830e-01
-3.593254600461145976e-01
-9.364772829839619339e-01
4.643165314212409633e-01
5.124005904725494887e-01
-1.633130667743665221e-02
-7.350748661869962453e-01
-5.839982418538085529e-01
-4.022171822033753230e-01
9.585356028601701439e-01
-7.822420493700648070e-01
4.568793478544321829e-01
-1.113699542855735025e-01
2.580535746801780328e-01
-2.568146912246168645e-01
-1.000000000000000000e+00
2.000195293489452630e-01
1.128193849342863930e-01
-1.650956253189710676e-01
3.664619729431264905e-02
4.028432342528915910e-01
1.113920274213826833e-01
7.111087346348143878e-01
7.378235276473851245e-01
7.223593586149998913e-01
-4.161175592328025807e-02
-5.812583292165732773e-01
8.632056685214622993e-01
7.538446587046570002e-01
-7.135231470898195649e-01
8.586243564012312479e-01
6.990857988127388012e-01
-2.445938316245020727e-02
8.102581953668391845e-01
2.908474977188423294e-01
-8.709842973168577807e-01
-1.000000000000000000e+00
-4.297953651432951383e-01
-9.658791998473350571e-01
9.090559959012309843e-01
-8.131674695862605162e-01
-7.919165597355602992e-01
-9.012486719832978332e-01
-5.059100905308138163e-01
-7.680731190935806418e-02
-7.860128180648249252e-01
-7.092645474188969956e-01
6.701201023697448411e-01
1.612927171078032962e-01
2.440874189311307285e-01
3.931020599579779784e-01
1.031769708299620919e-01
2.954837297090872131e-02
-4.093134250224056414e-02
5.877315060310122075e-01
6.438936237221399850e-01
4.659200350326164752e-01
-8.350516861982810735e-01
2.312987171431550582e-01
2.970062468431144964e-01
6.354696549207924372e-01
2.411064913450245151e-01
2.764417151840465325e-01
7.936323299955418964e-01
-6.492984315520649030e-01
6.023382145439304391e-01
7.255964925346952699e-02
-3.723095038517534872e-01
-2.994925771433166739e-01
-9.291014821125212486e-02
-5.459842573288493650e-01
-4.896306883523904863e-01
-6.274836607647114040e-01
7.329830056170780206e-02
-1.000000000000000000e+00
-8.426527735159772270e-01
-9.107268463670911696e-02
7.110744514998886823e-01
1.806250739248765197e-02
-5.897545882969557063e-01
1.000000000000000000e+00
-7.173010481467201327e-01
-6.845560767213030307e-01
1.000000000000000000e+00
-3.152289277410990076e-01
-8.513312007969594530e-01
-2.350783643393063449e-01
-9.145567336415330040e-01
8.893415431624758227e-01
-3.563861496948707019e-01
5.321722505262561041e-03
1.916991974880091210e-01
-3.315013133587378369e-01
5.803612804686607562e-01
-8.622287980754651526e-01
-8.707575528985866953e-01
7.331376276065583175e-01
1.601205762477932171e-01
-8.807066203462587950e-01
-1.000000000000000000e+00
-1.000000000000000000e+00
9.079554895221165767e-01
-2.597934521937627639e-01
-2.462173201106530041e-01
5.064156781224040671e-01
-8.480941065718802241e-01
6.645115843973230241e-02
-1.000000000000000000e+00
6.979515488140585200e-01
5.674036844838746818e-01
7.024464755595188903e-02
9.417749258935116663e-02
-3.019171708282095690e-01
-5.902418855973826650e-01
-2.298791792845479853e-01
1.151454563308058621e-01
-1.870792119471462733e-01
-9.397984267276459081e-01
-1.781336412248644141e-01
-4.642530781505207482e-01
-5.885607583051695180e-01
3.117009342670290506e-01
9.597276813846993271e-01
1.035677381601604746e-01
-3.695965524413565850e-01
6.347140920043943257e-01
1.190131093767009540e-01
3.162935518000462021e-01
-2.365740947918455461e-01
1.798542743026479984e-01
-8.149863844309248595e-01
1.356851770712208249e-01
6.073263489978159013e-01
3.780169645194619843e-01
6.431355022753079131e-01
4.862703666847241202e-01
-1.000000000000000000e+00
-5.633088721126106035e-01
-3.992949504292794827e-01
-4.084465733580585067e-01
-6.714109891003272601e-02
1.325087140065487890e-01
-3.473714927021580579e-01
1.259463904652371458e-01
4.906089166414313585e-01
-3.308141555602439610e-01
-1.143471118365299993e-01
-6.633760743623284828e-01
4.706118892725694169e-01
4.348401609963435388e-01
9.403895711071961205e-01
-6.850732794608145326e-01
-2.282338035601949311e-01
-5.791916340050565770e-01
-6.534381822509993665e-01
4.197605125002135118e-01
6.354047010623997682e-01
5.588875071171851561e-01
-1.566776515440247153e-01
-7.781661546515798999e-01
3.694268861385290315e-01
6.328484624928700786e-01
3.790360221768751536e-02
-3.709524509971840467e-01
4.447977205630895270e-01
7.320894157562134463e-01
-6.048679055539484262e-01
-3.701166046354953387e-01
6.707217873807878039e-01
1.281882259846047756e-01
2.065415388432896293e-01
-5.034894927594447678e-01
-4.218420608205069033e-01
5.427459595952106586e-01
1.000000000000000000e+00
-1.126664276566680944e-01
6.307494580685993890e-01
-3.500478137840358772e-01
-8.174497380073735275e-01
1.000000000000000000e+00
-9.027097998830464487e-01
1.815795905043066649e-01
8.397301420047176279e-01
-5.219051418211619886e-01
-1.494536667686148235e-01
9.357967376035867257e-01
