5.973952888039382181e-01
8.229152398706116589e-01
-9.694165940593008068e-01
5.061482517271752579e-01
-2.283025573850175349e-02
-1.000000000000000000e+00
-2.643363399773290823e-01
2.281182858050713191e-01
7.746149112938922610e-01
-4.956454570179755770e-01
6.712594759927915655e-01
-6.589120678844723189e-01
1.729111547640531654e-01
7.364313094590744235e-01
-5.494813328370409256e-01
1.000000000000000000e+00
1.323182365749503431e-02
1.000000000000000000e+00
3.499883651549875463e-01
-1.293113285670986767e-01
-5.259314013777263153e-01
-8.450281039779690140e-01
9.372919048087728910e-01
4.868666059344073371e-01
9.275577224195974413e-01
-9.186174839617492482e-01
-5.864334880161986563e-01
-3.951317358464268015e-02
1.000000000000000000e+00
-3.665552735103588256e-01
4.451641196833882042e-01
3.544625294337375165e-01
-2.056936059392206473e-01
-2.616930104915419220e-01
-8.121281883057749340e-01
-4.615640347304404978e-01
-3.627132952227960505e-01
-7.881664447098220005e-01
6.652667321903453779e-01
-9.160177874528849795e-01
4.508203011446331177e-01
5.585356992539896037e-01
1.000000000000000000e+00
1.000000000000000000e+00
5.896097921767469163e-01
-1.761413412797663280e-02
-1.000000000000000000e+00
1.984843430530921493e-01
-1.184780517769030150e-01
-3.952132851216921261e-01
-9.254507018168323107e-01
-4.760169033591465371e-01
-5.414935847486821441e-01
-1.448378830451824140e-02
-1.688301989684819204e-01
1.000000000000000000e+00
-4.921879454156115608e-01
-3.716656611314461678e-01
4.191129150581550111e-01
-6.529120572525753952e-02
3.629362285337615068e-01
4.693049246084327053e-01
9.327807443540140353e-01
7.858092539801370124e-01
2.867071460892824386e-01
-2.044689375396524511e-01
-2.514907045126948404e-01
-1.203622057239517179e-01
7.361276540488809195e-01
9.725173426902997686e-01
1.696807536567517538e-01
3.965462163904278636e-01
2.494580995334372275e-01
1.000000000000000000e+00
4.339458556661488497e-01
-1.000000000000000000e+00
-4.419575803814340675e-01
4.914901794385344580e-01
3.841669357875102109e-01
-4.075325304178697428e-01
-1.000000000000000000e+00
-1.506108883449752689e-02
3.251474252963484357e-01
2.003640365115251232e-01
-2.468425000883318898e-01
5.168282425497472410e-01
6.293240778140560820e-01
1.000000000000000000e+00
-1.000000000000000000e+00
-1.000000000000000000e+00
1.571547604854378610e-01
-3.900667584348441741e-01
7.916012777380091459e-01
-3.636791234377690918e-01
-8.527097906931399018e-01
1.418142407401469796e-01
-1.000000000000000000e+00
-7.185838910468613783e-01
-7.621424017033540110e-01
-1.000000000000000000e+00
-6.179638590146501187e-01
8.947949745706806901e-01
4.639912132869803418e-01
6.837855293831992531e-01
4.541789025660575296e-02
8.978269388537854501e-02
6.271625316965676600e-01
-4.082178148347795354e-01
2.924464758459396352e-01
-1.000000000000000000e+00
-1.000000000000000000e+00
5.627881695622985458e-02
-6.288540237775203101e-01
2.329383245298220773e-01
2.631715417044773464e-02
3.215191439119616246e-02
-8.757492080921103206e-02
9.513177286336843563e-01
-1.000000000000000000e+00
-1.000000000000000000e+00
1.000000000000000000e+00
4.257501589083295679e-01
1.000000000000000000e+00
1.000000000000000000e+00
1.000000000000000000e+00
-7.270495760861275247e-01
-4.081341232850209111e-01
-3.760312894886597146e-02
2.330481762735882589e-01
9.135145343362135462e-01
-1.000000000000000000e+00
5.613831430123349120e-02
9.657166978227481602e-01
-8.922188627494607172e-01
-5.555108644184516553e-01
7.016857530054764203e-01
-9.989325228812728774e-02
1.000000000000000000e+00
-7.482157906470483510e-01
-9.990435308085050536e-01
-3.867745026571352551e-01
1.450925824425625676e-01
5.615934514234589142e-02
-1.000000000000000000e+00
1.556698439351405505e-01
-9.286622999516669363e-01
4.341612258397091195e-01
-4.958647322591639428e-01
-7.053387263245153305e-02
8.379496631425181752e-01
1.520390972995916412e-01
6.739331682401042967e-01
7.145689982848923982e-01
3.879319096166987668e-01
4.488936657798719976e-01
-1.808281717698881907e-01
-6.590831140783267594e-01
1.000000000000000000e+00
-7.107324123539904281e-02
-1.000000000000000000e+00
-5.499211682852899186e-01
-3.892946609783056178e-01
9.052710985219233897e-02
3.988282940391809639e-01
6.575108232061601665e-01
1.082566460330084412e-01
1.513652852027524698e-01
1.716399521385823523e-01
7.842750827956598836e-02
6.781579928182168704e-01
8.832214949343961674e-01
8.673113057208190479e-01
5.844991222134193753e-01
-6.793714649724913457e-01
-1.000000000000000000e+00
-9.521336868597924941e-01
6.148986785867297522e-01
-3.092775881111988756e-01
-6.666355069388680832e-01
6.244826679222006405e-01
-1.275503347621451955e-01
-1.491303412035341891e-01
1.028666584519195709e-01
-6.369127687290445650e-01
3.559979127187573589e-01
4.431958612309679912e-01
-7.886858497794102529e-01
-8.285653237189944953e-01
9.429372048372949289e-01
-8.299664530827594033e-02
-6.227719404328099784e-02
7.392129719589899395e-01
1.745998402660319249e-01
3.990869902584417983e-02
1.000000000000000000e+00
4.812302205190643889e-01
8.459145228629221247e-01
7.842667020215947637e-01
-8.784864742747851007e-01
-2.871571069450458147e-01
7.898713314647753947e-01
-4.991410282586623004e-01
8.239496028529161853e-01
3.478553347647643790e-01
-8.101202942924248807e-02
5.773568265788624476e-01
5.769483698137980454e-01
1.197048452681681585e-02
9.285946511774337830e-01
-9.828175341296009337e-01
-8.029114733975240004e-01
1.335408480862992908e-02
2.752726845243486098e-01
-1.347741320896151396e-01
8.343049977473916690e-02
6.611993466061768521e-01
-8.648662714248529504e-01
8.999184097068650967e-01
-7.349179390653548527e-01
2.096512733529187766e-02
1.000000000000000000e+00
1.000000000000000000e+00
-9.977223995118880140e-01
9.185126211236177562e-01
1.000000000000000000e+00
-6.684363333515688232e-01
6.605113547947651931e-01
6.665609078423470057e-01
7.516457307478457972e-01
2.685489551020516785e-01
8.822881767747141613e-01
-9.210086176575880135e-01
-1.486587606784727789e-01
-2.035752776071717562e-01
6.626115993972496732e-01
-1.000000000000000000e+00
-4.109255421951381604e-01
-1.911261968348029472e-01
7.910635902543827758e-01
-6.185843894543996413e-01
-2.781336975908996756e-01
-3.009987463729221213e-01
-7.530563789084342430e-01
-1.692863540604437611e-01
-9.751833287105230452e-01
-7.212689971282840729e-01
2.217665965058909228e-01
5.665410400774671951e-01
4.383296664871861870e-01
1.000000000000000000e+00
4.325855743615254489e-01
9.295094637899081746e-01
3.749404831737834787e-01
9.051494797464743058e-01
2.455967418395526292e-01
-1.837119716835193262e-01
-6.776933790769457122e-01
1.000000000000000000e+00
4.094445417777902718e-01
1.000000000000000000e+00
7.322383314728151404e-01
-1.000000000000000000e+00
-9.471535808194512240e-01
1.664466185953281663e-01
3.382913529558767562e-01
