5.704901009390522804e-02
-2.880246778032186095e-02
-4.648027902537442690e-01
-2.220707001671219927e-01
5.739636085430903645e-01
-5.498027170649691930e-01
-1.536451482883127162e-01
2.153434652911661584e-01
-3.973078451849910708e-01
2.205691426794004206e-01
4.204324629440300831e-01
4.812124492827718480e-01
1.376956604080644686e-01
1.869412455183977473e-01
2.032513467290060771e-01
-4.081809751904718064e-01
-7.604002181689487605e-01
2.918995193910301489e-01
1.046876246376149400e-02
6.641831840826427635e-01
-2.759994868001511281e-01
-1.837203982341124586e-01
-4.839062679373870024e-01
-6.326114632476310673e-01
1.814441527615973104e-01
1.800314055282252745e-01
3.288440049238393614e-01
4.898626611570495726e-01
-3.901873219990935615e-01
-2.610342943705498686e-02
-2.052279437940046081e-01
-3.896826880164963036e-01
1.447159308986827597e-01
-3.446199863545932329e-01
-4.801788572367603480e-01
4.922976558052898355e-01
3.382399240261063644e-01
2.189770588044889221e-01
-7.741442153302958706e-01
-2.372063225448700907e-01
-2.028400622615795512e-01
-6.603703335771025085e-01
2.246492543882778747e-01
2.604284396472311691e-02
-9.594848886196188920e-01
7.550473094679049924e-01
-4.344422529727835491e-01
1.581615945100711684e-02
-3.968254124116558090e-01
-5.734470048716342472e-01
3.201701400336541825e-01
-5.155647930665174794e-01
4.708646496607538090e-01
2.367011054857083019e-01
-1.000000000000000000e+00
-4.399618701273267374e-01
-7.069436297037287042e-01
7.100660620731993333e-01
-5.135775453327706686e-01
7.390550608514698805e-01
-6.019540764228725749e-01
1.610709931368968784e-01
4.989070769664881722e-01
4.937528769646992721e-01
-1.302941487554699629e-01
3.987770084881924748e-01
5.630467250341908425e-01
1.879654186509073788e-01
3.797382855624531484e-03
5.865149608117388169e-01
-1.140062648288348579e-01
4.074498288454817541e-01
-4.726682874919801436e-01
-7.016589334237680609e-01
2.195813700396397894e-01
6.053540639825518710e-01
2.785021609172760870e-01
2.070526408441543120e-01
1.000000000000000000e+00
-3.443027493841777087e-01
-3.528478717718216418e-01
2.072664515517531891e-01
3.388590673659331309e-01
1.522091373330581865e-01
-2.796970588464137708e-01
-9.616983555936581274e-02
7.442505804186192453e-01
-3.963204506683083439e-01
-1.120008839510345799e-01
2.002145816360460517e-01
-4.491479309466823722e-01
1.617714149931293033e-01
-2.070007365922472142e-01
2.845241502515943877e-02
1.248703746514711610e-01
9.433030084807534354e-01
3.449591895377104311e-01
1.998575614522111743e-01
3.722461125484806121e-01
6.076321405778248863e-01
2.117674972343139284e-01
-2.217257519391257481e-01
1.055507038396932690e-01
-4.286397653930783258e-02
-3.761889095721937526e-01
1.414517570743699104e-01
-3.638517312078504151e-01
-4.073676809467252635e-01
3.741503860623645039e-01
2.976474481926212612e-02
-2.852539602095501836e-01
-5.087767692888731652e-01
5.771689434495542725e-01
5.699172396325906664e-01
3.777084477884384284e-01
-1.041476504292284527e-01
1.504771127945132292e-01
-6.570448182148169725e-01
4.024200530363106765e-01
-7.736672915681679363e-01
-2.639886491423519277e-01
7.307202243244442785e-01
-3.966569665960029134e-02
-3.246389124146916716e-01
-2.833440135610524879e-01
-1.592037382659731160e-01
3.234340792566061662e-01
9.057231066906555605e-02
1.545513878639860894e-01
5.817914357181281915e-01
5.587892441280218891e-01
-4.715745143846916121e-01
-4.837949912827960164e-02
2.767085766936108193e-01
3.103393538368786064e-01
6.021849831646836071e-01
-4.876474729086996973e-01
1.832957287153707537e-01
1.415004477560489748e-01
-1.097894938486263239e-01
-3.459734351177277678e-01
3.084307557018758916e-01
1.501745613295968340e-03
-1.715031349528750582e-01
5.194097172485609981e-01
-2.813249714062578954e-01
7.725406621928895268e-01
-3.854334057507946554e-01
-1.164176377485471869e-01
-5.401009547943962374e-01
1.924510822872748661e-01
-7.533333331582975356e-01
1.253642856919403026e-01
-8.250304541507091916e-02
-3.316685836987027236e-01
-7.774362112689654492e-01
8.646301858602994939e-01
-6.321981393829665397e-01
-1.410787677715825694e-01
3.514662754561700964e-01
6.572831676515000776e-02
1.865332079125877063e-01
4.063918040939689669e-01
-9.084804160162367470e-01
7.953606780126362685e-02
8.871873770381977220e-01
-9.732088322253432122e-02
2.947758257255039122e-02
-5.488446077440694015e-01
2.268302277481341334e-01
-2.558473446139212237e-01
-6.050261665830425351e-01
-7.226771799924148754e-01
-3.689120982686776573e-01
-5.124508153471587502e-01
-6.756533553218829757e-01
-1.878199559448988365e-01
4.906871569168398950e-01
-4.236026584811842799e-01
1.317494222846799234e-01
-5.358058009630231600e-02
1.137796604486420726e-01
4.162155715016618296e-01
-4.354640509912205970e-01
-7.672986362251280612e-01
7.219769852166715296e-01
9.172727168612033743e-01
2.282544874037680249e-01
-3.935033814225718518e-01
2.679882145730854148e-01
5.194185024201160017e-01
-2.783358642551381212e-01
-4.504934310815217335e-01
2.960306994309557238e-01
-1.078342748080759195e-01
-5.873586740927555505e-01
4.133145566247873326e-01
-3.216487879430269814e-01
-6.814557898622964904e-01
1.180181448118429594e-01
-9.090976222878741630e-01
-1.150443607891123016e-01
1.817376589033431744e-01
-4.333426423743849676e-01
2.028057329515344787e-01
-3.465963695325141036e-01
-1.525753213800540853e-01
4.064310684457227429e-01
-4.531513807944274053e-01
1.228981333635215112e-01
-8.043025216722254900e-02
-7.550314257570492904e-01
5.687060840085378377e-01
3.312492350662593621e-01
7.310582480935268190e-01
-6.406616966024758497e-01
-4.442845927480621460e-01
3.830300167511764831e-01
-2.860123684621542761e-01
5.008134626355180696e-01
-3.630311257623582977e-01
-3.011280449921079350e-01
3.576450811894523740e-01
5.232312283104793016e-01
-9.299929990626233378e-01
-6.645455694611189790e-01
-1.221911076659035755e-01
8.720429085539136427e-01
9.165802228243147276e-04
8.116301444630801276e-01
5.380713392710280152e-01
-5.785512109855200924e-02
-1.573586517092859793e-01
6.999240530338204369e-01
5.258130143112137445e-01
-3.662200697838192687e-01
-9.970647488802246716e-01
-1.407200158701328307e-01
4.006333007699824922e-01
8.297396739110299846e-01
-4.307513445430015686e-01
1.828115794563375252e-01
9.185257809896856251e-01
-4.269720272029619013e-01
7.830981847763679449e-03
-9.617066412358443728e-02
-5.915899434194173967e-01
-7.593110677812045517e-02
5.541483313265506139e-01
2.308297207985370303e-01
-3.726468777124378740e-01
-3.608530525971131997e-02
3.045278862432981293e-01
-3.139239136633246718e-01
2.190737442788712741e-01
4.646966527495774435e-02
5.807742122164657461e-01
-6.698570916686278354e-01
-5.972325100044425378e-02
1.367256890471308939e-01
1.580057919606885075e-01
2.233026995456790509e-01
5.000692619079331047e-01
4.043784581047409898e-01
5.831712421336467944e-01
