-3.318062152408471355e-02
-6.034242807080605342e-01
7.228043921472750988e-01
-1.000000000000000000e+00
-1.000000000000000000e+00
4.760873637410685810e-01
7.654743160795318691e-01
3.937764149491105314e-01
5.098089967383013787e-01
-9.221117098432388692e-01
-4.751110316449012605e-01
-1.000000000000000000e+00
-7.478237894059041047e-01
6.369918789144326521e-01
-1.000000000000000000e+00
5.300051484438279559e-01
3.781842298517052448e-01
4.382467940628586023e-01
4.025804693284513736e-01
6.388002912522334764e-01
4.544545035909240971e-01
-6.527643222164699610e-01
1.730568268606395496e-02
2.881603931248563066e-01
9.326200561002917500e-01
-7.607973327951162990e-01
4.024875901774743747e-01
-1.000000000000000000e+00
-3.680687569421063343e-01
3.123328693618038221e-01
-1.704333357305275465e-01
-2.169819486923570961e-01
-8.898564643032738086e-01
-5.211179543430564109e-01
4.012461538414064388e-01
2.898039858947670799e-01
-8.952764619737860752e-01
1.757620530296953865e-01
6.902878916628609751e-01
-5.185707356826156911e-01
-2.354771705424589245e-01
-1.000000000000000000e+00
-6.797548857983007897e-01
3.364852034520812163e-01
-3.633657390942757193e-02
2.910626800682180049e-01
3.646007904713495784e-01
5.406067511329468722e-01
-5.250254400120948350e-01
6.067186119520598941e-01
4.163366166607279650e-01
1.000000000000000000e+00
3.278033118160337822e-01
2.397750209866891247e-01
-1.520945681847368502e-01
4.254072119165218657e-01
5.453823297074110732e-01
-5.251184457600122091e-01
-1.820548841268984086e-01
-3.943866267134257808e-02
-5.721868674843987312e-01
4.063577267192640674e-01
9.668676463234406881e-01
4.798872172657961954e-01
9.311715406569477382e-01
1.000000000000000000e+00
1.000000000000000000e+00
8.750355478035936052e-01
-2.368952066262251521e-01
-8.240474955135853596e-01
7.116372916081704636e-01
7.003160666756911290e-01
8.387586388243554320e-03
5.196299845691154662e-01
-3.028258393526340186e-01
1.336485424317886694e-01
5.540425750904512947e-01
-4.135073602319592201e-01
-7.684196880961580156e-01
-3.220166503392072332e-01
9.330353303860136061e-01
-5.859522409667848875e-01
2.255959165544245415e-01
-3.022587252146735071e-01
1.000000000000000000e+00
-7.407617786683716732e-01
-1.000000000000000000e+00
5.844948980138445771e-01
-4.980837810266025567e-01
-9.901371972599048998e-01
5.208168212444517220e-01
-7.126941673673768685e-02
3.360866477849077105e-01
-2.382531740656637920e-01
6.952883245364838150e-01
5.168603889455218869e-01
-8.122617946632383346e-01
3.092375607557303896e-01
-1.797805946858986592e-01
9.196296569291245726e-01
5.317030482267479652e-01
5.765520073708642057e-01
-2.216111043432872352e-01
-2.102142324677170881e-01
1.000000000000000000e+00
-6.900499228341945290e-01
-1.993637536834383939e-01
4.916318686956239192e-02
3.129063946925287332e-01
3.750612668358491719e-01
-3.729653990672754937e-01
9.104181315536922225e-01
-3.195780646825456262e-01
9.306015058663813511e-02
-5.927705615151771523e-01
7.339560605605940369e-01
-5.701888880495906697e-01
-7.194280209261112446e-01
5.623231825583003829e-01
2.997990613609962107e-01
-1.274621328269805731e-01
1.000000000000000000e+00
-5.778993359675952401e-01
8.017872819837255083e-01
1.000000000000000000e+00
-4.580791477148087321e-01
-5.962142409261756981e-01
7.438573248487608813e-01
-3.455982464573864044e-01
4.166182934702598040e-01
4.392419498509923526e-01
8.056647457598956619e-01
8.222560843722153123e-01
-9.483098812827643886e-01
8.234612940152548077e-01
-1.000000000000000000e+00
9.710500751278795528e-01
5.284150686374845529e-01
-1.000000000000000000e+00
-4.521544757546507032e-02
-2.180211980039422348e-01
5.715763910253938151e-01
2.314132788997015910e-01
9.111854192931904128e-01
-3.533235716698749918e-01
-5.040252775456785517e-02
6.238358800859535869e-01
-5.003304399919421552e-01
5.618480225322969313e-01
6.779747882491646283e-02
6.169672009329732476e-02
3.057612271431603967e-01
8.505203778271286374e-01
2.667801683358489440e-01
5.369306209717845668e-01
-3.584822273862235953e-01
-4.150122081105137584e-01
-1.151977442586133993e-01
5.747708061646420452e-01
1.000000000000000000e+00
-1.202739460987989617e-01
-1.808027904861841950e-02
-6.193426620693801565e-01
1.000000000000000000e+00
6.737541493507976931e-01
-1.193438985629367011e-01
-1.000000000000000000e+00
-6.622414194100008089e-01
-5.945348798237519716e-01
6.144908245617379805e-01
2.269742919167061501e-01
-8.401588474049213051e-01
6.171003471206844004e-01
8.889249635141527328e-01
3.485642259945540000e-01
-2.798320705627643235e-01
1.000000000000000000e+00
7.638851123962411283e-01
-6.425089352905943851e-01
-3.912760181257961545e-01
-4.333351147067624476e-01
1.000000000000000000e+00
-2.340759509681245021e-01
7.745119992227695871e-01
3.969517599491260706e-01
-9.732008456415524034e-01
-7.508177527628367987e-01
3.092021030047797381e-01
-1.000000000000000000e+00
-6.069831267278397169e-01
1.000000000000000000e+00
-1.373067271869352901e-01
-6.271566829039116886e-01
6.212177578732551719e-01
1.000000000000000000e+00
4.882389162728790200e-01
-1.163901444598944568e-01
6.234819109211178767e-02
-5.235721609631860396e-01
2.062387316890243460e-01
5.830899299999960927e-01
-5.325381557379558206e-01
1.000000000000000000e+00
-3.409204174843711854e-01
5.246740781438485879e-01
-3.949922256191529257e-01
-5.934567734308625608e-01
6.071381296055224919e-01
-1.538673138154834363e-01
9.534271361074153628e-03
-1.754232830043502001e-01
1.000000000000000000e+00
-6.767134274265298455e-01
1.000000000000000000e+00
9.669882596652390472e-01
4.927437554210805093e-01
-2.216811837183594869e-01
2.006521480995887563e-01
9.774862134148015747e-01
-5.391203739519919713e-01
-1.000000000000000000e+00
5.884919689760111927e-01
-8.595604134556749099e-01
1.643249142403158114e-01
-6.555524228367245465e-01
1.010830121039094642e-01
-6.650694843686741908e-01
-1.000000000000000000e+00
-6.841311836677061997e-01
-1.754760463476600363e-01
3.144951950328643275e-01
4.584387492503574357e-01
8.309283011341705993e-01
-8.028481064569895631e-01
4.553117570400864733e-01
-1.000000000000000000e+00
2.255780881792476544e-01
5.720437657129728848e-01
3.883754433737652834e-01
-2.206339833067131051e-01
7.440606279333241702e-01
-1.000000000000000000e+00
-2.735795351133357145e-01
1.844671537890595625e-01
6.301299384081521238e-01
1.000000000000000000e+00
8.177806392555198034e-02
-9.900065191667190012e-01
9.622675180216241353e-01
-3.381843319324508990e-01
-5.354129083971879144e-01
-6.684476564385593012e-01
-7.564394120136560540e-01
-5.209565331994857607e-01
2.454902617914709317e-01
6.547750437523235378e-01
-1.000000000000000000e+00
5.516907112373579947e-02
1.070652843845204122e-01
1.928770670529370568e-01
-5.739135524373676356e-01
-6.499942343340148199e-01
1.343209411268297404e-01
7.594843858280367899e-01
2.512976189657573078e-02
