-4.797285717414527806e-01
1.542082586212325246e-01
-9.596560956017147204e-01
2.960410762970270282e-01
5.247891599705312160e-01
2.156473819237639256e-01
-1.459722135484248784e-01
5.563693803118056058e-01
6.473332081706948404e-01
-1.000000000000000000e+00
2.295331034439854756e-01
-9.035282682870251492e-01
1.599184570426970264e-01
9.599168867346987710e-01
-7.130271109558291576e-01
-1.089106035036694342e-01
6.716763831664264162e-01
4.616506359325878162e-02
2.401495886162300364e-01
-4.507843774938182779e-01
1.000000000000000000e+00
-9.541004755652842118e-01
-4.545897988320158345e-01
1.000000000000000000e+00
-8.477610166241607015e-01
2.839765353651682589e-01
2.893763303950960264e-01
1.000000000000000000e+00
9.909836684972608278e-01
-1.566432786115339038e-01
6.897338901523902832e-01
-2.801275291907806553e-01
5.164505749061014672e-01
4.961143724828517843e-01
-4.350332963274162190e-01
1.000000000000000000e+00
6.848451247845976919e-01
4.333844078148841872e-01
-1.000000000000000000e+00
-6.329132935316623687e-01
-8.568533367757505403e-02
4.899599164282256170e-01
-6.912818555676654153e-01
-5.665436978280037339e-01
1.828424837956890703e-02
4.267869379856695788e-01
-1.000000000000000000e+00
1.297591680905203215e-01
1.912319794119945460e-01
-3.952678636155966818e-01
9.742629067948871402e-01
1.000000000000000000e+00
-2.959508483657465883e-01
-6.572924646225249967e-01
-9.685571056033327464e-01
-1.000000000000000000e+00
-8.102375989836694270e-01
-4.943087036538726387e-01
-1.000000000000000000e+00
4.024384662272830759e-01
-1.000000000000000000e+00
-4.918121586445812765e-01
8.569838072416947616e-01
-1.602649689309429970e-01
-1.000000000000000000e+00
5.764864861953659103e-01
-6.347567698330274233e-01
6.140084939036386524e-01
-3.070534604680897131e-02
8.875508936555287498e-02
4.664869294434366154e-01
-7.504205875441012363e-01
5.677693762492606044e-01
-5.816824097463769716e-01
-8.305141986612939453e-01
-9.073893239883747963e-01
7.495266976283807558e-01
-7.019475370934802338e-01
-8.488926859047456475e-01
-9.848812134132675089e-01
6.001543824830265494e-01
6.105804811831494483e-01
9.797370608618456433e-01
6.143257488768056884e-01
-9.683500117793720774e-01
3.944081018092226998e-02
-1.453084453418422850e-01
7.533346186421069346e-01
-1.228559043949217222e-01
8.074867151728480907e-01
-6.781906564662892878e-01
7.128486953138754578e-02
-4.219727556058678331e-01
-1.585291504851692457e-01
1.000000000000000000e+00
-4.588713577946874622e-01
-4.625415068668698448e-01
-1.000000000000000000e+00
-4.440768160055235114e-01
5.136813955340875371e-01
-1.000000000000000000e+00
1.000000000000000000e+00
4.837340975827028600e-02
-1.000000000000000000e+00
3.582364265928694169e-01
7.182621388076873004e-01
6.108852581664763193e-01
-1.000000000000000000e+00
-2.557295975318256420e-02
7.660680470980759660e-01
-8.759275740654768327e-01
1.000000000000000000e+00
1.000000000000000000e+00
6.565881814257751303e-01
2.871911537881817744e-01
-2.458817514594116016e-01
-6.116470139638929826e-02
-7.720872210966107652e-01
1.000000000000000000e+00
4.468768077577759401e-01
-8.455250845900638135e-01
1.000000000000000000e+00
-7.517329488486952371e-01
8.171051450992039555e-02
-3.354267394197842367e-01
1.000000000000000000e+00
-8.817795840059087231e-01
-7.873451075606101579e-01
9.345380580136254389e-01
4.421288453891136228e-01
-5.676935223479316894e-01
-1.260190068929216700e-01
-5.561776589825776496e-01
-1.530119127349117425e-01
1.945257061851068947e-02
-5.571186571303644586e-01
1.000000000000000000e+00
-9.739326614194405707e-01
6.288830699748553243e-01
5.022429613315554375e-02
-4.530887572782584249e-01
-4.317656577355885039e-01
-5.613790450960306488e-01
6.303283474513289297e-01
-6.057019612289148425e-01
-2.294483483145175473e-01
4.586460766487636120e-01
4.318001281059902219e-01
5.352967037139452211e-01
5.378305198637562956e-01
4.330299253371107104e-01
-2.634372224238836768e-01
2.238715091899866616e-01
9.303353487724455029e-01
6.025498400051780834e-01
-1.236137557469252357e-01
-2.029229351315974261e-01
-3.704878536253282117e-01
6.309002538082553180e-01
9.659464627030400763e-01
1.848542650499484519e-01
7.441898008353565741e-01
-8.205408943570110525e-01
7.794029174004128979e-01
1.960862210868463407e-01
7.390021996091853396e-01
3.493884162389808701e-01
-1.000000000000000000e+00
-4.303515796776771207e-01
9.977122982992606137e-02
-9.671235950862289155e-01
-1.000000000000000000e+00
-9.468991878610568680e-01
5.834029622386888159e-02
-9.524587452079624761e-01
-4.693092400798222208e-01
5.313472810365826859e-01
-3.972913339090646812e-01
-1.000000000000000000e+00
-1.000000000000000000e+00
-1.000000000000000000e+00
-7.582918270790891535e-01
-9.874792361569768584e-01
-6.766515026983312975e-01
-1.000000000000000000e+00
-2.436906376135342944e-01
-1.873116368908829543e-01
4.565835074185086162e-01
-1.000000000000000000e+00
5.908330300606530194e-01
4.203156171623117499e-01
-1.000000000000000000e+00
-1.713493733185949552e-01
1.636042415544668727e-01
1.000000000000000000e+00
1.246456212284842435e-01
-1.181392177721919401e-01
-1.734049386874235155e-01
-3.887911932201387200e-01
-3.223483940851031293e-01
-9.870712833681958287e-01
7.611482592716705131e-01
9.462272095843191622e-01
1.000000000000000000e+00
-4.142086441846230122e-02
5.669861045638364683e-01
-8.006313384424607049e-01
-5.467424876227070518e-01
5.022072561403538860e-01
8.963491288730157658e-01
-9.511819890615362816e-01
8.350382732756653215e-02
3.612026575218231228e-01
1.000000000000000000e+00
5.805276027260524163e-01
8.379293532262974686e-01
2.372299504780600587e-02
-1.000000000000000000e+00
1.000000000000000000e+00
1.537130088403584616e-01
2.453564156719148515e-01
-1.000000000000000000e+00
-1.592156273492933427e-01
5.164661975436344310e-01
8.683402880063164631e-01
-2.221452157663307281e-01
2.529755354066324791e-01
4.262762727049462796e-01
-1.000000000000000000e+00
4.532456897220144554e-01
-1.000000000000000000e+00
-1.817835339893322522e-01
-5.851212281279221106e-01
7.550624048408249855e-02
-4.898162619346695945e-01
-8.354442648688145123e-01
-1.704396121326655078e-01
3.981497121816948703e-01
7.568415674632337220e-01
5.163661101641658924e-01
8.823175678138120981e-01
3.984903783567718127e-01
3.535552109082532590e-01
-6.444035127569374133e-01
2.854684452798843530e-01
-5.106441487475550378e-01
-1.000000000000000000e+00
4.893596261685905224e-01
7.172433784182947747e-01
-1.594745902765450640e-01
5.106956998939449210e-01
1.283965518306089404e-01
-8.802633307647053096e-01
2.328325024252317355e-01
-5.394388995880574633e-01
5.185244778520767261e-02
6.524836323580831543e-01
9.993863449222153417e-01
1.000000000000000000e+00
4.540016396725923831e-01
-4.382376736353187363e-01
-3.800115973326775864e-01
7.986599174860308237e-01
1.000000000000000000e+00
1.000000000000000000e+00
