-5.796217597005511868e-01
8.602949104259689506e-01
-4.087879469456974779e-01
7.447490234355153005e-01
9.980037100240362058e-01
7.345712742516061766e-01
-4.278197129136197541e-01
1.000000000000000000e+00
-1.800597096443312672e-01
-5.049425755031928809e-01
-2.646973217100072051e-01
6.307227198283416048e-01
6.355808825066368017e-01
-5.844838576483963877e-01
-7.495218259078069156e-01
2.026547940288342398e-02
1.851076753958511845e-01
6.180576237145164464e-01
7.484236443069497424e-01
-5.641702605055172182e-01
1.000000000000000000e+00
5.348023239986181565e-01
-5.459250278860344752e-01
4.255077574619195446e-02
-1.753104111248074415e-01
-8.484719525258087591e-01
4.264284596068671496e-01
-3.444627561777031666e-01
6.380158769574951760e-01
8.880951814246365039e-01
-1.000000000000000000e+00
-3.035503246909073138e-01
-8.765314647698924100e-02
4.849424854125365392e-01
7.425589137602655043e-01
-1.000000000000000000e+00
-4.614903940394200488e-01
-1.789694135542869713e-01
-2.388926019152965430e-01
-7.533814782717590530e-02
-3.519332888052533193e-01
-1.000000000000000000e+00
3.972950851379838388e-01
4.048473166734419815e-01
8.382734737633872335e-01
-8.528944946589700482e-01
2.742577006018141472e-01
-7.777744469037777275e-01
-4.426721920197586591e-01
7.588866875315953830e-01
-4.911401641090928916e-01
2.514318414551601211e-01
6.594649321353590610e-01
7.177551185657217170e-01
-2.738921738710573539e-01
1.000000000000000000e+00
5.277405768590972546e-01
2.387954548966080837e-01
8.958425236295890492e-01
-5.366710338667071145e-01
-1.000000000000000000e+00
1.000000000000000000e+00
5.568771727825851947e-01
9.580731765503152086e-01
-4.394880557313755043e-01
-3.060127424275440600e-01
-6.820390833201087633e-01
-8.813264658776236438e-01
-6.680542663564815742e-01
4.941756553023186060e-01
-6.319709881437690635e-01
6.710077605472080098e-01
-8.571511639727977805e-01
-2.901209013946879356e-01
-6.847017148972014411e-01
-1.000000000000000000e+00
-2.420821032400569672e-01
-5.769968080327675386e-01
-2.750587842496916846e-02
6.769422798272728414e-01
5.741380590682964025e-01
5.439464345024964675e-01
-4.825004743014443265e-01
-9.527644431798186764e-01
-3.056286099203486817e-01
-8.898489848312347572e-01
-3.788592982706598944e-01
-3.095867574270125822e-01
-4.338265316007074990e-01
-1.000000000000000000e+00
-1.462681141293578901e-01
-5.193640371986202320e-01
-2.801820886298647673e-01
-2.958277300504160712e-01
-1.000000000000000000e+00
-5.300932452765316771e-01
-8.304357588327426765e-01
3.986991425841608372e-01
-7.721341938703476515e-01
1.000000000000000000e+00
2.447713828906458999e-01
1.000000000000000000e+00
7.391015300323357240e-02
-1.000000000000000000e+00
-3.942412027081492187e-01
7.955134472311161664e-01
-5.440767087164807281e-01
8.160907061253948047e-01
5.648158646454755072e-01
3.824519082103335355e-01
-8.125773009202471586e-01
2.736375025465037636e-02
-6.818258328811679370e-01
-6.059710867113530242e-01
1.000000000000000000e+00
7.575795333873405202e-01
-5.341115266460751965e-01
-4.935743035616678154e-01
7.345262777931035325e-01
4.783555281360399869e-01
-9.861086034066239847e-01
-1.973687214305367976e-01
1.000000000000000000e+00
6.521818108167029560e-02
7.933050277051715282e-01
2.032968109483677122e-01
4.330157709834525637e-01
-3.831710263634565128e-01
2.627443237533020337e-01
6.690517647658243972e-01
6.178279670798882128e-02
4.227087361778996688e-01
3.124456393388207465e-01
-6.177272196012856265e-01
-1.000000000000000000e+00
7.453928264223854683e-01
-3.648644321656492329e-01
-4.128646601457149345e-01
-3.939027727388109690e-01
7.261150691072949526e-01
2.561457733139851922e-01
-2.936170742867154626e-01
-5.107501818984924724e-02
6.573248728044586153e-01
-2.862959572413517062e-01
-4.595345129143087459e-01
6.460415346741191778e-01
-1.213862622063224678e-01
4.505169579644512368e-01
-6.484755333552929546e-01
3.103701778912836273e-01
2.454420489036272246e-01
-7.079736189681398173e-01
-9.994579379939325103e-02
-8.039041376695565955e-01
-5.199121786080983521e-01
-3.535990072313133781e-01
2.206549537232582181e-01
4.558981790375863929e-01
-6.561758124694840877e-01
-1.000000000000000000e+00
-3.127386608722734218e-01
9.632582472149132657e-01
-1.834788103692203132e-02
-4.284612298879395542e-01
4.451110163820635179e-01
-6.827429560618087923e-01
1.000000000000000000e+00
6.563488849801719649e-01
-7.239622167452592905e-01
3.732779115457171004e-01
2.279013494183436406e-01
2.111452415175754105e-01
6.242410419734262250e-01
9.179066534133606403e-01
-1.000000000000000000e+00
2.620478956490714939e-01
-6.225111972049853781e-01
-3.070399801301300080e-01
-1.000000000000000000e+00
6.601188256917845942e-01
9.154712822567429020e-02
-1.952222281746983090e-01
-7.694368870978383068e-01
1.333098194283516835e-01
-7.927086981286742828e-01
3.853703583379601838e-01
-8.352299410768273535e-01
4.208409641842402182e-01
-6.240078456724944544e-01
-6.270454038257526896e-01
9.927342286200888655e-01
8.377112182401832974e-02
-5.559439722340301371e-01
1.259828528384092095e-01
1.000000000000000000e+00
1.000000000000000000e+00
1.331583732501528949e-02
-2.949258007059422093e-01
-3.311572311131554258e-01
-6.638487756247245519e-01
2.043333964952967208e-01
4.883210417898004030e-02
4.210785009974278292e-01
-5.260072607634100894e-01
1.053113487303680706e-01
4.744455553393274183e-01
-1.000000000000000000e+00
1.000000000000000000e+00
6.924379199048392719e-01
-4.340379910148590703e-01
3.607756801350897047e-01
2.207236668590341344e-01
1.000000000000000000e+00
-4.890787123337202447e-01
-7.206590594611229639e-01
-4.858029215172804394e-01
-1.000000000000000000e+00
1.090418673851945158e-01
8.804473048242162925e-01
-6.924481823920884960e-01
1.029558554818752608e-02
-8.187309132625939512e-01
5.524923146418967423e-01
6.405647805208473933e-02
-9.877188272968090432e-02
-2.118968826908259884e-01
9.409378504787108133e-02
2.820674379385345043e-01
-2.996833740514239230e-01
4.936428747804946227e-01
6.268536275322228457e-03
5.332359090533406176e-01
-6.290992224424460377e-02
-6.458290796723159533e-01
5.604878212272690341e-02
-7.161642040135547671e-02
-6.302615782082110485e-01
-7.278703952144205402e-02
7.820441463335862098e-01
1.167805063678015731e-01
1.556757993220144742e-01
-8.240899631756858357e-01
9.044322540900664453e-01
6.318711071858030826e-01
-4.807026148077725436e-02
-7.323235270477563841e-01
4.101500261946353643e-01
5.716678488447933804e-01
-1.000000000000000000e+00
-1.051151425521185956e-01
-5.050804038016237785e-01
-2.115877866538986019e-01
-4.902572799720767427e-01
7.754090369702163477e-01
-4.351018680976205255e-01
-8.432841935132115996e-01
5.599863011632292276e-01
-1.000000000000000000e+00
-1.782878116556897430e-01
-2.165762892591692190e-01
-2.330495424288139827e-01
1.000000000000000000e+00
-1.000000000000000000e+00
3.259925070342855613e-01
