6.152938421479445807e-01
-7.622360622377262473e-02
-4.467815862940395788e-01
1.131763328903498123e-01
-2.306981526083049239e-01
-4.984138987390930864e-01
-7.051866739513670268e-01
1.281418475638687604e-01
4.395353217300917298e-02
-3.279314956886565380e-01
1.947923019837012326e-01
-3.855971625690517435e-01
-5.081763580507582256e-01
6.693934374578683899e-01
1.641276869597420029e-01
-4.171924726035744491e-01
-3.598314155457084107e-01
-5.799219812746776448e-01
2.767100035260603996e-01
-4.194408749128167302e-01
-4.298415555669259924e-01
4.564381046232651729e-01
-4.360658556443904876e-01
2.235613238871352049e-02
-2.008889016542059203e-02
4.391976469132859995e-01
2.467135933264966718e-01
-6.916189054689614313e-01
-7.761834194722593283e-01
-1.858236184691989257e-01
5.830976018028057872e-01
6.038445719351983598e-01
-4.945151018511542151e-01
-4.318340228924812951e-01
2.205000396014835939e-01
-7.436205294985298586e-02
2.801184684507824763e-01
4.395746418794010402e-01
3.825966282042612965e-02
2.245608979624902357e-01
3.780919498777851606e-01
-7.713972904312473011e-02
-1.479634069608616320e-01
5.823896624516294862e-02
2.694633962586657216e-01
3.094627614936565907e-01
6.253814911215095640e-02
-1.981812399790382484e-01
7.754935693116959960e-02
-1.958852648011494002e-01
-4.084097878592081732e-01
6.078746748480656770e-01
-1.476754078020631744e-01
2.331582100416270953e-01
5.626628024392699157e-01
-4.205255706071817090e-01
-5.429268471989998623e-01
-4.411376129881471875e-01
1.891215185275643695e-01
1.325552534178772168e-01
3.453684444394006237e-02
-1.730333805769283528e-01
-3.287976846098526473e-01
2.142121556302764851e-01
1.494403736461364096e-01
2.700551404779877873e-01
1.766341585540930625e-01
4.428869410917725125e-01
-6.392572226428200333e-01
-1.987865401322657655e-01
2.708481718500203583e-01
4.109074274130974369e-01
8.212832741884914523e-01
-3.596622508514398797e-01
-2.287761649546774662e-02
-8.465515846275589729e-01
-2.597453299685986705e-01
-3.573187916197050340e-01
1.004017627246443917e-01
-5.128597141117789970e-01
1.846599242475369107e-01
6.471771562713546366e-02
-2.353237984451573284e-01
-1.451717661632721534e-01
-5.146291605221627874e-01
8.614473613865692991e-01
2.701351667044030180e-02
-5.392218602518490389e-01
5.717162975515824863e-01
1.144839166779295647e-01
3.831466498861992864e-01
-3.904665696764308969e-02
-4.975150371075881539e-02
7.347604735329521519e-02
-1.874479442197535539e-01
2.565062786581290277e-01
-2.308629937427915044e-02
-2.387714127471316228e-01
2.214806447081855700e-01
2.691926902429702673e-01
-8.193655133924916401e-01
7.057960799165560739e-02
1.472995884083455054e-01
-5.395312932020038810e-01
6.703225296870955925e-03
-4.304070944766100748e-01
4.375015274741874127e-01
1.385099100076468692e-01
-5.236952521414205419e-01
8.090394639555071876e-01
5.606467089523927694e-01
7.338484689851898501e-01
1.319272904987477124e-01
-7.284664544404206854e-01
5.142519170492149128e-01
-7.855215459090612029e-01
-4.713388478763126666e-02
3.369139701048243785e-01
8.552998895976140492e-01
-9.784566500458330429e-02
-3.120868883010706196e-01
-4.790580373657922220e-01
3.813436729176319928e-03
1.408056776747922123e-01
2.059943070928987874e-01
-5.576333817244296664e-01
-6.029032901235009678e-02
-7.772643365380860203e-02
-1.617389177488365304e-01
-4.547496805384543817e-01
-2.176612106082622677e-01
3.108585632646939101e-01
-4.581939802463519396e-02
-1.359470723415763804e-01
6.731661295863865524e-01
9.283601061885115024e-01
-9.556396500426000973e-01
1.298308990850884637e-01
-2.808025205507118649e-01
-6.566783724878033635e-01
6.338419074343827342e-01
-3.236105328454123020e-01
-1.787825135093450701e-01
-7.000212281773191547e-01
-4.708422684180790241e-01
3.787795922405329252e-01
-5.549904613055276492e-01
3.917796143063717595e-01
7.333498025577203094e-01
1.230697085479891123e-01
1.041344549029635802e-01
-4.222440348220268258e-01
-5.771718339015474708e-01
8.609956746139293404e-01
8.906234992680737983e-02
6.821929422329032766e-01
-2.053135823956881989e-01
6.428703615680422256e-01
-3.344634650955559119e-01
8.854635478026633422e-01
-5.770948358445843196e-01
-4.072465390512350902e-01
-4.425292516703812629e-01
-4.314014271272497703e-01
5.939990623903154687e-02
2.985228170371451162e-01
2.544402936446905628e-01
-5.974543206430368292e-01
2.184628009783489977e-01
-3.910627591473976594e-02
-5.048873102893715048e-01
-5.042954888163125871e-02
3.303251983950473147e-01
-5.802370054497821839e-01
-5.420227828752021138e-01
-5.671493184708242818e-02
7.785494161604072927e-02
6.159218489596343105e-01
-5.041574815501773665e-01
6.666225831054006790e-01
-7.111450192755465194e-01
3.208679565979219439e-01
5.457382717218078536e-03
3.113394553058637659e-01
1.000000000000000000e+00
-4.285398623043102373e-01
7.113970457297761341e-01
-5.140611613086226717e-01
2.516741050743261376e-01
-1.583781656415928774e-01
-5.026045821176641226e-01
8.637140091802041342e-01
-2.408090823835780103e-01
-7.679107899293877715e-01
5.238029134422103050e-01
1.195160726953664598e-02
-7.487950053810506212e-02
-2.496839394101290632e-01
4.087425764157694430e-01
9.191110491292857620e-01
-1.985829344292949772e-01
5.482528809321280949e-01
-4.426705164518350832e-01
-1.662219389212762632e-01
2.693675623694143928e-01
6.494640643764175714e-01
6.967333116428404971e-02
4.498955206470837132e-01
-8.479544289382509037e-01
-2.989785439799657052e-01
-7.477467871658628473e-01
2.633926358599265605e-01
-2.850056998203970848e-01
-2.008020266481041760e-01
5.834004361007323336e-01
-3.711260260840064107e-01
5.114711413894438286e-01
-1.817756145084309660e-01
3.448112994059278069e-01
-3.113157503745176968e-01
7.870698977460452439e-02
-3.055444713705056103e-01
-4.338635549443074502e-01
6.868468538752777741e-01
5.592168052400775524e-01
-9.574204456958130827e-01
2.267933154855394928e-01
1.090942593859210302e-01
-2.113544490713880342e-01
-1.423218744329184660e-01
-6.584825754021556010e-01
3.775201432472882201e-01
-7.455176186966201435e-01
-5.712880031705100947e-01
-7.259381158565961223e-02
4.503964728426297359e-01
1.682349573800095421e-01
9.176896892363338443e-02
1.117740093314908978e-02
3.078266307960534146e-02
6.483540849421026708e-02
-7.578680502238133165e-01
2.713157646603874262e-01
7.073491016512226670e-01
1.322467181353329524e-01
1.328938840616073758e-01
-1.127267741344856189e-01
5.676311452130491375e-01
5.159335929226225304e-01
5.325387312455449607e-01
-4.771658061371290005e-01
2.017865071242742891e-01
3.114420337428933649e-01
-4.181459191440495271e-02
1.224616366876583040e-01
-9.593057890105487484e-01
4.527293355867963998e-01
-1.935576201580955016e-02
4.785470357424610743e-02
3.432774878808519947e-01
-4.025350276471484912e-01
-8.723775305874046371e-01
7.951316850404366310e-01
4.339044297302133701e-01
2.003397426093014855e-01
