1.959323447181567091e-01
-4.226834830042133784e-01
7.645721264769916869e-01
-9.141080364559635019e-01
-2.995455403825906249e-01
-6.774509058966067254e-01
-9.607613760530115954e-01
-1.602142173415931070e-01
1.652720202168799779e-01
2.114713833579298652e-02
-3.143672479244527529e-01
-3.556499527701325047e-01
-7.615029195672546880e-01
5.148844429222572128e-01
-1.000000000000000000e+00
-3.103120864682498148e-01
8.023885351129237398e-01
-8.133281506465241950e-01
2.637469096250687484e-01
-2.735396515237737969e-01
4.851125480966415882e-02
-1.000000000000000000e+00
3.260590231529882366e-01
8.948406214994385488e-01
-7.327630200383428161e-01
8.259676503810625681e-01
6.039578933047922565e-02
1.402009197509374028e-01
1.000000000000000000e+00
1.000000000000000000e+00
-3.924114077534886225e-02
-2.732351169719097195e-01
9.966178809492308721e-01
3.271080623344843064e-01
-3.198154438936300359e-01
-4.271408629943171942e-01
-8.588239488081536033e-01
1.303755350457259654e-01
1.000000000000000000e+00
3.679568217280417830e-01
4.679462364215153380e-01
1.000000000000000000e+00
-4.582656697721227967e-01
8.782478385750173144e-01
-3.104693975141457618e-01
7.394775324737584699e-02
-4.177211644813871860e-01
4.953499400949356590e-01
1.436819528390537171e-02
-6.875418157076454984e-01
-7.017841473378715333e-01
2.766451624308772228e-01
6.616152932799634900e-01
5.994470746912386461e-02
-8.037893976010770380e-01
4.018346568166143440e-01
-4.283385509964525717e-01
1.000000000000000000e+00
9.508761117931946449e-02
-5.833741985419045317e-01
3.069127785132754749e-01
5.463018815095389558e-01
1.000000000000000000e+00
-7.824103009232293848e-01
-9.946322328819646730e-01
-5.483966354562537227e-01
2.188635415942603302e-01
1.142694690371984234e-02
-3.332533822124234546e-01
8.327740378855545966e-01
3.216425584799986748e-01
-6.408558711547112097e-01
9.599997865616429760e-01
-9.711956367344155572e-01
-2.107466599099571680e-01
-9.574882609856001370e-01
5.032104311735480229e-03
3.469879005744162526e-01
-4.979368687314260633e-01
2.411822642211589041e-01
-7.538475754620693747e-01
-6.212801652778565664e-01
1.044269306969784206e-01
-5.643639974744746324e-02
5.351265136981101511e-01
-9.100434314307138672e-01
-6.962416826856621110e-01
-9.009123120056174994e-01
8.880254284063648917e-02
-8.521949477580248455e-02
-7.732633326942841556e-01
8.855662310217600197e-01
7.500644669364116279e-02
-7.629229971063656857e-01
-5.713540565968222573e-01
-3.652332470825065402e-01
-4.957996336681522176e-02
6.307493655760951778e-01
5.897942284192039253e-01
1.000000000000000000e+00
4.482300574072550781e-01
5.969256363148326416e-01
7.596454508149759199e-01
-1.000000000000000000e+00
-3.977760612866614309e-01
5.875318047650950337e-01
-7.937368102823300076e-01
3.901574088870991552e-01
1.298036078301854634e-01
-2.743017140850086966e-01
1.000000000000000000e+00
7.962251771735253669e-01
7.910866971705818873e-01
3.190985243521380355e-01
-8.749761794933568204e-01
6.992516882021572178e-01
3.848126998514075359e-01
-7.900094174456472051e-02
-2.277351588574444141e-01
-6.062102070995631919e-01
9.573357741047257008e-01
-5.380719341951754053e-01
8.903804530650445415e-01
-1.611747925581716312e-02
-3.653429864574221364e-01
-4.025279253113998590e-01
9.776948261382880645e-01
-4.172165288831641838e-01
-5.910356645535604914e-01
2.993278644684972400e-01
-1.000000000000000000e+00
9.382329839454077725e-01
-8.851568477867555185e-02
6.396890304001724425e-01
-7.930025503004047016e-02
9.006504433023589939e-01
-1.000000000000000000e+00
-6.941653610509563865e-01
3.631729144625747141e-01
7.397650784366593957e-01
-8.809674892883375685e-01
2.605167106885226125e-01
-2.723157187645163235e-01
8.301642317107232882e-01
-1.575498276920204166e-01
-3.986361437249019146e-01
1.167719624642183651e-01
-5.420665357064169410e-01
-3.342298261746012855e-02
7.051629786214119733e-01
9.581873715511004530e-01
-6.898444719180528428e-02
1.199245856830496587e-01
7.544817259796170461e-01
-5.409749842660699359e-02
-8.053391911587782781e-01
-8.431747579871508025e-01
1.550709131801707996e-01
5.550183588397956669e-01
-4.415758764879929021e-02
-8.346979102547367191e-01
3.771518584761460735e-01
9.548406178508234143e-01
1.000000000000000000e+00
1.000000000000000000e+00
5.669664302346841822e-01
5.883863050252432503e-01
-1.776869762277943632e-01
9.732968310430593073e-01
-5.692149152357348640e-01
-4.259196232489667611e-01
-6.428486757517297701e-01
-3.108894097210894714e-01
2.727605055770720432e-01
-7.884024452560026153e-02
3.887704639354764846e-01
1.173551286546519190e-01
-6.274918853544084740e-01
-5.287702305322355967e-01
-5.666820374889403045e-01
-6.913453519376195899e-01
-4.286766740241385598e-01
4.458580713497691250e-01
-2.423713827061443615e-01
1.683829696900763784e-01
7.033566402577010601e-01
1.000000000000000000e+00
-3.699202937697945170e-01
3.672362753153017856e-01
-1.017186046690485707e-01
1.475555650417089970e-01
2.883467394339885304e-01
-2.720182088121458897e-01
7.308148888295777912e-01
2.575228771631827840e-01
-6.637088577511555121e-01
-8.464119469995092793e-01
3.319763515095838780e-01
4.387988174102350203e-01
-5.704300861783810905e-01
-3.873200431084787843e-01
-5.388710108335263982e-01
9.723358776206998400e-01
5.046544527499887689e-01
-4.713067783121026588e-01
-7.809932430061110598e-01
3.587938920199666981e-01
6.970551012525976198e-01
-7.334325925393498924e-01
-9.951930700918167894e-01
-4.008228692235429325e-01
-9.057058325345437866e-02
1.891320295530681816e-01
5.221551636423003018e-01
-1.506214624328812146e-01
7.314075811738788291e-01
-8.207349712822384902e-01
7.918510574129576929e-01
-6.023105881685437701e-01
8.701663242927281106e-01
-3.922127989757989153e-01
-1.000000000000000000e+00
3.967636562066614303e-01
7.325405452668077855e-01
2.666276456279074725e-01
-7.455120117170627170e-01
5.196962505147256772e-01
-8.493557401167584064e-01
8.445078810446911000e-01
2.997263452058206989e-01
-7.124274601142078778e-01
5.502164434415010019e-01
-3.405743648891546016e-01
8.420480945325198308e-01
-5.571763172541582820e-01
1.000000000000000000e+00
-4.977138715963113635e-01
-1.000000000000000000e+00
2.306850980010927421e-01
-1.000000000000000000e+00
-6.023096697980823144e-01
-7.279673614651277491e-02
2.429991803511346304e-01
-9.539720304647354432e-01
8.593887207056368771e-01
-9.236332520064804985e-02
1.292198360017003389e-01
3.217821399217978273e-01
9.554658986066164594e-01
-4.626771914451915935e-01
-6.454435917426184499e-01
-1.000000000000000000e+00
9.869709308954260907e-01
9.854978098364091110e-01
4.131086853620049015e-01
-9.332105410014008839e-01
6.232125166996393961e-01
6.968311073777747611e-01
-3.998491512178712348e-01
1.000000000000000000e+00
-5.838048721232055316e-01
-1.428216694607966075e-01
1.000000000000000000e+00
1.093056349092409174e-01
5.878325891511995138e-01
