-7.410426105653603601e-01
1.737001009974534771e-01
1.000000000000000000e+00
8.244487509037362605e-02
-1.000000000000000000e+00
5.142291559034674053e-01
3.056560485069593769e-01
7.342218322657253493e-01
-2.451363698769765676e-01
-4.231879830467354386e-01
1.071039114158794381e-01
-1.000000000000000000e+00
7.423284738523877602e-01
-8.199398812501828004e-01
-1.000000000000000000e+00
3.261762292362533899e-01
5.274755360769064483e-01
2.703248860195029413e-01
-9.012917552313977065e-01
-3.109565115991560491e-01
-1.485921967927099907e-01
-1.179203733815401139e-01
5.769425747538364790e-01
1.000000000000000000e+00
8.065016980059882545e-01
-6.677157798041495340e-01
-5.992104486247039619e-01
-5.798569091711047729e-01
-6.308390246794468581e-01
-7.524556243537399158e-01
-9.714898584746727295e-01
-1.000000000000000000e+00
-7.659950544219660262e-01
3.118679882876967957e-01
-1.134863110181309476e-01
-1.571005211265738832e-01
-1.815770130465657606e-02
-9.517099659414879342e-02
1.827754910880914074e-01
-3.300159333564147701e-01
-5.243611471403827329e-01
7.583657488392998580e-01
-4.931029547281140513e-02
-2.051185098765976877e-01
3.104461044795340241e-01
6.772901333066438934e-01
-5.121298522194309699e-01
1.293805704014279190e-01
6.872347760279302609e-01
-9.593106483129283379e-01
4.269435313639757812e-01
1.000000000000000000e+00
-1.859946605637184947e-01
1.000000000000000000e+00
2.069071978155818115e-01
-2.875043109674428887e-01
4.022208625859896580e-01
6.050124233170736110e-01
8.719407121979023678e-01
-9.014488560392068528e-02
-1.313296034001873724e-01
-1.552732995215151401e-01
-3.085525133401468278e-01
-3.667107982026632795e-01
4.531352402696797732e-02
1.652330621478769745e-01
6.123167658694257387e-01
-6.018778108191513709e-01
-7.989423208557950851e-01
3.714905870599382043e-01
5.755512853180024813e-01
-4.301369261363285901e-01
7.088947280308306453e-01
4.179325086905062436e-01
6.242232388497652718e-01
4.872331895163583004e-01
6.953107757356159491e-01
7.293218320433964008e-02
-9.847184715582018022e-01
-3.458764778458044142e-02
-9.798868721722340247e-01
1.739475783333784276e-01
-5.535244012891855636e-01
4.188853461197161732e-02
1.610005789085258987e-01
-4.300033840477435199e-02
-4.974780143638945495e-01
9.860529639259070223e-01
-8.604877275425118488e-02
-1.000000000000000000e+00
5.584530229451193373e-01
-1.357704932970212053e-01
4.110441152186058433e-01
1.000000000000000000e+00
2.391635272344924124e-01
1.000000000000000000e+00
8.801586398184366722e-01
-4.116831834467175044e-01
7.248803705283296539e-01
1.000000000000000000e+00
-2.067325120822227635e-01
-4.713376143492437054e-02
-7.588845998452969921e-02
5.680749707953673955e-01
4.129444704834373536e-01
6.671262669136066581e-01
3.461761813137466670e-01
8.735106110586274841e-01
-2.212788601621062390e-01
1.031739138706249670e-01
3.927062240314550534e-01
3.695904225025947176e-01
-3.564770538286521351e-01
-1.260859214529227446e-01
9.677385534820617807e-02
8.913997367472166200e-01
-4.223707583089321149e-01
-1.094659807421392850e-01
8.063597460175477849e-01
-1.000000000000000000e+00
6.069985274134698239e-02
9.669570798558362323e-01
-1.420907837440297528e-01
2.421532287396144234e-02
-1.000000000000000000e+00
1.000000000000000000e+00
-4.745445908139677149e-01
-4.465227495545642800e-02
3.019843031059682992e-01
-1.608057000364483125e-01
-1.000000000000000000e+00
-8.760752985392511460e-01
1.000000000000000000e+00
7.458594587285843902e-01
2.944394030597705658e-01
-7.343300451324479283e-01
2.228058105658631272e-01
-4.622656234220858251e-01
4.480161521519231416e-01
5.764190249963997426e-01
2.714302639413702090e-01
-4.960035446551870342e-01
-7.135671005026196223e-01
3.098075898787885363e-01
1.368993931298435607e-01
-4.603554725667757808e-01
1.472592413431230429e-01
-6.092266982449114909e-01
2.392054654866599128e-01
-2.155637551429223642e-04
7.541423594975292799e-01
8.661440856386659615e-01
3.748005961931156760e-01
7.014760508621636914e-01
-4.056800604204029992e-01
8.644304456190248231e-01
1.000000000000000000e+00
-5.056979202834785969e-01
8.394426266942848214e-01
-1.495384975380562309e-01
2.331991051376807178e-01
3.223378850662553252e-01
9.336556289288748811e-01
1.000000000000000000e+00
-1.592735404586871073e-01
2.959914131094700807e-01
5.591938275885717236e-01
8.407491317874357106e-01
-4.106690923173022534e-01
5.723212260202539259e-01
-3.607871613931125654e-01
-3.096661246158904923e-01
-5.934473494743082167e-01
-1.431813830291626122e-01
-5.640766586425565166e-01
-6.191421344362363355e-01
-2.575449778277926205e-01
-7.589771102454302421e-01
-2.700040851717923629e-01
3.489186353016045239e-02
-1.000000000000000000e+00
3.141028002010420872e-02
1.497740925377573085e-01
6.576676223367358687e-02
4.732524925405157123e-02
1.084890059467686352e-01
9.357628895312376516e-01
1.000000000000000000e+00
1.000000000000000000e+00
-1.000000000000000000e+00
-1.000000000000000000e+00
-7.724193635883418452e-01
6.583091750874999759e-01
5.621501495520143665e-01
-7.486034424314393920e-01
-8.385655061607141247e-01
3.343618321677208627e-01
5.109059961398926264e-01
3.315404983597133315e-01
-7.590492051266757301e-01
-4.833259117676872996e-01
-7.983386865561549195e-01
1.742369749879608132e-01
1.804268216463149055e-01
5.310775704097410177e-01
-8.948597249982696011e-01
4.398508741584318815e-01
8.237765231229150498e-01
1.000000000000000000e+00
3.737468887336523604e-01
-6.799781140642179311e-01
-4.361775947201738113e-01
8.842362872321178902e-01
4.502713064737875470e-01
-9.591039327293795491e-01
1.904444139903343491e-01
-3.736027573590852691e-01
2.488194024235411417e-01
-3.701276769540548517e-02
-2.858482838005302340e-01
-2.729011488972404309e-01
-2.255682716708000690e-01
-1.000000000000000000e+00
7.469985785605783857e-01
-2.523394379112786079e-01
-1.000000000000000000e+00
-8.865315528719591720e-01
1.000000000000000000e+00
3.832700885019884041e-01
4.923651190599013239e-01
-3.774751606802304038e-02
5.808395071265595178e-01
5.772162346685421053e-01
8.994263677859551942e-01
7.003619504366591642e-01
-1.000000000000000000e+00
8.823937040739496251e-02
2.355307882521028295e-01
1.741864149327980171e-01
8.473597630485829590e-01
1.455763406550691641e-01
-8.891986981062540707e-01
1.695130709630935373e-01
1.000000000000000000e+00
5.800577674664028072e-01
-2.393978016230054184e-01
-1.242619623424711661e-01
-6.526375763051813772e-01
2.456514362587125522e-01
-5.366927109968546716e-01
7.024059216614728651e-01
4.942740378386795141e-01
-9.292195640037604898e-01
-1.929203483765060123e-02
1.499242025088012853e-02
1.042726253090364014e-02
7.136080844696980341e-01
6.483222152444148012e-01
5.178446788307577986e-01
-1.473597298703932801e-01
-3.915353833403430461e-01
-3.317950435535447218e-01
-7.509742457252096548e-01
9.199186552120546256e-01
-1.162990419404242026e-01
