9.669584732524416637e-01
1.000000000000000000e+00
-1.000000000000000000e+00
8.410383059842251319e-01
-9.061478890727195923e-01
3.200539972313021786e-01
8.474392047980968679e-01
-1.000000000000000000e+00
5.721259550196526877e-01
-6.605855986025532811e-01
2.727432959875412122e-01
9.527776564119757596e-01
6.096133469995562715e-01
-2.496979749069916377e-01
4.786333185391197231e-01
-8.382683109816159162e-01
1.635997724778409657e-01
6.743766659829787402e-01
8.197762463940461153e-02
-1.638259433767348117e-01
-7.963760501458636565e-01
-6.633827761674702117e-01
-3.063304189742992456e-01
9.890623784318872680e-01
2.073218412758247586e-01
-6.344183174492323829e-02
-1.786767488682134419e-01
4.827676549172920106e-01
-5.161688812275023741e-01
-1.111188225109355221e-02
3.596503388361058651e-01
-2.981760562040379758e-01
-1.000000000000000000e+00
6.060298570441979837e-01
-7.917810034047898515e-01
4.834460147699053412e-01
3.309958235590604314e-03
5.407406212557394065e-01
8.366976713255689369e-01
9.052552756854059801e-01
-8.738505331447138369e-01
-1.000000000000000000e+00
-1.588127403589343067e-01
2.068050140882967680e-01
3.588886923321136790e-01
-6.290958442381184845e-01
6.877277415641718239e-01
9.470024579353096550e-02
2.656401313206983028e-01
2.096012322845428044e-01
1.000000000000000000e+00
-1.447233548757004828e-01
-1.000000000000000000e+00
7.806846179976522082e-01
1.045496895390066183e-01
1.000000000000000000e+00
3.685206758141860162e-01
1.000000000000000000e+00
-2.843184476459508225e-01
4.452978788866205351e-01
-8.076806116843171512e-01
-6.347503490962416173e-01
-3.292226005813074230e-01
1.538745813355242853e-01
1.000000000000000000e+00
9.728132380169703108e-02
1.003517859144313074e-01
5.630710805477134873e-01
-9.496625809706283894e-01
-1.000000000000000000e+00
8.230900985689533211e-01
-2.600717623482668994e-01
-5.032146493221957284e-01
-1.000000000000000000e+00
-9.620242201631390433e-01
6.474495271579314704e-01
-6.387760275902458762e-01
-6.127111887522316280e-01
8.645497640187832511e-02
1.000000000000000000e+00
8.548067570491091338e-01
-3.536471794593770146e-01
-1.000000000000000000e+00
1.000000000000000000e+00
-7.964434045096513426e-01
-7.551854928656112076e-01
-1.574413541529980365e-01
5.266334939499004442e-01
-8.674326862275878458e-01
-6.657355835266490773e-01
1.699009257827314434e-01
3.798881381810059743e-02
6.839522783220634006e-01
3.908889164930272608e-01
-3.489572700306065034e-02
2.895407333969403085e-01
-8.670741288934331603e-01
6.226143113296795928e-01
9.366536009694914622e-01
1.857879952028932691e-01
4.303844064853312723e-01
2.172180469970216854e-01
1.000000000000000000e+00
-3.062403153448547410e-01
-8.113518296959166820e-01
3.617253018434603007e-01
-3.864793553707551038e-02
-5.758166305823376740e-01
2.913088153572470085e-01
-4.995142267951517279e-01
-1.486151642564349784e-01
-1.000000000000000000e+00
-4.101985878527663609e-01
1.156262884794669876e-01
-2.716158376351462955e-02
9.041031191672919132e-01
-2.106314874678474891e-01
-3.903641174300159777e-02
-1.000000000000000000e+00
-8.824509185060561700e-01
-6.531747961427525340e-02
1.299779551188240401e-02
-2.782699022607099670e-01
7.148719339225106939e-01
8.016343284093339072e-01
2.833784045991878386e-01
7.280121709744108438e-01
4.296435922745628355e-01
7.405357843107149840e-01
-6.570269172260858603e-01
7.077840286491761113e-01
1.000000000000000000e+00
2.939029578542067256e-01
2.372829346948538212e-02
-7.581962000305219052e-01
-5.746142724495494347e-01
-2.287268971842185972e-01
9.165549188514682255e-01
-9.368633816411264803e-01
-5.599836514039382429e-01
3.698612724776839666e-01
-1.684887845965421516e-01
-1.000000000000000000e+00
-7.533675234362602335e-01
-7.330760794992682294e-01
-2.092498176080135885e-01
3.425893821220965529e-01
1.000000000000000000e+00
-5.340196497249983798e-01
-1.350384409750650105e-01
-4.489806203357172287e-01
-5.128970816016965584e-01
-4.573776296452013446e-01
1.000000000000000000e+00
-8.172088735996667630e-01
-4.509097581885064543e-02
4.231117222825072632e-01
1.259421009313974882e-01
-2.984030133749762115e-01
1.000000000000000000e+00
-6.434074837159752258e-01
-3.366149863561340716e-01
-1.322052549701487334e-01
5.367043397745330235e-01
-4.071980539236985663e-01
-8.611675144415621430e-01
4.704498024838806025e-02
-3.388680512766285569e-01
1.319406098543315364e-01
9.175006141536519166e-01
4.398271032617999121e-01
8.311315159350962656e-01
-1.000000000000000000e+00
-2.740672842434866419e-01
1.000000000000000000e+00
3.253416485818909354e-02
4.407840151733899425e-01
-7.239462093616702565e-02
-5.513253393085366660e-01
-6.778209824963898900e-01
-2.216480701536255316e-01
-6.696965255361821967e-01
9.977317511312303600e-01
-7.383083375134071868e-01
5.197512351507365125e-01
3.222726659042974284e-01
1.596138389927549417e-01
-9.585897672322630791e-01
-4.306875082317027092e-02
1.466522689037486060e-01
-1.000000000000000000e+00
-1.594817058395358866e-01
1.000000000000000000e+00
4.101828558441211192e-01
2.802546719723011392e-01
-6.230539548933866634e-01
1.682691448609910378e-01
-2.930763812288981751e-01
-8.772185921762131189e-01
-8.559340874968833779e-01
-3.806755677778961289e-02
4.594293661248715077e-01
7.304862795534572406e-01
5.380143226527154265e-01
1.140669980942745632e-01
9.017780848868700572e-01
-6.860594683764087431e-02
1.000000000000000000e+00
-1.717159006877457261e-01
5.607496550210975261e-01
-2.262904434212789639e-01
3.409069501102859334e-01
6.454750886660975961e-01
-2.390056155123000403e-01
4.962827570029203494e-01
1.000000000000000000e+00
-6.589949819430853672e-01
-1.000000000000000000e+00
-3.472232859384716819e-01
6.829485766254803636e-01
1.000000000000000000e+00
-4.001814657605213266e-01
2.283157020105667234e-01
-2.023161942389888612e-01
8.610335046912167556e-01
1.000000000000000000e+00
-1.402910365307235285e-01
4.036130773141642925e-01
1.000000000000000000e+00
3.027029374954927077e-01
-9.238874748023139238e-01
-1.057187658485053416e-01
4.175177552125329261e-01
9.381869294903683043e-01
3.313588549281931139e-01
8.666839591980446400e-03
-1.810884382564686701e-01
9.300555303774100668e-01
5.325556839703586842e-01
-2.409869319072609484e-01
-7.089376871815575853e-01
-5.283956849141177026e-01
1.000000000000000000e+00
4.633533223941929680e-01
3.586202310085280232e-01
-1.000000000000000000e+00
5.687246165982344781e-01
8.355521537384597019e-02
9.266559954350912509e-01
1.196581561364365998e-01
-1.000000000000000000e+00
3.651233064601482337e-01
5.109866880359872354e-01
-5.691930415780463992e-01
-2.531738928956617785e-01
5.769309848035444332e-01
-9.902492320536938619e-01
2.669636782022661858e-01
1.000000000000000000e+00
8.656796954357418583e-01
-2.925634690900394963e-01
-3.992325356600891495e-01
-7.960409597435018636e-01
-1.000000000000000000e+00
-7.063699970264727401e-01
