-6.455478478643024154e-01
4.544380359669292213e-02
5.151919342200984575e-01
-8.446692680992710089e-01
9.448400328377271062e-02
-6.469615788638285458e-01
-1.812424479512642073e-01
9.468982822208831251e-01
7.293970519047143775e-01
-1.888079202287118452e-01
-8.614210379640742099e-01
7.690686317243023984e-01
-8.619861086674338591e-01
-7.878025666277888028e-02
9.792508970265584312e-01
-9.711724976358356853e-01
9.073802659814453886e-01
9.229517925640283726e-01
1.000000000000000000e+00
2.372696468077289400e-01
6.494303025778281890e-01
-9.760537645909197479e-01
4.034111584498880632e-01
2.908112759364182009e-01
-4.638396098119665911e-01
1.000000000000000000e+00
5.173850575234000271e-01
-1.000000000000000000e+00
6.498996979618870684e-02
1.000000000000000000e+00
-7.978883015247353327e-01
6.545765784962027656e-01
-8.159461913836352220e-01
5.383139672971943845e-01
-1.000000000000000000e+00
-3.490844873772471768e-01
-1.000000000000000000e+00
8.882947851322400279e-01
-5.467282511981172988e-01
-6.811311290157302523e-01
7.223536517881019581e-01
8.703190963127120650e-02
8.169813331586092131e-01
3.032946975752628949e-01
-1.318370028797545834e-01
-4.965319446917917379e-01
3.035352042433013264e-01
-6.886951038620642285e-01
5.844214504607549987e-01
-2.270715952422079909e-01
-1.000000000000000000e+00
1.034873380586260327e-01
-9.377038444313848808e-01
1.000000000000000000e+00
1.000000000000000000e+00
1.855433536674516715e-02
5.902070731514907909e-01
9.330444882323840616e-01
-9.365936470182121276e-01
4.161587094598799830e-01
3.773336125994161128e-01
6.439979768924114500e-01
9.481036434400336166e-01
-2.290218805521605505e-01
1.960590755128949203e-01
-1.251962809428319723e-01
5.668021515285976974e-01
9.304689753760475579e-01
-1.062854205097059634e-01
-1.000000000000000000e+00
4.664504652488755954e-02
6.074896902509101526e-01
1.000000000000000000e+00
-3.201495174313340186e-03
-2.498020459589307962e-01
5.294126056149585091e-01
5.695039436006854583e-03
-8.742018138221312462e-01
2.909554620025497362e-01
-6.875341804428434234e-01
-9.484811986258913086e-01
5.103859333636423523e-02
-5.113317108811601397e-01
-8.609232949432630289e-01
-4.961398012723978179e-01
-6.165105872196952053e-02
8.590428564910745912e-01
-4.007601442648114354e-01
3.211554865420231386e-01
-1.000000000000000000e+00
-8.920654637502982709e-01
-4.624197490277259792e-01
-2.006630252699399264e-01
-1.518224938570645333e-01
6.093315086924693258e-01
-1.243840634012467472e-01
8.964722990482398846e-02
-1.000000000000000000e+00
4.071049362541179217e-01
1.699805081590266553e-01
-2.815512335509936515e-01
-1.513162328920694133e-01
5.704279025652987389e-01
7.695973073508218798e-01
2.319967789956123294e-01
-9.921454403467332428e-01
-2.587515033544173226e-01
-9.020448389880366680e-01
-1.785463662209618163e-01
3.964244618972561085e-01
-5.861169188465568114e-01
-9.063734395015703438e-01
-1.000000000000000000e+00
-1.000000000000000000e+00
6.988204198746927887e-01
4.125283694911587862e-01
-7.518965050524410998e-01
-3.730827761420705269e-01
-8.572166581054337930e-01
-4.026248239557309039e-02
8.278833870808450790e-01
1.000000000000000000e+00
-8.530241999781920104e-01
8.060319950699440517e-01
-8.545980304248351755e-01
5.789531462035378828e-01
6.795214848104742800e-02
7.977559176417227393e-02
7.558775815182741109e-01
8.450828124805238595e-01
1.000000000000000000e+00
-1.000000000000000000e+00
1.269818760323198070e-01
3.671436052724225130e-01
-2.598678198831890218e-01
1.000000000000000000e+00
6.353280709947388694e-01
5.347618908911786484e-01
-9.403070336102395954e-01
-9.638371123852451650e-01
1.000000000000000000e+00
-5.464373083825656563e-01
-2.188978033408504331e-01
5.740295307960368021e-01
-8.827309665333868405e-02
7.802082870182744934e-01
1.061276341883277685e-01
5.089526656536875748e-01
-1.769013486219692954e-01
-6.412305897528270959e-01
-7.467633332123932988e-01
-1.000000000000000000e+00
1.440683151661459327e-02
-4.064132544615769449e-01
1.282777601528829192e-01
5.585646550326575088e-01
5.800394123400798296e-02
-6.983573042882498250e-01
-1.000000000000000000e+00
-4.717840377930933998e-02
-3.834836303695106086e-01
-7.375879570919834372e-01
1.620719995620619192e-01
2.281371335504080999e-01
2.637328526559017394e-01
1.000000000000000000e+00
1.000000000000000000e+00
6.548066172344618741e-01
5.532300987872983411e-01
1.589566098687360540e-01
-1.000000000000000000e+00
7.578427714080153699e-01
-5.927682860248040253e-01
1.411681341042022586e-01
3.801641690086783321e-01
7.302084105618555920e-01
-3.014787389814688745e-01
-6.980376996653602228e-01
-3.983180450896378622e-01
4.542963398124614249e-01
-9.533251764460451971e-01
-3.748490701742260289e-02
8.681638844388522847e-01
2.791999821392314729e-01
2.585753484247549361e-01
3.274070968825418260e-01
4.632516395160070632e-01
-7.051367531191370386e-01
-1.510015784007290307e-02
-1.594450055246499631e-01
-6.839577755533972070e-01
1.496149314387337226e-01
-9.212284154463236396e-02
2.797069391507074343e-01
-9.534202860923743916e-01
1.164518766521878967e-01
-1.000000000000000000e+00
-1.434555390714317424e-01
8.117038493924664255e-01
1.000000000000000000e+00
-9.218465190677908039e-01
-2.517285037366017164e-01
-4.691714128151674990e-02
-1.000000000000000000e+00
-9.635140440472322876e-01
9.618049074059558112e-01
-6.366902147240472987e-01
9.494177809505693899e-01
-1.000000000000000000e+00
4.762365639360779945e-01
-7.167990422800115669e-01
8.388337980059009658e-01
4.427309355420109283e-01
5.241345728917946589e-01
1.000000000000000000e+00
7.743525518531217955e-01
2.622226475280743374e-01
6.119386386102683151e-01
-3.377282917358026548e-02
7.445188642656268563e-01
8.958984530479826569e-01
1.545857843201912663e-01
-1.000000000000000000e+00
4.818828333349050030e-01
-8.089418069428100377e-01
3.650049596359703635e-03
-9.169390336796714447e-01
-6.140737334510631973e-01
3.259894573680280905e-01
-1.558449018963870281e-01
-1.953924625570439277e-01
-6.051566848726865899e-01
-5.433597717715201725e-01
3.826014817435071103e-01
-3.085298705322349067e-01
8.257508102736523803e-01
7.814641012217365956e-01
-1.000000000000000000e+00
-1.433236606860156526e-01
9.068901171666317040e-01
-9.354933292324267846e-01
-2.116813996848934121e-01
8.095822530759458902e-01
5.925376221147784506e-01
2.181092239526007670e-01
2.582847082778856607e-02
-9.856966597938596752e-01
-4.823217386765860648e-01
8.569753775029262388e-02
-7.192033926870999849e-01
-4.947782724207508975e-01
-4.527885606581506794e-02
-2.324994981634715963e-01
4.757555628574366979e-01
1.917142763049675680e-01
6.748848250673978866e-01
6.860187876368254445e-01
7.015149210555521320e-01
-1.000000000000000000e+00
-6.289098050059060974e-02
-5.598814961177248639e-01
-3.675334767216866805e-01
7.023730238250910363e-01
-6.523344004186551470e-02
3.165233779410361326e-01
