-1.708115645249758674e-01
-9.856348676757582528e-01
4.802497031142393125e-01
-4.382048900518191181e-01
1.403954374682354900e-01
-8.407709897120138054e-01
-3.239824847189075319e-02
-4.134742165658034097e-02
8.910833747585320541e-01
-2.580947404689460933e-01
-5.347030515345888579e-01
-3.865070232673921136e-01
-5.630982599573843839e-01
-1.000000000000000000e+00
5.411772499953317883e-01
4.786356463758463242e-01
7.850337282080623869e-01
7.361989424662596093e-01
1.000000000000000000e+00
9.523999496123480846e-01
-2.597200434777493516e-01
1.000000000000000000e+00
3.320350513857223129e-02
1.000000000000000000e+00
-5.613486312490945096e-01
-2.233136632033344837e-01
-4.610862938717956161e-01
-3.047122096104881717e-01
-8.396507670028634518e-01
3.549832521566542165e-01
-1.000000000000000000e+00
-1.000000000000000000e+00
-9.467347393864782301e-01
5.452888912504291197e-01
9.274105088940098884e-01
4.479068639745471536e-01
6.563448965371267985e-01
3.518282739507423984e-01
-1.000000000000000000e+00
5.611529904428055326e-01
-8.377671793706746861e-01
-9.552346149932117170e-01
6.983015307876379030e-01
-6.909308595938432052e-02
4.920015317079054484e-01
-1.990226139910033498e-01
-8.633719786485152259e-01
6.818566062189128640e-01
-5.823747154582157304e-01
-3.148023108209048182e-01
-3.395549828452671948e-01
9.850302968822625127e-01
-4.906461971417576118e-01
-3.741487696813375896e-01
-1.892050258256066653e-01
-9.657327797270234271e-01
1.859589445111227979e-01
-4.481667957239945932e-01
4.894734510823188778e-01
7.891214213816475365e-01
-7.637066572764471539e-01
2.137471008607198519e-01
-3.629041112943987013e-03
-3.570158691443972576e-01
-6.570723381792121787e-01
5.526913733585619992e-01
-4.989865571125204902e-01
-4.544046339283384084e-01
9.910230221849063437e-01
4.558611018689184835e-01
2.840751289924809964e-01
3.044579382814050494e-01
-5.693253973458264339e-01
6.838729361568098852e-01
6.382506726319800983e-01
-5.538046729850182315e-01
3.402197958645623577e-01
-5.330789204067087894e-02
7.447396893984169486e-01
-4.069375008383031567e-01
9.032185331446120902e-01
1.000000000000000000e+00
9.568726708518601187e-01
-8.356997308158414794e-02
1.317509434154977566e-01
-2.928859905462956603e-01
7.704272532807809881e-02
-2.437862613232213427e-01
4.679299781574770556e-01
-6.288447174760837255e-01
8.337833555205550473e-01
-1.706613929180620937e-01
-5.654232696344042575e-01
6.280901475816336177e-02
1.000000000000000000e+00
-4.906249163999185647e-01
-1.000000000000000000e+00
-3.217204741293190340e-01
-9.380611509217743338e-01
1.077147501329051571e-01
-2.642029926652514349e-01
2.668177668215813703e-01
-3.732725014994368595e-01
-4.217456789470048206e-01
-1.000000000000000000e+00
-9.101060426523337465e-01
-5.866883372494461346e-01
-3.844778740787093696e-01
-4.944268018649694008e-01
-1.484349584310512005e-01
4.939883103677706888e-01
-9.615359380359428387e-01
1.129940773053068059e-01
3.954346667398804804e-01
-5.522638238579761216e-01
-4.652824463414514389e-01
2.428499376849890812e-01
5.806131939122060048e-01
-5.537006237963175426e-02
6.701393741679457783e-01
2.162454295322814302e-01
-9.244337267041990991e-01
8.532099323559689807e-01
-7.009922781967417582e-02
1.805608863604890590e-01
6.713413047268234068e-01
5.560170609372843131e-01
-9.308273594552729513e-02
-3.218330290199979959e-01
-8.811668195011932436e-01
-3.368894489940564840e-01
9.860963925654151474e-01
-6.926606397473531462e-01
1.000000000000000000e+00
2.967505545348010365e-01
-5.845498362417147487e-01
1.440877202459840689e-02
3.801563397556783075e-01
9.059741132529045560e-01
4.802230363596081408e-02
5.952572763891498253e-01
-1.099202506011372760e-01
8.630876109974248145e-01
5.291204786178610453e-01
-7.729705646502921246e-02
-6.534975424757263340e-01
-1.000000000000000000e+00
-9.192168042666871708e-01
3.841346863968672087e-01
9.834221503260441866e-01
-3.076614996263499213e-01
-6.055675445742951801e-01
-3.772019218263310547e-01
1.000000000000000000e+00
-8.867119645215635337e-01
-6.743763411043826039e-01
-6.101160782693004769e-01
3.938502355047244219e-01
-7.169557844973979410e-01
-9.877838606277121736e-01
4.149883905736815315e-01
1.535848859459363891e-01
-5.080157758516974376e-01
-6.658830741559065292e-01
2.763217404521409737e-01
5.703500222198141234e-01
-7.374187467910401361e-01
4.346127020747089231e-01
-1.654947919064108097e-01
-6.080521720547693576e-01
1.838607995938759121e-01
-4.612698998842276743e-01
5.104485809425356457e-01
3.056515208186042498e-01
3.157423273741094549e-01
-1.000000000000000000e+00
-2.019474066728402517e-01
-5.055877850046711086e-02
-5.114964477543273436e-01
7.127922461847957525e-03
3.835031091883130405e-01
-7.540856282312169423e-01
-7.871759263393000028e-01
7.611667291392828494e-01
7.230780006798313009e-01
-5.017438732506759314e-01
-9.392614678708918197e-01
5.183277752745638622e-01
5.086021855448137341e-01
-3.199059522572732517e-01
1.000000000000000000e+00
1.802366161579420922e-01
-6.379396430423440734e-01
1.280916863642159731e-01
4.934213997114665906e-01
-6.406302379529780211e-01
2.827351778510002189e-01
-4.675975074309073887e-01
-1.000000000000000000e+00
-1.000000000000000000e+00
6.982104658457370938e-01
9.718062830186949830e-01
7.326462878070068019e-01
5.154790977408618691e-01
1.066526229960189087e-01
-3.746991049548565877e-01
-1.457871375689673288e-01
-6.068461135458467215e-01
1.000000000000000000e+00
-5.038399470838162975e-01
-6.963820583921806473e-02
8.728593297953206598e-01
-7.861789643011367623e-01
1.000000000000000000e+00
-6.049214988802704696e-01
-3.475924545403796806e-03
4.543287696875797366e-01
4.947347042244175097e-01
-8.902104118181014547e-01
2.983543806655062150e-02
2.296384250850435627e-01
6.733707929318560881e-02
-5.255816008942786333e-01
-5.897355855521617674e-01
8.520942587358066866e-01
-8.788655559500014869e-01
-7.297288703947029109e-01
-1.000000000000000000e+00
1.000000000000000000e+00
2.562229667809259870e-01
-8.629163116447168269e-01
-1.000000000000000000e+00
7.615572253821820681e-01
3.232157336037039252e-01
4.020788087938724775e-01
4.023992571058431222e-01
-2.111648334880135147e-01
1.000000000000000000e+00
-4.858090506618748528e-01
1.000000000000000000e+00
-9.827060079788804137e-01
4.052591405435760352e-01
-5.158333865206036206e-01
5.959525343869948033e-01
-3.085763038993339924e-01
1.000000000000000000e+00
9.962531272478633015e-01
-4.638222461635718719e-01
9.972269532880749798e-01
7.223400758878342209e-01
-3.290377346317523433e-01
-3.750125706250658775e-01
-1.711731647525414068e-01
-3.102770929354609075e-01
-9.293148176072710820e-01
-3.917960504376375441e-01
3.608707431269872479e-01
9.644912722640288649e-01
-3.324673995753741895e-01
6.966453113132916597e-01
3.419873404393372063e-01
-6.576369329453730650e-01
-1.000000000000000000e+00
1.567267491786105693e-01
-2.953876700650030773e-02
