-5.827784422046582424e-01
-1.515434312540437922e-01
4.608576844689471486e-01
-5.248893602496432220e-02
5.324301752340191429e-01
7.481372023358463519e-01
-8.525540875031292209e-01
7.805784843963661235e-01
-5.472523601120907744e-01
-3.909583672500882567e-01
6.952783380254581314e-01
5.370125299488066606e-01
1.139130853066947918e-01
1.470038842337963447e-01
2.081439008245796751e-01
-7.974980347771173372e-01
-5.929942808201071891e-02
3.506368410136940228e-01
9.290438343954867673e-01
6.450464156647978120e-01
5.595298937163228903e-01
-8.406399082473153817e-02
1.567090004138788073e-01
-8.114852691459952805e-01
-6.321146837872657631e-01
7.588932363913335200e-02
-7.011895647708394907e-01
-8.447292290366419376e-01
-1.811274940959708979e-01
-4.273437927331552033e-01
4.218492083065552567e-01
3.506824631039347495e-01
2.859762938869447879e-01
-7.505405483201215144e-01
1.000000000000000000e+00
1.791960153606333428e-01
-2.264255607555352157e-01
-1.000000000000000000e+00
7.003749827906948777e-01
-6.746649703032925327e-01
2.903896437367792238e-02
-9.622810943481532320e-01
-1.406238398184975757e-01
-5.885472181047789464e-01
5.345424778385311493e-01
7.759980958630612324e-01
-8.077947065755730627e-02
-6.629050002250891360e-01
-3.118484718938614453e-01
3.630132110690905134e-01
-7.182469690147712527e-01
-1.755275615531965983e-01
-4.349558341720960453e-01
-6.449849103567086850e-01
-2.593149606717881639e-01
-4.522165320359462504e-01
5.709386283811890284e-01
5.257417780302187094e-01
-9.871529575664867995e-01
-8.331533363976062478e-01
-1.152551805081630798e-01
4.868273625670358484e-01
1.804469711876981186e-02
-9.119101746813025322e-01
-6.958177495423960579e-01
9.167310454828927480e-01
3.020327768558613013e-02
6.291334900111689166e-01
8.848253714942644343e-02
8.177794158831501736e-01
-4.311929702188810332e-02
-4.364888040450280449e-01
2.530797539323540249e-02
-6.424059406036893849e-01
-1.324127980933189619e-01
-1.427149217827712591e-01
9.570660387227655219e-01
-5.472381471414553694e-02
-9.603250109737579976e-01
-2.908472850304438806e-01
1.736999363954123687e-01
9.949816057263909386e-01
-7.810734521576689904e-01
7.296135432409955879e-01
-2.772260116168040467e-01
-5.801326244797080367e-01
2.025842470051130717e-01
-6.005948820014613831e-01
6.868754443751339256e-01
4.894500461390098589e-02
5.904566402153084148e-01
1.947502037063724156e-01
2.716763859589192975e-01
2.722581568566286303e-01
1.501529269881061168e-01
-6.916651504810183981e-01
2.960752599156558640e-01
-6.546748451880857189e-01
2.634396966138325968e-01
-8.023318060198947332e-01
8.420041808142214590e-01
-1.255627744390318268e-01
9.728429518378908236e-01
-3.228274643995419080e-01
-7.219047386742564187e-01
2.412869747954093924e-01
5.323627701890002450e-01
-5.736178026098879279e-01
-3.708068896076361920e-01
-2.371667853050301034e-01
-4.844977316304391324e-01
3.232641736084747031e-01
2.400242013320956769e-01
-7.287245768148149505e-01
-9.904264715564783383e-01
-7.566072780600876513e-01
-7.330953839757921031e-01
-7.515507569712671643e-01
4.886209686743043235e-01
-5.345104187764468939e-01
6.729762640715764022e-02
-7.501475135262549720e-01
-3.752851861313328263e-01
-4.076157542227068498e-01
4.276115394775460432e-01
8.539319339222086747e-01
4.866855375422239616e-02
-2.646902050886153490e-01
5.198373043707423813e-01
5.584216290340422439e-01
9.871065888349117579e-02
1.900898419566097730e-01
-3.322559556361280864e-01
-1.000000000000000000e+00
-3.931661788916239741e-01
-7.371557402611681464e-01
1.288828387255027685e-01
9.177936690557300103e-01
3.170179317913723871e-02
-6.739907205246713495e-01
9.065587564434025580e-01
-7.395587071955302960e-01
-5.499614162868494693e-01
3.851093470996247436e-01
4.698358789173761041e-01
6.840199757102900513e-01
-1.000000000000000000e+00
-2.713943218327989904e-01
3.571163553550511516e-01
4.017205245856781959e-01
1.674760864454074294e-01
-3.326783519633385588e-01
2.095104388456998645e-01
6.108497553003491287e-01
5.880391431698386295e-01
7.379641187428995774e-01
-4.164777965481267774e-01
-4.686917501215974724e-01
1.422927068001219042e-01
3.645314223050406532e-01
-2.017681009764161204e-01
1.337295656523503351e-01
-6.488280150377967459e-01
-2.799298627624421942e-01
3.671220078561113764e-01
-5.217974796999977904e-01
-7.833878322423754037e-02
-1.000000000000000000e+00
5.190430125204172906e-01
-2.413874364119528160e-01
-7.660371787015717304e-01
7.420707267330427515e-01
1.379803114366675576e-01
3.426921296319024313e-01
3.860146390205496658e-01
-1.000000000000000000e+00
2.114593354281690818e-01
3.168311209333159462e-01
-1.000000000000000000e+00
7.372175376050154050e-01
4.505717546513621219e-01
-1.587522520218940247e-01
8.670239927058949192e-01
-9.488239835993026450e-01
1.952396016021367142e-01
-2.461208596723879205e-01
2.896554735137304437e-01
3.659306581454968565e-03
1.157567533842206731e-01
-5.766724726845466886e-01
9.617286029870693032e-01
6.160788529178993223e-01
1.000000000000000000e+00
9.009385251267798544e-01
-8.211857203370368508e-01
1.000000000000000000e+00
-7.949889631894961894e-01
-8.940470232419617247e-02
4.351727233238206205e-01
4.405825240764709161e-01
5.131934833831112153e-01
-7.933131464917442255e-01
-5.567657096950284767e-01
1.704096122546830405e-01
-1.567029064470564226e-01
-6.329165292658982533e-01
2.022673359501780954e-01
8.100555310282417931e-01
-5.645554238665304592e-01
-6.709236521736414716e-01
-5.627028322166212071e-01
-5.382979603034127036e-01
8.187949291307590194e-01
-1.621261851763975970e-01
-2.414569259025151071e-01
-5.024598305398250142e-01
-1.733022546709568068e-01
7.095300272653269902e-01
2.700266183149113708e-01
-3.153453841748001807e-01
4.020735756599469468e-02
3.915137055787225595e-01
9.896061384222822888e-01
1.853745548018040923e-01
-6.737502727081312592e-02
1.328929610716159115e-01
2.254817638782892208e-01
-3.950243628108855432e-01
8.557315905252738109e-01
4.923412480473321473e-02
7.464448309851823282e-01
7.307959071995362432e-01
4.199702366300317458e-02
7.161486222338291352e-01
-1.040052448592998502e-01
-1.612236903859056714e-01
8.577415605298949197e-01
-3.023857399071725460e-01
-1.379756321796295482e-01
4.303404984082964124e-01
1.868690078073331484e-01
-4.085679808865178009e-01
7.512648589445733993e-01
6.637375305967062600e-01
3.457902346316106823e-01
-7.022449545538826943e-01
6.050684777407666637e-01
5.351681288798393332e-01
-7.331169356167313023e-01
-6.143579548088080600e-01
9.614681711821342347e-01
8.297466432893938482e-01
-3.674102922677829897e-01
1.589784836460503836e-01
6.187578712690369742e-02
-6.051022580742642099e-01
-1.000000000000000000e+00
1.924676204663317292e-01
-8.136910889679180858e-01
8.323075334452521012e-01
7.390140035628851578e-01
-1.530128833090228513e-01
4.993452771452722705e-01
3.198485628627094068e-01
-1.373539467988305063e-01
