-1.000000000000000000e+00
1.000000000000000000e+00
2.120284305438957517e-01
3.634361023854416617e-01
1.233273891722939664e-01
-1.000000000000000000e+00
-5.467885594609294131e-01
-1.000000000000000000e+00
-5.133627689898372370e-01
1.447985146296594250e-01
-6.404899108132537933e-01
-5.801889856357601571e-01
1.000000000000000000e+00
-4.171023772125842521e-01
-2.394576099596787966e-01
-7.533653728646245717e-01
-7.417626717229403033e-02
-7.329778492233443021e-01
-1.000000000000000000e+00
9.538609077359340160e-01
9.544941025220894382e-01
5.208270206165084293e-01
-2.572060198910826045e-01
-4.667303336916406309e-02
-5.661658534415506816e-01
6.241994910749418812e-01
-4.909198139020825580e-01
1.000000000000000000e+00
8.140044955915806124e-01
-5.765572673072956178e-01
-6.811519915943611281e-01
3.440019429296247155e-01
4.848973595694329175e-01
7.855735971691615305e-01
8.425306385714941282e-01
3.406380748482970566e-01
1.682798443534403443e-01
2.067855553694938342e-01
6.787636196533054500e-01
-1.000000000000000000e+00
-1.000000000000000000e+00
-1.000000000000000000e+00
6.796353494635813952e-01
-7.112901236885168510e-01
9.169424421447173179e-01
-5.608618836645936634e-01
1.000000000000000000e+00
2.842193950914779776e-01
1.642329551745984606e-01
3.297433858748968216e-01
-1.000000000000000000e+00
1.000000000000000000e+00
1.320852702875850992e-01
-5.793657805212343304e-02
-7.968825253164685263e-01
-1.000000000000000000e+00
-8.470191125960804257e-01
6.012674081391077008e-02
-3.964674497290447963e-01
-5.047815333921453762e-01
4.012614882123733961e-01
-5.678893257435969621e-01
3.150286023907697963e-01
-8.028351362566370497e-01
6.856079304404074648e-01
1.000000000000000000e+00
-4.429549904005327665e-01
4.720617828862380683e-01
-9.142034065064372772e-01
-1.000000000000000000e+00
3.799651721857434383e-01
9.759794907551684329e-01
1.631516028112126593e-01
1.563190568009092951e-02
-1.000000000000000000e+00
-4.054994406703572030e-01
-8.786589391803178994e-01
1.000000000000000000e+00
-9.794969620534201837e-01
1.000000000000000000e+00
5.289893575703374928e-01
-1.009158451918311661e-01
5.294258076683056036e-02
-1.969013189840942424e-01
5.827142066298268697e-01
-1.000000000000000000e+00
6.934255275693052001e-01
7.379725302707218493e-01
-7.888374554175795472e-01
-1.000000000000000000e+00
-3.718187876056358032e-01
1.021433703770757151e-01
5.957358575008773194e-01
-6.172844322780747239e-01
-4.218091252566915639e-01
-3.170487112727875534e-01
8.233132251882135932e-01
1.000000000000000000e+00
1.549541520039375841e-01
5.507176748161402013e-01
-8.878126799692903637e-01
1.435876155052403513e-01
-5.135230423502892272e-01
-1.000000000000000000e+00
1.000000000000000000e+00
5.331104951749733312e-01
-9.198112800268205547e-01
1.590265937871822854e-01
-1.000000000000000000e+00
9.400247081097925506e-01
-1.000000000000000000e+00
3.681832691582394013e-01
-4.970423868748218010e-02
-1.000000000000000000e+00
2.217017008392492272e-01
-1.000000000000000000e+00
-8.611810598085147817e-01
-1.966285688208190829e-01
1.000000000000000000e+00
8.510572588875251476e-01
1.538901812117051959e-01
1.214727643709292426e-01
-1.000000000000000000e+00
-6.639884204835654335e-01
-9.833046788399326665e-01
2.980667283603023465e-01
-1.000000000000000000e+00
-4.903410194718039183e-01
1.000000000000000000e+00
2.529446876288221069e-01
-1.381763468846875231e-01
1.000000000000000000e+00
7.301679355610060096e-01
-1.000000000000000000e+00
-9.719633864055479133e-01
-6.320251028686745265e-01
-1.000000000000000000e+00
5.126009118752677951e-01
4.744511152712810875e-01
5.411975865609058856e-01
2.327996060962060632e-01
1.000000000000000000e+00
-2.700441036659269045e-01
1.000000000000000000e+00
5.041487031147086073e-01
9.015240886706399337e-02
-4.027518762822427933e-01
9.219610633601547089e-01
-8.689141760941017367e-02
-1.000000000000000000e+00
-2.814300485429483967e-01
-8.012118106195844636e-01
3.007345314455723284e-01
1.000000000000000000e+00
-6.439435448574516441e-01
7.575905885663231087e-01
-6.609743319809593398e-01
-3.643427413283873428e-01
-6.301258210849013386e-01
-1.160982325046467367e-01
2.185496313684809622e-01
-6.060414455012765877e-01
9.505657083280911746e-01
-5.087210773586117174e-01
-9.479967661440972249e-01
1.343841481532855875e-01
4.381432968433131570e-01
1.000000000000000000e+00
1.000000000000000000e+00
6.766888013252897460e-02
-1.000000000000000000e+00
-1.680555591989094655e-01
-9.074254062236420948e-01
8.276701945318956088e-01
6.155845756928580714e-01
-5.915764987129210617e-01
6.913928911522235765e-01
1.000000000000000000e+00
2.595700974609094214e-01
7.924722950236331442e-01
8.741259289368175089e-01
-8.996037018402757157e-01
4.208277636578203751e-01
-7.183524027529448741e-01
5.852886647806091469e-01
-1.256739700491447120e-01
-7.577821609720998275e-01
-2.654036240856630924e-01
7.403815070059814873e-01
5.155118957920915568e-01
-5.750302987512188047e-01
4.602596396493577324e-01
-1.000000000000000000e+00
1.455345160524618986e-01
6.181389947059782175e-01
1.000000000000000000e+00
3.634481038259917973e-01
-1.000000000000000000e+00
-9.370699370096376990e-01
7.622796236421972571e-01
-7.234065713422036525e-01
6.064592102122272621e-01
4.746734747351465944e-01
-4.010865021432627464e-01
-5.647246415514861617e-02
1.000000000000000000e+00
1.000000000000000000e+00
6.992414992399913487e-01
-9.679582505088860644e-01
3.199188107999549335e-01
-6.746396853165572693e-01
-6.447180152569290668e-01
2.381262260859667856e-02
-1.712188700018835164e-02
1.000000000000000000e+00
1.103679863260575433e-01
1.000000000000000000e+00
-7.116741068201372089e-01
-1.293126307378543727e-01
7.980443373841262789e-01
-9.810667353621482789e-01
2.054285528885271273e-01
-2.826081198610974621e-01
5.385723072249477550e-01
1.000000000000000000e+00
-8.307484792339008273e-01
-7.319075402206526304e-01
8.317054313023218848e-01
1.204974127788729400e-02
-1.222146517357933226e-01
-3.579465867863523276e-01
2.228210610128721625e-01
-1.609502352999582220e-01
8.548938962517178553e-01
8.607219789869167137e-01
-4.685628656007133630e-01
2.591004072908335010e-01
8.656502632494624816e-01
6.618435093562262672e-01
-2.440972245280176589e-01
-5.960276339962224945e-01
-2.828006416997915773e-01
-7.649256504471307894e-02
2.055116333466802114e-01
4.128537728816839003e-01
-5.567423864056633143e-01
4.212244331502221772e-01
6.751510574142909338e-01
6.451071781182178277e-01
1.000000000000000000e+00
-7.005441965334016086e-01
-7.990385720401879110e-01
5.769168686026088233e-01
-9.155217098722312485e-01
-1.000000000000000000e+00
-9.051560623400920491e-01
5.752367475283541864e-01
-2.877983258309138592e-01
2.694732237804204900e-01
9.192680156469577035e-01
3.309243831857180407e-01
1.000000000000000000e+00
-7.910210231051750807e-01
-5.566479671340889002e-02
5.655238491166316717e-01
