-5.585767614474739240e-01
7.342064378353503340e-01
5.940958339134079225e-01
3.128730006425389787e-01
2.361989296299809304e-01
-7.758154307826736762e-02
-6.209714904760396115e-01
-2.845830090635945164e-01
8.985963543989574642e-01
2.388290343643248437e-01
-9.028389078724274874e-01
-4.519534066092145697e-01
4.804009425640572983e-01
-2.942628769107839548e-01
-1.479970368578088780e-01
-3.738300783425807516e-02
3.825721126527594773e-01
-4.030721737675950767e-01
5.770068362858433719e-01
-9.835428927663085463e-02
3.838208719743295694e-01
-4.594599791115067111e-01
4.207838216218408034e-01
-8.262063097470275785e-01
6.677130821706860342e-01
4.140476027526835967e-01
3.439075858891552651e-01
5.625034752540926108e-01
-7.855834742092488998e-01
9.110432123145127958e-01
4.776521604860900494e-01
9.807848768511797655e-01
-7.499570506324045871e-01
1.432304915851091986e-01
-2.869257544631572121e-01
7.760862672101631610e-03
-6.852528655498459909e-01
5.393176867387526885e-01
-9.181785289155566243e-01
3.594516582786222436e-02
-3.442630676067507944e-01
-4.530956434646026265e-01
8.492001852661700267e-01
2.077997479552191606e-01
-2.551291010180261054e-01
-1.071344448706093924e-02
-2.152889660474668065e-01
-5.576074079198934941e-01
4.927193539255656507e-01
7.313129261516787549e-01
-2.441012804804130187e-01
2.574146685145844993e-01
9.482664920081099735e-01
-2.969842684239667463e-01
-6.749046179147702995e-01
7.849618681460682756e-01
-5.986766830616417623e-02
-8.681265755786502503e-01
6.549385206746891619e-01
-9.999774848805413896e-01
-2.848605653363758816e-01
3.644824020627734917e-01
-1.026180903434175534e-02
2.375743314972380560e-01
-3.026402527228436862e-02
9.557175878540100089e-02
7.209326426720177317e-01
-4.095622808480010521e-03
1.557229532150173484e-02
-9.439402533614468238e-01
7.959992200452320477e-02
8.173712044586789460e-01
-1.839005280513369978e-02
5.122601768479699835e-01
-5.518213379543047969e-02
1.818360351070627545e-02
7.150479163839704722e-01
6.998646355559197119e-01
-3.862908165119558479e-01
3.941702887688538492e-01
5.727676928550200497e-01
6.144408444810137704e-01
8.598686425532312549e-01
3.536037694390648523e-01
5.080004007073115613e-01
-3.584908907249076959e-01
-1.855002992504868886e-01
5.835463416855630747e-01
-3.842993738935017722e-01
2.280712187883038311e-02
5.309328084538453840e-01
-8.170441196144044849e-01
-4.752493686458154620e-01
7.320092883760902502e-01
-8.394968489393169753e-01
-2.947739191981242346e-01
3.711125124819629195e-01
-9.324959244515699242e-01
-2.185558158918197713e-01
-4.059987464836268822e-01
-1.162928653206199980e-01
5.864748949597269334e-01
-4.867033572103360295e-02
-1.209292502206052444e-01
2.668257360356264540e-02
1.703182733603076371e-01
1.810268044637410312e-01
-1.171934835612052084e-01
-7.817438943633037152e-02
-8.393171798923615423e-02
-1.993423397604989211e-01
-3.213994061920481538e-01
-4.665804568317759582e-01
6.904415625190916117e-01
-5.929305743524444505e-01
6.592462116211497136e-01
-7.902316631715370354e-01
5.634557740861187991e-01
-3.018894152685926424e-01
-5.388367405028516854e-01
-2.374929168439514071e-01
-6.743348539005371567e-01
1.468511961575842961e-01
-1.917156123923369204e-02
-1.391816631691355499e-01
-1.000000000000000000e+00
-3.501370099971772842e-01
6.792638011179676083e-02
-4.746582681058683639e-01
-9.596752769122292026e-01
6.580298412687893284e-02
2.580589866418087075e-02
-2.569608970308471796e-01
2.367654263965371375e-01
-5.099544798230535303e-01
9.565589633698412531e-03
1.333350133121459780e-01
9.649377759357037343e-01
-4.260861032628606160e-01
2.738030361892290765e-01
6.810282959384760249e-01
5.290180705510632020e-01
-3.567577174750099500e-01
4.299130318277435414e-01
-8.660073803161962847e-01
-1.993875853529312459e-01
-4.384838894034795431e-01
-6.212234706760419445e-02
-4.707004352125192526e-01
9.756656775707710505e-01
-6.385716537830561368e-01
1.629262506012590650e-01
7.031384879449429359e-01
-1.049405589892127288e-01
-2.266542964144946937e-01
2.347945424421001848e-01
-6.368540813370453524e-01
5.130328894977342902e-01
-6.409598807262009146e-01
3.422363916365291914e-01
-4.610349494249582625e-02
-7.861665253816141341e-02
-8.598427922610093477e-01
-5.010922997190699890e-01
-1.395770353307834166e-01
-5.071361833180392659e-02
-5.450617039404838104e-01
1.046146320187606171e-01
2.673903367749156379e-01
7.309611231921919750e-03
7.125413417469095290e-01
9.489016308247988363e-01
-1.972434480183689887e-01
6.875366176094930282e-01
7.759814616826463118e-02
4.054287118688573721e-01
-7.787413263141655939e-01
-3.885679983012623739e-01
2.271743495616195818e-01
1.317157310070349030e-01
1.803936640977072958e-01
-5.707328715409933917e-01
6.629190809145566465e-01
-5.908445881949436762e-01
8.104868474418041036e-01
-2.290143900226975227e-01
1.891922598445152925e-01
1.614360152249219582e-01
3.098148192059221318e-01
-4.913257925398230030e-01
-5.009145860533447125e-01
-4.645500386929221626e-01
-2.864335597330266991e-01
-2.937081675265378333e-01
-1.000000000000000000e+00
-9.711736929031212773e-01
3.474404610595666076e-02
-4.076834868288818914e-01
-5.385941588042907346e-01
-6.615246307851772034e-01
-9.993563608770309470e-01
-9.007208002232939270e-01
-2.984912207201660672e-02
-9.565291716747278405e-01
-7.727648229524425316e-01
-3.630831182868442530e-01
-4.209817810381877301e-01
-4.691955696163925271e-01
-8.305354162963057840e-01
-5.090208021122667459e-01
-6.892711441134893313e-01
-3.644693627713232464e-01
-7.014429087351254921e-01
2.241112294661196658e-01
4.450441518153209763e-01
-7.232392147397701532e-01
-3.827545334169253632e-02
7.493201990346347596e-01
-3.817110376946564743e-01
5.229218254456783344e-01
1.163090398676578652e-01
-4.233445619294661233e-01
1.659937150713708398e-01
8.630064675999502555e-01
-1.651485169035871725e-01
-7.755595716875254841e-02
-3.841105555321437937e-01
6.713707799127694997e-01
9.222319589526860595e-01
7.527759270427625271e-01
-2.351904144122545504e-01
2.737520928117997965e-01
1.466956185049168582e-01
2.808763800659131449e-01
-1.232063919680127517e-01
1.304308937796588297e-01
-8.005070186148135480e-01
-9.997770881568470713e-01
6.614063474564882972e-01
3.368809460689521917e-01
4.279445525860771093e-01
-7.804415743803605476e-01
4.268934063579424287e-01
-4.488111915123608742e-01
-1.021622417122598631e-01
2.354996973740663968e-02
-2.881092528174188372e-01
-2.791760861046436171e-01
-6.551107650386013559e-02
-9.653816909504124577e-02
-4.582473924723214909e-01
3.843755504805109746e-01
5.433017366202599341e-01
-3.755902550118402350e-01
-5.910039259173510695e-02
-6.358660074741032675e-01
1.050648019467114724e-01
-4.047925481898070332e-01
8.866069653186021693e-01
-1.746744240630065115e-01
-2.548929593771751545e-01
7.251117690717361342e-01
-4.665025698345611760e-01
5.879730708018330310e-01
-8.323499105459784830e-02
