9.151820137109190068e-01
7.970133056597053511e-02
2.352587622453501393e-01
8.088105802262380850e-01
-5.477149009164045124e-01
-9.992437646876899393e-01
7.281345524467928154e-01
-9.417826959313487789e-01
-9.733072043684884989e-01
-6.069205786303466521e-01
-4.778703372309806019e-01
1.000000000000000000e+00
8.609086713949071212e-01
-1.482432758082467827e-01
6.392990851214865877e-01
5.715216454254838929e-01
3.078370977826776489e-01
3.600772389248205196e-01
-5.153739410136741750e-01
-1.257114734587403415e-01
-5.436097528271991441e-01
-2.648666365451234350e-01
-1.000000000000000000e+00
-9.706857576665846032e-01
5.873799887512483053e-01
-8.473187408608305882e-01
-5.743620338400013958e-01
-3.182338145627909842e-01
2.843788514328334238e-01
-1.069119488494435360e-01
-2.699694251643637855e-01
3.205655998445664512e-01
3.292757753276827626e-01
-1.000000000000000000e+00
-2.834112253809190629e-01
2.929936472703851269e-01
5.405547178265374120e-01
-7.720281428935198420e-01
-7.584537586576272084e-01
1.000000000000000000e+00
-5.405976284052552705e-01
-3.017645322636281491e-01
6.343543607011172814e-01
-7.035388931240174060e-01
-7.173496866826072349e-01
-1.157206602645118459e-01
5.168292320290921449e-01
3.094942886009754979e-03
-3.487039923901277261e-01
-3.052711860818804190e-01
8.971914171356515366e-02
-1.000000000000000000e+00
3.729312387515096305e-02
5.688693336974931514e-01
-9.478852398752187769e-01
-5.878978653554181033e-01
-9.459394348572928157e-01
-3.219638573216457855e-01
1.600648173880173941e-01
-5.874678224372305024e-01
-3.115661792105872685e-03
8.806825394544377517e-01
-5.359265006035776047e-01
-2.694803548251620273e-01
-2.562362650093473193e-01
-5.592690855039093023e-01
5.600509424423917304e-01
1.014082710715379088e-01
2.488434150545953960e-02
5.945561063586365935e-02
-8.605218966275798298e-01
1.743827030603430084e-01
-8.931610005903842797e-01
-2.601883023660860328e-01
-4.527740860602397222e-01
9.836664193571124093e-01
-8.884424934177765909e-01
8.804026277022873881e-01
-9.335806337907717189e-01
-6.312004231114086705e-01
-1.000000000000000000e+00
-6.987848358138717408e-01
1.000000000000000000e+00
-3.448318477182810704e-01
4.105400932769092126e-01
5.252348767508663308e-02
-4.173041591154595942e-01
-1.000000000000000000e+00
7.116480499024337991e-01
-3.807397971989936458e-01
4.864361704715192136e-02
-5.318833199616235241e-01
9.613838433911662262e-01
-1.000000000000000000e+00
-5.407363311892936508e-01
1.000000000000000000e+00
4.286234954141227016e-02
1.000000000000000000e+00
-4.077352569459078424e-01
8.803223392732216768e-01
-4.547456780698330703e-02
6.791840520403349957e-02
4.501248720905899892e-01
6.272295670343296381e-01
-5.931994002134041155e-01
1.928270925130264601e-01
-3.583941518749106381e-01
-2.834617388188490072e-01
-1.309851927673266470e-01
1.307812619186735636e-01
8.247994593962488796e-01
-2.333097636078150239e-01
8.027392415629561739e-01
-1.000000000000000000e+00
-2.289501394196682416e-01
2.310151721636583000e-01
-3.680519477604139444e-01
-8.365284910009608277e-01
4.259785965847029399e-01
-1.820980358968622426e-01
-1.898351663208873719e-01
-1.000000000000000000e+00
-8.911828802161344543e-01
-9.819273441217858389e-01
3.532725365587292554e-01
2.972742521413217487e-01
7.393764742666807388e-01
-2.315670059119186164e-01
-5.029658030716692707e-01
-7.268206923057367597e-01
1.000000000000000000e+00
-6.519447487181024847e-01
-1.817703254878180741e-02
2.908273649338584121e-01
-2.408657426749144514e-03
-1.000000000000000000e+00
1.000000000000000000e+00
5.572604216828065393e-01
1.671856987970538055e-01
3.152129913479752576e-01
9.338507105276102616e-01
-2.594937230700269382e-01
1.091112479383205547e-01
-1.000000000000000000e+00
-3.309910068458498111e-01
-2.507897078440853023e-02
-6.589806644125345558e-01
-9.908416800421480097e-01
2.775663984880504254e-01
2.114645050488819233e-01
9.480066995561682586e-02
7.958304998760659110e-01
6.541347145009044350e-01
-2.664015958002534656e-01
-6.789001149600998319e-02
3.079350790095105594e-01
-7.483906962279769370e-01
7.276807344270432854e-01
2.533646154620567970e-01
-9.859658650299878146e-02
3.719704458433464866e-01
6.205781383024755460e-01
-3.509173024278884889e-01
2.685348257502447877e-01
-2.280462691716825252e-01
9.070511473674142122e-01
-3.463348056296827737e-01
1.362819541101569776e-01
8.219626979251238863e-01
7.941859965698246093e-02
4.340192385304579292e-01
6.346035922318947753e-01
-2.913624454447695800e-01
-5.288110220046509102e-01
-7.120740386403000555e-01
-1.000000000000000000e+00
-4.025474064106882022e-01
-4.156523154692222111e-01
-6.015714542740369097e-01
-6.325661195657367175e-01
-1.000000000000000000e+00
6.425500706873631396e-01
-1.502708865007067462e-01
-9.444767587582539869e-01
9.044911649674554077e-01
5.981705858222261529e-01
-6.213937107817898431e-01
-1.000000000000000000e+00
-7.236195196792764017e-01
-3.374623848069466803e-01
1.000000000000000000e+00
1.000000000000000000e+00
-1.000000000000000000e+00
-8.333361735662577763e-01
-6.102063649875444362e-01
-3.902431393766646051e-01
-6.618023153944589954e-01
-8.651412847527989447e-02
-3.117695980719208393e-01
9.578736128684854911e-01
5.835367929207532223e-01
4.411112775322534318e-02
-4.648353253729449186e-01
-1.000000000000000000e+00
-1.000000000000000000e+00
-8.279151525510050069e-01
-7.889580980411265987e-01
-6.862458798257389248e-01
-1.372451102754826957e-01
2.329272043443409435e-01
-2.954068293496207032e-01
5.956468860585402147e-01
5.463085991903600114e-01
1.000000000000000000e+00
1.745036416366827214e-01
-7.647031065275465833e-01
-8.984610913661205123e-01
6.341880044819975248e-01
2.300001697036338222e-01
-5.529567690931632695e-01
-6.731941557538468901e-01
1.502054028545058706e-01
-2.822975015565502011e-01
3.626869347276999722e-01
2.544539804978429576e-01
-2.328161214276122104e-01
-8.485452636129421355e-01
1.000000000000000000e+00
-2.243706294533536760e-01
1.000000000000000000e+00
-2.829775980556370474e-02
5.068651885800660173e-01
-4.799824041284577181e-01
-1.827407921522589129e-01
3.765667575603821038e-01
1.312817257515030422e-01
6.624086180185193573e-01
-1.000000000000000000e+00
2.644964998700707337e-01
6.034623599886810297e-01
-1.641661161265050850e-01
3.652350366391793890e-01
4.910921497203026842e-01
-7.653681884900701560e-01
-2.553167218428647467e-01
-4.563032411275361189e-01
-9.038075601808039927e-01
-4.104936367073181991e-01
-2.510035924510166661e-01
-7.693063631550822734e-01
-1.444715411411820472e-01
1.000000000000000000e+00
9.447886293966778481e-02
5.446711881759931373e-01
5.922642504428131394e-02
-4.273749838317750793e-01
1.277849022321335681e-01
8.809666181985692512e-02
9.636268315231182047e-02
6.407024337792847080e-01
7.975335712427145118e-01
-2.368678013595550136e-02
3.539891630145659551e-01
-2.170693021333178208e-01
-3.230465250580629721e-01
