-8.815252720355043481e-02
-1.518042413540618418e-01
-2.069673958316124718e-01
1.000000000000000000e+00
1.000000000000000000e+00
6.419748868147078236e-01
-4.045560751840923674e-02
-4.092217008402767031e-01
-8.547810102585129410e-02
1.674112003534640181e-01
3.750955811692239239e-01
1.395535378391423720e-01
-3.197652510444904395e-01
-1.000000000000000000e+00
4.161556666065724386e-02
4.737384885471960239e-01
-8.160794807161193543e-01
6.151344079087998906e-02
-1.428959286751699809e-01
1.436670697495890936e-01
2.369983614621909984e-01
1.000000000000000000e+00
8.158548649784036488e-01
2.930540808898607352e-01
-9.257442433106206625e-01
4.787294790619435747e-01
9.436737842653990516e-01
-1.208032420809644347e-01
-1.399156553613769560e-01
-9.434157595714187661e-02
3.221548161741076277e-01
-7.671552674838555408e-01
-9.240300720467048423e-01
-9.224006800021754549e-01
-1.000000000000000000e+00
-8.260264054461231575e-01
-7.128518545560804665e-01
4.855292698515084049e-01
-6.297980122194942743e-01
-4.653560731288264862e-01
2.384237240362306609e-01
8.207210427230120509e-01
3.631755073536412914e-01
8.279318128980821534e-01
-1.194507867760488673e-01
-9.115524456784940277e-01
-4.314323917588082091e-01
5.626949444544735446e-01
-1.781591567970120527e-01
3.537212900509544289e-01
2.600168761991428212e-04
-5.479129503085848896e-01
2.017139551191810265e-01
-3.225592027217352165e-01
2.816292062857489453e-02
-1.000000000000000000e+00
7.640544054481406278e-01
-7.196918503006326517e-01
6.013745445587602712e-01
4.686257776529275665e-01
7.452548355989416784e-01
1.742225066158496760e-01
-2.674824160196373479e-02
-2.049836017424608858e-01
7.777908035991898394e-01
-1.392783418097922610e-01
8.762534123590751678e-01
2.373317482906175113e-01
-1.000000000000000000e+00
-6.306613545800052734e-01
-9.842050013769763073e-01
-1.000000000000000000e+00
-1.616186692806842462e-02
1.680289110719110912e-01
-7.510468182242302504e-02
-1.634507713437344523e-01
-1.994763233476707365e-01
-8.695452913158088215e-01
-6.477363616618619924e-01
-1.000000000000000000e+00
7.928766376161591745e-05
9.299681898063124619e-01
1.000000000000000000e+00
8.474107258840439805e-01
3.677225150325613701e-01
-5.702260511823861733e-02
7.845626618382235407e-01
-1.191634231563408614e-01
4.227402404024557248e-01
-7.516639295608967819e-02
1.251418791363072824e-01
-7.252960495560898391e-01
4.614128347655577222e-01
-2.232966478222199735e-01
-1.000000000000000000e+00
-7.539126691526203405e-01
4.242724651951890746e-01
1.000000000000000000e+00
-4.549211770722010328e-01
-7.200060053167424146e-01
-5.800247004823391173e-01
1.000000000000000000e+00
4.568109833162872779e-03
2.510548707200858098e-01
-4.678854227030194712e-01
5.864094091488857297e-01
-6.720452736072588529e-01
8.597603902185753100e-01
9.289048816513121309e-01
-8.587297984722029875e-01
8.485081992345849811e-01
7.062365312472616008e-01
-1.000000000000000000e+00
-2.303979450153025299e-01
1.000000000000000000e+00
-2.639969158997189647e-01
-1.000000000000000000e+00
6.363920741024917671e-01
5.876398622725308440e-01
-3.720505722494804601e-02
-6.227682839411659010e-01
-6.779936102321035829e-01
2.418636624705254867e-01
-1.731296112476243820e-01
5.553347179617145191e-01
1.000000000000000000e+00
1.000000000000000000e+00
7.748942579128406116e-01
4.286839096704823104e-01
-1.857091110994230632e-01
-5.127187696096107139e-01
3.680376767038505692e-01
2.750545013982019782e-02
-8.841435257267153958e-01
1.000000000000000000e+00
-9.876076678294734013e-01
-3.297685390663566696e-01
1.855753992382161432e-01
4.185190782796237574e-01
9.053832920422053565e-01
-9.243982190698363244e-01
-1.000000000000000000e+00
-1.176574705719841685e-01
-5.187354209152601481e-01
-1.000000000000000000e+00
7.984902852476901680e-01
-1.000000000000000000e+00
-2.752244270578813601e-01
-5.245679306506817463e-01
8.817719235088150587e-02
-1.529959517204601549e-01
1.000000000000000000e+00
-9.113464845955867588e-01
2.700287485412779520e-01
-2.460973101140680741e-01
-1.901528649846547514e-01
-6.316051421902586782e-02
-1.048392289539193112e-01
-1.844742745487226998e-01
8.076496840417574097e-02
-6.231122649226534804e-01
6.412408233630282339e-01
-2.873951614539337895e-01
4.000152230066983394e-01
7.146501930711415818e-02
2.473466759266150228e-01
-8.289894409346661996e-01
1.000000000000000000e+00
-9.829961855415645378e-01
4.924915822968591872e-01
-3.526223395168292529e-01
5.511534714506314270e-01
-6.819583049054251944e-01
-6.987045812822032520e-01
7.474386704064958087e-01
1.000000000000000000e+00
-3.250002444241840704e-01
-1.727234936385307063e-01
-1.000000000000000000e+00
2.154370205803715077e-01
-8.230609171788222378e-01
-4.645959782136729332e-01
9.017381565332991400e-01
-4.779631358368723326e-01
-1.000000000000000000e+00
-3.788840003958171554e-01
-2.842235719589492060e-02
8.464432794842285945e-01
2.160415036278042211e-01
-1.426094630152127674e-01
-1.000000000000000000e+00
5.311210593431675564e-01
1.000000000000000000e+00
-3.963913874278096605e-02
1.110820493189213776e-01
-3.397705746974128971e-01
6.696211474469331293e-01
1.151923278775960069e-01
9.290283778433051642e-01
-7.105465362530507534e-01
-1.834707392319994135e-01
3.502383540611575530e-01
4.010662318817269645e-01
1.617196330435444196e-02
8.753244786640765884e-01
-8.775057171843967385e-01
7.231323048541258292e-01
3.013806289894674917e-01
3.855518008648041728e-01
-1.000000000000000000e+00
-1.000000000000000000e+00
-5.389125490173757305e-03
2.150694857079325506e-01
1.000000000000000000e+00
-8.708852655038821222e-01
-9.131730699548109564e-01
9.402261775417507517e-01
1.924037831651722597e-01
2.338209021397757437e-01
8.106726643530200171e-02
-8.565332805715659692e-01
3.409232665829856068e-02
-5.825318667287486818e-01
-8.665367338854362833e-01
1.501760346761952247e-01
7.432984665051374229e-01
-1.174377475162925177e-01
-1.575806192757031043e-01
-1.518475372012384750e-01
-3.036538544675432272e-02
5.548097156318295697e-01
-5.050482082918501536e-01
7.420451209560627870e-01
-1.000000000000000000e+00
7.810220026055427756e-01
4.418427697057610293e-01
-1.000000000000000000e+00
1.000000000000000000e+00
3.708708991705649272e-01
1.000000000000000000e+00
-3.590823815550697184e-01
9.959707201663707821e-01
-3.690400819683514744e-02
-2.315368274743881405e-01
-6.903021938285657244e-01
6.205838461816455265e-01
-1.000000000000000000e+00
-1.000000000000000000e+00
1.165681513446813478e-01
-5.407704065829082030e-01
-8.773078787657266897e-01
6.689418242613607291e-01
1.000000000000000000e+00
6.014936929365428675e-01
6.263137533879327146e-01
6.259884253500782592e-01
-3.371178360165489885e-01
1.000000000000000000e+00
1.000000000000000000e+00
-5.201050296627041103e-01
-4.241821996410803375e-01
-1.000000000000000000e+00
7.657956524889169003e-01
-1.000000000000000000e+00
-1.000000000000000000e+00
