-2.471996245532408487e-01
-7.620481754413341302e-02
-1.798100302830633046e-01
8.536476685775523654e-01
-2.188284376271821263e-01
1.924904472770689323e-01
5.935065975185864762e-01
-8.919962831904015843e-02
3.664767858302442338e-03
3.348147371631377545e-01
1.642685967178395823e-01
-7.697005281699590418e-01
-8.398223721448218049e-01
1.987613824331084800e-01
-7.714645776635064012e-01
-1.000000000000000000e+00
3.285277552171250726e-01
1.848966948576071800e-01
6.639914130627188049e-01
4.381405990252615346e-01
4.401736055215173526e-01
5.397210430943519821e-01
-1.000000000000000000e+00
-2.191665456216509433e-01
-4.148022366788263193e-01
-1.000000000000000000e+00
-4.743373773546613603e-01
-5.321358468085135573e-01
7.914612060348155120e-01
-9.759049362846698716e-02
-4.981517361406265221e-01
9.274095050508930349e-01
-5.683338814584363297e-01
-1.000000000000000000e+00
-8.371625308137360388e-01
-6.587328680596779007e-01
-2.445133080806595194e-01
6.765275854097141384e-01
-1.185138519557891179e-01
7.049305586588813233e-01
-3.239931413520670822e-01
7.622839308810624992e-01
-1.623475207197312142e-01
-7.410857029511885852e-01
-7.085168619054139638e-01
3.848766676344415189e-02
3.468983916552328961e-01
-7.045719915445368686e-01
-5.820935791154716599e-01
1.000000000000000000e+00
7.874828093075286750e-01
-6.749437790452104957e-02
-7.085509043135468366e-02
-1.711912672605938601e-01
8.437222071296679449e-02
-1.005965030922433279e-01
-2.149004855987931284e-01
-1.000000000000000000e+00
-6.304577931411616820e-01
-8.511035428774955669e-01
-3.477220138219916379e-02
-5.667845551394697923e-01
5.728070454333087369e-01
2.658344910928373550e-01
3.190526280243497492e-01
9.066249609845736801e-01
-2.752478810959181899e-01
-1.567777286154475314e-01
8.949238007631288294e-01
-4.852760565486425870e-01
-4.757909704453890942e-01
5.435977111178634802e-01
-7.018830341201964806e-01
-5.354964999637097378e-01
1.096745145302522317e-01
1.000000000000000000e+00
8.835496862108276339e-01
-7.666134314394149052e-02
-5.750789836108105568e-02
-7.569317428120969637e-02
9.512113352732627369e-01
-4.424647019978364959e-01
5.806694874225970526e-01
-1.037314827441879750e-01
5.675214791653030444e-01
-1.135586121838607909e-01
1.217673678621766231e-01
-1.862410633615384781e-01
-1.891231625672978867e-02
4.149753178953489163e-01
8.252095881819132561e-03
2.041677119502862126e-01
7.108762030914510532e-01
-2.356296632863240648e-01
7.488062821238909983e-01
6.117588805904063953e-01
-1.000000000000000000e+00
-3.132570265993153136e-01
-1.954311777192341282e-02
8.499182422948449167e-01
-7.875073500230131973e-01
-5.666428117596185032e-01
-5.899750254360078827e-01
-2.802298560796123716e-02
-9.389620905435585030e-01
-1.000000000000000000e+00
6.985008273095443254e-01
-3.862682083858708371e-01
9.900856617057349762e-01
4.482262237167089491e-01
3.721403929673697264e-01
1.000000000000000000e+00
7.991712772142608445e-01
-9.089822708901083015e-01
8.321674575605225721e-02
-5.415585264564353185e-01
2.734797588500882393e-01
7.006272129599822041e-01
-1.452771010792820450e-01
1.000000000000000000e+00
1.000000000000000000e+00
8.095845971797679397e-01
1.000000000000000000e+00
-8.360633872339171546e-01
-4.683885065539114545e-01
3.207559965725588214e-01
9.291421385370816077e-01
5.554918174190761615e-01
8.190129364335483331e-01
-6.419532747030370912e-02
-1.704055549484243537e-01
-5.276481506344369299e-01
4.500956906079962572e-01
8.083904999231780186e-01
4.354528555772102516e-01
-2.671866693210284693e-01
4.379921631705783192e-01
1.000000000000000000e+00
1.000000000000000000e+00
1.000000000000000000e+00
-1.000000000000000000e+00
-1.000000000000000000e+00
9.829260603844486299e-02
-1.000000000000000000e+00
-1.000000000000000000e+00
8.456667196162315214e-01
-9.072684491083760072e-01
-3.920670676113362507e-01
5.249651127226512282e-01
4.208735392827582245e-01
-4.211219826363665208e-01
-8.539135429913295994e-01
2.952099295581027683e-01
4.994584265359460762e-01
-2.581769176092361673e-01
-7.095315712278708886e-02
-5.158718815017647730e-01
2.312996289679084827e-01
1.000000000000000000e+00
5.162899691632083510e-01
3.526424434599109148e-01
-5.701555657998680360e-01
1.713253539165504047e-01
-8.236512912444833301e-01
5.309333096196748869e-01
-5.728629093502159986e-01
-1.000000000000000000e+00
-6.815915064873159235e-01
-2.042022754480847246e-01
-6.586062282454967498e-01
8.769980027222636920e-01
1.498115936887300936e-02
9.746416089686471551e-02
-9.944645126909911204e-01
-3.631191729556326742e-02
-6.055555376300192361e-01
-3.509522210232646211e-01
2.156827625135965265e-01
1.975294337218529150e-01
4.122614232997028894e-01
-8.493824243150623898e-01
1.000000000000000000e+00
5.041950797854699573e-01
-9.513998931649898516e-01
1.000000000000000000e+00
4.172947954445847540e-01
1.000000000000000000e+00
1.000000000000000000e+00
-2.845037763616624638e-01
-7.627517167458905956e-01
-1.000000000000000000e+00
-3.041243177285083976e-01
7.212612481112457008e-01
-5.075611565920303825e-01
2.334829243307797730e-01
5.614802662552328405e-01
-5.596851246763608900e-01
-3.164503613693747663e-04
1.000000000000000000e+00
3.048802684676525931e-01
4.855756456672027932e-01
-3.073767470367697596e-01
1.080906772988645681e-01
3.580767988022284798e-01
-8.813799720964385909e-01
3.911294642367532104e-01
-8.786009948207498255e-01
1.000000000000000000e+00
8.237396044175085974e-01
1.000000000000000000e+00
-5.566784491660576872e-01
-2.102590430530674181e-01
-5.042712948541433482e-01
3.710436742671499588e-01
-4.241089164647193765e-02
-1.871623390747243487e-01
1.000000000000000000e+00
3.720120197988282529e-01
-5.985688538521128921e-01
1.000000000000000000e+00
-4.781112469024695333e-02
-4.622410848915567971e-01
2.358205776731360157e-02
5.595598429819351738e-01
-1.382716513706608308e-02
-2.307006354301151252e-01
9.296946535517542909e-01
-7.356714422984407253e-01
5.457815345378496108e-01
8.755030620377397543e-01
-2.768594736819011137e-01
-7.579130781317136023e-01
1.522591471167904498e-01
-2.287919801935199837e-01
1.000000000000000000e+00
-3.978494726296898376e-01
-3.293730744765271945e-01
-6.025435752581234095e-01
-6.000299434375543361e-01
2.417490643779086901e-01
-1.000000000000000000e+00
3.346335273908033203e-01
-2.272782235982503951e-01
5.348570450396509246e-01
8.260258955349466525e-01
8.371590049854674698e-01
-8.995700655566926107e-01
-3.375884705940427333e-01
4.525706987995655184e-01
7.516994082563357438e-01
8.334770774663455839e-01
2.521961618325458399e-01
5.527283364622568307e-01
2.716308889289237305e-01
-1.158111414193441213e-02
7.288790962599467349e-01
-1.695902382968018096e-01
5.866693994639097243e-01
-4.809541379790461813e-01
1.000000000000000000e+00
-4.170017318947802920e-01
-1.334658984151662342e-01
1.000000000000000000e+00
1.000000000000000000e+00
-8.671249873965469757e-02
