-2.714682552666156656e-01
-9.060094413861186080e-01
5.692965791555403277e-01
4.770165202388605974e-01
-3.904452108937148669e-01
-9.495074436013410946e-01
-1.923239175514096164e-02
-7.014523507774812483e-01
-3.421774251257609922e-01
-7.727017496030506027e-01
9.720670448087842530e-01
1.754258914041648132e-01
1.782485557681601773e-01
-8.259993620194093777e-01
1.208940115399392695e-01
-2.917535466735676208e-01
3.945598654749148948e-01
-7.128864910505595676e-01
-7.033531804641021123e-01
-7.060502548236242959e-02
-4.839814603105920265e-01
2.153417828312583215e-01
-9.081848403572622130e-01
-1.000000000000000000e+00
2.070704317936294114e-01
-3.650743263182241183e-01
-5.523085036305679374e-01
2.734335338752436617e-01
-8.499746114521169460e-01
-1.000000000000000000e+00
-9.997272214521816247e-01
5.591997458329848181e-01
9.525892094867235427e-01
-2.275002814037664634e-01
-1.000000000000000000e+00
9.361150856559254940e-01
-7.052404552945650273e-01
-4.776100411643314780e-01
-4.948173920755480348e-01
2.637163695016795928e-01
9.165238882270245746e-01
6.907854575308877143e-01
6.227121768899053222e-01
3.611482419782295339e-01
8.458771805953780865e-01
8.452167376376499286e-01
1.000000000000000000e+00
-6.026499350725772475e-02
-7.811819766238002893e-01
-5.651766610127477442e-02
4.055299870620083791e-01
-5.821466354540768551e-01
7.735163931219282141e-01
-4.911512467180885189e-01
7.522032569246631661e-01
-6.813100792399546801e-01
-5.772980705911848753e-01
-3.397675247495274276e-02
2.699639684547927021e-01
-7.272429859691367238e-01
9.749803152186012900e-01
6.660352565646049383e-01
-1.136688404665457813e-01
-1.439626111423584209e-01
-5.948499514445085845e-01
-3.445480382160980293e-01
-1.654397695797678314e-01
5.391534600851535242e-01
1.872424088738097459e-01
-1.986175425832992225e-01
-3.910687047895837209e-01
-7.185412919808551457e-01
2.052629887891257721e-01
5.008373997714237191e-01
-1.633052502316443277e-01
-1.000000000000000000e+00
1.000000000000000000e+00
5.141907615362181216e-01
4.797405319568018855e-01
-6.116155687214492875e-01
-8.319703428466660444e-01
-1.974588212216194516e-01
-3.432591962002004005e-01
4.635298502254227015e-01
1.000000000000000000e+00
2.570333433488910038e-02
9.318165691377559012e-01
-8.595761221438863453e-01
1.021867520150188113e-01
-1.474065378171579010e-01
1.000000000000000000e+00
-4.611709632096355205e-01
5.580538220056055487e-02
4.035188125195244280e-01
-1.371165323461642771e-01
-8.027656280209236606e-01
-3.361922241705764952e-02
-2.194070760136523218e-02
-7.814437197840871097e-01
-5.560602135768085708e-01
-9.377457520646874656e-01
-5.066966041748890426e-01
-1.977231567038390259e-01
5.908202203954275866e-01
-2.605694820983087689e-01
9.043110832117559061e-01
-9.738343648232375416e-02
6.603377979350065763e-01
-7.765769892090512716e-02
-6.962492304479721561e-01
7.434457147099887697e-01
1.000000000000000000e+00
8.879887356774315288e-01
-4.940244662681802512e-01
9.833657737005619959e-01
2.730829126814318109e-01
4.704903746359535566e-01
9.696753404596983872e-01
3.527344882922975322e-01
7.853732922986090825e-01
-6.465521745076566740e-01
-3.262884912107411051e-01
1.000000000000000000e+00
5.417226861341482014e-01
-1.000000000000000000e+00
-2.492399319644909017e-01
7.901891062751398298e-01
2.904233021724303976e-01
-8.080814459374419112e-01
2.124094850447302840e-01
6.552110546061261365e-02
-4.400938480926501195e-01
-1.000000000000000000e+00
-9.927948598699219973e-01
9.993867633572086628e-01
-9.650300544554631932e-01
-9.222423203668231872e-01
-1.000000000000000000e+00
2.558076549555994839e-01
9.424894114012184465e-01
3.316686322664996744e-01
5.536165526736797071e-01
2.836952628005343646e-01
2.662037669100397741e-01
4.829851158475084727e-01
-1.452086325083061513e-01
5.726812704796122588e-01
-8.699606700672934956e-01
-5.098720276574429944e-01
-3.953511184096965003e-01
1.000000000000000000e+00
-2.414520301624435428e-01
-3.820329529180030437e-01
-2.045210457741905297e-01
-6.730099749517609586e-01
4.023520180784581068e-01
-2.835472801640732260e-02
-2.662220060308666536e-01
9.041721120844271598e-01
-3.243297651245710123e-01
-5.897001714751614054e-01
-4.603652909060425014e-01
-4.079958092911547540e-01
-9.854473627002476865e-01
-1.865086357865850192e-03
9.130368280202612041e-01
-9.654511999295263269e-01
-1.278331748483021724e-01
8.316327125500027062e-01
8.830723173650236735e-01
-1.000000000000000000e+00
-8.094257086203411333e-01
-1.648891147827590276e-01
6.302742270322191365e-01
9.349417424152410838e-01
9.515200385162893015e-01
1.000000000000000000e+00
-4.962379344814781268e-01
-3.843825623885551712e-01
-1.102397015604745234e-01
-4.813819695845223401e-01
7.613895485546141595e-01
-5.877843552119516035e-01
-6.772976015965115337e-01
1.003643624546449731e-01
4.637360236693446325e-01
-1.119254908027475931e-01
8.250650026847985430e-01
-3.953475002225609880e-01
3.783810088907589853e-01
4.907809567614202645e-02
5.188009598606174722e-01
1.000000000000000000e+00
3.122154745121078490e-01
-5.139195487971256332e-02
1.366311397241178408e-02
-9.282000524613627235e-01
-3.916785055384308656e-01
5.872493635742094265e-01
-1.000000000000000000e+00
6.943540907215105529e-01
1.000000000000000000e+00
-9.662828386586760354e-01
1.000000000000000000e+00
-5.873553326125398322e-02
2.206187334320265925e-01
-9.869046190724898304e-01
9.186910923576416810e-01
1.698365310666084815e-01
9.271880898800712867e-01
-1.000000000000000000e+00
-5.722778789692336554e-01
2.346188733577483365e-01
2.826399209141848834e-01
7.536339350936125392e-01
2.943080685371824573e-02
-9.321121911009089267e-01
4.132154063759977403e-01
4.340126454210695428e-01
4.352074881237895376e-02
-3.948456348282945449e-01
-1.000000000000000000e+00
1.000000000000000000e+00
6.314513334334637129e-01
-2.211560789580589159e-01
6.688020708293873628e-01
7.650576409528948851e-02
1.000000000000000000e+00
1.000000000000000000e+00
-1.000000000000000000e+00
-1.000000000000000000e+00
4.557227505121561606e-01
-1.000000000000000000e+00
-3.342488603767118649e-01
-7.847422128501221339e-01
-1.864247693133334327e-01
-6.829211001091226585e-01
7.778881636787723375e-01
-9.544655782326498528e-02
1.000000000000000000e+00
-8.612869029194334392e-01
9.179668905333500106e-01
2.941226501945855554e-01
-5.276754813220773110e-01
9.346432585810702243e-01
-6.269817115238682792e-01
3.280477551839146022e-01
-7.178522107895631832e-01
9.980644106857532449e-01
-9.038389070257623059e-01
-8.847133378991707264e-01
4.343150173786684831e-02
1.233398927090782748e-01
6.104758287763860647e-01
-5.221800219779025864e-01
3.644765936206898482e-01
9.337480715669690401e-01
-9.874603891713624737e-01
-6.917431081479535893e-01
2.303595539556605454e-01
-3.274881834442934236e-01
-9.989645422170967404e-01
-8.525841975670274131e-01
-6.931302112815219685e-01
1.642425840060825204e-01
