-4.831295990111081351e-02
5.459560694379392842e-01
-1.000000000000000000e+00
-1.000000000000000000e+00
5.571791979996519872e-01
-3.608119977791679478e-01
2.404987098110487886e-01
2.210962007641609217e-01
1.000000000000000000e+00
9.788150085449388582e-01
-9.070215618986510187e-01
-4.269516620382967087e-01
8.793774744742927085e-01
-1.000000000000000000e+00
-5.150598175026207537e-01
-9.870355647527790932e-01
1.202217579917298634e-01
-4.134343570264149559e-01
1.000000000000000000e+00
7.787210810887374990e-01
8.369366716029941200e-01
1.769454710251602836e-02
7.181470999830208424e-01
7.328463142282377607e-01
-5.182774348553642607e-01
7.261508425475105000e-01
6.303852239661206225e-02
-4.847876670687570888e-01
4.309486596818387083e-01
5.429967044916053087e-01
1.996801386595041805e-01
7.026997687789520164e-01
3.609181925224709819e-01
-6.337608448915065251e-01
1.722977587614127337e-02
-1.000000000000000000e+00
5.619221888193095538e-01
-6.569422090997361074e-01
-6.741447863700669174e-01
-6.610216579748877663e-01
-6.164751176076128658e-01
9.618103998274795119e-01
-1.237225058404536476e-01
9.530065762405510732e-01
2.755817865772027808e-01
-1.000000000000000000e+00
-6.679294696532818154e-01
-9.798982811463127218e-01
-4.599687983178811779e-01
1.000000000000000000e+00
-1.943260985865123691e-02
-2.578392662941828561e-01
-6.734988097417257125e-01
-8.368892911801441015e-01
1.778523439225773717e-01
8.884500848638468007e-01
5.199276294072110449e-01
-3.570625741507799655e-01
-7.670971992757000257e-02
1.374529106721723293e-01
5.460127943322667932e-01
-1.095792622630471780e-01
-5.970279752770191184e-01
-6.321018920710044231e-01
5.944703077978984451e-01
-1.000000000000000000e+00
8.738833074990010052e-01
6.389257018383104336e-01
-8.880995574556296290e-01
1.000000000000000000e+00
-1.000000000000000000e+00
-2.895663588392383136e-01
9.450589810195659801e-01
-1.621675727201190575e-01
2.887834195137227722e-01
-1.000000000000000000e+00
8.785771435411003916e-01
4.373994644201118498e-01
-9.572896175203573499e-01
-6.036838382928317870e-01
-5.362162329062315491e-01
1.562461804782377117e-01
-1.000000000000000000e+00
6.109374904478871438e-01
4.043229770920517274e-02
2.917469576501301454e-01
-1.000000000000000000e+00
9.418116395870582691e-01
8.383194221399694612e-01
4.363684569739970098e-01
-8.017833360002458720e-01
6.455514157077590909e-01
-1.000000000000000000e+00
-7.498852713284100968e-01
7.406878984086454620e-01
7.167259785064619138e-01
-6.431325018700888574e-01
6.682215484798448291e-01
-5.997198066384693549e-01
-3.826903971355576917e-01
-6.728227304197155201e-01
5.883504749562017411e-01
9.965794905108815716e-01
9.820187202904743229e-01
6.727259004895649319e-01
5.356154387514496795e-01
2.102496960889271016e-01
-6.509228802178284035e-01
2.203628554507968684e-01
-6.043986889931569906e-02
-1.000000000000000000e+00
1.424863088328456873e-02
-9.112616937615454216e-01
6.662738621507768855e-01
-4.687421191579231872e-01
3.325791935703241164e-01
-8.547628228396336736e-02
5.012812634077657981e-01
9.049525862795951836e-01
-7.999113630265181074e-02
-7.724219205926438070e-01
3.322913640188050466e-01
-8.258294236382445197e-01
-1.000000000000000000e+00
-8.153976655025026998e-01
-4.169237689977460803e-01
-6.605848608699355085e-01
2.643093743136923357e-02
8.121148753551723498e-01
6.850445271006471160e-01
3.031112970787823158e-01
-6.047137439408094561e-01
-7.890348527254146260e-01
-7.219228094308849375e-01
-7.721551317738237774e-01
-4.352641616639963962e-01
-7.743072969759210444e-01
-3.372907916247103177e-02
1.032839560675174462e-01
-1.000000000000000000e+00
6.776892929686324507e-01
-7.803866677918684935e-01
4.160455904538645222e-01
3.107452268958584840e-01
1.758647878118784758e-01
-4.016898247038370173e-01
-9.862909951312883727e-01
-9.928404005834430279e-01
1.000000000000000000e+00
-1.000000000000000000e+00
1.000000000000000000e+00
-6.743797767251422659e-01
-3.611099330753437253e-01
-7.128761386179595094e-01
-1.000000000000000000e+00
2.078852343223864252e-01
5.438228128609996492e-01
-8.845354234275647209e-02
-4.653803189149526287e-01
3.922714956419984245e-01
9.702471411235973342e-01
-6.660515280048808773e-01
-1.157107307337110202e-01
7.896030388643593412e-01
9.318448087999079421e-01
2.634822781623260557e-01
-1.000000000000000000e+00
5.094529431907346417e-01
-7.536117772252587388e-01
-9.642101231546714724e-01
7.639514195843903899e-01
-6.327135476484994081e-01
1.879340004738375147e-01
-1.000000000000000000e+00
-8.931029635472941264e-01
1.869082204146152448e-01
8.187253201008545256e-01
7.490593372092692048e-01
8.310660337883706283e-01
-9.771162633330860992e-01
-4.522476565032883533e-01
1.000000000000000000e+00
6.805191337744420643e-01
3.183004079615252557e-01
9.889401638529182748e-01
6.654608606904170998e-01
-9.223076262189660035e-01
8.204814343290617318e-01
-7.248915296297921973e-01
-1.142907776549975801e-01
-7.919000018540240937e-01
-7.730771304322879844e-01
-1.099641815791547461e-01
-1.000000000000000000e+00
-4.650334174615658456e-02
-1.000000000000000000e+00
-1.386825848210128387e-01
-3.980506066203329252e-01
-6.694057557500936451e-01
-2.377713503066001821e-01
-3.369307512914113678e-01
7.888743414275294352e-01
-1.779242275423765784e-01
-1.068975768561489237e-01
4.244980632277927102e-01
1.000000000000000000e+00
5.883933594626675756e-01
6.958655686687550412e-01
-5.823126084311835982e-01
-1.000000000000000000e+00
-3.920146159300090249e-01
-4.759983397407552830e-01
5.439177514990278794e-01
7.985736693779749151e-01
6.574438185680209212e-01
-2.926996250801149890e-01
-6.501497915992828780e-01
1.000000000000000000e+00
-9.475457098994413130e-01
-1.000000000000000000e+00
-3.665324577291031449e-01
-9.529413681658064350e-01
2.300816225591902631e-01
-1.000000000000000000e+00
7.880767511539994441e-01
-1.204667071785964771e-01
-1.000000000000000000e+00
3.380954027253105232e-02
1.000000000000000000e+00
-6.182195519435468301e-02
-2.507028789940500824e-01
-8.073856477613262639e-01
3.616928401561254613e-01
-2.815852891350117959e-02
-6.814312549062215840e-01
3.567838369252043229e-01
4.562134033310356052e-01
9.258431878744456389e-01
8.336152728878384321e-01
7.662446219763884292e-01
-2.107319497983131118e-01
6.630130440883408305e-01
8.650891539066367653e-01
-6.304335843981007104e-01
7.405030146513978950e-01
-2.416650470237777237e-01
1.000000000000000000e+00
7.369743592367985485e-01
6.214391618853518651e-01
1.000000000000000000e+00
1.000000000000000000e+00
8.303755847096581100e-01
-8.187450534836848703e-01
1.000000000000000000e+00
3.308807580063588549e-01
-1.000000000000000000e+00
2.482222957527457918e-01
-9.703426316095851156e-01
7.158261283777825335e-02
-2.702171369022847713e-01
-1.931556017665344571e-01
9.985212848936416696e-01
9.676361112312011070e-02
-1.000000000000000000e+00
1.649630983491174874e-01
