-8.058868149163181949e-01
7.689292774538128428e-02
8.029518120973972994e-01
-1.050894771280175277e-02
-4.756444068547598936e-01
9.207851068378679615e-01
4.814249098512340952e-01
2.475631762276906955e-01
1.000000000000000000e+00
5.804996890074374249e-01
-3.261359125250407054e-02
2.827163632990091213e-01
5.171236628426207904e-01
-1.766844790387943342e-01
4.782881560740821492e-01
-3.881479826132784305e-01
-8.002389001179281980e-01
1.000000000000000000e+00
9.032903660250800604e-01
2.413078305579958172e-01
7.381263714926830088e-01
-1.711589786324380080e-03
3.253185819412834912e-01
-3.362549563803108321e-01
-9.758570525480024793e-01
9.452801525831198148e-01
-1.827782370205413010e-01
3.346855198829752354e-01
-4.979689484804693533e-01
9.089265262826226599e-02
-5.545314616570121702e-01
8.367842681485583578e-02
-7.119900256761065860e-01
-2.204209078153098189e-01
-1.000000000000000000e+00
2.085407379886209944e-01
-7.452405118304730181e-01
7.346478384040419085e-01
4.937929684973805800e-01
-3.420966471957662680e-01
1.814822158467698787e-01
4.441965800515660368e-01
-6.375434558270586249e-01
8.123613815430745511e-02
2.393551388764416921e-01
1.687180998492282535e-01
-8.140593549809805873e-01
8.029901058984382362e-03
-8.362789221706190546e-02
2.327525079552872356e-01
2.128783111277549045e-01
9.082533723804376846e-01
8.440968658960299464e-01
-2.106387608424421243e-01
7.195813456078556936e-01
-3.896053335007678697e-01
-7.691493667984472538e-02
2.305655070855770206e-01
-5.530490458253792818e-01
-2.476309878402636888e-01
-7.793793667511015322e-01
-3.834453029187871453e-01
-9.342508454253950489e-01
5.074139851286395553e-01
-7.776913296356123828e-01
9.351109269237016797e-01
2.093277327779087815e-01
-5.445941506606750693e-01
2.454964766736675852e-01
6.526122708789869886e-01
-6.466760422774455730e-01
4.090532687111992916e-01
3.234675815232080504e-02
-3.257663011608469272e-01
-2.354236051022884635e-01
8.043553538736354369e-01
5.245824095658546682e-01
2.885263456069526722e-01
-1.000000000000000000e+00
7.372827866169404665e-01
1.686841293441243839e-01
-7.393342770757016513e-01
-4.581123885810400309e-01
3.034002405745692826e-02
1.000000000000000000e+00
4.918876300625266706e-01
4.299754825065675579e-02
-1.000000000000000000e+00
1.000000000000000000e+00
-6.815123423211157105e-02
1.000000000000000000e+00
-1.000000000000000000e+00
-4.938163673977973289e-01
-4.550866090540018893e-01
-8.795483098311924763e-01
5.675121279795277696e-01
8.412238913389923356e-01
3.154035301838334915e-01
-2.523958808154996292e-01
-1.000000000000000000e+00
-2.238607699767879156e-01
1.577517329588430384e-01
3.138719945355846197e-01
-2.195244650872623104e-01
1.991117376847975629e-01
-9.018288710882081949e-01
7.771453645632071527e-01
-4.177366654544185653e-01
6.553987137112071704e-02
-9.947659620413566994e-01
4.376229577178900598e-01
3.327749537533647439e-01
4.087164074283634874e-02
2.631177453722635673e-01
1.276736784652527656e-01
6.456890950206316537e-01
-4.504217274723264497e-01
2.148955297608414194e-01
-1.446337146309333854e-01
-9.646927357145973492e-01
-8.757474970695552363e-01
5.646477918086582060e-01
2.762227034912125845e-01
8.846063644524633229e-01
-1.000000000000000000e+00
-1.532278638996572850e-01
-7.360331385875792387e-01
-5.264344928337447715e-01
-2.236029037571109213e-01
-6.928486285256036936e-01
3.958880740300986245e-01
5.020264218712995330e-01
-4.180138621748798466e-01
4.161638330340513559e-01
8.854874457202981386e-01
-6.021701858291481635e-01
-4.863908542173773220e-01
2.408761543822706130e-01
5.004196046508548879e-01
-7.369919573473912022e-01
7.220332366727968409e-01
-3.941312355384113397e-01
4.070449558922287214e-01
1.534756752044285355e-01
-9.859633703993111453e-01
1.597497395780133056e-01
-5.141164117500450770e-01
7.141103045037257985e-03
-1.000000000000000000e+00
-4.393854591288731681e-01
-9.957977929582516596e-01
7.459874436748852311e-01
-1.000000000000000000e+00
1.601066261790440037e-01
7.045309492024454112e-01
5.415401076218850918e-03
3.069851640970875373e-01
4.340372827313520032e-01
-4.680225720397941380e-01
-3.242402042237238491e-01
-1.011028650986618566e-01
9.155449965596058615e-01
-5.836300492148746022e-01
1.000000000000000000e+00
-7.507024474418202975e-02
1.000000000000000000e+00
2.311595556397209039e-01
-4.014357465144750559e-01
9.684483932462490952e-01
4.325826450004690016e-01
-3.920224525860394049e-01
-1.000000000000000000e+00
9.502669125854504295e-02
4.921052798535488493e-01
5.204029259463505142e-01
7.846984651186097448e-01
4.657760481839687827e-01
-6.097247185763181310e-02
-7.812340890306036512e-01
6.251093068423383414e-01
1.306452257178023491e-01
9.533978986790896393e-01
1.260950104252212267e-01
5.057534061999404695e-01
1.808768608331756400e-01
3.458025886969157137e-01
2.793481220633944884e-01
-8.565693655573761167e-02
-1.000000000000000000e+00
-6.924076936905760871e-01
-2.350214189571110945e-01
-9.281424740017518715e-01
5.329800593571503153e-01
-2.549973818081792132e-01
-7.774304830953457923e-01
3.582656306022165005e-01
-1.247787649102569674e-01
4.458843770192040534e-02
4.653832960112081474e-01
6.428391381854627884e-01
9.983366859219475753e-01
1.000000000000000000e+00
-6.428246186086591929e-02
9.264157674187849523e-01
-1.076259740521291752e-01
5.763708617628408026e-01
7.228385407620918635e-01
-1.252635160496230471e-01
-1.122642416329696635e-01
-1.000000000000000000e+00
-6.152217078970363406e-01
-6.331486229041939362e-01
7.231841467434594328e-01
4.433541321543727487e-01
9.382541503360308788e-01
3.212163086401003120e-01
-8.651842146181762949e-01
8.155433199058358118e-02
-5.796398910177157082e-03
-5.395487447239053491e-01
-9.543627197691418873e-01
-5.053880491590924118e-01
-6.996015866751120749e-02
7.900618087942776757e-01
7.266087647545702022e-03
-4.887405528285734269e-01
7.825197873640797885e-01
-6.348325647770509672e-01
4.884374554776796939e-01
9.982414283548984857e-01
1.000000000000000000e+00
1.000000000000000000e+00
5.823607467337926780e-01
-2.534028799606963256e-01
1.985002042554406820e-01
-1.000000000000000000e+00
5.182765662240762516e-01
-3.583321302802470187e-01
1.146841515351333524e-01
-1.971221843281044384e-01
-5.492498304453092839e-01
4.536722912851706702e-01
-7.885482581353550069e-01
1.191561400351967420e-01
-3.009117899506017976e-02
2.194582251276840923e-01
-7.891513427168238559e-01
2.504609604796070865e-01
7.494751349174556543e-01
4.781390343622595740e-01
3.687126245476973763e-02
-6.416012617014615893e-01
1.755644991058428334e-02
-2.626250165540071069e-01
4.505226773905633697e-02
-9.118950214705840995e-01
-3.521566076006221735e-02
-3.143690963049238785e-01
-3.125102345033933249e-01
-8.075667396755334959e-01
-8.620725836288787303e-01
9.817117713301063420e-01
-5.618744214452142671e-01
1.000000000000000000e+00
4.016695083812623079e-01
