6.245871883134056501e-01
1.531882425319934793e-01
1.510113329216761224e-02
4.391105038145410866e-01
2.155084063660789306e-01
-3.284432207810425997e-01
-4.360445944764787529e-01
-1.318926951958250271e-01
4.354805165225373864e-01
1.149410804556252330e-01
-7.581802077465322753e-01
4.707906759208397296e-01
3.105270450526123605e-01
-5.898052529452736392e-01
2.627966588680634152e-01
-8.238786402961791877e-01
9.062700542594481767e-01
-2.559684796842520704e-02
1.000000000000000000e+00
3.818753217329566851e-01
-7.477759236088066253e-01
-1.833937742932412185e-02
4.995681052619573848e-01
5.931055629624917280e-01
-6.311910240086464619e-01
1.007702457012309427e-01
-3.521766419435466977e-01
2.798126678323271666e-01
-1.722095980781058744e-01
-9.546539482243201480e-01
-3.429068195648854456e-01
-3.163902519865930962e-01
1.226448100366415161e-01
3.236013305133614293e-01
-4.991315177229302957e-01
2.021840936153598556e-01
-9.311564156877563114e-01
6.627322902501617263e-02
-4.788544636368802787e-01
1.992196925152204812e-01
-8.835131773727558091e-01
6.501257283788854924e-01
8.625026119540697422e-01
1.649073538450107623e-02
-8.334441069861371343e-01
-9.011544913168435533e-01
2.874079966351390514e-01
9.798818049866502289e-01
-8.936129518937763194e-01
6.097132317238949106e-01
6.566491087579851005e-01
-4.931667996451202796e-01
5.144942821882436679e-01
4.165700584616900404e-01
-7.881267604595068033e-01
8.730500497475546240e-01
-5.659457951767997708e-01
3.892665072225618417e-01
-3.457440897155422133e-01
1.036344987618360580e-01
9.819714021176796370e-01
7.442751551404664934e-01
4.898172944696510545e-01
4.582222318333117883e-02
2.362034858202692877e-01
-9.313302450945928346e-01
1.318824515569394507e-01
8.019382536856562993e-01
6.476287615097863215e-01
-6.773408886256060413e-02
-4.760450804875572262e-01
1.000000000000000000e+00
-3.939978173869872480e-01
-9.534846975024519056e-02
2.321252529289331568e-01
-5.260607288838352602e-01
-5.786384827521908608e-02
6.634731254442057802e-01
-5.966045967869253452e-01
4.312646126038811867e-02
-8.468650265354256135e-01
-9.938783922851837094e-01
9.077007007147910311e-01
-2.948574721288288458e-02
-7.374456599349900054e-01
-1.624374186645494156e-02
-6.628044184507257963e-01
3.013642155828556435e-01
-1.624990070564738542e-02
-3.201078038975090911e-01
-2.405031560524132916e-01
-5.636719931332889733e-01
-2.588067535433626887e-01
4.219781952645383916e-01
3.909603820525573425e-01
7.668846356359346750e-01
-2.526910944992301067e-01
9.249049152854089684e-01
9.682141143273153006e-01
-1.000000000000000000e+00
1.534592335004494046e-01
-3.826622890793606180e-01
2.637926656439490425e-01
-5.810967852897194752e-02
-9.237448900982372368e-01
-7.458702339289584593e-01
-5.217507391962095120e-01
1.148219707210447194e-01
-2.943404572294391897e-01
-5.316231019790552681e-01
1.707008100983884447e-01
2.244370650347105589e-01
-1.747297056121951409e-01
-1.334332354398439779e-01
5.866445955217313574e-02
-9.226574346410889582e-01
9.936113016908252327e-01
3.254162815854447777e-01
-6.327002642483579020e-01
6.530011469052635631e-01
4.705907535765198602e-01
-1.301101586101773844e-01
-7.123382063740286707e-01
-4.312635253440046945e-01
-2.828888919246435041e-01
-6.665862835652769380e-02
-5.200850554858884589e-01
-1.000000000000000000e+00
-8.251763206491302682e-02
-9.029294377041658937e-01
6.126799686835593395e-01
8.181475838620292373e-01
9.130136572492075775e-01
5.608959812252481969e-01
8.519863037199865152e-01
1.981448080408898527e-01
4.759719591243039005e-01
5.659205853541067199e-01
8.118870338413031185e-01
6.279564454203680202e-02
-3.095974355311914561e-01
2.761333882628458358e-01
-3.543707037375407598e-01
2.168492093028611123e-01
-6.600713884362867656e-01
7.203355860783080544e-01
5.233208100326454115e-01
2.953734722966376847e-01
-9.625925286369987344e-01
8.248774474744026142e-01
7.604260250038485935e-01
-1.000000000000000000e+00
3.593913954749117234e-01
-6.886409577351367828e-01
-5.689194337528779011e-01
-4.120969785483028502e-01
6.542043617137074385e-01
-8.949822363576256379e-01
1.293780254497001181e-03
6.001962462746774918e-01
3.907333655611816003e-01
6.272572238785203425e-01
-7.414937405461974329e-02
5.147672037062632766e-01
9.274765057610179220e-01
8.929769114591592505e-01
5.768720791041045404e-01
-7.388451206893441592e-01
2.767122829447141164e-01
2.008718966777253701e-01
2.543878688834835256e-01
-9.217318058010828263e-01
4.887842946496289143e-01
-6.592607862626342907e-01
-9.023273132858578016e-01
-6.565349662939254927e-01
4.503314598146517245e-01
-1.225374890418673424e-01
-2.257216906726970951e-01
-8.956773866892664415e-02
2.589585359918348262e-01
4.700064133861017179e-01
6.688910783012458339e-02
-5.041023535483013518e-01
-2.333510420276146691e-01
-2.276905102176400852e-01
-8.402178692494732815e-01
-3.460336454099823822e-01
-3.938671131785636548e-01
-8.820822084642769845e-01
1.235559387732005909e-01
4.650066507185633968e-01
-3.885213840951680098e-01
-7.375007616950861600e-01
-9.428472846184410283e-01
9.454768788524636758e-01
-1.648090074583584141e-01
-4.284574223167656459e-01
-4.450296135613102111e-02
3.477039517581950179e-01
-3.319186926485298006e-01
2.559413289126802882e-01
-1.338574399454030284e-01
-5.448624074028511899e-01
-4.912448935160209640e-01
3.346246233526904423e-01
-9.354622790792587184e-01
4.996507424924383489e-01
7.498998721644172250e-01
5.694889786989205671e-01
-8.988037943159943310e-01
8.479857629609548475e-01
-1.760439865211382848e-02
1.597708064635046665e-01
3.289024999704006635e-01
5.166916233240457235e-01
1.947952681673713604e-01
-2.486825712116425002e-01
-8.733681418998913148e-01
1.000000000000000000e+00
-1.495216722519454589e-01
-1.206802604665675460e-01
2.902243942865505577e-01
-3.225968147198134961e-01
2.518466381952109145e-01
2.608327380636104031e-01
6.536497331177666403e-01
-5.541608208918917811e-01
9.367301375282668374e-01
-9.166164395570564061e-01
-5.736011451114320092e-01
5.311691015984276731e-01
-9.124758534484398442e-01
7.924848566809863382e-01
-1.042342753589350079e-01
-1.509663608035327620e-02
-2.718209141147118757e-01
3.660472097097526856e-01
3.278550316823829469e-01
8.049519822413483960e-02
1.495564460980771671e-01
-3.316990134749011609e-01
2.352173191529106089e-01
-3.439725676168208235e-01
-5.568084157863599781e-01
5.913432096458230980e-01
-9.673265748128285768e-01
-4.513344116742459278e-01
3.738615075465290261e-01
4.800856566424345773e-01
-3.738765181295953255e-01
4.938959705830852087e-01
-6.120506750246816896e-01
4.194418508259636358e-01
-4.791114495927280004e-01
6.742037092857707803e-01
6.308711132829396551e-01
6.189695183922101496e-01
7.363594108049715814e-01
-5.638044008156950504e-01
8.660149484635732975e-01
9.077374810783210568e-02
-7.422836696538899215e-01
1.000000000000000000e+00
-8.388287655708386026e-02
