-3.152390840125560700e-01
1.000000000000000000e+00
-6.600414828683512924e-01
3.364308826544200048e-01
5.220817311984358167e-01
5.145888668609748251e-01
1.000000000000000000e+00
3.061369881433210205e-01
-6.178947526569658066e-01
1.000000000000000000e+00
7.932891739372831541e-01
-3.498735930760740742e-01
9.129777682256151605e-01
1.000000000000000000e+00
-2.348171273947709525e-01
5.068608906580672757e-01
-8.058726232025796854e-01
-6.094475904478137140e-01
-1.447046969028625840e-02
7.417015338876856712e-01
8.274010537522363817e-01
-3.944594370632790725e-01
-2.211765469501917325e-01
5.003547217099653110e-01
6.628711855517888107e-01
4.286827947318503917e-01
1.000000000000000000e+00
9.821320917645268711e-01
-9.190632229016851840e-01
-1.086722973993777819e-01
-7.112682044330409514e-04
2.053759885104869953e-01
-8.685950165337448237e-01
1.000000000000000000e+00
-2.111911293404624412e-01
-9.213013803397013257e-02
-9.205179643310574811e-01
-5.640518596014878483e-01
7.423626076914821015e-01
6.775261041129497508e-02
2.341252452311553822e-01
7.035611389441098762e-02
6.029074726338257140e-01
-4.677704804217980294e-01
-4.423510375521736426e-01
9.280031150709782128e-01
-1.000000000000000000e+00
9.010921436836185627e-01
1.000000000000000000e+00
6.940188723557729755e-01
-1.031184759155636815e-01
6.775197151579517296e-01
-7.743815005758221126e-01
-4.509522186932146126e-01
-1.505382625416279430e-02
1.250001574229966106e-01
6.356437650190780442e-01
1.000000000000000000e+00
1.745132954360462674e-01
-2.958689224485640534e-01
-4.748220884401076480e-01
-9.849528643608729261e-01
1.404084407298130666e-01
1.071529288783113210e-01
-1.000000000000000000e+00
7.191042909618856616e-01
-7.122563324334187929e-01
6.327790831183895959e-01
4.086474676122349159e-01
-6.239415770971968866e-01
-1.478884588838225156e-01
5.284796044943830262e-01
7.437530618212153666e-01
2.640114433359239121e-01
1.000000000000000000e+00
-9.082845500320376741e-01
-2.102953993835046664e-01
1.000000000000000000e+00
-1.000000000000000000e+00
-4.872371660618707301e-02
-3.735304051141305481e-01
-5.280140225737881554e-01
3.091307107861570036e-01
7.590324247734817620e-01
1.324569911169852787e-01
-8.397440034190990499e-01
1.761540517723329535e-01
-7.168898379376120733e-01
-4.171983889449407124e-01
-1.000000000000000000e+00
9.351767947481882670e-01
7.646025155657113492e-01
8.849039083252301374e-01
-2.002708050891567060e-01
-3.661594500377644001e-01
3.400698012839184492e-02
-5.250931020244204994e-01
-3.366061339531463137e-01
-4.384651723969389958e-01
1.000000000000000000e+00
-9.579232252241424161e-01
3.883125674932610960e-03
1.000000000000000000e+00
-1.604369393074424055e-01
-2.798728955360025861e-01
-7.364538787303440692e-01
1.000000000000000000e+00
8.224005185611964475e-01
3.517316523658537974e-01
2.868204516578363172e-01
8.354729768937787515e-01
1.335521305466663700e-01
-6.078274441936137862e-02
3.256130161747924356e-01
-7.349046865240287385e-01
-5.574141019854885748e-01
1.000000000000000000e+00
-7.889925004514483087e-01
-3.099441799999253511e-01
-1.000000000000000000e+00
-7.310789113679717621e-01
-7.441391592546497957e-01
8.002750724190622611e-01
8.886259868800138184e-01
3.639693665803284683e-01
1.505932042007817051e-01
-8.691151108265837699e-01
8.042496900102211743e-01
3.519134624687514923e-01
-1.000000000000000000e+00
1.000000000000000000e+00
-1.462415176935557559e-01
-6.498918680410437076e-01
4.910161987416859497e-01
2.292175206769804241e-01
-1.556556029831814847e-01
-2.829477198900889889e-01
-3.441386439565247701e-01
8.887097340218903518e-01
-3.475291576618952383e-02
6.487271948928456933e-01
-1.000000000000000000e+00
-4.815023641616938965e-02
1.000000000000000000e+00
4.871132889175213143e-01
-5.115804578570912753e-01
1.000000000000000000e+00
1.000000000000000000e+00
7.740753808473497255e-01
-9.221575183976555845e-01
-1.000000000000000000e+00
-2.667295224839122403e-01
-6.687555183852045282e-01
-6.548313332024757738e-01
2.888610126723041849e-01
-3.904105227952431312e-02
-2.836733932383199153e-01
1.000000000000000000e+00
-5.558932685660212814e-01
-1.000000000000000000e+00
2.353509797561242622e-01
-6.266995514040567539e-01
-5.310325532294761786e-01
1.000000000000000000e+00
7.663245536330312024e-01
-8.116665156907766354e-01
5.130865559391277753e-01
-4.117308573828635243e-01
5.544610990625005176e-01
2.876795383338226486e-02
-5.411163510709141589e-01
1.000000000000000000e+00
5.407823614418980629e-01
-2.342621235129698221e-01
-3.295087282533706863e-01
5.828311011748622539e-01
-3.939342673473468226e-01
1.000000000000000000e+00
-1.000000000000000000e+00
-6.013128530305807962e-01
-8.236475710861463906e-01
-9.894580525004570415e-01
-1.906740894783497120e-01
-7.248430475049736366e-01
3.267233363261706769e-01
-4.251697526814665618e-02
5.892888089137771068e-01
1.000000000000000000e+00
-8.675120580010493576e-01
1.000000000000000000e+00
-4.190060166978512024e-01
3.403711417887789192e-02
2.179046128753570621e-01
-1.000000000000000000e+00
2.703818309802280551e-01
-7.433697318356793371e-01
-4.100687429517725358e-01
-2.909333461996463921e-01
-3.136402318165382175e-02
5.415907036292850751e-01
-1.231685733216337786e-01
4.946838160798051054e-01
1.000000000000000000e+00
1.527272478368447706e-01
9.370414773374738937e-01
-9.425461020213801167e-01
-6.016687392027356696e-01
-1.784190361944380521e-01
-3.216305945930425514e-01
6.787853088186360795e-01
-8.323883615567958527e-01
4.719517800202790436e-01
1.000000000000000000e+00
-4.713763849322682997e-01
7.270476632379750948e-01
-1.162914969538012822e-01
6.583229044957322751e-01
4.840374166553638724e-01
6.335800984182397011e-01
-8.268297179617666304e-01
-4.305702137639051408e-01
4.078891997557190785e-01
-7.193148505347126687e-01
5.425311207198003638e-01
-8.309905900062772854e-01
2.597413385437910560e-01
-9.494423775681519739e-01
-2.638465877146155547e-01
6.895549802689525665e-01
5.112173572675389188e-01
9.496318943097799004e-01
2.932912595418643575e-02
8.739650197391977127e-01
7.508812496902905753e-02
1.000000000000000000e+00
4.608285644007599213e-01
7.118118536239883554e-01
1.000000000000000000e+00
3.692555773741048597e-01
9.199220578732133502e-01
1.391531217736675652e-01
1.000000000000000000e+00
2.589847551332908893e-01
-3.233841187912358528e-01
9.029918416666792291e-01
-1.063585278624606945e-01
-5.372149216427213325e-01
-5.595892757917222404e-01
1.943044379542848976e-01
-4.310345169118778297e-01
-6.928644323385437787e-01
-8.631616895018663360e-01
3.706493122178985966e-01
5.636532251138719474e-01
-8.085013928343575129e-01
1.000000000000000000e+00
-4.087081501830969188e-02
6.133067401344608482e-01
-7.607093010360184149e-01
-8.951001933732617433e-01
2.186899328036336632e-01
8.000933140987164238e-01
1.000000000000000000e+00
-6.737455899546892502e-01
6.914102681091621738e-02
