-1.720988641307623357e-01
3.874023811224486247e-01
-5.231892457907992844e-01
-5.207451656519708205e-01
2.947001942327885371e-01
-7.690001756852186954e-02
-4.138731866320239927e-01
9.298145680834928040e-02
-2.033807420580958092e-01
-2.899081142297523783e-01
-4.893403766906761487e-01
-5.305219778341682124e-01
4.709966106723575407e-01
9.507786729524638769e-01
2.561592970381229017e-01
-8.408351231867161601e-01
-6.720290872302691065e-01
3.224403064762748072e-01
6.808549126092122705e-02
5.339834628180023524e-03
-1.000000000000000000e+00
-3.986841195162942331e-01
-2.358808521314279538e-01
5.313660556169383931e-01
-7.254386559830879044e-02
-4.517437125996676683e-01
-3.244456509914046549e-01
-4.791587145284142424e-01
-9.249009416515124871e-01
-6.358692906808876000e-01
-1.000000000000000000e+00
1.329894654696059386e-01
2.293284034607049604e-01
4.331855722304982503e-01
1.537800709165860480e-01
-1.000000000000000000e+00
3.750059276089676707e-01
-1.000000000000000000e+00
-2.762825502951157253e-01
-3.005475451842709589e-01
7.192441611589981409e-01
7.909506580149311405e-02
-6.270306991282208475e-01
3.960067169368328699e-01
-2.063318768544524229e-01
5.648752482136991659e-01
-4.103235533133510193e-01
5.353126946369719530e-01
-2.419693864988359255e-02
5.605131603165314225e-01
-2.881455250695049153e-01
-1.517728652710610415e-01
-2.647653415103101704e-01
-2.480198715610513749e-01
1.887649034636194600e-01
-2.418882208232428499e-01
2.884424516602343558e-01
-8.198087958966143729e-02
1.000000000000000000e+00
8.079577000836805079e-01
-1.289851677208140035e-01
7.303184565687059759e-01
4.543296403666677308e-01
6.204389669500757210e-01
-4.583473187796200943e-01
-6.252879879768549198e-01
1.000000000000000000e+00
5.756240303976725148e-01
5.397833749212233023e-02
8.260501116177133563e-01
7.082624345773326224e-01
5.492946630010887565e-01
-1.269611050089856086e-01
1.027013112100283454e-01
3.539673278859933880e-02
5.831881694130103266e-01
-4.205305400301100893e-01
-7.036438810676144406e-01
5.458996315939291799e-01
1.000000000000000000e+00
-4.707482442565247283e-04
2.439054771150507284e-01
-1.016298254927529010e-01
1.086120171441797982e-01
4.050376918667161763e-02
3.827718630482790374e-01
-2.518886919960200421e-02
3.810121913783295344e-01
-3.575337200819204142e-01
-5.895490895244580587e-01
4.624566370506844049e-01
7.884163134125270478e-01
-1.583885133591067529e-02
-4.878733787618197981e-01
-3.706301686546862317e-01
2.334037144125969410e-01
6.172304894208391346e-02
-1.000000000000000000e+00
-6.067753627269970584e-01
-5.850386861023203489e-01
2.182888628411555065e-01
-2.856206434545534995e-02
1.495144521973179319e-01
-6.721599051197119090e-01
4.025607926083096810e-01
-5.809539103548705397e-02
5.544034419761414423e-01
4.587779868907083669e-01
3.794073299063728255e-01
-1.071304088990669978e-01
5.179422612245987434e-01
7.446053559617281659e-01
6.393772642916030202e-01
-1.253456361883139858e-01
-1.000000000000000000e+00
-6.232346715465926223e-01
-4.255249495479545563e-01
-7.013158821258564934e-01
4.087340621511044159e-01
-1.000000000000000000e+00
-9.802339148456040707e-02
-1.092035539403539701e-01
7.619823287810145729e-01
3.728192392562283963e-01
-7.599566699471727027e-02
-3.301655628031623380e-01
4.326453267050369145e-01
1.000000000000000000e+00
-4.523306387524064776e-02
9.249987858886332681e-02
1.297974482963337728e-01
2.796935922261789553e-01
-8.815611026123343352e-01
9.654452708765846047e-01
6.104104689484324275e-01
3.653648826216782108e-02
8.722331137786194510e-01
-1.088057789988216839e-01
-9.092824085216966168e-02
-8.674350612787556924e-01
-2.887657648733623073e-01
3.890958398074484959e-01
5.054418762405997745e-01
-1.662193677189628682e-01
-4.485659132538211136e-01
-4.245127159968351549e-01
-7.059259037576615103e-01
-4.488344435146190969e-01
-4.487878657058108622e-02
6.041017653334790349e-02
2.700926338651676861e-01
-6.147116254043687444e-01
-3.672538622386465890e-01
2.634759442347419656e-01
-9.195319018214141993e-01
-4.895847653417106926e-03
-5.836498529984180950e-01
-8.151524346092069440e-01
1.375914343221810165e-01
-7.504354466337960217e-01
3.759414931843984425e-02
-1.346234097916013117e-02
4.362300562615439858e-01
-3.207267842591376983e-01
-7.293506533915474765e-01
-5.590725456353804468e-01
-5.917430902937964587e-01
2.966978848939086366e-02
-6.055540399755408032e-01
-5.064199190490963343e-01
-4.070422529221900954e-02
3.764889918427684057e-01
-1.998535960384309473e-02
8.073501666979325808e-01
9.961819326800473995e-01
3.282590681360729734e-01
-8.523729436874874499e-02
-5.897739475619812044e-01
4.754731231138142888e-02
7.467275847722092408e-01
-1.542886137576972572e-01
3.935087569528925577e-01
3.857030533199974909e-01
-5.080959622651215479e-01
9.653635784571233946e-01
-5.878080300864448882e-01
4.003787566357552286e-01
-3.304795366570725812e-01
-9.784393644791083977e-03
2.994492837696646759e-02
1.000000000000000000e+00
1.000000000000000000e+00
2.038738097877750288e-01
-4.607188917699618358e-01
8.574659613280211090e-02
-1.342844760829237372e-01
1.000000000000000000e+00
3.745694446389134513e-01
4.411824202507791393e-01
-6.365177102690924293e-01
7.034473266735636887e-01
-3.218802186433771251e-01
3.033738358551087422e-01
1.637805778156165848e-01
-2.619542122512925064e-01
1.000000000000000000e+00
-1.000000000000000000e+00
2.115537139441175385e-01
-4.943822251805098378e-01
8.931047912286838031e-02
-4.850550042477882462e-01
3.333443140274198746e-01
2.655360467601116103e-01
1.843801067752110223e-01
-3.021349467701233693e-01
-4.209256213694070881e-01
-7.107623288845732468e-01
-4.592900643490755996e-01
-3.977140893896426999e-01
3.165450995100083098e-01
2.999051586208056897e-01
-1.888256333618562044e-01
-6.046574343554972364e-01
3.258876140158560863e-01
5.960077742376072019e-01
-1.000000000000000000e+00
-5.698615240715876329e-01
5.039357592103731465e-01
3.407902331775748417e-01
6.384987769756876874e-01
-8.116869882849425677e-01
-2.004917768378041976e-01
3.203165081009746173e-01
-7.411450505992700499e-01
1.000000000000000000e+00
-8.074186955783519970e-01
2.965346642767893726e-01
9.006872743376735935e-01
8.893171043540761822e-01
3.022427493494966866e-02
2.683699638391237041e-01
9.502651472078581518e-01
1.000000000000000000e+00
-8.778659266950175621e-02
-3.880512679661000108e-01
-5.619899863941986151e-01
-5.932576223837255913e-01
-8.132212975973411584e-02
5.364278073303527794e-01
1.000000000000000000e+00
-2.123539416115470813e-01
5.710755210374991453e-01
4.082831335380853743e-01
-6.002673411120262176e-02
2.192763172167369046e-01
1.965364470429664667e-01
3.754605905525751908e-01
5.051372931683190126e-01
3.463017721422587680e-01
-2.264149457824586043e-01
2.849426813511510281e-02
6.919140303051889429e-01
-6.119077495058106164e-03
6.426448859057158902e-01
-4.676597058438768939e-01
