8.528654073012906789e-01
3.209915078650460440e-01
6.589321079530269243e-02
-5.429976598467396443e-01
-2.754581065306174747e-01
4.960272256092108645e-01
-6.462856533470704434e-01
-2.197083315917853219e-01
4.092078025967850197e-01
-5.833848215155218453e-01
9.787147703712931746e-01
-7.212536539773340971e-01
-2.681733522451849039e-01
7.823884163279072324e-01
2.318219175102560481e-01
1.000000000000000000e+00
-4.587059576302608965e-01
-1.412645594245850456e-01
1.000000000000000000e+00
1.000000000000000000e+00
9.010096094641419917e-01
1.899491918248291944e-01
-3.170732846698771645e-01
-5.970516132067027470e-01
4.696412548080622362e-01
9.879902197471069902e-01
-3.092066555550539442e-01
-8.092013794536583315e-01
-4.790547568783540822e-01
-7.506419141588309696e-01
6.093693470166496873e-01
7.321211523168358326e-01
-1.000000000000000000e+00
-2.116825394438049956e-01
-2.474838372032477918e-01
1.000000000000000000e+00
-3.991689815764953853e-02
-3.135175100562556105e-01
-7.021285715041248876e-01
-3.364005467871714061e-01
-8.674823232301687170e-02
7.722847912832467854e-01
6.799799059520095224e-01
6.655536578054256358e-01
-4.609366684654264690e-01
-7.570963686801430725e-01
-8.136587401837799272e-01
-4.701868024681037372e-01
2.320259226937097519e-01
-4.316892970976260457e-01
-4.383466589983719408e-01
7.101937015037326217e-01
1.000000000000000000e+00
1.300142501037505893e-01
5.500045418136588760e-01
-8.961672824873175847e-01
-9.396816717659117746e-01
-7.302311974144453099e-01
1.000000000000000000e+00
-5.474640042512716187e-01
2.547049188029957278e-01
1.714262993722991402e-01
1.019988526668169811e-02
-7.300473015783642827e-02
-4.025250795778363699e-02
-3.270126142724819052e-01
1.000000000000000000e+00
1.000000000000000000e+00
1.049641122217577216e-01
-4.276205698294674451e-01
3.164550749129655394e-01
-1.000000000000000000e+00
1.000000000000000000e+00
-4.256979989047476320e-01
3.728090815076831044e-01
6.888210054823219464e-01
-9.728387324806337944e-01
-8.030004809389466036e-01
2.851254623296595181e-01
6.568050787637264021e-01
4.587504203315938001e-01
-1.980881569780397200e-01
-9.304553112043802143e-02
-4.131753149554683313e-01
-5.478676347185447160e-01
-4.471642784043686203e-02
-2.251750553107239317e-01
1.000000000000000000e+00
-4.787929608423167616e-01
1.000000000000000000e+00
-3.554950245788747187e-01
-2.084036992960742740e-01
-2.624912319211103462e-01
-6.126767110021411611e-01
1.616943501335457167e-01
-7.092408585079300609e-01
-3.354781160535326712e-01
1.643564231702801803e-01
-3.250212938691632303e-02
-1.000000000000000000e+00
6.773934780713027071e-02
4.983291620454285975e-01
-1.933302522859520201e-01
4.392364209433825550e-01
-3.939258103674981859e-01
-3.572179588260542271e-01
4.829738450743998879e-01
-3.600515743810234204e-01
6.613358595337862633e-01
-9.468622747491770575e-01
2.921193010546186963e-01
7.597424219611138563e-01
8.598387177399258174e-02
1.699756633672616646e-02
3.544194445230433588e-02
5.141729348851206138e-01
9.529236104165326182e-01
-6.578628394300716220e-01
-7.743998799617830553e-01
2.842150560048323782e-01
-8.541469487619566259e-01
1.894478261763991589e-01
-3.890016148731051393e-01
3.990640152224589343e-01
-8.409365919063715999e-03
-5.031680022125768481e-01
-7.443543229249744986e-01
-7.925891587741914490e-01
1.000000000000000000e+00
-2.718475374505280318e-02
-4.568758995597674843e-01
1.467096794998065112e-01
8.611828559618377454e-01
1.000000000000000000e+00
9.227378457198261996e-01
-5.708816422545508473e-01
-4.361291249185584862e-01
-6.426387713915709954e-01
-5.964080935230990921e-01
-5.739429253208103709e-01
-2.477155296529846840e-01
-5.038868735008108501e-01
1.000000000000000000e+00
8.770566006929888525e-01
-3.773658159311610860e-01
5.325317669198298409e-01
-2.235597095650262434e-01
5.854997974559614793e-01
3.116662284602191857e-01
-7.005522814970792655e-01
-5.193487384654621453e-02
3.895385564846629567e-01
1.000000000000000000e+00
-9.017366740567287486e-01
1.086493170542879305e-01
-4.637672251629144093e-01
4.300429420246671963e-01
-5.719731158049790043e-01
-1.348906056791293884e-01
2.238552934462359478e-03
7.256278356786978467e-02
-3.300055517027385976e-01
2.716171702929107701e-01
4.875582040590409338e-01
-7.184510563877358758e-01
7.580899539800654147e-03
-2.024631503992911918e-01
-3.624266603011649379e-01
1.000000000000000000e+00
-8.967325393690606106e-01
-5.746587108076472994e-01
-2.428523389440623848e-01
1.459464388410930125e-01
6.547789116038590929e-02
-4.099677949113239572e-01
5.182984823723142398e-01
-5.026155951534746480e-01
1.000000000000000000e+00
-5.889770156062488216e-01
3.260934665662434950e-01
2.295033705200165419e-01
-1.000000000000000000e+00
-2.536966381842615803e-01
1.000000000000000000e+00
-1.271660508302955850e-01
2.747871359719139539e-01
1.000000000000000000e+00
5.291757389934529376e-01
-5.361415285115422869e-01
1.171203735742035179e-02
1.000000000000000000e+00
-5.224000862132445189e-01
9.986347349527193717e-01
5.135129882835196558e-01
-1.943961124661974793e-02
-1.922274130984143181e-01
1.618270586555665691e-01
1.000000000000000000e+00
-5.831622411972945397e-01
-8.740335034905064582e-01
5.328267512624211832e-01
-3.510541786789717067e-01
3.614671357607652236e-01
7.443879504407252545e-01
7.489933821322322105e-01
-4.170127936774793431e-01
8.008133929063870893e-01
-1.000000000000000000e+00
-9.689444123783428342e-01
8.774016251404063160e-01
-4.062063305558752946e-01
-6.989917577264906368e-02
-8.103850072506831870e-01
1.000000000000000000e+00
6.203248720915188752e-01
1.975514451229887225e-02
2.766062379911165547e-01
-7.450923769690790191e-03
2.747474363337126801e-02
-5.483831491152816318e-01
-7.767003222249375671e-01
-1.072071808401617865e-01
8.053209486240198167e-01
6.534150456832639176e-01
-1.973093937133019171e-02
-7.529589068325002188e-01
9.411091535479279013e-01
-2.881551008822317295e-01
7.380617840515646400e-01
2.846067185461764737e-01
1.000000000000000000e+00
2.587982507256809672e-01
9.581431556402995042e-01
-3.675132171729315611e-01
4.396020534624345832e-01
5.868083893405319218e-01
2.796733448308270087e-01
-7.064414015018229964e-01
2.821218579238767843e-01
-7.362084725211024416e-01
-2.792221248629723207e-01
5.134660614459576333e-01
-7.370154569795869803e-02
1.000000000000000000e+00
-6.023298806336198075e-01
1.930680385450905256e-01
-9.260196283533821404e-01
-6.820481089721338597e-01
3.444125214603527274e-01
-7.548696604187650205e-01
5.842879856532877669e-01
7.022243419889129257e-01
3.981284959634211473e-01
9.463347891671007872e-01
-3.078923815820916454e-02
7.632093344591457384e-01
2.504332549381918516e-01
-4.680964480654564164e-01
2.082892920932314929e-01
9.856579772790976524e-01
2.577543381050256266e-01
9.921164527200712069e-01
-5.302482798993333191e-01
-2.652379737786704217e-01
8.740863630620754332e-01
