5.429151276648496172e-01
5.039669241599625815e-01
7.295185240326639287e-01
-1.823663379203332990e-01
-2.371652429449097599e-01
-4.136274252750183344e-01
8.227260381025733871e-01
6.268482866828035682e-01
1.000000000000000000e+00
1.560230354914852458e-01
1.061742371698333465e-01
-1.234489886076478582e-01
-3.068649877451825603e-01
1.007104019150073526e-01
7.737549208526033340e-01
3.877746375811194635e-02
2.535117904404648459e-01
-1.000000000000000000e+00
9.673311795291403836e-01
3.774133047798096108e-01
-1.354627317186322122e-01
-4.067488937949454431e-01
-7.283500842121509722e-02
1.195784185727306603e-01
-6.163511835192134747e-01
5.981689102300165040e-01
4.179252003080199396e-01
-4.828159845335582290e-01
-9.951813496217966071e-01
-3.720279557570896900e-01
1.124853195258865290e-02
4.427211549841851834e-01
-1.000000000000000000e+00
-7.076956126654901369e-02
-8.356584717012272012e-02
-3.786992482670958893e-01
5.084454395629257606e-01
-8.758384086092784182e-01
-4.334522187444257435e-01
1.694110032616691908e-01
2.305576720172608507e-02
1.000000000000000000e+00
5.855431411739155934e-01
-6.325734681974881646e-01
3.918097568318428259e-01
1.000000000000000000e+00
5.156892874702755369e-01
-6.005427557188905419e-02
2.161879964413519484e-01
-1.760313578187093775e-01
-5.996400281551841904e-02
-2.724118867519338960e-01
-6.938159636473915093e-01
-1.000000000000000000e+00
3.964532094033423881e-02
-1.206363965841511787e-01
-7.419398728737034432e-01
-1.996540934287258096e-02
-4.491363179130763994e-01
4.456258132547165074e-01
-8.717335329950189893e-01
-1.000000000000000000e+00
7.571995341573616312e-01
3.041698405956714257e-01
-8.504577305105451845e-01
1.897004717905605431e-01
1.268524717733560681e-01
4.193296085780479077e-02
-3.464027556328271862e-01
-1.000000000000000000e+00
-4.212389678560995443e-01
4.554203748447362421e-01
9.702825243714461312e-01
1.000000000000000000e+00
6.671395722358323122e-01
3.618616975174454575e-01
3.482137795581043971e-01
-7.270944686225595532e-01
6.209995569704713780e-01
8.310628639395917228e-01
6.461862604106484165e-01
-2.707665424748462724e-01
4.793693080503583781e-01
-2.605365635711870964e-01
-4.126023183771302949e-01
3.793196317056364564e-02
8.881532451358220559e-01
9.915905943361840169e-01
-1.000000000000000000e+00
-3.513139378211218578e-01
1.000000000000000000e+00
-6.554260392600216312e-01
1.000000000000000000e+00
-6.384503273718029615e-01
-4.700827335465513346e-01
-5.533130465741572523e-01
-2.652042727006579392e-01
6.009408599118979399e-01
-2.289379802534053931e-01
-2.446265781868426359e-01
-1.197759858097309227e-01
3.632222823628803443e-01
-6.842577700250156436e-01
-1.960041901585357904e-01
5.949198826896393566e-01
6.872369807254652407e-01
4.197781416123367304e-01
7.646563457363841909e-01
5.961607041829564135e-02
3.798357211224702157e-01
-1.671661062556815125e-01
-4.542010191149096765e-01
-6.930548060315442349e-01
3.702901987415360696e-01
-4.248733722822766734e-01
5.612690340908235154e-01
4.006094708830289508e-01
-7.317239493221585622e-01
2.850732829609601282e-01
-2.504437280144403699e-01
4.254240739880230660e-01
-7.940153304550641167e-01
-6.961151182779603541e-01
-3.182455374351358390e-01
-6.909060967378384266e-01
8.100795769974864502e-01
6.816832927718301516e-01
3.685234591004355464e-01
-1.933293157102343174e-01
3.315738082724957736e-01
-7.833708197340070178e-01
-5.209276302264391756e-01
2.795153365063276496e-01
5.539297106333516130e-01
-4.604411689475060299e-01
1.205921131765233800e-01
7.636152977789433249e-01
-7.543339473249845994e-01
-5.796515783852684844e-01
-7.288957136322818942e-01
-4.626949891719112085e-01
-1.000000000000000000e+00
-9.501158140033206800e-01
7.615657580069778998e-01
-2.366599174553080942e-01
-1.693407803726064143e-01
2.267656682364178611e-01
-1.609566682891585276e-01
-7.198587507783442696e-01
5.677180527393355103e-01
6.793621587308570353e-01
-3.198601109719373392e-01
3.931121588391662813e-01
4.931135389887166820e-01
-1.000000000000000000e+00
2.915485339096718365e-01
-7.768902510482882384e-01
-4.952572489242539899e-01
-5.223279299315574109e-01
-8.995597207570151799e-01
1.000000000000000000e+00
5.228319304768007658e-01
4.834860641960351257e-01
-1.702209724281321390e-01
-3.739535822213469474e-01
3.549093389943061005e-01
-9.843336517269443697e-02
1.000000000000000000e+00
4.796437282029629712e-01
1.463487350776679907e-01
5.462165375147198798e-01
4.421772398876070986e-01
5.341085703997318079e-01
4.112221539602216591e-01
7.635142354594155467e-01
1.000000000000000000e+00
1.763273200447101896e-02
1.000000000000000000e+00
-1.000000000000000000e+00
-8.933334811706150624e-01
3.832769042421904637e-01
-1.000000000000000000e+00
8.952645688883187347e-01
-6.049437971918572021e-01
-6.282915527979130443e-01
-3.765778927148982214e-01
-2.851690047451261867e-01
1.615408886433467583e-01
-6.551711178041768058e-01
-4.708419835706455503e-01
3.305399817188423572e-01
-8.138715574153370103e-01
2.895171267557643535e-01
-1.000000000000000000e+00
4.949247377378496737e-01
-5.866036947661081857e-01
4.504558959044362432e-01
5.570192425196518471e-01
-1.436400438801648805e-01
-1.676480704655555765e-01
-4.702752263350227224e-01
4.028623648914722577e-02
-2.848788707639616224e-01
-2.419915833350246570e-01
1.000000000000000000e+00
-4.749051125041231503e-03
1.000000000000000000e+00
-1.013407907375557110e-01
-6.024724883736226611e-01
-6.748229375423937526e-01
-5.498739788156647296e-02
-4.346707164716513416e-01
-5.122998643425857868e-01
6.578683025038016829e-01
-3.295480938091407963e-01
-4.718808123460009329e-01
7.808127960732050843e-01
-1.000000000000000000e+00
4.760809862122822311e-02
1.289934050745272787e-02
1.877297997355411030e-01
-3.469496462643040235e-01
-6.353552456970066320e-01
-4.674916121561485394e-01
-6.595037363568043154e-02
6.637720316679820431e-01
1.988963394348312319e-01
-4.376570701683279996e-01
6.326892297377095797e-01
-3.875979774289757263e-01
8.077395028642969654e-01
-3.393142518300173993e-01
3.893859496395345454e-01
8.273338915067913746e-01
1.000000000000000000e+00
6.088607661787499847e-02
-4.615094255104747467e-01
6.443662949312298771e-01
8.789632269969480105e-02
1.000000000000000000e+00
-2.743254731306873362e-01
6.788871584939820680e-01
7.460794823093033212e-01
3.498666640449478171e-01
6.938156519187826943e-01
4.379710291613165829e-01
6.535468722506843076e-02
-1.730014017546910310e-01
-4.549004584079362479e-01
1.000000000000000000e+00
-6.797069594702662698e-01
1.496963246462326147e-01
-1.254042200950449271e-01
-4.648921101872924289e-01
3.483322352212252504e-01
3.981435579416994219e-01
-1.000000000000000000e+00
2.350547830212897371e-01
8.740899458641311348e-01
4.884659443457062267e-01
1.723715657577722937e-01
8.049645307740460609e-01
1.000000000000000000e+00
-8.238412521726177218e-01
-3.058695438433545744e-01
