9.850900674313298744e-01
9.609733958417552291e-01
1.000000000000000000e+00
-1.917364858411849116e-01
-5.156296029593701036e-01
-1.135682871411386741e-01
-7.988921606225991567e-01
-3.440381634039808567e-01
1.000000000000000000e+00
-4.375508627545651175e-01
8.012390598629300920e-01
5.327935072433698238e-01
1.000000000000000000e+00
6.926083080269745951e-01
5.177033330246515463e-01
7.013757942589946559e-01
5.875371607268511376e-01
-1.000000000000000000e+00
8.803872476822545146e-01
-8.643848989162403740e-01
-1.839184435546132312e-01
-8.145504659170763051e-02
3.481752207400912180e-01
4.890497855528488924e-03
-1.869089771772623754e-02
5.706337277083314286e-01
-1.000000000000000000e+00
-9.244724686332472796e-01
8.529606756032885873e-01
4.889732954419713229e-01
7.120241830570535058e-01
2.691775687229318592e-01
1.000000000000000000e+00
2.507842389816594686e-01
9.831421651242013837e-01
-6.720235836491558201e-01
9.577882862148270893e-02
1.000000000000000000e+00
-1.000000000000000000e+00
-2.696110511935256859e-01
7.222857618479656683e-01
-1.882863905833001283e-01
3.073761073259875243e-01
-6.522472553018247021e-01
4.756525962326725310e-01
5.122134122892256780e-01
-3.402886850344058467e-01
-5.750477708209627004e-01
3.154790788430612558e-01
1.202114870437578920e-01
-6.065559717671226148e-01
1.096500469888377072e-01
2.519456092129088720e-01
4.352682850644792323e-01
6.915168108792910662e-01
-5.023292987820586752e-01
3.611791509682155121e-02
-5.103672914358436952e-01
-6.573210854394551106e-03
8.657548055824018096e-01
7.436923171740592586e-01
-4.010579697760352502e-01
3.654231905207703385e-02
-1.797144280651392645e-01
2.584006990391823910e-01
-7.185948749850843420e-01
-9.689365645131055027e-01
-1.182821701439909640e-01
3.503341276451563124e-01
-1.155485656676200901e-01
-5.862914221778295909e-01
3.318782123249114924e-01
7.196705645113248284e-01
5.610443431379759094e-01
-8.572387604257962757e-01
-9.956497527814207604e-01
-4.984548267392022725e-01
-4.054048540376892218e-01
-7.362351748432115206e-02
-1.289254982261378579e-02
1.993407868803978578e-01
-9.977594181462200451e-01
-3.166733074572088968e-01
-8.237016771873366672e-01
-4.051212828681260980e-01
-5.204203111529004389e-01
6.277733141035292397e-02
4.577170404578347340e-01
3.938060875883293011e-01
-3.192143662803568205e-01
3.844498387653687566e-01
6.619398440890673641e-01
3.319691277038000488e-02
9.441183517400589809e-01
8.605547432835133348e-01
-1.000000000000000000e+00
-4.079596960636288627e-01
-6.968829000464565882e-01
6.708467666036846966e-01
6.049552789878842596e-01
6.976487017652175382e-01
5.563841826075104358e-01
9.623078843627380641e-01
-9.254440593633102008e-01
6.042205632973629559e-01
5.579774585966914557e-01
5.063106198514917278e-01
9.106734862920279339e-02
5.289330194193692103e-01
8.011020178922763080e-01
3.646752484785267812e-01
3.392183466558928440e-01
3.539894252321639789e-01
7.726566976762480055e-01
8.214952217889731623e-01
1.833196562267467300e-01
7.470972519347911511e-01
4.461485751714140413e-01
-3.540675928598607247e-01
-2.952241568739052413e-01
-1.603464097446391790e-01
2.534315577968949129e-01
8.556039395823834548e-01
7.917761955753664926e-01
-1.000000000000000000e+00
-4.099280235378700010e-01
7.024853504043830910e-01
9.702583636044107562e-01
-8.769790536397299441e-01
4.339131461654640587e-01
-1.000000000000000000e+00
2.442826320486774228e-01
6.446010890196127718e-01
-2.465162387577213288e-01
5.480849940606814519e-01
-2.677406800055908143e-01
5.115281703602595487e-01
4.900024841946173382e-01
-1.878831681340275839e-01
1.702369155111215782e-01
1.000000000000000000e+00
-4.696765230605946528e-01
-4.947856090127818462e-01
4.105352947753199144e-01
4.390024659251562378e-01
-2.536753113793291381e-01
9.875460522481638304e-01
5.602193561197429394e-01
-6.349204799706680280e-01
-3.831370309391952111e-01
-5.492973928518770643e-01
-1.394767926727182861e-01
1.688266888509648567e-02
-6.872709229614117898e-01
6.316277442930631203e-01
-6.007272665421529156e-01
-2.880104995564719550e-02
6.413459577531345490e-02
-5.208860406240169993e-01
1.332336123268300088e-01
8.675806392683909074e-01
2.516111646112974554e-01
6.007670604889105981e-01
3.843465856674620207e-02
1.000000000000000000e+00
8.282236920566552474e-01
-4.278414008904665722e-01
7.775651595684001105e-01
8.290501882557586022e-01
-1.447770734147724170e-02
4.038869250705816594e-01
-8.390551998384881971e-01
4.385041353321204038e-01
7.835022940893585086e-02
8.382462499382675736e-01
6.103642919941659750e-02
5.856861431637930826e-01
1.200697885398166465e-01
1.337799951535618703e-01
4.880331878126297207e-01
1.000000000000000000e+00
3.364039567492688176e-02
3.228615678234729169e-01
1.186090055422134304e-02
3.129298024133272960e-01
2.777086851734833495e-02
1.000000000000000000e+00
-7.009161619674852961e-01
-9.083475540437733198e-01
9.984828655642761230e-01
7.052355596277265493e-01
8.890333023418917069e-02
-4.487351238749164029e-02
-1.204542052909723382e-01
6.268820115680262539e-02
3.659071470989261332e-03
-5.762971363551516735e-02
-7.175514856167967137e-01
-9.720144095923154426e-01
4.313754779701286513e-01
-9.072206108197536367e-02
5.554715656250560629e-01
2.323179109812118504e-01
6.675495437963396839e-01
7.409260904286032456e-01
-5.007276179955679751e-01
7.752226344336405894e-01
-6.488346976529235643e-01
-4.963774780843577261e-01
6.698749905746137490e-02
-1.000000000000000000e+00
-2.113518882582330338e-01
6.717725363710472797e-01
6.858923535305757602e-01
9.969168454762170617e-01
-1.000000000000000000e+00
-7.877411065802204515e-01
1.843464665614453768e-01
3.786117702700662058e-01
3.666404788453229979e-02
1.060329242123215082e-01
-7.911110665560999733e-01
-2.931352891432825736e-01
-6.954231780835415933e-01
-5.011251745363931587e-01
1.313387698880468801e-01
4.288431064258361736e-01
1.123875780699449267e-01
9.157899764013662791e-01
-4.633509209455271560e-01
-2.106619302632089519e-01
8.318531027579302295e-01
-8.759368755634572290e-01
-7.081024706739287300e-01
-9.970892113493724507e-01
-8.750322429525019263e-01
-1.176636664452272302e-01
-6.751064214111344164e-01
6.052029777584586601e-01
-6.809952595186368196e-01
1.000000000000000000e+00
8.332808751323944607e-02
3.095021187894730907e-03
9.473234033863480175e-01
-9.642594598446587728e-01
-7.793783646533011256e-01
5.480723112915190098e-01
-9.446202879416345510e-01
8.858525107144504807e-01
5.108785038855800931e-01
-2.008178468279020468e-01
3.056545702319027336e-01
5.364310671398687669e-01
6.160394055688011433e-02
6.019289702675825193e-01
-7.314247974699710220e-01
-6.226005935964400440e-01
4.945587461293854403e-01
-1.728410359567713606e-01
-1.364041166851102105e-01
-5.584767406948484836e-02
3.182457988140057759e-01
1.000000000000000000e+00
7.391802279565562461e-02
1.000000000000000000e+00
