2.465848606114988684e-01
6.871030567625990848e-02
-9.817067050002064033e-01
2.743753347118580432e-01
-4.952324168099828672e-01
8.674558683082200794e-02
-7.340854907970975063e-01
2.639002707743562937e-01
2.636903929405103320e-01
-1.629778009752529400e-01
9.982895260038122665e-01
4.500314370838673916e-01
7.444349159300056584e-02
-6.941266430121308950e-01
9.892427492281985479e-01
-2.689376833403527289e-01
2.512131167686464384e-01
-6.271861978639017288e-01
-8.786078721926496859e-01
5.699939131179032614e-02
-1.448946088089296813e-01
-1.931855763563543604e-01
2.045421043347874779e-01
9.942758380885701186e-01
9.202050881985444075e-01
7.497904543252340570e-01
-9.913227234771238017e-02
9.259595369837034795e-01
-9.556162562014742790e-01
8.579454639775696556e-01
7.148309245327731931e-01
5.311751950689698187e-01
-3.723640181269878280e-01
3.865680199460973521e-01
-2.972302718102759478e-01
6.690345692322035021e-01
-6.650356619831798710e-02
-1.518226357294396589e-01
5.289689186519105357e-01
-5.461832402161439504e-01
4.572516745805870197e-01
2.470888982442875914e-02
7.181576802604419107e-01
-3.249853442124035485e-01
-8.382333592667152722e-01
5.320585510083539749e-01
-9.804534981317019060e-01
-2.723850689358244814e-01
-6.740359602468430911e-01
3.729395483677815371e-01
-3.050830994253880823e-01
4.450196263601355895e-01
6.366851843269204225e-02
3.222740641709500586e-01
6.806150993020043671e-01
4.397024810971299491e-01
4.418176438313088372e-01
-5.192640596524833452e-01
-6.943840104929996926e-01
6.513285534505043328e-01
-2.133871194759822121e-01
-9.580624763380845010e-01
8.522165608270078074e-01
-4.757490476655883427e-01
3.989344801624201686e-01
5.980139557875423506e-01
9.003994098167842353e-01
-1.361513153859876812e-01
-8.303494360451948442e-01
-8.392444646278478526e-01
-9.613023302193328679e-01
-8.955355494738403976e-01
5.079168042263488836e-01
1.000000000000000000e+00
-7.820205577756204063e-01
2.982545640853664359e-01
-2.873204910116189392e-01
1.253616886591715218e-01
-7.327156050487393379e-01
-1.808273070012527128e-01
-1.103123688545613046e-01
2.888997293893869056e-02
-7.689387370602209781e-01
-1.637299826061347774e-01
-8.031378893654972373e-01
-1.898187720848887317e-02
1.654424536268988000e-01
2.192320195153789619e-01
-4.924303397240663571e-01
5.243814926066465709e-01
-8.597565479248481246e-01
2.370447882930561967e-01
-3.272286041663665657e-01
-9.997560932185008964e-01
4.122373552449398737e-02
7.091191241061176598e-01
1.884370416163527739e-02
3.458046346864234177e-01
8.048885972236649033e-01
2.356264774984941912e-01
-5.103109856802574562e-01
8.484869248007161913e-01
-1.805536943725873922e-01
-4.387635681284607347e-01
7.712028501695999960e-01
8.063531005295272447e-01
-5.266890582223269224e-01
-7.381631379064697018e-01
-2.798974724920950674e-01
-9.115797817800279645e-01
8.677926606515540264e-01
6.933621198772399463e-01
-8.756109655663293356e-01
2.224700742238239215e-01
-1.739352688438000616e-01
6.779242624790187133e-01
-5.753407105751695561e-01
8.403209923322767505e-01
-4.185828874821877488e-01
7.255282715488837741e-01
5.308320076026951106e-01
2.459863948074809681e-01
4.388250687999875055e-01
-5.327358284616551254e-01
-1.530743172579895894e-01
6.822118683944655704e-01
-8.829628691144439934e-01
-4.372735414607437643e-01
5.694022470696494809e-01
-6.186169503779146428e-01
1.842144362595317109e-01
3.705930738002012337e-01
8.837132756574967996e-01
-2.739430163168596888e-01
-9.158616399911505557e-01
9.417672926739903971e-01
4.163680686604287473e-02
7.243114072125516056e-01
-1.799124922783734704e-01
-3.221235700232361054e-01
2.703670654795460315e-01
2.314208774793176104e-01
6.609350758755871968e-01
-6.176596128119256068e-01
6.325653458622988445e-01
9.911827001260231640e-02
5.730840223475981432e-01
6.863687956091992781e-01
7.268007746956516302e-01
8.066534629157633418e-01
4.900713610456173264e-01
-1.088919070532096550e-01
5.955836267183184374e-01
-8.820658585946477004e-01
7.674944959217862017e-01
-1.262169337642284894e-01
8.190611347720642144e-01
9.454992798612675831e-01
-9.117832008704036539e-01
-5.841819810126890333e-01
5.305153538217836084e-01
-7.682906285712347572e-01
-1.650885132167083658e-01
8.589455034995667759e-01
-8.213883837669084809e-01
7.429297451915477524e-01
-4.902919200240094533e-01
9.809861290054686656e-01
-7.652769289982341849e-01
-2.836356542423521532e-01
-9.464952629357432645e-01
2.576346614130998747e-01
9.446835371025541495e-01
-5.746681008648013567e-02
4.086542080012030009e-01
2.393235879788568887e-02
3.630984561533903143e-01
-1.057560899394658360e-01
-1.550601088299786434e-01
8.757182898017858985e-01
4.868547273936381092e-01
5.936602667531947208e-01
2.558201259346762346e-01
8.996936667793384856e-01
2.958372817595116278e-01
-9.367054576152666900e-01
-8.299453794166868903e-01
-1.936162748076102336e-01
-4.249351150862770155e-01
-1.705069154447371726e-01
-3.715094168747805625e-01
7.531648949859293118e-02
-6.883696690627404413e-01
-2.761556267035114587e-03
4.645398000027725627e-01
-1.370499554480673066e-01
8.292159839650437014e-02
-6.513036293217050465e-01
-1.438644490054076519e-02
-5.400110946772136433e-01
-3.852412249107901587e-01
8.204666409461918164e-01
6.784988473750470650e-01
5.106909930180960622e-01
-8.202358821020705459e-01
-1.690462603020548848e-01
3.867173294852466192e-02
-6.463847735880143830e-01
-3.401668014358660841e-02
-1.382004001040206820e-01
6.037599711164611804e-01
-3.283460511005833471e-01
5.994665719162475259e-01
9.124703776334404104e-01
5.973761855923382935e-01
4.493933113738080021e-01
5.799701934975758782e-02
8.801221621537273776e-02
7.364812023721620804e-01
8.671662378799471771e-01
-4.746931477818698841e-01
7.310863637653390867e-01
-5.295370019453673471e-01
6.923309415620486629e-01
2.840426881548452354e-01
6.115772959825414024e-01
2.623714196546371724e-01
2.678890342149957693e-01
2.168761147211195617e-01
4.563081889821857251e-01
-1.528740170354614403e-01
-4.197011440431012153e-01
5.139823542358659125e-01
1.277300630027990991e-01
-1.116695830319569538e-02
2.846751541838228317e-01
1.889911902283378797e-01
-7.967271994800435575e-01
-7.661843999171413788e-01
9.194718966537431815e-01
-8.677443465782588294e-01
-4.455548583664877826e-01
1.276228527232636800e-01
7.050608834489973109e-01
1.940179274626863126e-02
-2.182729219991528247e-01
5.216243323041616087e-01
-1.968014801981109452e-01
8.213688886892969165e-01
-6.635065068768021268e-01
-7.375206652245056560e-01
3.066962313104359961e-01
5.691165276703733511e-01
-4.643341036677184341e-02
7.293202511956828893e-01
7.554588398101929059e-01
-3.396391310531634566e-01
7.398889491066917845e-01
-9.886177653286432054e-02
-9.154360267687839947e-01
4.460552122733498770e-01
-4.837362285627502256e-01
9.569153852040189756e-01
-9.614169284751097333e-01
-1.791988466442544503e-01
