2.769891827772841264e-01
6.089522782649603450e-01
1.380344725581163501e-01
4.747980262510755889e-01
-4.985928281354829461e-01
6.917027027480100454e-01
5.783251265542438402e-01
4.818261437216361798e-01
-4.104415071397569670e-01
-5.605092189247857792e-01
9.536163759359794767e-01
1.908545973415065877e-01
9.063845004044043807e-02
-8.043907002046732924e-01
-6.605905691243340039e-01
9.870323169549980458e-01
1.310925572023353691e-01
2.321941058322668228e-01
-1.781388855131919025e-01
2.289656274052991741e-02
6.228048784683668515e-01
-7.058344463849758332e-01
6.001490553505112180e-01
2.320422306494678288e-01
-9.210570871414608396e-02
6.789701641297305468e-01
9.052651343424639174e-01
-3.364373242642570427e-01
2.660692731982561288e-01
1.312691339682179326e-01
-1.000000000000000000e+00
-5.586291292986005352e-01
8.640799673037361517e-01
1.000000000000000000e+00
-7.629280220260705736e-01
-6.707912063726211294e-01
-7.588162135329762359e-02
5.701259990320939330e-02
-5.671260587611076653e-01
-9.149380288021176089e-01
-4.195701538208873593e-02
4.767011090653958116e-01
8.471328663785838986e-02
3.062798979065030069e-01
1.000000000000000000e+00
4.149056759529585747e-01
1.000000000000000000e+00
3.104067719548666421e-02
-8.150956240085038829e-01
-8.782452595395028316e-01
2.786475068221647700e-01
4.449630068615787470e-01
8.095162598653823371e-01
-1.000000000000000000e+00
5.556149278230422262e-01
5.209562942015024678e-01
4.662081736305969670e-01
-6.099728748272810197e-01
1.921413099458437190e-01
7.939743744750427101e-03
-1.769487960834521811e-01
1.000000000000000000e+00
9.655709688520092149e-01
-1.776639367913435130e-02
-9.879296266900206014e-01
1.000000000000000000e+00
4.546742806938942616e-01
-5.046928487617393655e-01
4.420387094342137502e-01
5.193277780996058413e-02
-1.769184056302644525e-01
7.849360554413011837e-01
-9.645727620877825315e-02
1.305543643369366236e-01
2.713810938252763094e-01
-6.366200046925754030e-01
-7.330858904674010246e-01
9.193474528118170119e-02
-3.255288996215623953e-01
2.861391920779577935e-01
-3.775711451960808707e-01
-1.836109616433798664e-01
-7.562480286432787802e-01
5.891144222884502346e-01
-9.262173003238967084e-01
-4.779637865673502795e-02
-5.316945470368461546e-02
-3.728468246687021703e-01
5.251851315906584938e-01
4.351213528133008324e-01
4.256410431305295283e-01
4.470568611823587668e-01
3.683812990185841296e-01
-2.930825028217834416e-01
-8.792603121318102177e-01
-9.720369107937110176e-02
-1.107153060885930906e-01
-1.313164924228708841e-02
1.000000000000000000e+00
1.979183729163287164e-01
-6.924880899505061471e-01
5.438889497131995654e-01
1.448977012964401956e-01
4.331299355675028995e-01
-1.000000000000000000e+00
1.597875514000017816e-01
1.570240739291077214e-01
-1.000000000000000000e+00
-3.489618893112408360e-01
7.110127858423607172e-01
1.625993330757130595e-01
-1.606707357681089188e-01
1.000000000000000000e+00
9.769065046292141341e-01
-8.274420369806946285e-01
9.557342717735151094e-01
-7.131680788821856964e-01
-4.264229809984264596e-01
-3.447082551548977802e-01
-4.434179526886247030e-02
-6.295859906226397573e-01
-4.101761340871071804e-01
2.173495586921040945e-01
-1.000000000000000000e+00
-4.131459233011277599e-01
2.766862550902451368e-01
3.230026085146214254e-01
3.062619562647720395e-01
1.543892320089355064e-01
2.299302755346215588e-01
-2.035036379249108018e-01
-4.676019051514223035e-01
3.507378070210599441e-01
-2.195065564239215283e-01
-7.028296686666086757e-01
4.420647150825497973e-01
7.843768475991124145e-01
-5.871992530705371083e-01
3.896135329776333478e-01
-1.445852017499173886e-02
1.031406063097624615e-01
2.093812731526281667e-01
-4.301599132082985499e-01
1.000000000000000000e+00
1.000000000000000000e+00
-8.369015086165232375e-01
3.282016335681058328e-01
6.633000752289962554e-01
2.680567298031989454e-01
2.920349947116410161e-01
-3.205625391881870012e-01
-6.265563345481968138e-01
-8.997643393316980820e-01
1.562845109170037938e-01
-1.833651178510199709e-01
-9.741819499221900935e-01
1.000000000000000000e+00
1.337163899947633738e-01
6.202407449986768739e-02
-7.254586174345530047e-02
2.678836581527009875e-01
1.651260094045171045e-01
-5.911668012815207707e-01
-8.208237806600968689e-01
-1.384560990946667736e-01
2.184243321248600100e-01
-4.637266899177788781e-01
6.786442124715725832e-01
-7.594528119408037181e-01
1.088810760873001882e-01
2.389427802306638426e-01
4.016238179936720831e-01
4.033020697134066523e-01
9.193155597540779711e-01
7.496638784013780477e-01
-7.312373278790657016e-02
5.792277640226131119e-01
-5.368370676583428258e-01
-3.678092650236593486e-01
3.618345633375861237e-01
-1.000000000000000000e+00
-5.344259212910754675e-01
-6.823799532267948997e-01
7.514813983755579407e-01
-8.378037557006464686e-01
8.543191463884375336e-01
-1.336334752889883903e-01
5.770763992280877330e-01
-3.733081882722996681e-02
-5.410922007813345758e-01
-8.256998224481396642e-01
-5.238233492346111575e-01
-5.719588726976413406e-01
-5.746169894337024298e-01
7.862857584874485273e-01
1.091066150684115166e-01
-3.141170266367247499e-01
-5.971969165045312167e-01
2.959263385664655521e-01
1.000000000000000000e+00
-3.733812909537369551e-01
5.760793364196219457e-01
7.299967931253380504e-01
-1.000000000000000000e+00
-7.595119165871513367e-01
4.349675784153507474e-02
6.187953533191237199e-03
9.091208918645717896e-01
1.000000000000000000e+00
5.106577376791637812e-01
-8.134410617760817752e-01
-5.372982118135563034e-01
-3.301758978758281837e-01
6.401708961945058451e-01
-1.295413170054474095e-02
-2.199862068439869534e-01
-1.055196438774200218e-02
7.887347041690642158e-01
9.684923365586207700e-01
-3.694289738471473461e-02
5.183395066578384558e-01
-6.858159327553998708e-01
4.192556553757796345e-01
-4.962539379285282326e-01
-6.573320786696987272e-02
-7.470467926444409601e-01
-3.063324479999129935e-01
2.251657396417170998e-01
5.396170827731394670e-01
1.413798268080593834e-01
-3.881155644377644043e-01
6.015750939286705901e-01
-6.399246396153079885e-01
5.793746923225276957e-01
1.728965579484915416e-01
-2.231152082581600027e-02
2.694196917163163008e-01
-6.328790959668653127e-01
3.171543817982684366e-01
-9.937015267546345232e-01
-3.423784205650968193e-01
1.073589490303608063e-01
6.375268139084280250e-01
1.000000000000000000e+00
9.649413021127714041e-01
3.586951726026188503e-01
8.420559810556258462e-01
5.984426499753087159e-01
1.103213319782826857e-01
-3.114350174164231544e-01
-4.137141924107239910e-01
-9.667750355405039242e-01
4.531982021256715787e-01
9.556500042790896932e-02
-4.506536878113709399e-01
8.201401996687799345e-01
8.723931954743727735e-01
-2.912677646662171771e-01
5.734461359124016777e-01
-5.866889867165391292e-01
-1.000000000000000000e+00
-2.735608683277528375e-01
7.320887432083944546e-01
-1.000000000000000000e+00
8.011690755068534564e-01
