6.873329699727112052e-01
9.019024698054635136e-01
6.307241557820849609e-01
-4.823946567833809485e-01
8.465477192300882581e-03
4.793488420260570426e-01
6.980545589866480327e-01
-7.860193705641631279e-02
-1.000000000000000000e+00
-1.215364107823383305e-01
9.069345130204908845e-01
-8.135555137763549327e-01
-8.429721328933452718e-01
-1.763703098677565917e-01
-6.824286934310510588e-01
7.829561650270491224e-01
-6.337868676902692622e-01
-7.699162890510451440e-01
-1.831137676580430196e-01
-3.205534270638819155e-02
-3.389847403877995768e-01
9.201824663242603730e-01
-4.169730490299474734e-01
8.866671494376702212e-01
2.478990043452544700e-01
4.147366940382226641e-01
-1.000000000000000000e+00
-2.903885440068632029e-02
4.840111425833514835e-01
8.292978195211841985e-01
-4.113012067861376853e-02
-7.747086026786879076e-01
6.705796281196833020e-01
-3.620838079743796678e-01
2.971925829871138736e-01
-1.000000000000000000e+00
-6.280220271408130106e-01
3.991657403649924163e-01
-9.855841410173568073e-01
1.054324449822958629e-02
9.615081470189247304e-01
4.190299601665679052e-01
-1.649438432670769783e-01
3.991984491372765897e-01
-1.000000000000000000e+00
7.928739383705442068e-01
6.518908410867035874e-01
6.493356238413658943e-01
8.799667095330130362e-01
-8.824253977984550801e-01
-6.367067185093999715e-01
-7.328787395329654508e-01
-6.890997414686561573e-01
1.513766009902914877e-01
9.472878463092985202e-01
-1.000000000000000000e+00
-9.750232274146858336e-01
-3.458627213187355220e-01
5.203087719756895879e-01
-1.000000000000000000e+00
5.636171803395986224e-01
5.380376263582220542e-01
4.553862891807402002e-01
-7.321404358998275796e-01
-1.422706236334938534e-01
-8.515144558958179233e-02
3.413002416363808966e-01
4.570198823807002930e-01
-1.396946343960363268e-01
-9.090456825209912717e-01
-1.000000000000000000e+00
8.994579425217572033e-02
9.150720161229007887e-01
1.752457901237546301e-01
1.000000000000000000e+00
-6.302312491255194216e-01
3.661003833605256386e-01
-9.554066940682202080e-01
-2.356117928405822293e-02
-7.399903938037841189e-04
5.215853024366512436e-02
2.214520616395279640e-01
5.195316822793356604e-01
9.203831743494444995e-01
-4.649913313708387008e-01
-1.000000000000000000e+00
-8.284545115270314231e-01
-1.000000000000000000e+00
-2.149885904995508246e-01
-3.595399190420861535e-01
-5.389872021569853677e-01
5.596572854981975986e-01
6.998759710261558409e-01
-5.936011099305266159e-01
-6.235137803113099952e-01
-6.362950070125007462e-01
-8.983973036447616689e-01
-5.332596510287253011e-01
1.353568034439798506e-01
5.109120707461536348e-01
-3.676698715175926169e-01
-8.934126577435613781e-03
-4.610760741044643840e-01
-6.876414085733472126e-01
1.074755487084004535e-01
-5.892594646971980321e-01
4.659609597245464863e-01
2.111143358860758101e-01
-1.456826513272160839e-01
5.539890781674701170e-01
-9.060585750947708350e-01
-1.155688732531693491e-01
-7.284056491164054847e-01
-6.564241006203608286e-01
9.907740031902649847e-01
-7.799460264398945242e-01
-3.788340931660020838e-01
2.202184753479090595e-01
8.356513231903792693e-01
-5.240760705317741852e-01
-9.031585035785505422e-01
7.837445593707761393e-01
-1.000000000000000000e+00
-6.295849952283072426e-01
-5.001553836572522616e-02
-3.656336879924446115e-01
8.789890869775528470e-01
-5.584554000871125856e-01
-1.068123542016871652e-01
3.252743195117296926e-01
2.792214013971701103e-01
-1.010910268485529923e-01
6.295336581080435145e-01
-4.328161418480078182e-01
7.788891670347801721e-01
4.863159920983019524e-01
8.779254254639905497e-01
7.403236541320695752e-02
6.319680462416708000e-01
-9.745560395390580055e-01
-1.518414551181445152e-02
-5.092860209364706847e-01
1.901310691721002089e-01
-8.437080857055599958e-01
4.553987374090794349e-01
1.000000000000000000e+00
1.846682159403620072e-01
-7.766859594019895896e-01
-7.652060731382961389e-01
5.190813530569066137e-02
-2.035835042213669441e-02
-4.378729824421693784e-01
7.628330247813916998e-01
-3.962394781501160645e-01
-5.938629153191077314e-01
5.778484557293073198e-04
4.831289516419786656e-01
4.143072498026811878e-02
1.536917901484531057e-01
-1.842840685818691870e-02
-3.363195098533218186e-01
-4.958097982615758959e-01
4.302850526740767401e-01
7.550669984088170805e-01
-5.058374682678135059e-01
2.670974263230393997e-01
8.259428539185103002e-01
-7.149735940711083870e-01
-5.226863020910065272e-01
-9.327112674181660124e-01
-9.372380498508875446e-01
8.726444324732725022e-01
-9.108604292729652330e-02
-1.542619048650900881e-01
7.256290710428961455e-02
-1.281773417329443721e-01
-9.896361425513419130e-01
-5.067731406497868463e-01
-4.731596875849590766e-01
-7.082523804896173614e-02
7.520133183447648140e-01
-8.204298367321830598e-01
4.487626430638929076e-01
-8.928420277472290945e-01
-1.966888342792814659e-01
-9.207332987913037226e-01
-8.932423487422134212e-01
-2.448066966282201884e-01
6.762658291464920257e-01
-8.618198937662298054e-01
-8.333582179581827676e-01
-6.515876079703641910e-01
-7.426110557448619698e-01
-6.930511179578571213e-01
5.174270481650110609e-01
-6.119106019463816937e-01
-2.771048134061446233e-01
-7.471022605522615878e-01
9.097972991639868834e-01
2.782825964752980719e-01
-9.782434683584713131e-01
7.976186605241298855e-01
-1.000000000000000000e+00
9.644719755395260163e-01
8.424596069758778505e-01
1.027403663321509175e-01
-6.375896639014038136e-01
2.606404286591431640e-01
-3.123380313682665443e-01
-7.713868021512256812e-01
8.382594074272770035e-02
-2.569092759364275946e-01
-9.688188009137160828e-01
2.567844014140895914e-01
5.234015619386954699e-01
2.632587027977144056e-01
1.000000000000000000e+00
-2.385560488926084521e-01
7.048505186453002391e-01
6.037034041237138160e-01
-6.864528440010934096e-01
7.178240893422068725e-01
1.951816698909429049e-01
-1.481019722414682604e-01
-3.931375224627878251e-01
1.326940291595621879e-01
9.422018263674005745e-01
-3.816661089364571935e-01
8.469805481796823798e-01
-8.083198016566628397e-01
-5.499607708511731197e-01
9.329754741156071063e-01
1.501859205248470275e-01
9.811491541487421530e-01
-2.022598267795564786e-01
-6.827317363293450292e-01
8.275451598644344431e-01
-3.625484730335137851e-01
6.854502636024173423e-01
-5.735006729245937240e-01
6.770406918683412600e-01
-9.967147071253444901e-01
1.611056267822662813e-01
-5.403093502923873581e-01
1.427572592785920913e-02
8.284663911544615233e-01
3.875254189319844444e-01
-1.000000000000000000e+00
-3.529897005603391813e-01
-8.675903361210840492e-01
8.851423166014441568e-01
9.502245345336185478e-01
-1.000000000000000000e+00
-1.124045556086342573e-01
-7.574580091975983143e-01
6.789484261488151207e-01
7.589490242048692048e-01
-1.899429815117695819e-01
2.186726917715718366e-01
-2.995722537063144619e-02
-1.000000000000000000e+00
9.257755459977123902e-01
-4.085038863529806830e-01
-7.968025024579037385e-01
3.531984030513146688e-01
