8.555128959995572657e-01
-7.538621192291629081e-01
7.205196568614911090e-01
6.700426849038343402e-01
1.000000000000000000e+00
-4.599860388142454348e-02
-1.334243032329856249e-01
-5.026591726267313209e-01
-5.771738633320271372e-01
-2.969519289245984295e-01
8.001509611306597547e-01
6.291902772492187212e-01
2.360503974061853305e-01
4.932416407788706159e-02
-6.248617452252019921e-01
-8.074088922776955224e-01
2.465086073048421145e-02
-3.049557454211031526e-01
4.239739506441259076e-01
-1.000000000000000000e+00
4.066435429074943264e-01
7.346833397643215413e-01
-5.572225734848733625e-01
4.526991774543573377e-02
-8.073355439503506759e-01
4.744723852848525825e-01
2.120498076444104207e-01
1.860149156739638043e-01
-8.576001201348014413e-02
-6.265058627540806002e-01
7.948390214849354596e-01
-1.000000000000000000e+00
5.960490579822668167e-01
-3.025668993778336535e-01
-3.438298331365146621e-01
2.663265086017765348e-01
-9.053032589271511332e-01
2.978034575774728965e-01
-1.424934757560162302e-01
-5.070711838266040994e-01
5.299677788895962305e-01
-3.865256613073085878e-01
9.710430832378611488e-01
4.011376489215284780e-01
-3.430716282366775283e-01
8.244442779165972457e-02
3.706342292980247533e-01
7.724335429217366045e-01
8.733001354107746694e-01
1.000000000000000000e+00
2.623197126226593512e-01
-1.421946153675964220e-01
7.007022757879115549e-01
3.544792971640416401e-01
6.009226138527832273e-01
-8.661085152107671492e-01
2.719059252560031004e-01
5.386374678630795332e-01
-3.120714220447227127e-01
-5.267330517316740623e-01
6.397285474325130616e-01
4.923865047264134875e-01
2.188923403736246498e-01
-9.453868368642379671e-01
-3.925957983858300859e-01
7.790045192729403434e-01
-3.034995497967667433e-01
8.081090921512000813e-01
6.248397005950683258e-01
7.415724465955269018e-01
-9.055302221479336611e-01
-6.643149445227551908e-01
-7.594946818494346941e-02
3.607504640367624749e-01
-8.894367552459083726e-01
-4.023725675033876792e-01
-5.056239861389888457e-01
4.388263962703111698e-01
-3.257376704670337242e-01
1.232147482987104858e-01
2.772883340438835331e-01
8.662124074195202139e-01
4.964127757319189427e-01
-1.000000000000000000e+00
9.162103088104111004e-01
-5.517064757914793560e-01
-1.017566833927499026e-01
-5.503138348201579433e-01
-6.593971322715590500e-01
-9.824861637969735106e-01
-8.999539879630892303e-01
-5.030813090536840476e-02
5.350594368579695281e-01
1.000000000000000000e+00
-8.032064151029130183e-01
3.978840235770373934e-01
-3.851942023876676613e-01
-3.600472957104994265e-01
5.966486293223089987e-01
-1.556690957210808413e-01
-6.941847354741985665e-01
-1.723494001977966539e-01
-1.777640342200958734e-01
-3.024108497229911485e-01
5.111323631399354861e-01
-1.000000000000000000e+00
8.072062780548800998e-01
2.729778274985629194e-01
5.793867232060608830e-01
-3.241059732451333220e-02
-5.961271123969487107e-01
-4.573759651862304709e-01
8.004128129954833637e-02
-1.000000000000000000e+00
-8.300859755402019147e-01
-1.000000000000000000e+00
3.327548330745183636e-01
-1.119102235223487646e-01
9.082122067351164341e-02
4.486363677922519666e-01
1.000000000000000000e+00
-6.572613692786819506e-01
8.449349511579500316e-01
8.337926493292081576e-01
-4.961443327624928123e-01
1.220403492570340531e-01
5.995747352678731934e-01
-5.895835912141217383e-01
-3.099751668094511414e-01
8.819312959451884870e-01
-2.634433484141606718e-01
-1.000000000000000000e+00
-2.814487309569150830e-01
-5.306020322582238880e-01
1.708461300459645504e-01
3.332608666489910720e-01
4.851701431450137214e-01
-9.654435851710624350e-02
3.998950258167647265e-01
-9.232911209602874258e-01
1.243601323175846235e-01
1.000000000000000000e+00
3.104796974348957850e-01
4.251883858874124233e-01
-9.656936933931478118e-01
6.996479910812749559e-01
-8.491187825814745793e-02
2.839379474859596297e-02
-6.409053491156641025e-02
1.355835792962871156e-01
-1.867752419108649198e-01
8.170317070291384376e-02
-1.000000000000000000e+00
7.935374945644357858e-02
9.280055639338554707e-01
-9.529978763237683115e-01
9.730673746137391555e-01
9.091314332827834521e-01
-7.458402304221782853e-01
1.000000000000000000e+00
5.464106532832039287e-01
7.419177202235819335e-01
-2.885037573839241976e-01
-2.017556956699957382e-01
-2.389814479512413214e-01
2.006498953287977061e-01
-4.223998446690380715e-01
-8.222171813933433215e-01
5.811308468329965393e-01
-6.940547037766399141e-01
1.731735301798376092e-03
-1.259716974653937172e-01
-3.769114287200724944e-01
-3.322436947357025883e-01
-1.002859671282236437e-03
-8.949070806557904434e-02
-8.349559130544481622e-01
-5.141955204192921736e-01
-1.351535488013758113e-02
-1.481040181608366257e-01
-8.280167479704566569e-01
5.673077783303034916e-02
-4.301306377825507843e-01
2.208477728770945059e-01
-2.859893459493182410e-01
3.025149777144857666e-01
6.857393053163989283e-01
-6.614708556955336549e-01
1.000000000000000000e+00
5.752519200282277256e-02
-1.970322588284266208e-01
-1.000000000000000000e+00
-5.572850374888098646e-01
1.298427909223733023e-01
2.699529034483939549e-01
8.392836075291799647e-01
1.062058709175196791e-01
-2.878397086889813439e-01
-5.492081634511092325e-03
2.510674338623717361e-01
-1.117212654583835535e-01
-1.884153520945019977e-01
8.521596161136607561e-01
1.318046814630376429e-01
-9.740529389107226432e-01
-5.603934822402696359e-01
2.892478329872739673e-01
-2.723688638476369217e-01
-7.236222503170597342e-01
3.684977681279543171e-01
-1.000000000000000000e+00
4.580190025291891454e-02
1.000000000000000000e+00
-5.855954277806498798e-01
3.916214398461494994e-01
-4.937902781143855280e-01
-6.095113885162043443e-01
3.247103677520235543e-01
1.935060385143096418e-01
-3.555429870104395706e-01
8.313013257116054211e-01
-2.966146562414495591e-01
9.731142031108322987e-01
-5.892368739751958628e-01
-1.000000000000000000e+00
-4.895277336801354129e-01
-1.000000000000000000e+00
1.130527155904429426e-01
4.720812717900217392e-01
7.736612964072890897e-01
-7.485370435378205234e-02
-5.261619726991256796e-01
-3.886905411143232181e-01
5.272127601035869748e-01
-7.064447396420334702e-01
9.024931748055011749e-01
-1.000000000000000000e+00
-5.506417716308099619e-01
5.847501233824230482e-01
-9.520778752054697147e-01
8.644273435052993726e-01
-6.306467878541613947e-01
-7.049163107643721116e-01
-1.986527986058093109e-01
-3.240790772781532159e-02
-3.038126171495038053e-01
1.000000000000000000e+00
1.854196947264069306e-01
9.417727652666513238e-01
4.431331860730363670e-01
1.191460759195212271e-01
-1.030671990635727009e-01
4.697738623752241161e-01
5.553330274923165000e-01
-3.798854943605564638e-01
1.000000000000000000e+00
2.930385079719363683e-02
5.876477536105568777e-01
-5.686900442201281436e-02
-4.414982856694456004e-01
-3.983781466259305182e-01
6.588423311212061595e-01
-7.264112485036372524e-01
-9.370180898673373671e-01
5.751585169441157941e-01
