-6.372972935462326016e-02
7.128427595813852102e-02
-2.713307515201709985e-01
-4.065347216506248196e-01
7.457479265231610199e-01
-6.559788016786611831e-01
5.914874818478722540e-01
-8.244856137086685466e-02
5.530347946648982438e-01
2.427353625146035365e-01
6.880548182545034308e-01
2.027047457387215756e-01
-3.560755869234765725e-01
5.855346903961672345e-01
2.354489037076983593e-01
-2.383017993138661708e-02
4.566586250378471545e-01
8.123625212049246924e-01
1.147452225304275431e-03
8.138054159256534470e-02
-4.761221050929089760e-01
-1.143675483796845332e-01
1.905812748309456683e-01
4.285307577655932398e-01
1.961255688960793497e-01
1.309659718217529301e-01
1.405159960073609493e-01
3.432695275669013779e-01
2.041855312420506885e-01
5.704111736612170747e-01
-6.722747951383035991e-02
-2.026905049607673481e-01
9.021617868056315270e-01
6.920676507770396890e-01
5.317216248342830909e-01
7.828491227449621559e-02
-7.096621634007179713e-01
8.628947935612582554e-02
-7.395709000413712431e-02
-3.425599012202243387e-01
-4.458232808571999106e-01
4.303932842270821180e-01
9.138120359663844949e-01
8.316849774006636054e-01
4.974097249548398159e-02
-3.997005211294593630e-01
-1.611210686768628775e-01
9.104558847018677792e-01
-7.360247103820785064e-01
4.965495505661732256e-02
2.093533023246832159e-01
-7.972216854698785937e-01
5.513936083643216080e-01
-8.542879763434672036e-01
-2.593035242671794527e-01
-3.924099541402187308e-02
-6.451878685105861821e-01
1.914793165370179684e-01
3.577706067620083918e-01
1.434965108820094037e-01
-9.803716310358845387e-01
2.652403268485978294e-01
1.751334463295126653e-01
-1.000000000000000000e+00
1.000000000000000000e+00
4.742408595423171502e-01
-2.801283025630976753e-01
2.478682742111325971e-02
-1.435093260893792189e-01
2.300728522696954825e-01
1.069861976080853372e-01
8.500494849820564580e-01
1.279554064687097870e-01
-3.588014412011504561e-02
-7.637089312658795759e-02
6.582041486611620584e-01
-2.829658477117747428e-01
-8.532909727136080147e-02
7.466908264871825462e-01
5.018340801628301540e-01
-5.913620143211426594e-01
3.513293659589111217e-01
-1.000000000000000000e+00
-1.334855748484481963e-01
-7.865802746974410731e-01
6.729426319959063152e-01
-4.416752036368780110e-01
5.268606663077325669e-02
-9.690107818117161820e-01
-3.830940306437488063e-01
5.911820386999314669e-01
-7.192055642833704299e-02
-5.739043968758165137e-01
5.320342863582399051e-01
1.050051584195820648e-01
3.655106823723114906e-01
2.144784167472469083e-01
3.243610892602107887e-01
-4.786639500371125955e-01
2.482108237444040355e-01
-9.063184478578454328e-01
-8.229562841815571406e-02
-5.785591176701905258e-01
-3.867863545911671141e-01
7.139097605699566973e-01
-2.773173490981449829e-01
-6.941797903912971801e-01
6.926383611980021504e-01
5.283843400650647948e-03
-4.213272298582362851e-01
-2.818389245838424581e-02
2.431285521838895680e-01
-4.721913960225705975e-01
-3.141697187963503612e-01
-5.123081921890221269e-01
-4.225772975513389929e-01
3.877768395422874215e-01
1.245449567113620926e-01
6.990645486825869392e-01
2.951349927046968413e-01
-2.008853192305073421e-01
1.542342103002110609e-01
-2.750186034418171110e-01
5.566606103515295834e-01
-9.345766292471551218e-01
-8.811877253925830544e-01
-4.377387976480390797e-01
5.942428268165331762e-01
-1.684333418568182417e-01
1.774676829897454400e-01
-6.539479675343637943e-01
1.678942940232450998e-01
-8.949371129411387571e-02
-1.615156369753566190e-01
6.888351957846989837e-01
-3.362027637393475987e-01
-6.541745462414781942e-01
6.652191352751063436e-01
5.073247018700122180e-01
2.203324218197822981e-01
4.135645138960750700e-01
-6.153482110440109398e-01
-1.000000000000000000e+00
-2.284037875622415004e-01
1.327844414080684987e-01
-5.608165555037313288e-01
-1.062704309014466109e-01
-2.739499954595628339e-01
3.039444412432106835e-01
4.259289581624733922e-01
-7.419676343968419907e-01
6.105287086469737279e-01
-2.554796049391974688e-01
9.497045947937401422e-01
-2.021828719136931629e-01
3.506644115045987053e-01
8.059546261896599617e-01
-3.515105052713700107e-01
-1.109358512578092690e-02
1.000000000000000000e+00
1.136655637751024100e-01
-1.182513246821054048e-01
-9.458515156985041195e-01
-8.367695830734493967e-01
7.266067346561703166e-01
7.466464433637213238e-01
-4.288128063826218139e-01
-8.419865765348905073e-02
-3.627604423668098210e-01
2.326457989182080244e-01
5.504745793182004299e-01
2.925432795460422009e-01
2.794976955301325949e-01
3.579407077938185355e-01
8.798595860835829452e-01
-4.698952286742227175e-02
-7.738959982478639532e-02
6.081013185946936295e-01
-8.962076742357503178e-01
-1.988397251372703012e-01
-9.255712185818926185e-02
1.248290302386758088e-01
5.175727864586568971e-01
3.408336061876602874e-01
5.322407299586612295e-01
-5.655985705888746384e-01
-4.751694881957768124e-01
3.327011898328511852e-01
-5.189568923885934382e-01
-3.283780640883067758e-01
5.830469752543769868e-01
3.165869500216468846e-01
-2.012808557844077972e-01
-1.345376026074215914e-01
-1.812492473761915246e-01
-2.644613846126755430e-01
-6.874901027462841929e-01
-3.535645872706435489e-01
2.877537762077762573e-01
-6.713684024922962346e-01
3.949720598266195926e-01
3.816962138688124312e-02
-6.833255150237638187e-01
-2.624502290727235843e-01
-8.640093379575932708e-01
1.026361202918636417e-01
-5.347712686841150920e-02
-1.233442840529398454e-01
3.396329136037165020e-01
1.689303567124426642e-01
-5.314580278677181191e-01
-6.164297632808667382e-01
-3.232454310199146530e-01
-3.837972573440479040e-02
3.382771358648158366e-01
-4.007520168283256745e-01
-3.197621247502572817e-01
-1.520335077645331157e-01
-3.715272722192038413e-01
-3.546859975884921745e-01
3.420103566109497506e-01
-4.242702974627902135e-01
6.089810163858292436e-01
3.662224794118494331e-01
5.076316644802925104e-01
-4.512108980574160433e-01
-5.258837295964384762e-01
-1.182875688837890932e-01
9.435620261875508896e-02
3.785435979683076102e-01
2.085421786041349868e-01
-1.950142041204684651e-02
-2.778788657524418337e-02
7.543892356796437770e-01
8.693135867848855725e-01
-3.915308987965040455e-01
-7.076667613458512696e-01
-2.003616683533803455e-01
8.271439998090477363e-01
8.194269775776645837e-01
-5.295377472124869998e-03
1.609901895031629060e-01
-6.037644687002112764e-01
9.364165022647495951e-01
-1.825890386764629780e-01
-3.046575981861264215e-01
-3.476763868545839319e-03
-1.730196573643083824e-01
-3.186278162062672892e-01
3.129713187591164347e-01
1.695805334260841457e-01
3.776610614206115518e-02
5.175977326887976071e-01
5.237317470546282161e-01
9.216176338528121736e-02
-2.992164914843177259e-01
6.586688156398980976e-01
-6.738714248558980158e-02
3.980433358281332268e-01
-4.353374961998854875e-01
-8.000383915809790025e-01
3.913203066699044719e-01
-1.152862410550467009e-01
-2.306005648345215153e-01
2.987480852931572589e-02
