0.489513
-0.355370
-0.951538
0.249033
-0.063882
0.790296
-0.967753
0.273673
-1.000000
0.632090
0.035578
-0.466520
0.991227
1.000000
-1.000000
-0.978853
0.070498
-0.371659
-0.420092
-1.000000
0.899004
0.462572
0.575496
1.000000
-0.210116
-0.463364
-1.000000
-0.542954
-1.000000
-1.000000
-0.897210
0.221294
-1.000000
0.134882
-1.000000
-0.700762
0.571518
0.003035
-0.068913
0.707315
-0.306524
0.356730
-1.000000
0.512358
0.402298
0.579865
-0.527091
0.102388
0.614364
0.752567
0.111977
-1.000000
-0.272817
0.459988
-0.029564
-1.000000
1.000000
-1.000000
0.887406
-0.064740
-0.316875
-0.309629
0.179568
-0.975960
0.074591
-0.791943
0.227033
0.694543
-0.404081
0.523627
0.257209
0.778675
1.000000
-0.781354
-0.751914
-0.684447
-0.522635
0.033705
0.337081
0.211656
-0.609091
-0.113886
-0.674362
-0.503565
-1.000000
0.659384
0.959739
-0.491607
1.000000
0.372025
-1.000000
0.346234
-0.010840
-0.742156
-0.242602
-1.000000
0.427595
-0.011123
-0.699716
-0.542769
0.046985
0.157874
0.736133
0.284469
-0.106389
0.557232
0.881807
0.401166
0.145461
0.854976
0.772355
-0.243081
0.763235
0.198972
0.357051
0.519771
0.736801
-0.896485
0.399368
0.375722
-0.784963
-0.135683
0.567819
0.136033
-0.578494
-1.000000
-1.000000
-0.672048
-1.000000
0.613539
0.853979
-0.418223
-0.508770
0.994960
-0.170682
0.249027
-0.611514
-0.218001
0.103701
-0.337739
0.565313
0.605111
-0.624046
0.518536
0.307541
-1.000000
-0.143136
-0.828419
-0.259772
-0.136185
0.708775
0.306109
0.423180
1.000000
-0.030696
0.137445
0.261098
-0.011032
0.001508
0.160373
-0.530276
-0.129309
0.951458
0.230668
0.041533
-0.881331
1.000000
-0.454189
-1.000000
0.740641
-0.877850
-0.815755
0.310645
1.000000
1.000000
0.369898
0.616626
-0.402111
-0.235734
0.370761
0.158728
-0.261644
1.000000
0.714564
-0.126840
0.451437
-0.988151
0.300114
-0.035408
1.000000
0.445377
-0.281569
0.574900
-1.000000
-0.786245
-1.000000
1.000000
0.004246
1.000000
-0.533820
0.049327
0.491200
-0.645382
-0.564781
0.694843
0.310965
-0.291465
0.033056
-0.870956
-0.179209
0.107334
-0.800753
0.061569
0.174292
0.818883
-0.418174
0.633102
-0.138064
-1.000000
0.841955
0.217995
0.765200
0.482389
0.580357
0.675994
1.000000
-0.954711
-0.157732
1.000000
-0.677549
-1.000000
0.614352
0.415294
-0.142684
-0.509685
-1.000000
0.544262
0.565622
0.032974
0.803460
-0.113427
-0.083712
-0.937294
0.360951
-0.544095
-0.132933
-0.064216
1.000000
0.415895
0.340267
-0.102691
1.000000
0.210064
-0.877478
-0.580622
0.704117
-0.733716
-0.506716
-0.554441
1.000000
0.112649
-1.000000
0.463123
-0.695338
0.291139
