-135.400000
2.000000
-1.000000
70.000000
-1.000000
-1.000000
64.600000
-1.000000
-1.000000
-1.000000
0.872065
-0.366835
-0.386846
-0.124401
-0.861735
1.000000
-0.087619
-0.051634
0.574130
-1.000000
-0.330318
0.145524
0.887478
-0.866166
1.000000
-0.667110
-1.000000
0.442554
1.000000
0.635060
0.053288
-0.233332
-0.036621
0.933028
-0.274202
-0.618795
-0.705415
-0.315636
0.483973
-0.247695
-0.751493
-0.333032
-0.020361
1.000000
0.677050
0.380133
0.104223
-0.568459
1.000000
0.245561
1.000000
-0.831094
0.394555
0.723686
-0.054492
-0.735954
-0.789311
-0.148720
0.200136
0.738664
-0.255339
0.264424
0.692109
1.000000
-0.356611
0.077891
-0.232639
1.000000
-1.000000
-0.107501
0.635992
0.959905
-0.841079
0.453664
-1.000000
-0.419979
-0.959553
-0.266424
1.000000
-0.280608
-0.259461
1.000000
-0.102126
-0.755178
-1.000000
-0.849487
0.315526
0.726585
-0.231872
-0.879464
-0.038258
-0.037578
-0.771845
-1.000000
-0.007912
0.819200
0.738386
1.000000
0.505744
0.972816
-0.697166
0.842418
0.562576
0.216013
0.130885
-0.174930
-0.234021
0.556740
0.796157
-1.000000
1.000000
-0.087717
-0.206858
-0.363343
1.000000
-0.863479
1.000000
0.000255
0.073102
0.083503
0.058595
0.249767
-0.026302
-0.025089
1.000000
0.179445
-0.828242
-0.772354
0.506752
0.135306
-0.608397
0.896785
0.009763
-0.360957
-1.000000
-0.564305
-0.035594
0.130692
0.571241
-0.922302
-0.385915
-0.257113
-0.403712
-0.293854
-0.698130
-0.744705
0.107237
0.439709
0.813227
-0.126728
1.000000
-0.559349
-0.891160
-0.357195
0.749183
-0.517176
0.566236
0.924492
0.303169
0.105326
0.044195
1.000000
0.662342
-0.182037
0.717886
-1.000000
0.162691
0.889345
0.116013
1.000000
0.690047
-1.000000
-0.447620
0.979909
0.936675
-0.229310
0.353001
0.382714
-0.540875
0.929423
-0.586324
-1.000000
1.000000
-0.138018
0.389834
0.173123
0.119370
-0.542809
1.000000
-0.517528
0.948318
0.222639
1.000000
1.000000
-0.970064
-0.605189
-0.830850
0.190750
-0.744682
-0.005332
-0.336253
0.079914
-0.627028
0.516305
1.000000
-0.485839
0.167739
-1.000000
1.000000
0.932478
-1.000000
0.242886
0.609887
0.204449
-0.869022
-0.189839
0.996519
1.000000
0.809091
0.042237
0.362598
-1.000000
0.783936
0.599679
0.919580
-0.003797
-0.426712
0.996996
-0.441025
0.380788
0.599729
0.526664
0.604054
-1.000000
1.000000
-0.594484
0.575405
0.539113
-1.000000
0.254199
-1.000000
-1.000000
-0.382980
0.047122
-0.988248
-0.085643
-0.113879
-0.366897
0.252934
-0.611966
0.970243
-0.592938
-0.704058
-0.640798
0.833684
0.181316
0.286328
-0.814811
0.543773
-0.965268
0.224756
1.000000
-1.000000
0.784828
0.982474
-0.993901
0.090823
0.583260
1.000000
-0.340879
0.091766
0.386028
0.201035
-0.630215
-0.033137
