-150.000000
3.000000
-1.000000
70.000000
-1.000000
-1.000000
49.600000
-1.000000
-1.000000
30.400000
-0.475318
0.960514
0.222388
-0.479115
-0.793208
-0.774393
-0.214840
-0.630721
0.400588
0.851580
0.663176
-0.912799
-0.244248
-0.869633
0.778172
0.430480
-0.124424
-0.457023
-0.991947
-0.342977
0.915022
0.981416
0.044734
-0.731756
0.466567
-0.338419
-0.337539
0.512151
0.492072
0.008615
0.082930
-0.583463
0.256612
-0.576823
-0.844937
0.222476
-0.976634
0.961951
0.078335
0.893415
0.335410
1.000000
0.178864
0.111820
-0.259884
-0.297843
-0.265052
-0.664307
-0.854823
0.023073
-0.236709
0.208841
0.986010
1.000000
-0.645533
0.977801
0.387758
0.470382
-0.615330
1.000000
-0.727832
0.208901
0.810773
0.551512
0.791873
-0.627682
-0.161253
-0.604942
0.171126
0.713881
-0.234444
-0.026356
0.543857
0.168085
-1.000000
0.896955
-0.371568
-0.984872
1.000000
-0.114288
-0.678737
0.711776
-1.000000
0.091692
0.746190
-1.000000
-0.558350
-1.000000
0.300459
0.789987
0.660630
0.128756
0.863948
-0.859116
-0.540110
1.000000
0.448184
-0.476220
0.370449
-1.000000
-0.421563
-0.460835
0.477942
-1.000000
0.494535
-0.417930
-0.396509
-0.577812
0.477450
-0.014733
-0.282436
-0.560763
0.986033
0.220572
-0.550263
0.161809
0.550482
1.000000
-0.943134
0.148017
-0.331699
0.698582
0.580011
0.299838
0.644056
-0.562640
-0.219049
0.783539
0.538278
0.222821
0.045906
-0.053779
0.339613
0.782020
-0.518392
0.233002
0.907000
-0.569662
0.802589
0.525984
-0.543523
-1.000000
0.264958
-0.810683
0.960546
-0.635334
-0.470659
-0.303613
-0.528586
0.718438
-0.300684
0.062481
-0.110340
0.892358
-0.816040
-0.008068
-0.561332
0.284637
-0.104775
0.695906
0.061182
-0.551537
-0.047522
0.460905
0.722683
-0.380591
0.363718
-0.609986
-0.983404
0.754233
0.649735
0.082601
0.152773
-0.891638
-0.232597
-0.405364
0.586855
0.267123
0.951376
0.261424
0.985978
0.324669
-1.000000
-0.110685
-0.370102
0.096693
0.577018
0.544378
-0.548346
0.201171
-0.117302
-0.004396
0.098137
-0.080158
0.013237
0.322459
0.088296
0.960425
-0.629661
0.279911
-0.774480
-0.654320
0.892178
0.826421
0.671419
-0.117053
-0.773227
-0.851580
-0.024882
0.581741
-0.216397
-0.394984
-0.044610
0.137554
-0.115417
-0.128241
0.093219
0.081467
0.720954
0.802068
-0.263334
0.477846
-0.690302
0.223924
0.215055
0.517203
0.364187
0.399824
-0.212702
-0.382567
0.712887
0.432972
0.072236
1.000000
-0.028894
-0.248859
1.000000
-0.346344
0.392932
0.538425
0.247594
-0.524941
-0.951382
-0.091360
-0.209577
0.793352
-0.404599
-0.118542
0.225753
-0.101462
-0.285958
-0.573714
0.550139
-0.603846
0.360441
-1.000000
0.433536
-0.285641
-0.153273
-0.870878
-0.721336
-0.754395
0.479467
0.622767
0.439656
