-129.600000
4.000000
-1.000000
52.000000
-1.000000
-1.000000
50.800000
0.000000
37.600000
-1.000000
0.398744
-0.345780
-0.509886
-0.447994
-0.308908
-0.912935
-1.000000
-0.832327
-0.992014
-0.012705
1.000000
0.151590
0.154940
-0.519033
0.041421
0.948881
0.656528
-1.000000
-0.437884
0.523425
-0.664051
0.454698
-0.334262
-0.506501
0.253427
-0.125915
-0.109603
0.236736
1.000000
-0.373835
-0.025814
0.118592
-0.686131
-0.177731
-1.000000
-0.898168
-0.604638
-0.423075
-0.554337
-0.616231
0.643131
0.552511
-1.000000
0.039607
-0.546955
-1.000000
0.212111
0.683136
0.008816
0.752839
0.227984
0.816167
-0.423196
0.080723
1.000000
-0.903252
0.476117
0.149688
-0.881500
-0.328764
0.403353
-0.572419
-0.637125
0.822940
0.649758
0.506587
1.000000
0.097665
0.596065
0.516206
-0.374937
0.687571
-0.374195
-0.920648
1.000000
-0.481615
-0.449765
0.512396
-1.000000
0.413731
-0.508046
-1.000000
-0.121235
-1.000000
-0.476251
0.767772
-1.000000
0.508269
-0.548262
1.000000
-0.465408
0.365601
0.881936
0.548927
-0.368485
-1.000000
-0.435223
-1.000000
-0.657642
0.643742
-1.000000
0.724429
-1.000000
-0.445900
-0.454128
-0.494938
0.546818
-0.368774
0.591685
-0.137622
-0.245650
1.000000
-0.301591
0.238745
-0.492394
0.050240
-1.000000
-0.300937
-0.675974
-0.264036
-0.595461
-0.869068
1.000000
0.831230
-0.290637
-0.733349
-0.311974
-0.558403
0.600182
-1.000000
-1.000000
0.724772
0.671362
-1.000000
-1.000000
0.316676
0.554477
0.568700
1.000000
-0.514470
-0.020239
0.903564
0.900091
0.819976
0.028711
0.438325
-0.200096
-0.047767
-1.000000
0.312560
-1.000000
-0.884423
-0.044151
0.292253
0.271800
-0.109550
-0.526185
-0.158971
-1.000000
1.000000
-0.433469
-0.596064
-0.553431
0.649771
0.915214
0.311053
0.121850
-0.533100
-0.724054
0.198766
-0.417155
-0.623903
1.000000
-0.537450
-0.116262
-0.858599
1.000000
1.000000
-0.066619
-1.000000
0.742181
0.995100
0.777581
-0.217435
0.231577
-0.841971
-0.329062
0.835619
-0.061678
-1.000000
0.743215
-0.899107
0.168732
1.000000
0.883160
0.248305
-0.143826
1.000000
-0.723167
-0.315008
0.680201
-0.776023
0.480431
-0.784971
0.030493
-0.045414
0.788627
0.696105
-0.876347
-0.755388
-0.529015
0.621008
0.343705
0.463190
-0.656172
0.536402
-0.713106
0.002835
0.698495
-0.862572
-0.039828
-0.436737
-0.525837
0.924467
0.332225
0.151168
-0.647455
-0.785680
1.000000
-0.072260
-0.893943
-0.053896
-0.125281
0.380411
0.173279
0.781373
-0.290140
0.057924
-1.000000
0.074369
0.322125
-0.287288
0.231268
-0.241882
-0.588869
1.000000
-0.161094
-0.627137
0.053517
0.283340
-0.627519
0.927759
-0.889880
-0.197073
0.736665
0.071341
-0.146978
-0.060752
-0.379436
-1.000000
0.117083
-0.602965
0.173255
0.156524
0.160515
