-63.400000
4.000000
-1.000000
70.000000
-1.000000
-1.000000
64.600000
8.800000
53.200000
-1.000000
-0.591519
-0.361947
0.520203
-0.767174
0.276505
0.527950
0.096896
-0.038788
0.117592
-0.154265
-0.124766
-0.622493
-0.409443
0.953486
-0.160250
-0.210118
0.847035
-0.939594
-0.848852
-0.222649
-0.113471
-0.797080
-0.729508
0.636333
-0.593216
-0.224736
-0.125021
-0.058414
0.621474
0.825679
0.890443
-0.691748
-0.497852
0.245612
-0.237424
0.913377
0.517809
-0.225081
0.933597
-0.482674
0.316070
-0.484511
-0.018040
-0.713731
-0.596413
-0.098477
0.511299
-0.622665
-0.115052
-0.848877
-0.140765
0.402601
-0.150003
-0.662457
0.440479
0.468884
0.172699
0.095275
-0.571566
-0.349254
-0.579954
-0.875227
-0.567323
-0.799112
0.843477
-0.288607
0.642795
0.268623
0.153176
-0.689268
0.573507
-0.002253
0.650046
-0.701956
0.262050
-0.080872
-0.730867
0.815049
-0.248782
0.096713
0.523319
-0.248450
0.068957
0.659922
-0.717150
0.785127
0.603399
-0.483862
-0.726455
-0.002619
0.048976
-0.803099
-0.429882
0.786597
-0.074107
-0.657903
-0.678428
-0.500803
0.126599
-0.049997
0.286487
0.621359
-0.329230
0.971872
0.523426
-0.089035
-0.431678
0.062517
-0.553246
-0.600418
0.214269
0.908323
-0.530268
0.425381
0.864150
-0.855407
0.662543
-0.927105
-0.056709
-0.714215
-0.082498
-0.905152
-0.329610
0.432815
0.132755
0.489262
0.738303
0.865920
-0.027647
-0.572086
-0.973177
0.137136
0.245279
-0.005362
0.934589
-0.996262
-0.906843
0.384386
0.586660
-0.310540
0.761676
-0.662476
0.191425
0.647126
-0.424572
0.519673
0.752509
-0.604620
-0.266627
0.530760
0.842512
0.511939
0.087814
-0.645084
-0.128753
0.512592
-0.569564
0.985234
0.624242
0.039343
-0.767138
-0.181919
-0.654168
0.277747
0.392928
0.643583
0.888160
0.967055
-0.731826
-0.383123
0.444784
0.420067
0.781290
-0.966574
0.239167
-0.895237
-0.725495
0.810868
-0.661651
-0.333510
-0.321523
0.645984
-0.438653
0.185352
0.216810
-0.722999
-0.290613
0.934271
0.711425
0.270913
0.548958
-0.829540
-0.405218
0.853655
0.086153
-0.318973
0.466483
0.882211
-0.790781
0.440812
0.156576
0.241893
0.721179
-0.959009
-0.078011
-0.385714
0.638181
-0.639744
-0.122425
0.599276
0.874882
0.446438
0.940769
0.019481
0.177268
0.227111
-0.700792
-0.087385
-0.904948
-0.960106
-0.035237
-0.732855
-0.978624
0.801186
-0.535318
0.435455
0.823261
-0.376622
0.145101
-0.227969
-0.589507
0.595594
-0.076229
0.636455
0.484075
-0.277528
0.938417
0.932461
0.545718
0.216165
0.780592
-0.016918
-0.928491
0.439529
0.624393
-0.598564
-0.282143
-0.769920
0.920662
0.402478
-0.982572
-0.988491
0.786603
0.483932
0.660912
0.464519
-0.053363
0.645580
0.416795
0.037305
-0.863928
0.049651
0.625044
0.515352
0.911074
