-299.200000
1.000000
-1.000000
-1.000000
-1.000000
-1.000000
20.800000
-1.000000
-1.000000
-1.000000
-0.167937
0.908818
-0.583371
0.182075
-0.442885
-0.835064
0.928141
0.797339
0.500920
-0.750997
-0.106407
-0.096512
-0.103217
0.673045
0.954317
0.878772
0.116089
-0.083625
0.054099
-0.782709
-0.278567
-0.662243
0.918116
0.689297
-0.085858
0.197952
0.921839
-0.674448
0.128033
-0.197207
0.245082
-0.457182
-0.688269
-0.033417
0.554119
0.302844
0.196879
-0.881501
-0.031824
-0.993510
-0.529859
0.509880
0.610691
-0.026105
-0.137982
-0.571428
-0.583569
-0.890138
-0.185459
-0.271498
-0.239027
-0.957015
-0.400872
0.929665
0.729172
-0.522466
0.243719
-0.501321
-0.793767
-0.350587
-0.739489
-0.478874
0.053316
-0.004782
0.244938
-0.359908
0.400669
-0.847103
-0.473083
-0.356801
-0.831011
0.349657
-0.923187
-0.320687
-0.061695
0.541535
0.516157
0.209152
-0.743719
-0.334041
0.110843
-0.703884
0.961623
0.127934
-0.732332
0.007344
0.450034
0.275965
-0.563625
0.837669
-0.380700
-0.144669
0.651355
0.790470
0.792607
-0.788290
-0.780659
-0.490509
0.369228
-0.290637
0.185897
-0.974838
0.957509
0.573531
0.072759
-0.241480
-0.649569
0.208526
0.146759
0.798285
-0.862040
0.720746
0.862327
0.495325
-0.194985
0.934974
-0.212485
-0.230389
-0.956528
1.000000
0.924458
0.424219
-0.051909
0.511607
0.548013
0.166669
-0.661354
0.814471
-0.054761
-0.554530
0.361465
0.789140
0.166185
-0.667902
0.840700
0.193937
-0.459123
-0.712376
0.906554
0.595212
0.293795
-0.332037
0.099931
-0.645016
-0.750751
0.645975
-0.715612
0.199242
-1.000000
0.006341
0.704034
-0.782867
-0.790600
-0.442151
0.655080
-0.016213
0.748449
0.080745
-0.827733
-0.389411
-0.030509
-0.031137
0.136914
-0.881283
0.599590
0.903380
-0.390745
0.868704
-1.000000
0.767428
0.077565
0.555734
0.933408
-0.620453
-0.692341
0.420902
-0.126444
-0.438462
-0.798360
-0.651707
-1.000000
0.286801
0.492601
0.835677
0.587030
0.426669
0.733196
0.456367
-0.716213
0.629211
0.763586
-0.743567
-0.474960
0.796937
-0.867342
-0.483111
-0.458665
0.843120
0.833762
0.842806
-0.965815
0.870061
0.706080
-1.000000
-0.446690
0.540821
-0.978480
0.586751
-0.027260
-0.718245
0.236785
0.314755
0.630080
-0.803990
-0.662310
0.963085
-0.047448
0.483285
0.965095
-0.999663
-0.501966
0.500610
-0.251128
0.299004
-0.239835
-1.000000
0.313162
0.635064
0.748952
0.656323
0.332265
0.994851
-0.554354
0.915766
0.647511
0.462657
-0.698550
0.065171
0.117379
0.470175
-0.394969
-0.874945
0.145752
0.240495
-0.180408
0.912017
0.722878
0.688487
0.234068
0.978651
-0.578457
-0.882818
0.010900
-0.546521
-0.398714
-0.286685
-0.211939
-0.347687
0.112665
0.794299
1.000000
0.856929
0.273672
-0.594554
-0.678879
