-96.000000
3.000000
-1.000000
68.000000
8.000000
-1.000000
58.000000
-1.000000
-1.000000
-1.000000
0.189384
-0.151745
-1.000000
0.210349
-0.600907
0.175863
-0.063527
1.000000
0.262878
1.000000
-0.253804
-0.508168
-0.329438
-0.255188
1.000000
0.663880
-0.913859
-0.427357
0.658563
0.021646
-1.000000
-0.923430
-0.536497
-0.070792
0.393795
0.101694
-0.316284
-0.544607
-0.135397
-0.879003
-0.423016
0.956264
0.101959
1.000000
0.183837
0.583397
-1.000000
0.490583
0.390583
-0.284890
0.111937
-1.000000
-0.480062
0.652435
0.736242
0.556122
-0.176243
0.632567
-0.434497
0.793515
0.270713
-0.656652
-0.049828
-0.876361
-0.300447
0.198602
-0.117005
-1.000000
-0.747404
-0.867953
0.941296
-0.784500
1.000000
0.291944
-0.795117
0.951584
-0.856909
1.000000
0.677075
1.000000
0.028202
-0.743301
-0.271618
1.000000
0.250025
-0.509660
0.150842
0.033263
-0.693945
0.037606
-0.499063
1.000000
-0.431180
-0.085916
-0.377354
-1.000000
1.000000
-0.050497
0.739671
-0.440544
-0.896625
-0.779823
-0.768104
-0.989006
-0.448340
-0.029123
-0.412842
0.645221
-0.012476
-0.330049
-0.485450
0.926416
-0.916309
-0.416961
-0.550944
0.527658
0.554966
0.945060
0.129026
0.417477
0.290242
0.470484
0.926175
0.874124
-0.862946
-0.027293
-1.000000
0.570490
0.773016
-0.016601
0.403961
-1.000000
0.077378
0.921023
0.051995
-0.068552
-1.000000
0.649958
-0.975240
0.121866
0.830485
1.000000
0.320547
0.267037
-0.307845
-0.252639
-0.077233
1.000000
-0.688908
-0.479091
-0.435357
-0.637920
1.000000
-1.000000
0.986975
0.082533
0.343129
-0.750379
0.598019
0.858887
-0.083737
-0.890803
0.819574
-0.448625
0.064876
0.624084
0.711315
-0.977674
0.592519
-0.409740
-0.573157
-0.561921
-0.483894
1.000000
0.485788
-1.000000
-1.000000
-0.806746
0.956064
-1.000000
-0.264158
1.000000
0.100835
-0.663294
0.898442
1.000000
-0.512256
0.602215
0.878242
0.119963
-0.896872
0.346087
-0.485496
-0.686748
0.288054
0.182787
0.413135
0.456625
-0.741167
1.000000
-0.443970
0.349629
1.000000
0.005439
0.850880
0.981944
0.747389
1.000000
-0.382751
-0.560439
0.074649
1.000000
0.879139
-0.214058
0.743351
-0.899300
-0.258061
-0.729202
1.000000
-0.563322
0.233862
0.944766
1.000000
0.744217
0.736861
-0.417900
-0.964490
-0.625168
1.000000
-0.294776
-0.650502
0.941775
-0.694032
-0.155528
0.970880
-0.458740
-0.713446
0.736401
1.000000
-0.231749
0.457107
0.268960
-0.567649
0.416159
-0.279443
1.000000
-0.605777
1.000000
-0.139813
0.531851
-0.097259
0.342306
0.989095
-1.000000
-0.058012
0.042036
0.419773
-0.502525
0.475302
-1.000000
-0.426433
-1.000000
-0.902821
0.309017
-0.461047
-0.516013
0.541963
1.000000
-1.000000
-0.536866
-0.601175
-1.000000
-0.293421
0.901347
-0.034946
