0.520109
-0.584072
-0.415428
0.792160
0.665166
0.759758
0.260305
-0.316832
0.549876
0.728462
0.825596
-1.000000
-0.071266
0.503681
0.605800
-0.116414
-0.120092
-0.472221
1.000000
-0.994812
0.590638
0.943838
-0.133393
0.036035
-0.363199
-0.978430
0.892829
0.470583
0.971423
-0.796879
0.931730
0.260577
0.322297
-0.082438
0.138978
0.329686
0.724247
-0.282036
-0.462528
-0.280907
-0.236371
0.702485
0.608975
-0.197752
0.248900
-0.907804
0.264397
0.106100
0.252583
0.565132
0.445381
-0.281729
-0.431193
0.590640
0.187975
-0.833331
-0.378745
0.739355
0.347684
-0.328367
0.675930
-0.490780
0.377781
0.524941
-0.262676
0.529190
-0.680524
0.228992
0.779454
0.370840
0.172651
-0.905493
-0.580596
-0.263859
0.743111
0.757696
-0.474514
-0.940105
-0.747921
-0.357049
0.849884
0.896157
0.225580
-1.000000
-0.599331
-0.496845
1.000000
0.247090
-0.740310
0.571122
-0.140962
-0.951915
0.592272
0.725530
-1.000000
-0.168562
0.422409
-0.472912
0.055882
0.175477
0.885272
0.161938
0.452103
0.551104
-0.378770
-0.525305
0.202737
-0.632601
-0.321952
0.531050
0.817147
0.526303
-0.918835
-0.915773
0.691536
-0.392054
0.758436
-0.118125
-0.659286
-0.379192
-0.595264
0.753808
0.391433
0.401773
-0.159696
-0.984252
-0.896181
-0.965056
-0.382950
-1.000000
0.516955
-0.658273
0.310153
0.831369
-0.513643
0.996120
0.704168
0.758992
1.000000
-0.270841
0.954135
0.307505
0.372911
-0.440981
-0.486736
0.848689
0.523755
0.171483
0.074668
-0.669818
0.219234
0.774575
-0.948481
-0.399469
0.940756
0.982552
0.514043
-0.881768
0.457970
-0.306187
-0.243141
0.906211
0.936812
-0.578408
0.125936
0.536072
0.406839
0.710317
-0.934690
-0.098239
-0.632074
0.580156
0.895487
-0.150361
-0.574043
-0.726283
0.863060
0.485669
0.890227
-0.520953
0.252164
0.295823
-0.206612
-0.952507
0.591388
0.413902
-0.232222
0.669807
0.703282
-0.406017
0.428062
-0.757072
-0.229572
-0.827467
-0.227593
-0.895392
-0.240805
0.390126
0.464969
-0.813338
-0.786208
-0.534024
0.978752
-0.870889
-0.452360
-0.859280
-0.065253
0.893494
-0.414287
0.050579
0.484887
-0.239591
0.167901
-0.623011
-0.345556
-0.342285
-0.094957
0.810650
0.392630
0.253434
-0.930876
-0.930513
0.578750
-0.330503
-0.402981
-0.580074
0.312713
-0.589589
0.603579
-0.871998
0.040340
-0.678118
0.200901
0.902684
-0.270742
1.000000
0.995075
0.977206
0.420515
0.567830
-0.387130
-0.345102
-0.579000
0.040882
-0.038095
-0.772011
-0.252521
0.936694
0.909265
-0.554128
0.511163
0.066538
0.159476
-0.011458
-0.370523
0.762035
0.626489
-0.195853
-0.292208
0.930944
-0.727395
-0.959756
0.259458
0.548693
-1.000000
