0.649643
-0.517327
0.187599
0.969461
-0.099015
0.273169
-0.170475
1.000000
0.570657
-0.204044
0.516460
0.761802
0.732967
-1.000000
-0.296799
1.000000
0.271789
0.643550
0.952613
-1.000000
0.247335
-0.245828
0.625195
1.000000
0.245417
-0.436084
-0.287264
-1.000000
-1.000000
-0.298213
0.026047
-0.458131
-0.198114
0.472331
0.029154
-0.540363
0.889591
0.223506
0.486741
0.031277
-0.478274
1.000000
-0.941210
0.025306
-0.570623
-0.608456
-0.575475
-0.219124
-0.221237
-0.025573
-0.768201
0.012497
-0.388700
0.348586
1.000000
-0.159589
-0.681175
0.157509
-0.084333
-1.000000
-1.000000
-0.315049
-0.829508
-0.759438
-0.506592
-0.433618
1.000000
0.404054
-0.873536
0.825962
0.086224
-0.131902
0.261942
-0.414055
0.535584
-0.611218
-0.250714
-0.293642
-0.652740
0.676174
0.800274
-0.144869
-1.000000
-0.053224
0.803034
0.036532
-0.970047
1.000000
-0.334948
-0.739886
-0.169480
0.385171
0.863570
1.000000
0.248387
1.000000
0.700776
-0.874964
0.257519
-0.318154
0.082456
0.536217
-0.551493
0.445987
-1.000000
0.953731
0.709353
-0.944011
1.000000
0.749859
-0.204968
0.138791
-1.000000
-0.682700
-1.000000
0.689643
0.925544
-0.869418
0.582253
-0.026803
0.796288
0.397067
0.254728
0.516549
-0.555823
0.080761
-0.649061
0.869540
-0.831292
-0.211682
0.949589
-0.273741
-1.000000
0.386091
0.454907
-0.010097
0.914282
-0.746578
-0.934885
0.670338
-0.206657
-0.393727
0.777117
-1.000000
-0.870531
-0.494793
0.706734
0.902375
0.597587
-0.528072
-0.554730
0.577563
-0.338722
0.177146
-0.427916
-0.617494
0.378932
0.695886
-0.192099
-0.018870
0.468509
0.661970
1.000000
1.000000
0.664379
0.438621
1.000000
-1.000000
0.442944
-0.311615
-0.240574
-1.000000
-0.047215
0.131695
-1.000000
0.022056
-0.508617
-0.054342
-0.523652
-0.467482
-0.520193
-1.000000
-0.480771
1.000000
0.284513
0.115723
-0.623644
0.145536
1.000000
0.063075
-0.117031
-1.000000
0.820687
-0.004628
-0.318187
-0.773317
0.176339
-0.357346
-0.661350
-0.207284
-1.000000
0.969377
1.000000
-1.000000
0.512584
-0.268240
0.267873
-0.793899
-0.227733
-0.033151
0.041905
-0.261529
0.985207
0.338448
0.273207
-0.196286
-1.000000
1.000000
1.000000
0.930844
-0.672160
-0.200815
-0.639280
0.781393
1.000000
1.000000
1.000000
-0.621025
-0.700045
0.152223
-0.845422
1.000000
-0.973678
0.725103
0.490210
0.662207
0.326074
-0.105055
0.757254
0.704443
0.479693
-0.468279
0.972653
0.440139
1.000000
0.781047
-0.879488
1.000000
0.925287
0.270922
0.476312
0.107887
-0.239581
0.056970
-1.000000
0.241300
0.716424
-1.000000
-0.516788
0.871006
-0.263695
0.026813
0.821851
0.932111
0.251023
