115.000000
4.000000
100.000000
86.000000
-1.000000
-1.000000
89.800000
-1.000000
89.200000
-1.000000
-0.091849
0.158069
-0.011745
1.000000
-0.171492
-0.037091
0.847143
0.267490
0.027033
-0.009553
0.527712
-0.388347
-0.104203
-0.734441
-0.830779
0.739671
-0.305783
-1.000000
-0.779890
0.012778
0.282862
-0.150019
-0.002828
0.561148
-0.347418
-0.720713
-0.219970
0.479439
0.080863
0.085345
-1.000000
-0.226151
-0.441878
-0.275018
-0.731060
-0.552655
0.769406
0.503576
-0.510357
-0.016788
-1.000000
-0.611637
0.464716
0.730258
0.276621
-0.555079
-0.454109
0.784196
0.201475
-1.000000
0.425428
0.133650
-1.000000
-0.167168
-0.985432
-0.146235
0.863275
0.512011
-0.210267
-0.906583
-0.082357
0.740642
0.626845
0.434349
-0.429379
0.179617
-1.000000
0.253679
-0.658864
-0.280127
-1.000000
-0.517394
-0.660458
-0.195398
0.975019
-0.356964
0.119210
-0.462123
0.839611
-0.246355
1.000000
-1.000000
-0.085286
-0.119512
0.124345
-0.851285
-0.590823
0.674199
0.090462
0.488493
-0.817533
-0.095579
0.888506
-0.429332
-0.086522
0.269579
0.320327
0.004483
0.304415
0.531273
0.442105
0.212020
0.126380
1.000000
0.755536
0.164895
0.831186
0.576672
1.000000
-0.292700
-0.400143
-0.504082
-1.000000
0.050790
0.163203
-0.159394
0.731881
0.020978
-1.000000
0.335181
-1.000000
-0.188556
-0.019915
0.844280
-1.000000
0.683322
-1.000000
-0.114072
-0.005094
0.451817
0.340079
-0.388290
0.650150
1.000000
0.192165
-0.298701
1.000000
-0.937860
0.742532
1.000000
0.701465
-0.732403
-0.848710
-1.000000
-1.000000
-0.513460
-0.706588
-0.206380
-0.050491
0.436361
-0.553409
0.735021
-0.557163
0.158017
0.731332
0.014797
0.128954
-0.127573
-0.560215
1.000000
0.051081
-0.626683
0.489042
0.222340
0.083903
0.764151
-0.247127
-0.790361
0.024132
-0.127937
0.530095
-0.295529
-1.000000
0.108964
-0.664694
-0.456762
0.505520
-0.152989
-1.000000
-0.855105
1.000000
-0.468277
-0.444495
0.310248
0.754211
-0.558686
0.872215
-0.449962
0.009239
-0.728314
-0.917676
0.670312
-0.353280
0.225005
-0.618649
-0.834823
-1.000000
-0.418749
-0.452667
0.299256
0.382527
0.151053
0.386103
1.000000
0.731099
0.361783
-1.000000
0.895273
0.612203
0.692379
0.001644
-0.341653
0.045529
0.422962
0.980268
-0.680664
1.000000
0.645137
0.444880
-1.000000
-0.478013
0.148049
-0.696075
0.489337
-0.455772
0.284358
1.000000
-0.648592
0.507494
1.000000
-0.895124
-0.808620
0.250202
-0.073568
0.034049
1.000000
0.591914
-1.000000
0.031255
0.075175
-0.617088
0.922308
0.869392
-0.540333
0.353751
-0.525934
0.437505
1.000000
1.000000
-0.837975
-1.000000
-0.404649
0.920202
0.781353
-0.565292
-0.655961
-1.000000
0.629562
-0.088893
-1.000000
0.738261
-0.376860
0.355267
-0.955078
0.678931
