-2.200000
3.000000
100.000000
82.000000
-1.000000
-1.000000
95.800000
-1.000000
-1.000000
-1.000000
-0.423268
-0.998890
-0.168055
0.827858
-0.432405
-0.593791
0.100106
-0.073613
0.336577
-0.993976
-0.503139
-0.652771
0.880538
-1.000000
-0.650599
0.723803
-0.130100
-0.319990
0.589858
-0.791957
0.686024
-0.927651
0.179929
0.691355
-0.160602
-0.336369
0.590800
-0.372792
0.555826
0.000108
0.864556
-0.992589
0.934245
0.580935
0.207545
-0.181360
0.750004
-0.154006
-0.363884
0.975593
-0.015532
-0.265138
-0.129289
0.341534
0.871847
0.962881
0.549184
0.206706
-0.642966
0.374303
0.888896
-0.493358
-0.559848
0.184920
-0.459827
0.679220
-0.505323
0.468415
-0.346754
-0.108224
0.713271
0.661339
-0.324912
0.049026
-0.032801
-0.071376
0.265676
0.600549
0.869103
0.392616
0.033227
0.867484
0.645837
0.959002
-0.180971
-0.411516
0.491821
-0.700286
-0.342387
-0.154125
0.252022
0.092074
0.255968
0.664052
0.031779
-0.690977
-0.576135
-1.000000
0.760002
-0.599353
0.405623
0.275757
0.343673
0.239178
-0.693810
0.557949
0.499349
-0.106855
0.089526
-0.362197
-0.249147
-0.444423
0.815332
0.817820
0.383143
0.752471
-0.132344
0.628947
-0.298691
0.973605
0.559106
-0.813709
0.842513
-0.503495
-0.469491
-0.265379
-0.627469
0.825521
0.521096
-0.487227
0.263777
0.125803
-0.264629
-0.133395
-0.443041
-0.856580
-0.655366
-0.581039
-0.061912
0.589931
-0.063480
-0.126689
-0.836327
-0.532806
-0.191429
-0.192635
-0.189273
0.164119
-0.898910
0.934789
-0.087884
-0.928390
0.633229
0.209462
-0.099668
0.936120
-0.542713
0.885837
-0.184499
-0.420614
-0.920390
0.180675
-0.172317
-0.798178
-0.764912
-0.408786
-0.110310
0.867340
0.523756
0.379216
0.479221
0.771968
-0.783763
0.308006
0.848043
0.967891
0.216620
0.714313
0.479961
0.073674
-0.377738
-0.638440
-0.659350
-0.478122
0.356438
0.866350
-0.818191
-0.502935
-0.152786
-0.616428
0.293231
0.876823
0.720119
0.531247
0.779615
0.445082
-0.333740
0.966663
-0.349789
0.503452
1.000000
-0.476728
0.671312
0.878858
0.672368
-0.748981
-0.290982
0.108347
0.069462
-0.462233
-0.613018
0.626869
-0.386240
0.713640
0.848738
0.402466
-0.385159
-0.090919
-0.535265
-0.461756
1.000000
0.784842
-0.244990
0.128672
-0.890358
-0.691445
-0.420256
0.542284
0.653859
0.814262
0.134121
0.548737
-0.711494
0.661194
0.489888
-0.311214
-0.138490
0.868880
0.336951
0.054372
-0.011790
0.209914
0.942769
-0.523578
-0.652721
-0.464397
-0.490450
-0.987344
-0.279557
0.715722
0.157811
-0.192888
-0.351730
0.693259
0.321184
0.256074
0.952258
-0.639795
-0.982130
-0.622251
0.412017
-0.589678
0.841047
-0.364974
-0.322306
-0.715131
-0.750275
-0.466621
-0.419068
0.729937
-0.469128
-0.155040
0.681312
0.398906
-0.162894
