3.800000
4.000000
100.000000
76.000000
-1.000000
59.800000
88.000000
-1.000000
-1.000000
-1.000000
-1.000000
1.000000
-0.227626
0.282563
0.080641
1.000000
-0.941216
0.833060
0.038252
-1.000000
-0.898243
-0.397926
-0.817149
-0.154161
0.264684
-0.159976
0.456232
-0.129008
-0.042214
0.674990
-0.566403
1.000000
0.911552
0.771819
0.028737
-1.000000
0.010379
-0.363853
0.477270
-0.588839
-0.903528
-0.303569
-0.705588
-0.620874
0.337806
-0.062079
-1.000000
-0.741461
0.282505
0.339423
0.585006
0.209691
0.870997
-0.188882
-0.787251
-0.820454
0.518765
-0.451718
-1.000000
0.762585
-0.762584
-0.403907
-0.297124
1.000000
-0.211631
0.177650
-0.962749
0.004517
0.842872
-0.728000
1.000000
0.127758
0.134608
-1.000000
-0.315302
0.392129
-0.416460
0.435835
-0.165635
-1.000000
-0.004866
0.184275
-1.000000
0.191323
-1.000000
0.557083
0.521457
-0.192221
-1.000000
-0.632545
-0.298028
0.265785
0.383134
0.298414
-0.612353
-0.620927
0.999381
1.000000
0.002675
-0.645189
-0.088289
-0.308668
-0.622548
-0.666830
-0.149105
0.177175
-0.462623
-0.287705
-0.060743
-0.030105
-0.904699
0.780146
-0.412590
-0.427450
0.800728
0.800321
-0.925029
-0.697048
-0.094015
1.000000
0.098712
0.369535
0.279893
0.091406
0.540493
0.898596
0.163769
0.655277
0.359477
-0.541402
0.393333
-0.291013
-0.117512
1.000000
0.946548
-1.000000
-1.000000
1.000000
0.122693
0.566240
0.398116
0.386233
0.475273
-0.376607
1.000000
-0.778157
-0.073238
-0.717210
-0.194175
0.234434
0.018146
-1.000000
-1.000000
-0.171262
-0.407582
-0.069279
-0.332382
0.878645
-0.139144
-0.796940
-1.000000
-0.327571
-0.698879
-1.000000
0.741902
0.352386
-0.369373
-0.768426
-1.000000
0.173921
-1.000000
-0.543459
0.321033
0.611203
0.213063
1.000000
0.854384
-0.084351
0.343182
-0.521460
0.271494
0.111505
0.174388
0.252014
-0.571716
-0.887392
-1.000000
0.226425
-0.777396
-0.984442
-0.298435
-0.076341
0.226925
-1.000000
-0.462918
-0.444610
-0.826706
-0.088327
-0.265408
0.286127
-0.519054
-0.464253
-0.743299
1.000000
0.630076
-1.000000
-0.790848
-1.000000
0.700062
-0.278206
-0.543950
1.000000
0.179107
-0.573451
-0.531733
1.000000
0.072417
-0.985309
0.460547
0.278001
-0.165845
0.040161
-0.561161
1.000000
0.356636
-1.000000
0.374903
0.436770
0.167301
0.444118
-0.095967
-0.329674
0.835768
0.087149
0.686308
-0.785377
-0.550869
0.580852
0.119204
0.184748
-0.422778
-0.642453
-0.353997
0.393798
-0.190232
-0.171380
0.638248
-0.549659
0.187744
-1.000000
-0.892022
-0.649893
0.912541
-0.078120
-0.148848
0.420447
0.032782
-0.265211
0.174178
0.719200
-0.219230
-0.586596
0.742012
0.515148
0.068872
0.543339
0.163821
-0.739494
0.883332
-1.000000
-1.000000
-0.490855
0.018941
-0.240501
-1.000000
