-0.102687
-0.864507
-0.697179
-0.983704
0.463881
1.000000
0.782524
-0.634246
-0.725159
-0.354003
-0.030186
-0.502139
0.050514
0.512665
-0.604192
0.826405
-0.118868
-0.498157
0.290497
0.793560
0.551746
0.117304
-0.134428
-0.797900
-0.941733
0.756165
0.064258
-0.287609
-0.349928
-0.526180
-0.616862
-0.297313
0.366406
-0.323209
0.351583
0.570194
0.700121
0.038018
-0.874455
0.569889
-0.470494
-0.965331
0.758952
0.653938
0.094835
-0.677720
0.707675
0.606959
-0.803881
-0.722196
1.000000
0.226378
0.444394
0.701076
0.090291
-0.665307
-0.312268
-0.998170
0.164826
0.496858
-0.333606
0.885884
0.736624
0.635556
0.759253
-0.175662
-0.028918
0.979455
-0.500435
0.636213
-0.776655
0.133693
-0.706404
0.604897
0.840255
0.408128
0.962719
0.996199
0.193336
-0.211750
0.089934
0.071155
-0.838279
0.731447
-0.677075
0.018098
0.201058
0.208401
-1.000000
0.270874
0.403847
0.481563
-0.008505
-0.518939
0.828368
-0.467623
-0.356835
-0.394797
-0.041350
0.800484
-1.000000
0.738631
-0.249555
0.886649
-0.288380
-0.618505
0.009918
-0.933272
0.193666
-0.715496
0.843416
-0.859722
0.402277
-0.543375
0.290871
0.639096
-0.893052
0.311527
-0.310407
0.684631
0.804690
0.866951
-0.956656
0.435836
-0.993346
0.069345
0.615047
-0.768028
0.490744
0.656435
0.751061
-0.368008
-0.077166
0.279176
0.029717
-1.000000
-0.830365
0.225113
-0.964165
-0.559055
0.485851
-0.398685
0.547465
-0.383858
-0.019627
-0.585017
-0.914918
0.942873
0.326885
0.925423
0.711728
-0.127572
-0.431192
-0.258060
-0.688924
-0.722255
0.843184
-0.439727
0.494244
-1.000000
0.197539
0.168840
-0.947344
-0.295262
0.439786
-0.644751
0.775992
-0.235693
-0.320406
-0.445709
-0.791860
-0.115338
0.226776
-0.914099
0.241621
-0.680608
-0.780146
-0.898226
-0.387867
-0.489216
-0.910992
-0.137970
0.001942
-0.500362
-0.192513
-0.145118
-1.000000
0.370636
-0.872550
-0.618964
-0.667205
-0.876928
0.953727
0.867945
0.687541
0.233777
0.149354
-0.182738
0.207528
0.815826
0.528633
0.287626
-0.219642
0.545701
0.302591
0.624246
-0.579481
0.053051
-0.756438
-0.820083
-0.761046
-0.351871
0.527183
0.263427
-0.088870
-0.579587
-0.696181
0.764831
0.070001
-0.700291
-0.267958
-0.599910
-0.695496
-1.000000
-0.393960
-0.631972
-0.512096
-0.285207
0.492783
0.038679
-0.142665
0.726429
-0.767178
0.095500
0.954670
-0.414568
0.185692
0.790193
-0.180529
0.140998
-0.256458
0.102354
0.300690
-0.678709
-0.612844
0.661517
0.267677
-0.974354
0.965178
0.254785
-0.273398
-0.700772
-0.246362
0.265276
0.537343
-0.172989
-0.154891
-0.902379
-0.232639
0.378586
0.052334
0.425641
0.985290
-0.857175
-0.897765
