-233.000000
2.000000
-1.000000
-1.000000
-1.000000
-1.000000
65.200000
41.800000
-1.000000
-1.000000
-0.398715
-0.252769
0.993060
0.972994
-0.870021
-1.000000
-0.400582
0.677579
0.657102
-0.610675
-0.615168
-0.212067
0.001063
0.990677
0.919577
-0.426860
0.380478
-0.514005
-0.621530
0.214812
0.954861
0.592443
0.491664
-0.083103
0.145790
0.820346
-0.522861
0.521210
-0.796435
-0.805239
-0.271413
0.934410
-0.485352
0.621502
0.068950
0.863651
-0.521111
-0.962701
-0.442207
0.701477
0.434228
0.599160
0.571297
-0.297844
0.622233
0.879953
-0.752428
0.590992
0.265169
0.705127
-0.218174
-0.995063
-0.774859
0.931914
-0.004427
0.129753
0.461884
-0.392731
0.067001
1.000000
0.014814
-0.849016
0.508067
0.806640
-0.094025
-1.000000
-0.338380
0.068679
0.832247
-0.734822
-0.207662
0.839045
0.104405
-0.275131
0.843213
0.075362
0.602093
-0.963639
-0.592730
0.552496
0.031159
-0.163688
-0.089896
0.949363
0.359536
0.301935
0.844596
0.119717
-0.393497
0.535973
0.560776
-0.435449
-0.760852
0.476997
0.770483
-0.378826
0.472935
0.684361
0.771082
-0.450110
-0.001919
0.428664
-0.918326
0.262000
-0.199192
0.909286
-0.111013
0.654847
-0.646451
-0.217434
-1.000000
-0.043807
0.973094
-0.616616
-0.466935
-0.538298
0.934512
-0.297422
0.256927
0.278911
-0.364328
0.151966
0.988331
-0.554637
0.581799
-0.038883
0.099070
0.823691
0.483991
0.406311
-0.770950
0.670313
-0.063738
0.112563
-0.035622
0.739497
-0.936282
-0.325000
0.290889
-0.565706
0.182766
0.858501
-0.430135
0.607983
0.008306
0.367212
-0.602280
-0.343419
0.520412
0.109778
-0.682815
0.635421
-0.302301
0.624569
-0.057502
-0.918899
0.734822
-1.000000
-0.882973
-0.129926
0.530788
0.843657
-0.964822
-0.190996
-0.043913
-0.693380
-0.857344
0.346840
0.949821
-0.479646
0.107569
-0.158539
0.045996
0.343875
0.570442
-1.000000
-0.047723
-0.252715
-0.213638
0.561283
0.222456
0.226266
-0.259936
-0.623503
0.053157
-0.093941
0.472107
-0.827095
0.937117
-0.519968
0.668897
0.371195
-0.842224
0.037402
0.043385
0.483349
0.260333
0.428782
0.890990
0.657899
0.856049
0.881086
-0.665126
0.813547
1.000000
0.670394
-0.611267
-0.716030
-0.886513
0.024926
-0.553135
-0.224254
0.410505
0.562953
0.968998
-0.058960
-0.362281
-0.195002
0.116799
0.553955
-0.520352
-0.403459
0.789095
-0.901418
-0.438891
0.747979
0.978637
0.691222
0.473292
1.000000
0.185889
0.275245
-0.610676
0.755229
0.481419
-0.997527
-0.369102
-0.503138
-0.108681
0.318973
0.417941
0.925161
-0.116801
-0.700318
-0.721475
0.514900
0.144001
-0.840349
0.816052
0.745344
-0.017044
0.824304
-0.540682
0.718211
0.149317
0.809873
-0.148463
-0.146294
-0.571329
-0.668217
0.395146
-0.632697
0.938607
0.322052
0.598328
