-134.800000
3.000000
100.000000
82.000000
-1.000000
-1.000000
83.200000
-1.000000
-1.000000
-1.000000
0.811391
-0.673742
0.226358
-0.476197
0.928726
0.466974
-0.214970
0.746396
-0.299763
0.971873
-0.137496
0.150500
0.466941
-0.336466
0.701247
-0.765653
0.941792
-0.100923
-0.737264
0.383869
0.737702
0.856585
-0.650339
0.357524
0.873251
0.596410
-0.384557
-0.379038
-0.157954
-0.729667
0.532731
0.960916
-0.554222
0.674208
-0.777353
0.499452
-0.537538
0.721431
-0.884917
-0.260245
-0.793578
0.448404
0.360741
0.639435
0.787425
-0.463671
-0.402027
0.074917
0.865702
-0.840154
0.944097
-0.015701
-0.720887
-0.400470
-0.321902
0.493595
0.545228
0.305294
-0.148672
-0.573719
-0.936208
-0.426909
0.695370
0.800316
0.519974
-0.197834
-0.260582
-0.425788
0.351277
0.781493
0.776939
0.804874
0.333519
-0.424573
0.276888
-0.607431
-0.052289
-0.924631
-0.492648
-0.253488
-0.006030
0.684104
0.827106
-0.685029
-0.588092
-0.984423
0.925019
0.979410
0.737147
-0.286708
0.017611
1.000000
-0.260724
-0.260718
0.724268
-0.776634
0.484937
0.232587
-0.247533
1.000000
0.564871
0.140188
0.420083
0.569860
-0.050955
-0.641292
0.162383
-0.580517
0.587550
-0.384912
-0.464230
0.388896
0.039211
0.965345
0.333111
0.738078
0.621075
0.282018
-0.768884
-0.312657
-0.118701
-0.775997
0.104347
-0.044803
-0.283677
-0.348977
0.895892
0.879296
-0.666998
-0.351753
0.185677
0.564163
0.285259
-0.262119
0.824297
-0.311349
-0.407451
-0.703576
0.967055
-0.837090
0.304741
-0.582572
-0.627888
0.191042
-0.608553
0.632742
0.710181
0.989722
-0.599332
-0.274696
-0.118107
-0.626600
-0.741274
-0.320840
0.785215
0.995594
0.518819
-0.331131
-0.233039
-0.499413
0.666571
0.553958
0.023602
-0.852893
0.831299
0.077362
-0.253200
-0.023745
0.299812
0.262575
-0.648974
-0.664488
0.983731
0.953651
0.966234
-0.745084
-0.661522
-0.272530
0.766476
0.644902
0.971838
-0.711474
0.516039
-0.477087
-0.710070
0.653846
0.561411
0.673118
-0.987663
-0.426919
-0.813391
0.984968
-0.297927
0.799255
-0.293954
0.640592
0.012633
0.051150
-0.114614
-0.195545
-0.037640
0.323818
-0.593310
-0.126819
0.885483
0.782346
-0.169011
0.562679
1.000000
0.800681
-0.152098
0.598428
-0.848445
-0.989695
-0.459186
-0.003855
-0.380893
0.273098
0.358279
-0.188495
-0.099006
0.252937
0.888470
-0.248044
0.401847
0.537866
-0.003388
0.154744
0.951286
0.990452
-1.000000
-0.222505
0.667480
0.522347
0.226352
-0.441922
-0.770936
0.594809
0.562066
0.061418
-0.318147
-0.394299
0.220433
-0.928150
0.331187
0.903207
0.830665
0.648745
0.877592
-0.607893
-0.668180
-0.466595
0.622209
-0.417959
-0.152346
0.401030
-0.966823
-1.000000
-0.418612
-0.637783
0.206231
-0.903756
-0.720736
-0.288693
0.678816
