-260.800000
2.000000
-1.000000
70.000000
-1.000000
-1.000000
-1.000000
-1.000000
29.200000
-1.000000
-0.539249
0.125210
0.769839
-0.304347
-0.241263
0.415023
0.785428
-0.329996
-0.978423
-0.214304
-0.947874
-0.365298
0.065495
0.072976
-0.050111
0.994188
0.705111
0.854509
0.927758
0.169243
0.227049
0.990171
0.648124
1.000000
-0.125419
0.116217
0.194840
-0.860522
0.574270
-0.294397
0.146738
-0.995102
0.511652
-0.698131
-0.565198
-0.679815
0.733389
-0.740414
1.000000
0.494657
0.058861
0.499980
-0.550811
0.467029
-0.879646
0.229176
0.706071
-0.340317
0.319411
0.194912
-0.326223
-0.571062
0.336354
-0.278655
0.326685
0.980205
0.783362
-0.958784
0.262338
0.341663
-0.083973
-0.649122
-0.584289
0.455446
0.758275
0.546121
-0.412998
0.229773
0.466334
-0.029916
0.236541
-0.494190
0.468198
0.484392
0.906834
-0.972526
-0.408539
0.802939
0.779017
0.063351
0.427759
0.236738
-0.568239
-0.379937
-0.459979
-0.203743
0.556580
0.933021
-0.367298
-0.577560
-0.033210
0.408287
0.277337
0.528330
0.265433
-0.907000
0.076490
-0.669993
-0.062918
0.122153
0.964176
-0.670622
0.042422
0.406230
-0.740741
-0.533281
0.667938
-0.070894
0.450727
-0.457402
-1.000000
-1.000000
-0.192672
0.768568
0.692006
0.634502
0.786651
-0.348090
-0.585691
0.844874
-0.261987
-0.655874
0.061561
-0.682413
0.498565
0.174940
-0.897158
0.788339
0.788872
0.537307
0.552863
-0.178663
-0.163962
0.282918
-0.084870
0.276684
-0.514210
0.279424
0.385492
-0.064790
0.309438
-0.117784
0.236614
-0.417962
0.201533
0.664248
-0.900598
-0.621177
0.317730
-0.143188
-0.489651
0.294111
-0.805952
0.015173
-1.000000
0.278645
-0.730766
-0.453522
0.531760
-0.008951
0.808884
0.519144
-1.000000
-0.904931
-0.897657
-1.000000
0.873862
-0.300510
-0.128141
-0.741247
1.000000
-0.897318
0.077700
-0.178914
-0.393121
-1.000000
-0.241322
0.201336
-0.192001
0.228689
-1.000000
0.542082
0.573149
-0.890771
0.231259
-0.652285
-0.636189
-0.650718
1.000000
0.780473
0.149635
0.975165
-1.000000
0.187950
-1.000000
-1.000000
-0.064784
0.114600
0.407252
-1.000000
0.635323
-0.083599
-0.881169
-0.599461
-0.359483
0.044009
-0.695552
-1.000000
1.000000
0.405491
1.000000
0.728517
-0.217652
0.522221
-0.614584
-0.203275
0.278797
0.263520
0.331745
0.836901
0.315080
0.319591
0.500175
0.176476
0.531651
0.690997
-0.238403
-0.389853
0.137879
-0.818048
-0.116609
-0.700085
0.147188
-0.534310
-0.533337
-0.552206
-0.118744
0.920261
0.871129
-0.653623
0.129321
0.955351
-0.541601
0.375614
-1.000000
-0.635915
-0.186206
-0.338040
-0.001505
-0.879245
0.808807
0.836158
-0.312606
-0.324891
-0.208283
-0.553342
0.732282
-0.626470
-0.496176
-0.960232
-0.651759
0.869658
0.203797
0.952244
-0.815975
