-343.000000
3.000000
-1.000000
28.000000
-1.000000
-1.000000
-1.000000
-1.000000
29.200000
29.800000
-0.110639
-0.615568
0.681492
0.821084
0.346647
-0.896889
0.823165
-0.476981
-1.000000
-0.646310
1.000000
0.178948
0.768678
-0.664058
0.679233
-1.000000
0.285518
0.043852
0.473051
-1.000000
-0.731042
-0.472042
0.134381
1.000000
0.732551
0.291415
0.921551
0.438975
0.059679
0.453757
0.311451
-0.340846
0.833979
0.460074
-0.647598
-0.281352
1.000000
-0.782008
0.026207
0.102344
-1.000000
-0.391071
0.123495
0.906406
-0.225864
0.462937
-0.534364
0.891895
1.000000
0.182928
1.000000
0.768393
-0.540447
0.802772
0.765173
-0.106914
-0.591780
-0.879285
-0.486402
0.234541
0.622985
-0.916338
-0.652744
1.000000
-0.715148
-0.858450
-1.000000
-0.576123
0.179162
-0.002593
-0.896825
-0.291956
0.694295
0.248222
1.000000
-0.723932
0.303009
1.000000
1.000000
0.297205
-0.740829
0.680760
0.423893
0.407813
-1.000000
0.565105
1.000000
0.751402
1.000000
-0.059347
-0.163562
-0.049042
-1.000000
1.000000
0.795811
1.000000
-0.517575
1.000000
0.458539
1.000000
-0.590812
-0.317099
-0.650852
0.175422
-0.590143
1.000000
-0.218621
0.205166
-0.014081
1.000000
0.985971
-0.250272
-0.430389
-0.280722
0.505889
0.983546
-0.485441
-0.593384
1.000000
0.507736
-0.562149
0.057579
-0.203310
1.000000
-0.309762
0.111399
-0.513529
-0.624297
0.544120
0.381014
0.668312
0.343598
0.156158
0.026614
1.000000
0.047776
-1.000000
-0.893766
-0.678804
0.013641
1.000000
0.384203
1.000000
0.097212
1.000000
-0.175216
-0.230255
-0.372933
0.108386
0.939826
-1.000000
-0.677355
-0.064676
-0.197765
-0.430156
0.242602
-0.137145
-0.051473
0.932944
0.301119
1.000000
0.029957
-0.981512
0.049333
-1.000000
0.713182
-1.000000
0.134518
-0.435863
-0.144667
-0.356872
-0.798767
-0.662096
-1.000000
0.579032
0.409687
0.155529
1.000000
0.902037
-1.000000
-0.429965
0.371978
-0.375362
-1.000000
-0.528530
-0.123539
0.834968
1.000000
-0.875777
0.531784
0.107373
-0.982924
-0.019145
-0.249425
-0.849545
-0.804596
-0.335179
-0.271886
0.378704
1.000000
-0.238219
-0.768470
0.306335
-1.000000
0.873562
-0.602725
0.940300
-0.716639
-1.000000
0.147884
-0.446655
1.000000
0.105768
1.000000
0.049033
1.000000
-1.000000
0.943918
1.000000
1.000000
0.893281
-0.205163
-1.000000
-0.297242
-0.679970
0.517824
1.000000
0.269607
-0.366645
1.000000
-0.553017
0.178930
-0.780449
0.754562
-0.972520
-0.396367
-0.481220
0.157016
0.151441
0.333762
0.537175
0.192914
-0.019258
-0.902838
0.481940
-0.068594
-0.688701
-1.000000
0.113442
0.253077
-0.570648
0.371612
-0.242298
0.734736
0.048912
-0.696564
-0.447582
-0.879977
0.851639
0.392602
0.296987
0.064129
0.438131
-0.482345
0.105365
