-93.600000
4.000000
-1.000000
-1.000000
-1.000000
32.200000
74.800000
39.400000
-1.000000
70.000000
0.620689
0.403192
0.183024
-0.752183
-0.773721
0.076209
-1.000000
-0.802613
-0.566151
0.188592
0.107829
-0.138845
-0.698657
0.556222
0.550949
0.191898
1.000000
1.000000
-0.119308
0.118906
-0.342225
1.000000
-0.541075
0.728940
-1.000000
-0.569477
0.268059
1.000000
-0.398598
-0.003564
0.810789
-1.000000
1.000000
0.400344
0.228426
-0.139858
0.512334
0.034677
-0.148880
-1.000000
-0.594164
0.836510
0.204030
1.000000
-1.000000
0.264605
0.316136
-0.579403
-0.071850
0.564538
0.787428
0.498549
0.213841
-1.000000
-1.000000
-0.288813
-1.000000
-0.569278
-0.120861
1.000000
-0.557644
0.406540
0.826070
-1.000000
0.263021
-0.188629
1.000000
-0.959872
0.469481
0.860288
0.445405
0.770482
-0.471076
-0.854303
-1.000000
0.293780
0.517443
0.035579
0.898147
-0.422933
0.497750
1.000000
-0.197392
-0.682839
0.660543
-0.580612
-1.000000
0.347680
-0.302169
0.451062
0.301257
-0.062869
-0.513371
0.821892
-1.000000
-0.551324
-0.306820
-1.000000
0.771256
-1.000000
0.652830
1.000000
-0.293658
0.873971
0.258043
0.303096
-0.542580
-0.161300
-1.000000
1.000000
-0.344899
-0.434261
-0.129189
-1.000000
-0.034136
0.590289
-0.136188
-0.979164
0.586967
1.000000
-0.272445
0.471622
1.000000
1.000000
0.413547
0.115281
0.313411
-0.814024
-0.105918
0.104640
-0.518016
-1.000000
-0.735431
1.000000
0.656507
-0.039339
-0.018655
0.422892
-1.000000
0.097289
1.000000
-0.134657
-0.520432
0.007705
0.419004
-0.970453
0.345368
0.120197
0.684203
-0.014003
1.000000
0.269919
0.438996
-0.996300
-0.988213
0.254305
-0.746172
0.150835
-0.274672
-0.080233
-0.075634
0.143453
1.000000
0.114045
-0.023597
0.702325
-0.183714
-0.315603
0.487246
0.320271
1.000000
-0.168265
-0.342980
0.532594
-0.658773
-0.400679
1.000000
-0.013423
-0.003464
-0.676057
0.534103
0.766969
-1.000000
-0.013831
0.496898
1.000000
0.641372
-0.337124
-0.138285
-0.803020
-0.300269
-0.013298
-1.000000
1.000000
-0.523020
0.280551
-0.671746
0.792471
-0.257758
0.675620
1.000000
0.075212
-0.685056
-0.365856
-0.132494
0.535156
-0.940815
-0.397856
-0.363391
0.503250
0.021367
-0.825741
0.950588
1.000000
-0.195250
0.154374
-0.929883
-1.000000
-1.000000
-1.000000
-0.244349
0.141135
0.611063
0.089530
0.554983
0.592790
0.024943
0.309218
-0.425345
1.000000
-0.486144
0.422020
0.477733
-0.221694
0.507813
0.756157
-0.053578
0.786196
-0.620897
0.443341
0.114562
0.029127
0.127054
-0.093581
-1.000000
0.394569
1.000000
1.000000
1.000000
0.447033
1.000000
-0.696383
0.585779
0.369557
1.000000
0.771574
1.000000
1.000000
0.045493
-0.049884
-0.646096
1.000000
0.231007
0.599658
-0.205974
