-138.200000
3.000000
-1.000000
6.000000
-1.000000
-1.000000
47.200000
-1.000000
-1.000000
28.600000
1.000000
-0.551893
-0.082697
-0.316376
0.855406
0.882454
-0.398882
-0.590266
-0.017810
-0.440824
-0.058158
-0.594374
0.443192
0.565417
-0.672507
-0.083470
-0.328854
0.654090
-0.235478
-0.459509
0.856201
0.923382
-0.675427
0.281654
-0.730695
0.210871
-0.160340
-0.199998
-0.643309
-0.165426
0.381347
0.311820
0.179092
0.591318
0.875537
-0.798838
1.000000
0.642105
0.779824
-0.778514
0.315088
0.957916
0.171176
0.692318
0.806198
0.333516
-0.532286
-0.264071
0.332254
0.559841
-0.454457
-0.872270
-0.638876
0.113879
-0.206826
0.524318
-0.385289
0.966285
0.077902
0.908180
-0.621549
-0.771089
0.861619
-0.645043
-0.505759
0.264113
0.919097
0.235290
-0.022192
-0.578829
0.792261
1.000000
0.924636
0.863308
-0.242201
0.698743
0.480552
-0.672087
-0.548285
0.760484
-0.844854
-0.768483
0.482521
0.682750
0.877266
0.063976
-0.411655
0.397584
-0.119571
-0.938619
0.286544
-0.126465
-0.452851
0.169849
0.525843
-0.041713
-0.324516
-0.506993
-0.976210
0.710056
-0.995007
-0.705368
-0.264918
-0.630636
0.194677
0.202821
-0.800500
0.599928
-0.855025
-0.366677
-0.911293
-0.606416
-0.065278
-0.714916
-0.772508
-0.182685
0.415687
-0.387082
-0.759897
-0.310301
0.812439
-0.621079
0.771221
0.627575
-0.579535
-0.523802
0.775415
-0.034798
0.894749
0.696779
0.479873
-0.604901
-0.018794
-0.917670
0.506208
-0.814479
0.748621
-0.432901
-0.453279
0.489765
0.276615
0.192862
-0.517997
-0.962095
0.764239
0.998501
0.566861
-0.524532
0.928739
-0.023289
-0.874421
0.489590
-0.772805
0.095398
0.297906
-0.168278
0.468828
0.570464
-0.584424
-0.811104
-0.009624
0.158893
-0.676691
-0.877955
-0.091434
-0.585552
0.383733
-0.513268
0.990735
-0.831683
0.695094
-0.556326
0.312242
0.358003
0.133703
0.090127
-0.943210
-1.000000
0.233945
0.438351
-0.917694
0.148404
0.793543
-0.708344
-0.591574
0.848354
-0.660854
-0.901930
0.446573
0.870657
0.406697
0.436002
0.896651
0.433017
0.980023
0.362808
-0.768140
0.930939
0.929886
-0.293394
-0.514898
-0.817127
-0.784187
-0.183966
-0.563519
0.622712
0.554083
-0.272938
0.462750
-0.939990
0.368683
0.708953
0.282419
0.477611
0.485464
-0.449329
-0.507320
0.133775
0.262477
0.654763
-0.027247
0.737743
0.880923
0.157659
0.925750
-0.046753
-0.730173
0.716820
0.207188
0.814356
-0.149457
0.239028
0.067061
0.045823
0.208572
-0.445980
-0.395098
0.343449
-0.718054
0.092448
-0.796777
0.512599
0.160860
0.927056
-0.220424
0.280716
-0.104635
0.281439
-0.751435
0.484378
-0.862783
-0.908142
0.554972
0.639308
-0.339450
0.630592
0.260917
0.891970
-0.126847
-0.544664
-0.743824
-0.912946
-0.375841
0.610395
-0.815667
