-0.586855
-0.225880
-0.176236
1.000000
0.793145
-1.000000
0.614670
0.312494
-0.011005
-0.313459
0.229577
-0.967543
-1.000000
-0.141866
0.107595
-0.150974
0.845112
0.868193
0.409837
-0.234961
-0.383112
-0.837234
0.803235
-0.377767
-0.489675
0.219354
0.752471
0.108503
-0.235624
-0.399214
-0.484800
0.338448
-0.150921
0.339838
-0.993620
-0.797265
-0.097246
-0.689962
0.139149
-0.213786
1.000000
-0.546897
-0.450152
0.720578
-1.000000
-1.000000
-0.084228
0.141833
-0.643476
-0.354481
-0.296208
-0.016432
0.269466
-0.582439
-0.040378
-0.544204
0.046584
0.569052
0.327707
0.211713
1.000000
-1.000000
0.263893
0.252985
-0.176436
0.300283
-0.165747
-1.000000
0.082595
-0.863767
0.133367
-0.349166
1.000000
0.131273
-0.258482
0.391240
-0.455565
0.493896
0.896063
0.834794
-0.601594
-0.211660
0.914470
-0.085951
0.226164
-0.317355
0.575754
-1.000000
-0.982457
0.056384
-0.058159
-0.030181
-0.361042
0.831261
0.281222
0.249237
-0.557599
1.000000
1.000000
0.286728
-0.571402
0.143973
1.000000
-0.758529
-1.000000
-0.689397
-0.143376
-1.000000
-0.907517
-1.000000
0.370926
-0.641884
1.000000
-1.000000
-0.030494
0.364727
-0.472262
-0.398916
-0.726958
-1.000000
-1.000000
-0.964499
1.000000
-0.951119
0.829028
-1.000000
-0.928261
-0.883144
0.333661
-1.000000
-0.374439
0.341821
-1.000000
-0.461927
0.028494
-0.533132
1.000000
1.000000
-0.487061
0.565965
-0.516322
1.000000
0.220618
0.396053
-0.057786
-0.641286
-1.000000
-0.822408
0.938569
0.253365
0.063749
0.264087
-0.347487
0.502589
0.108748
1.000000
-0.948153
-0.840888
1.000000
0.736726
-0.301935
-1.000000
0.554652
-0.477063
-0.382249
-1.000000
0.325510
0.760230
-0.312553
-0.499422
-1.000000
0.475511
-0.552332
0.548338
0.383788
-0.651037
-1.000000
-0.244990
-0.065556
-0.362143
-0.271341
1.000000
0.317399
0.820999
-0.191918
-0.032525
0.078817
0.096525
-0.018888
-0.807196
1.000000
0.541306
0.013972
-0.078688
0.253299
0.268919
-0.914832
-0.138654
-0.069345
-0.001449
-1.000000
0.004583
-1.000000
-0.313150
0.919335
-0.535915
0.720039
-0.765225
-0.884393
-1.000000
-0.406600
-0.484063
0.566540
0.290917
-0.976203
-1.000000
-0.929247
-0.452226
-1.000000
0.151667
0.198514
-0.641581
-0.617397
0.147905
0.673109
-0.152563
-0.397990
-0.223920
0.107029
0.485757
0.689430
-0.133720
0.194650
0.101113
-1.000000
-0.528705
0.109480
-0.408498
-0.177296
-0.273198
0.255740
0.046990
-0.004457
-1.000000
-1.000000
-0.173890
-0.686562
-0.410582
-0.585375
0.873541
-0.223620
0.986811
1.000000
-1.000000
-0.018404
-0.984241
0.533630
-0.212299
1.000000
0.463547
0.178529
0.275958
-0.447594
1.000000
0.970326
