-0.377806
0.067102
-0.749526
1.000000
1.000000
1.000000
-1.000000
-0.214018
1.000000
-1.000000
0.098328
-1.000000
0.657825
1.000000
-0.618138
0.611653
0.246602
-0.042922
0.347551
0.201396
0.376187
-0.652166
0.091052
-0.098483
0.327834
-0.088966
-0.022899
0.891345
0.005664
-1.000000
-0.753874
-0.247496
-0.349922
-0.465684
0.650320
0.525616
0.372850
1.000000
0.479628
-0.036068
0.826660
0.023596
-0.990767
0.215407
-0.302936
-0.141089
-1.000000
0.456782
1.000000
-0.609863
0.105513
0.655553
0.415248
0.381724
0.201461
-1.000000
0.283922
0.070444
-0.317067
-0.873820
0.285071
-1.000000
0.552517
0.687792
1.000000
0.544463
0.575570
-1.000000
-0.639180
-0.646679
0.137466
0.502601
-0.792473
-0.016005
0.991040
0.924645
0.947318
-0.363367
0.804015
-0.538127
-0.906819
-1.000000
0.875853
-1.000000
0.668035
-1.000000
0.510285
-0.760393
1.000000
0.016955
-1.000000
0.289090
-0.871925
-1.000000
0.434054
0.006628
-0.830660
0.064537
0.447503
0.724237
0.079257
0.224766
-0.741915
-0.353452
0.842327
-0.139363
-0.351131
-0.796512
-0.628688
-0.276811
1.000000
0.321961
0.747360
-0.831147
-0.048884
0.206533
-0.039492
0.724785
0.997190
-0.062725
-1.000000
-0.470377
-0.649730
-0.533989
1.000000
1.000000
0.877831
1.000000
-0.912979
-0.857351
0.669562
-0.891288
-0.052157
-0.023884
0.042175
-0.774947
-0.343850
-0.950431
0.781630
-0.678970
-0.409844
-0.106975
0.235405
0.327408
0.782784
-0.833381
1.000000
-0.412255
1.000000
-1.000000
1.000000
0.096936
-1.000000
0.608009
-0.590692
-0.005238
-0.472563
1.000000
0.832558
1.000000
0.939274
0.579876
0.409041
-1.000000
0.351370
1.000000
-0.443559
0.292313
-0.516291
-0.209471
-0.323359
0.003041
0.851542
0.455565
-0.563462
-0.718596
0.984126
-1.000000
-0.647156
-0.120199
0.332124
0.789969
0.205848
0.950314
-0.728603
0.412038
-1.000000
0.098339
0.158863
0.017884
-0.706347
0.774696
0.992289
-0.733911
0.917969
-0.021750
0.308826
0.592614
0.282196
0.093791
0.300260
-0.069861
0.539996
0.909005
-0.712595
0.831031
1.000000
-0.156375
0.496508
-1.000000
-0.398091
-0.439990
0.574459
-0.598253
1.000000
-0.638788
0.503203
0.653365
-0.656174
-0.852025
0.006532
-0.371221
-0.726337
0.835976
0.570603
0.526135
0.287524
-0.396232
0.937023
-0.896311
-0.384609
0.564704
0.739498
-0.424384
-0.335115
-0.612241
-0.637600
0.952747
0.428391
-0.938451
-0.756081
-0.699879
0.429819
1.000000
0.130108
1.000000
0.125614
0.219207
0.176510
-0.672506
0.311993
-0.855970
0.348937
-0.279042
0.758507
-1.000000
-0.487379
-0.718819
0.815638
0.661864
0.752900
0.009297
-0.425659
-0.974461
1.000000
