0.344475
0.863396
1.000000
1.000000
-1.000000
-0.546730
-0.436561
-0.088267
1.000000
0.360900
0.186579
-0.535553
-1.000000
-0.775886
-0.499751
-0.539085
0.779477
-0.652344
0.633849
-0.226572
-0.222913
-0.772189
1.000000
0.636767
0.664865
-0.913953
0.445932
-0.410845
0.921611
0.956553
-0.941570
0.114953
-0.759015
0.874777
1.000000
-0.076890
0.311071
1.000000
0.194464
-0.563638
0.405542
0.375444
0.231341
1.000000
-0.997591
0.039076
1.000000
-0.107662
1.000000
-1.000000
-0.376895
0.730322
-1.000000
-1.000000
0.213761
-0.867493
-0.898887
1.000000
-0.038498
-0.262945
-1.000000
-0.713740
-0.206625
0.403288
-0.275686
-0.928533
-0.845283
-0.668157
0.378502
-0.707106
-0.499097
-1.000000
-0.014651
-0.301456
-1.000000
-1.000000
-1.000000
-0.810784
-1.000000
-0.461973
-0.369130
-0.632067
-0.516400
-1.000000
0.447012
0.857322
-0.029421
-0.965203
0.601448
-1.000000
1.000000
0.018962
1.000000
-0.845703
-0.232729
-1.000000
-0.327837
0.248753
0.219701
0.182515
0.112304
-0.027867
-0.899637
-1.000000
-0.717461
-0.739366
0.202769
0.246839
-0.360660
-1.000000
-0.607178
-1.000000
0.278396
-0.638498
-0.790163
-0.302929
-0.115081
-0.251988
-1.000000
-0.104073
1.000000
0.526180
-1.000000
-1.000000
-0.018777
-0.837529
-0.101454
-0.405785
0.417106
0.798565
0.260156
0.544530
1.000000
1.000000
0.641901
-1.000000
0.274331
-0.861949
-0.172619
-0.589323
1.000000
0.015306
-0.642976
0.867676
0.135635
0.219327
-0.179359
-0.928649
-0.473566
0.728994
0.616794
-0.714605
-0.833067
-1.000000
-0.050738
0.642044
-0.010607
1.000000
0.139817
-0.465949
0.938813
1.000000
1.000000
0.082920
0.934801
0.337428
-0.284399
-0.338759
-0.489365
-0.421796
-0.175988
0.774488
0.010497
-0.103838
0.192187
0.806321
-0.196796
0.696760
-1.000000
1.000000
0.364327
-0.061653
0.561912
0.889137
1.000000
-0.660486
-1.000000
1.000000
-0.182676
-0.914904
0.472373
-0.814963
-0.366965
0.559874
0.555681
-0.029234
0.548247
-0.181139
0.375734
0.709751
-0.948966
0.817649
0.796398
-0.892423
0.150078
0.749048
-0.077409
0.656155
-0.603464
-1.000000
-0.590415
0.679902
0.463076
0.688929
-1.000000
0.518597
0.540039
1.000000
-0.492012
-1.000000
-0.744398
0.227173
-1.000000
-0.215229
-0.125355
-0.295621
-0.686500
-1.000000
-0.403071
0.364207
-0.157334
-0.668124
0.267188
0.762005
-0.250476
-0.758481
-1.000000
0.762598
-0.505897
1.000000
0.465153
-0.504375
-0.272037
-1.000000
-0.709695
-1.000000
-0.316443
1.000000
-1.000000
-1.000000
0.466946
-0.344290
0.849482
0.897956
-0.098322
-0.083702
0.686101
0.850017
-0.300827
-0.682090
0.283797
0.235164
1.000000
0.726573
0.598427
