12.800000
4.000000
-1.000000
56.000000
-1.000000
-1.000000
63.400000
-1.000000
53.800000
49.600000
0.010913
0.268291
0.956260
-0.430100
-1.000000
0.400260
-0.328428
-0.809539
-0.039037
0.276580
-0.831998
0.026380
0.901926
-0.087866
0.756399
-0.916796
0.793107
-0.987768
0.821578
-0.907691
-0.328141
-0.494222
-0.522406
-0.879000
-0.182098
0.359120
-0.061566
0.030678
0.203380
-1.000000
0.574389
-0.870693
0.207891
-0.321650
-0.405820
-0.703398
-0.879972
0.397636
-0.209272
0.574664
0.213040
0.744491
0.167985
0.504788
-0.917565
0.307250
-0.675610
-1.000000
0.370676
-0.452398
0.187959
0.357460
-1.000000
-0.544595
1.000000
-0.468666
1.000000
-0.412865
-1.000000
-0.745889
-0.163468
-0.343015
-1.000000
-1.000000
-0.715667
0.679288
0.556808
-1.000000
-0.254743
-1.000000
0.425488
0.575500
0.827920
0.918979
-0.048339
-0.038907
0.679147
0.480462
1.000000
-1.000000
0.253696
0.300362
-0.254811
0.406450
0.506630
-1.000000
-0.969486
-0.371255
-0.460967
1.000000
-1.000000
0.134063
-0.706008
0.196955
1.000000
0.610474
0.454399
-0.172170
0.047356
-0.086389
-0.807133
1.000000
-0.427531
0.197616
0.439544
-0.954471
-0.190575
0.903676
-0.435211
0.104794
1.000000
-1.000000
0.520891
1.000000
1.000000
0.860228
-0.545150
0.163492
0.436476
-1.000000
-0.860966
-0.265632
-0.089542
-0.398874
1.000000
1.000000
-0.130793
0.772622
0.063926
-0.641261
-1.000000
0.306346
0.592663
0.049163
0.811194
-1.000000
-0.422514
-0.425623
0.646866
-0.676453
-0.691462
1.000000
-0.615695
0.127834
-1.000000
-1.000000
-0.419706
-0.434295
1.000000
-0.620640
-0.088450
-0.236161
0.046937
0.727762
0.816451
1.000000
-0.068097
0.227331
0.366608
0.160866
-0.650895
0.739857
-0.415399
-0.062293
0.779613
0.359980
0.171384
0.980134
-0.068469
-0.056703
0.979652
0.153022
-0.542201
-0.902817
-0.743630
0.920467
0.311481
-0.554900
0.486595
0.169828
0.198854
-0.158651
-0.845605
-0.814253
-0.657850
0.347655
-0.955468
-0.073567
0.591272
1.000000
-0.977733
0.789577
0.156645
-0.715231
-0.606884
0.459103
0.427545
0.985411
0.388911
0.989938
0.474258
1.000000
-0.969045
0.967141
0.639515
0.966038
-0.777054
0.895511
-0.480085
-1.000000
0.190365
-0.475685
0.744628
0.475029
0.619297
-0.224361
-1.000000
-0.411259
-0.595539
0.675046
-0.647208
1.000000
-0.724475
0.651654
-1.000000
-0.107741
0.437776
-1.000000
-0.427171
0.777844
1.000000
0.987462
0.621629
-0.134475
0.947215
-1.000000
-0.620502
0.016789
0.451879
0.743366
-0.256574
0.846928
0.283792
1.000000
0.338162
0.666202
-1.000000
0.288122
0.866685
-0.629735
-0.508384
-0.229050
1.000000
-0.434368
-0.119169
0.289163
-0.820699
0.445509
0.511505
-0.530615
0.226920
-0.433548
-0.860565
1.000000
0.126911
