-223.200000
4.000000
-1.000000
28.000000
-1.000000
-1.000000
29.200000
-1.000000
29.800000
29.800000
-0.640484
0.135757
0.202189
0.459844
-0.997899
0.371969
0.094148
0.126742
0.339320
-0.439843
1.000000
0.242062
0.770123
0.298442
-0.708965
-0.395381
1.000000
0.217422
-0.764472
-1.000000
-0.767973
0.560470
0.304304
-0.237125
-0.265910
-0.194001
1.000000
0.409850
-0.394088
1.000000
-0.488011
0.559663
-0.811883
0.307827
1.000000
-0.126258
1.000000
-1.000000
0.460701
-0.303528
-0.512375
-0.047086
-0.870622
-0.474313
0.786490
1.000000
0.163638
0.316494
0.535869
0.120510
-0.967890
1.000000
-0.009578
1.000000
-1.000000
0.318341
0.219072
0.140419
-0.767848
-1.000000
0.131726
0.505253
0.130232
0.272638
-1.000000
0.557183
-1.000000
1.000000
0.194085
0.250310
-0.148773
1.000000
-1.000000
-0.331298
-1.000000
0.401646
-0.773856
-0.767487
-0.491294
-0.754961
0.574270
0.647289
-0.183280
-0.889669
-0.083140
0.004824
0.373078
-0.590610
0.787633
1.000000
1.000000
-0.049553
-0.566937
-1.000000
0.969373
-0.642785
0.585822
-0.201609
-0.333270
0.431515
-0.034987
-0.591543
1.000000
-0.583680
0.791417
1.000000
0.923103
-0.617235
0.209359
0.739337
-0.320683
-1.000000
1.000000
-1.000000
-0.323448
0.607291
-0.581493
-0.141904
0.144021
-0.430454
0.659260
-1.000000
0.763215
-0.560245
0.433128
0.247592
1.000000
-0.067216
0.079749
-1.000000
0.782950
-0.579615
-0.267539
1.000000
-0.732612
-0.311521
-0.685540
-1.000000
-1.000000
0.364807
-0.377136
-0.131757
0.512267
0.399337
-0.803640
-0.090427
-0.224374
-0.198947
0.630175
-0.120990
0.176764
0.366526
-0.529272
-0.994551
-1.000000
0.645390
0.800277
-1.000000
-0.718010
-0.101084
0.056110
0.129197
-1.000000
1.000000
0.308991
-0.400727
0.574455
-0.266849
0.364131
-0.396500
-0.741876
-0.867619
1.000000
-0.656128
-0.313312
0.545816
0.856467
0.317320
0.838953
1.000000
-1.000000
-1.000000
-0.549671
-0.279768
0.311590
-0.238047
-0.745979
-1.000000
1.000000
0.050008
0.285323
0.548974
1.000000
0.577903
-0.814315
0.248116
-0.059238
-1.000000
0.473303
0.041840
0.187355
0.394222
0.034672
-0.726089
-0.284477
-1.000000
0.534589
0.974666
-0.584209
-0.407261
1.000000
0.977199
-0.629894
0.111477
-0.776523
0.070789
-0.926767
0.660595
0.570406
0.962746
-0.157455
0.216269
-0.580711
-0.681394
-1.000000
-0.440156
0.725073
0.029615
-0.214869
0.865149
-0.842164
0.223867
-0.642839
0.536404
0.401304
0.356435
-0.648732
0.648226
0.262252
0.670840
-0.965770
0.316869
-0.162608
0.478067
-0.264164
0.197396
-0.216294
0.506712
-0.444335
-1.000000
0.594846
-1.000000
0.522163
-0.271407
-0.591390
0.301681
0.079038
-1.000000
1.000000
-1.000000
-1.000000
-0.913303
-0.216361
0.442890
-0.725763
