-0.751908
0.454232
-0.643718
-0.571597
-0.578841
0.586054
0.596119
-0.989791
0.218898
-0.334310
0.311724
1.000000
-0.852780
-0.549423
0.932199
0.035731
-1.000000
1.000000
-1.000000
0.178411
0.938258
0.107813
-0.075144
0.785498
-1.000000
0.497904
-0.804213
-0.006355
0.498593
0.444876
-1.000000
0.082780
0.437931
0.989624
0.822036
-1.000000
0.771844
-0.383034
-0.918897
0.013906
-0.597322
0.235088
-0.694640
-0.816292
0.014575
-0.242577
-0.143598
1.000000
-0.615771
0.493682
-0.447797
0.104105
-1.000000
0.188687
-0.619225
0.626358
-0.637025
-0.144930
-0.317533
-0.652723
0.064417
0.111129
0.006147
0.459817
-0.430496
0.286172
0.449256
0.298008
0.470805
0.680536
0.755159
1.000000
-0.051149
0.778428
0.195210
0.677942
0.458851
0.675935
-0.327254
1.000000
-0.578827
-0.075371
0.865840
-0.791638
0.520894
0.903766
0.486647
0.601703
-0.074880
-0.907472
0.917284
0.101980
-0.177980
-1.000000
-0.045244
-0.639707
1.000000
-0.587230
0.392818
1.000000
0.694641
-0.702065
-0.270676
-0.956670
0.077481
-0.191117
-0.603670
0.552459
0.605314
0.667734
-0.962620
-0.117845
-0.792921
-0.437344
0.813099
-0.874772
-0.300350
0.760438
-0.870715
-0.904820
-1.000000
0.192315
-0.645436
0.116084
-0.732993
0.072600
-0.914278
-0.327013
-1.000000
0.819815
1.000000
0.735938
0.874783
-0.593620
-0.338675
0.232651
-0.429656
0.413502
0.219923
-0.746077
-0.891527
0.505585
0.471921
0.440648
0.001666
-0.597126
-1.000000
-0.190036
0.256980
-0.793075
0.894955
0.748720
0.578770
0.144257
-0.614384
-0.839344
-0.748822
-0.116557
0.087251
-0.350132
-1.000000
1.000000
0.310307
0.775365
0.188772
-0.550325
-0.245978
-0.915140
0.627547
0.342267
-0.682082
-0.325535
0.098158
-1.000000
-0.756504
-0.381600
0.707267
-0.123541
0.328608
0.268571
-0.493314
-1.000000
0.448966
0.845484
-0.109818
1.000000
-0.804097
-0.369666
-0.848300
-0.329343
-1.000000
-0.902855
0.090729
-1.000000
0.067830
-0.523441
0.481561
0.111809
-0.268986
-0.056509
-0.087021
0.649350
0.290562
0.337408
-0.067906
1.000000
0.816609
0.763902
-1.000000
1.000000
-0.326198
-0.629120
1.000000
0.868140
-0.802188
0.574572
-0.320239
-0.773549
1.000000
0.528732
-0.957650
0.979176
-1.000000
-0.391658
-0.151073
-0.044712
1.000000
0.400865
0.301886
0.772267
0.313374
-1.000000
-1.000000
-0.574014
0.454871
-0.520928
0.183230
-1.000000
0.330335
0.532406
-0.609743
-0.373276
1.000000
-0.009579
-0.123340
-0.854289
-0.447198
0.832811
0.918514
-0.733561
0.002798
0.798987
-0.346987
0.340905
0.758122
-0.702519
-0.220361
-0.529572
0.439752
0.014668
-0.514377
-1.000000
0.713116
-0.508925
0.558694
