0.544608
-0.055254
-0.515351
-0.599646
-0.053162
1.000000
0.209943
1.000000
0.530507
0.188658
1.000000
-0.926430
-0.589761
-1.000000
-0.885534
-0.215990
0.034260
-1.000000
0.589113
0.878194
-1.000000
-0.037004
0.819708
1.000000
0.667861
1.000000
-0.313780
-0.362975
-1.000000
0.547301
-0.426466
-0.376483
0.825357
-0.443580
-0.517973
-0.106810
0.762640
0.032856
-1.000000
0.415253
-0.517742
-0.682906
0.811950
1.000000
0.831101
-0.314840
-0.312321
-0.351611
-0.926382
0.545540
0.085774
0.823984
-0.462470
-0.024863
0.740582
0.696819
0.137083
1.000000
0.504240
-0.051030
-1.000000
-0.805882
1.000000
-1.000000
0.673845
0.654915
0.861512
0.887210
-0.028389
-0.149003
-0.934459
-0.396986
-0.023016
0.698343
1.000000
-0.562215
0.338002
1.000000
-0.142618
0.867619
-0.371994
0.963840
-0.369591
-1.000000
0.023449
0.093064
-0.449201
-0.674104
0.717809
-0.314565
1.000000
-0.307190
0.894440
-0.093190
-1.000000
1.000000
0.813685
-0.083773
-0.150529
0.768489
0.703369
0.460685
0.791540
-0.522648
0.783488
-0.167648
0.611506
-0.556400
0.300067
1.000000
0.662851
-0.160988
-0.004659
-0.535747
-0.438523
-0.529718
0.007047
-0.089562
-1.000000
0.463363
-1.000000
0.481041
-0.148542
0.768212
0.564737
-0.463590
1.000000
0.112231
0.695303
-0.142105
0.162344
0.565426
0.277290
0.645313
-0.142323
-0.378164
0.977442
0.590520
-1.000000
0.167526
-1.000000
-0.963846
0.620343
0.087459
-0.938250
1.000000
-0.758199
-0.311638
-0.681112
-0.631005
-0.518826
0.179011
0.717723
0.621320
0.749992
1.000000
-0.851619
1.000000
0.325835
1.000000
-0.025111
-0.814471
-0.583588
-0.279623
-1.000000
1.000000
0.914723
0.713998
-0.997942
-0.666080
-0.517340
0.074179
-0.000476
0.560862
-0.310410
-0.882073
-0.764578
0.586565
-0.627674
-0.135352
0.669623
0.143325
0.381646
1.000000
-0.563334
0.971914
-0.526384
0.312982
-1.000000
0.263258
1.000000
0.691863
1.000000
0.293418
0.424904
-0.621489
-0.685673
0.038215
-0.261517
1.000000
0.452392
0.632814
-0.956177
-0.008838
0.798067
0.728935
-1.000000
-0.400174
-0.844608
1.000000
-1.000000
0.243607
-0.579467
-1.000000
0.529661
1.000000
-0.347375
-0.740455
-0.182933
0.502195
0.444467
0.047882
0.380038
1.000000
0.239244
-0.464957
-0.242189
-0.791265
0.046054
0.163565
-0.587051
0.133407
0.406666
0.074776
-0.268813
-0.933146
0.706590
0.212119
0.371389
0.352406
-0.194506
-0.524563
0.033505
0.632859
-0.474312
-0.797334
-0.947186
0.807249
1.000000
0.111050
-0.312759
-0.365199
-0.047044
-0.434344
0.117756
-0.124609
1.000000
0.742882
-0.899770
-0.911204
-1.000000
-0.864613
0.997520
-0.393750
0.741610
