0.333013
-0.709560
-0.697876
-0.294741
0.359150
0.138717
0.599806
0.191770
-0.679265
-0.487436
-0.517097
0.232955
-0.691612
-0.255390
-0.281870
0.635740
0.732488
0.435119
0.462059
-0.926858
-1.000000
0.735642
-1.000000
-0.394586
0.535392
0.032547
1.000000
-0.685427
1.000000
-0.868111
0.959995
0.479124
0.585736
-0.993664
-0.917954
0.216127
0.312661
0.488732
0.993352
-0.635547
-0.536567
1.000000
0.841378
0.169825
0.557990
-0.384528
-0.223023
0.028880
0.243254
0.319561
0.249057
0.357926
0.687387
-1.000000
0.789197
0.940253
-1.000000
-0.649036
-0.662520
-0.926539
0.469138
0.274101
0.024880
0.189043
1.000000
-1.000000
1.000000
0.432572
-0.519815
-0.005204
-0.931785
-0.219274
0.150625
0.463548
0.820312
1.000000
0.273177
0.898247
1.000000
0.425411
0.155853
-0.568603
0.738122
-0.017988
0.789421
-1.000000
-1.000000
-0.276198
-0.018651
-0.824972
-0.766771
0.772206
-0.972612
-1.000000
-1.000000
0.745020
0.413896
-0.665855
-1.000000
0.663343
-0.486275
0.768880
-0.661155
-0.766769
0.564860
-0.284820
-0.426372
1.000000
-0.859251
-0.003849
-0.693778
0.086750
-0.105038
0.933696
0.529061
-0.262324
0.974360
0.443441
0.800949
0.602097
0.398452
-1.000000
0.286814
-1.000000
-0.560957
-0.532528
-0.101216
0.439666
0.254756
-1.000000
0.290941
0.275439
-0.733063
-0.209877
-0.208930
0.586601
-0.258003
0.958016
0.634181
0.018369
1.000000
-0.603326
0.258142
-0.024310
-0.971379
0.032178
1.000000
0.015697
-0.055394
0.547888
0.532118
-0.564517
0.493585
0.730360
-0.077051
-0.316924
-0.984598
0.040335
1.000000
-1.000000
0.434843
0.189102
0.510609
1.000000
-0.081987
-0.185614
0.380520
-1.000000
0.482692
-0.184146
-0.560049
0.322944
0.202858
-0.210008
-0.702761
-0.041859
0.547353
-0.229586
-0.996483
-0.034360
-1.000000
0.898400
-0.738609
-1.000000
-0.617791
0.148808
0.897010
0.132836
0.532209
0.434263
-0.107177
-0.894875
-0.270783
0.220850
-0.440929
0.006588
-1.000000
-0.550171
0.421123
-1.000000
-0.451198
1.000000
0.044499
-0.818690
0.282166
-0.537718
1.000000
1.000000
1.000000
-0.131658
-0.968073
0.577858
0.234718
0.313741
0.069052
-0.257886
-0.857840
-0.379234
-0.127761
1.000000
-0.788218
0.210496
0.136557
-1.000000
1.000000
1.000000
-0.662516
-0.032114
0.092687
0.415948
-0.085053
-0.133463
-1.000000
1.000000
-0.916643
-0.847467
-0.381561
0.329145
0.173418
1.000000
0.533683
0.660230
0.302237
0.252487
-0.582525
0.423804
0.455702
-0.235236
1.000000
0.896208
-0.902266
-1.000000
0.159803
-0.398840
0.584534
-0.173234
-0.461140
0.295050
1.000000
0.264716
-0.489190
0.888633
-0.436285
0.143458
0.480072
