-62.600000
4.000000
-1.000000
76.000000
-1.000000
-1.000000
72.400000
-1.000000
29.200000
29.800000
0.117156
0.301619
0.112492
1.000000
-1.000000
0.846748
0.065174
-0.255508
0.280188
-0.850531
0.044731
-0.885750
0.535532
-0.445623
-0.780247
-0.761527
-0.737439
-0.957956
0.521638
-0.985793
0.188639
0.636704
-0.700512
0.532188
0.721530
0.745890
0.581077
0.490960
0.910748
0.154714
-1.000000
0.670675
-0.810874
0.617250
-0.483809
-0.232349
0.104446
-1.000000
-1.000000
-0.224267
0.501590
1.000000
-0.140756
1.000000
-0.703967
0.803468
0.671923
0.286630
-0.458460
-0.850300
1.000000
-0.672337
0.802781
-0.531979
-0.949738
-0.026411
-0.789102
0.696089
-0.147316
0.087924
-0.875836
-0.612548
0.633077
1.000000
-0.214892
0.877567
-0.262569
0.205827
1.000000
-0.563086
-1.000000
0.258855
-0.001516
0.085328
0.834890
-0.138192
-0.286087
-0.197813
-0.527055
-0.692899
1.000000
0.735288
0.663502
1.000000
0.529251
0.203110
0.302721
0.195581
0.484963
-0.422624
0.106632
-0.634079
0.196747
-1.000000
0.457899
-0.326190
0.562278
-0.784083
-0.155420
-0.979631
1.000000
0.361757
-1.000000
0.981323
0.858352
-1.000000
-0.958591
-0.409125
-0.151830
1.000000
1.000000
-0.463065
0.968553
-0.288716
0.729628
-0.116854
-0.966923
-1.000000
0.064469
0.268823
-0.448004
-0.740585
-0.847019
0.404337
-0.576937
-0.569797
-0.034463
0.721796
0.114855
1.000000
1.000000
0.173722
-0.655529
-1.000000
-1.000000
0.791493
0.521944
-1.000000
0.446391
-0.770048
-0.662092
-0.213543
0.118363
0.102434
0.621055
-0.982790
0.403707
-1.000000
-1.000000
0.582668
-0.149009
0.161934
0.014609
0.798949
-0.526844
1.000000
1.000000
0.991120
0.823137
-0.977693
-0.024302
0.267076
1.000000
1.000000
1.000000
0.274653
0.548598
-0.732696
-0.192759
-0.744989
1.000000
0.375322
0.034043
1.000000
0.575213
0.053067
-0.260517
-0.653311
0.623196
0.899551
0.314400
-0.634494
0.363810
0.987930
0.154922
0.138505
0.086335
0.817230
-0.526428
-0.666581
0.711317
1.000000
-1.000000
-0.930174
-0.114030
1.000000
0.770883
0.373987
0.119983
1.000000
-0.651755
0.136426
0.635348
0.407236
0.803034
0.498423
0.104836
-0.098072
-0.278605
-0.705042
-1.000000
-1.000000
-1.000000
1.000000
-0.489448
0.745261
-0.690306
0.717265
1.000000
0.797785
-0.420301
0.730341
0.017508
0.881637
0.601846
0.191354
0.132710
-1.000000
0.379976
0.221114
-1.000000
0.062110
0.969123
-0.507576
-0.332164
-1.000000
-0.103469
-0.932365
0.172528
-0.862497
0.057240
0.172692
0.901567
-0.520118
0.493466
-0.941949
0.485525
-0.214886
-0.255502
1.000000
-0.541798
-0.346293
1.000000
0.572570
0.167394
-0.227949
0.718661
-0.639460
-1.000000
-1.000000
-0.795208
-0.524192
-1.000000
0.564336
-0.551388
