-33.000000
4.000000
100.000000
70.000000
32.000000
-1.000000
85.000000
-1.000000
-1.000000
-1.000000
-0.626696
0.344261
0.374583
0.607419
0.212357
-0.270881
-0.630131
-0.666914
-0.468371
-0.362347
-1.000000
-0.229287
-0.893315
-0.981646
0.070049
-0.630667
0.017197
-1.000000
-0.757311
-0.381747
0.068656
0.935898
0.377055
-1.000000
0.942842
-0.385422
0.664370
-0.624346
0.057406
0.384231
0.643714
0.788394
-0.926895
-0.586858
-0.288785
0.892841
-0.028096
-0.403450
-0.419153
0.619783
-0.153763
-0.211282
-0.441332
-1.000000
0.808547
0.894334
0.374339
0.568131
0.237651
0.811873
-0.428358
-0.492182
0.277717
-0.945710
0.801462
-0.815885
1.000000
-0.870838
0.459395
-0.100589
-0.510840
-0.421208
-0.733683
0.918971
-1.000000
-0.464252
-0.488583
0.574494
-0.548862
0.819151
-0.083886
-0.157396
-0.262864
-0.354479
-0.725248
-0.841171
0.450274
0.946793
-0.183819
0.740978
-0.290743
-0.864720
-0.065301
-0.379477
-0.438187
0.378762
-0.022253
0.330995
-0.737400
0.144131
0.865915
-0.903275
0.748251
0.739129
-0.496754
-0.623022
0.606168
0.554957
-0.808335
0.330802
-0.051587
0.550918
1.000000
0.418358
-0.225091
0.580791
0.190093
0.943444
0.296403
-0.400247
-0.566366
0.304924
-0.234180
0.501677
0.960388
0.387971
-0.709271
-0.219134
-0.397182
-0.535596
-0.457513
-0.072571
0.283921
0.763895
-0.261575
-0.253441
0.119288
0.224389
0.388681
0.765062
-0.200820
-0.198997
-0.904531
-0.285899
0.154590
0.926090
-0.807997
0.539827
-0.298682
-0.045836
-0.646603
-0.407247
0.061274
-0.829801
0.339405
-0.016629
0.147561
0.628527
-0.586479
-0.947814
0.339155
0.586474
-0.202568
-0.574422
-0.234285
0.588144
-0.690824
-0.731268
0.684452
-0.392603
-0.988919
-0.345552
-0.683065
0.340039
0.549797
0.350742
0.924234
0.911200
0.338161
-0.136777
0.710853
0.433109
-0.389967
-0.859119
-0.522765
-0.545120
0.977766
-1.000000
-0.592245
-0.688337
-1.000000
-0.444245
-0.734643
-0.278174
-0.416017
-0.341533
0.904000
-0.902557
0.133344
-0.750430
-0.767914
-1.000000
-0.644408
-0.438401
-1.000000
0.016043
1.000000
-0.834505
0.117697
0.179943
0.216467
0.438478
-0.404649
0.259553
0.464127
0.627443
-0.135692
-0.912556
0.316224
-0.374086
-0.882705
-0.379324
0.299689
0.968790
-0.196897
-0.886651
-0.832820
-0.240732
0.622110
0.418001
-0.927456
-0.211588
0.170836
-0.934944
-0.753273
-0.855115
-0.545908
-0.965917
-0.046981
0.220944
0.908722
-1.000000
-0.036440
-1.000000
0.354953
-0.093332
-0.646517
-0.878677
0.064633
-1.000000
-0.672099
0.143083
0.524119
0.199573
0.347737
0.283423
-0.163582
0.763625
-0.378771
0.517172
0.353087
-0.412523
0.137823
1.000000
-0.053964
0.119860
0.469254
0.786897
-0.911752
0.635339
-0.009910
-0.037592
-0.696519
0.405194
-0.042436
