-288.000000
2.000000
-1.000000
-1.000000
0.000000
-1.000000
82.000000
-1.000000
-1.000000
-1.000000
-0.425246
0.763034
-0.995720
0.999643
1.000000
-0.879898
0.209928
-0.387203
-0.681723
-0.469676
0.338323
0.255921
-0.228040
0.271674
-0.895943
0.468821
-0.783364
0.698935
-0.114133
-0.187016
-0.949971
0.165237
-0.459838
-0.991436
-0.446273
-0.839908
-0.007782
0.420490
0.731051
0.629943
0.992836
-0.939973
-0.439105
0.230378
-0.322635
-0.797405
-0.896171
-0.193361
0.474602
0.251616
-0.237850
0.457431
0.652230
-0.125237
-0.469246
0.650015
0.558213
-0.594952
-0.970991
0.520316
-0.950044
0.889212
0.411913
-0.688329
0.089089
0.615277
0.159867
0.930989
0.752098
0.321558
1.000000
0.617244
0.972244
0.712125
1.000000
0.881937
0.260803
0.252060
0.806105
0.913950
-0.648147
-0.219189
-0.441982
-0.937700
-0.562813
0.642846
-0.653324
0.825904
0.992810
0.093763
0.448804
-0.801560
-0.032919
0.296028
0.533828
0.090721
0.215726
-0.155974
-0.937042
-0.125496
1.000000
-0.132220
-0.358430
0.153275
-0.370376
-0.290973
0.419312
0.392879
0.671807
-0.689638
-0.265121
0.587354
-0.137422
0.537546
-0.829409
0.599900
0.826334
-0.088881
-0.686374
0.626487
0.163924
-0.382098
0.393744
0.988579
1.000000
0.983300
-0.745808
0.271183
0.375625
-0.225539
-0.439294
-0.724321
-0.193008
-0.004516
-0.220527
0.615956
-0.055448
-0.070542
0.277420
-0.395607
0.952099
-0.519894
0.458255
-0.544892
-0.056940
0.568794
-0.451475
-0.887769
-0.391074
-1.000000
-0.588607
0.093408
-0.916558
0.408540
0.124847
-0.564781
0.005308
0.270623
0.061869
-1.000000
-0.714841
-0.364135
0.147473
0.378213
-0.200256
0.324160
-0.408715
0.096750
-0.307324
0.912150
-0.562447
-0.799816
-0.183246
0.491641
-0.586936
-0.030243
0.844085
-0.830808
-0.450292
0.331756
0.895661
-0.722347
-0.256763
0.288506
-0.861416
0.653682
0.513456
0.545311
-0.765093
-0.680430
1.000000
0.694434
0.795631
0.224431
0.415846
-0.810159
0.290484
0.128036
-0.661427
-0.132512
0.338270
0.292107
-0.945697
-0.343970
0.020982
0.259171
-0.248636
0.175615
-0.390213
-0.242499
0.835004
-0.356698
0.483503
0.345483
-0.951300
-0.542390
-0.225131
-1.000000
0.060461
0.925563
-0.000319
-1.000000
1.000000
-0.542724
-0.300727
-0.868471
-0.821014
-0.813956
-0.367755
-0.987081
-0.661974
-0.377490
0.423036
0.664177
-0.632903
-0.266243
-0.241876
0.413426
0.242827
-0.312456
0.093610
-0.154904
-0.424573
0.972441
-0.409504
-0.407050
0.996138
0.950121
-0.998159
-1.000000
0.803262
-0.005150
0.064157
0.220641
-0.699405
-0.777432
0.460746
-0.670942
0.694643
-0.717084
0.286531
-0.179343
0.250742
0.104234
0.820765
0.509302
-0.491843
1.000000
-0.732255
1.000000
-0.910047
0.953941
-0.549819
0.141481
-0.772241
