-0.187955
0.274138
0.115292
0.408817
-0.775170
-0.157540
-0.132321
-0.340211
0.422550
-0.233731
-0.319227
0.331301
0.231729
0.610645
-0.922592
0.536751
0.742298
-0.636507
-0.360016
0.831652
-0.732521
0.060606
0.218546
-0.408415
0.800509
0.071331
0.516276
-0.833439
0.897753
-0.763269
-0.949006
-0.675440
0.851935
-0.357436
0.686345
0.347821
-0.297839
-0.175274
-0.050186
-0.278291
-0.675936
0.356607
-0.422753
-0.433104
0.760929
0.685732
-0.052501
0.601275
-0.627389
-0.618565
-0.933903
-0.328743
0.233447
0.406060
0.447596
-0.363193
-0.727115
0.812083
0.641514
-0.943138
0.789161
-0.385262
0.144954
-0.350541
0.238412
0.630964
-0.349584
0.457312
0.081100
-0.493811
-0.512519
0.171596
-0.686810
0.510224
-0.564778
0.338468
0.020561
0.672224
-0.937040
-0.836259
0.919702
-0.750854
-0.723273
-0.103636
-0.937397
-0.341505
0.840425
-0.045014
-0.140906
-0.906106
-0.949435
-0.469794
0.407680
-0.790010
0.934973
0.154499
-0.594175
0.724890
0.112003
-0.718610
-0.709142
0.952683
0.335539
-0.756746
0.692901
0.241732
-0.125764
-0.076905
-0.023755
0.459305
-0.145199
-0.824345
0.818413
0.426166
-0.250040
0.579012
-0.144751
0.325576
-0.961233
-1.000000
-0.156187
-0.120557
0.053963
-0.888430
0.542823
0.614243
-0.987786
0.049490
0.782829
0.511057
-0.744548
-0.972205
0.244408
0.883024
0.901499
-0.260872
-0.021254
0.313432
-0.284130
-0.426854
0.213498
0.818645
-0.237692
0.054857
-0.065226
-0.436641
-0.822239
-0.808275
-0.669489
0.773811
0.314457
1.000000
-0.624153
0.190936
-0.455297
-0.861444
-0.290445
0.607811
0.599846
-0.921173
-0.522129
-0.227782
0.139224
-1.000000
-0.511896
-0.253549
-0.121221
-0.511511
0.604543
-0.222770
0.210915
0.787537
-0.303985
0.474298
0.793819
-0.246100
0.974909
0.127347
0.146599
0.542058
-0.321732
0.779836
0.713608
0.159181
0.520897
-0.339598
-0.826799
0.513790
0.160036
-0.477421
0.320208
0.351790
-0.268885
0.690246
-0.607942
0.235402
0.220599
-0.018447
0.258299
-0.407137
-0.202523
-0.746702
-0.159770
0.183634
-0.480605
0.147003
0.492153
0.827867
-0.868811
0.600147
-0.893231
0.013804
0.006067
0.967219
0.259827
0.558878
0.073009
-0.494882
-0.305211
-0.889528
-0.264340
-0.676529
-0.523184
0.057714
-0.240308
0.944236
0.342132
0.776533
0.360113
-0.328647
0.792306
0.072426
-0.337564
0.541028
-0.677766
-0.411756
0.276093
0.329701
-0.253566
0.060394
0.083645
0.733445
1.000000
0.806727
0.714785
0.600223
0.695800
-0.854360
0.570825
0.415879
-0.416500
-0.407402
0.740619
-0.231147
-0.432195
-0.197209
-0.790560
-0.091483
-0.057678
0.795365
-0.224061
0.721539
0.055115
-0.038424
0.706395
