-1.000000
-0.402839
1.000000
-0.919053
-0.290475
0.189626
1.000000
0.280632
1.000000
0.052023
1.000000
0.516108
1.000000
-1.000000
-0.676578
0.354036
0.494720
-1.000000
-1.000000
-1.000000
-0.994477
0.766088
0.489165
0.198756
-1.000000
-0.461056
1.000000
0.332148
0.004973
0.771548
0.490645
0.740951
-1.000000
0.477351
-0.244061
-0.292981
-0.505261
0.333907
-1.000000
0.833506
-0.527656
-0.433392
0.403244
-0.922174
-0.270578
-0.122451
-1.000000
0.764241
-0.436307
-0.025524
0.223987
0.292832
-0.553700
0.374838
-0.106430
-1.000000
0.241093
-0.330539
0.016451
-1.000000
-0.306441
-0.210783
0.642666
-0.370812
0.959368
1.000000
-0.883506
0.612050
-0.701397
0.877863
0.588740
0.036206
-1.000000
0.183866
1.000000
-0.496371
-1.000000
-0.741657
0.692993
0.751591
-1.000000
-0.559196
0.630880
-0.317561
-1.000000
-0.128573
0.598251
-0.570758
-1.000000
0.044142
-0.303293
-0.730597
0.040271
-0.117214
0.390819
0.136105
-0.345191
-0.342995
0.415883
-0.387403
-1.000000
-1.000000
1.000000
-1.000000
-0.061675
0.902987
0.728449
-0.381576
-0.694487
-0.709250
0.864968
-0.946730
0.360371
1.000000
-1.000000
1.000000
0.317109
-0.466343
0.391677
-0.508536
0.130488
1.000000
-0.866155
-0.537791
-1.000000
-0.593023
-1.000000
-0.114722
-0.212531
-0.114205
1.000000
0.419836
1.000000
0.346966
1.000000
-0.589758
-0.425190
1.000000
-0.061167
-0.489882
-0.417286
0.468504
0.734925
-0.197961
-0.221332
-0.730283
0.133380
1.000000
1.000000
-0.987025
-1.000000
-0.015955
0.271520
0.206244
-0.878425
0.437450
-0.897784
-0.264036
0.121545
-0.434716
-0.156340
1.000000
-0.425618
-1.000000
0.402348
-0.233989
-0.327780
-0.837446
0.085373
0.813435
-0.785009
1.000000
1.000000
1.000000
0.510272
-1.000000
-0.277235
0.144303
-0.791693
-0.536427
0.164566
-0.544524
0.609996
0.067146
0.108952
0.833472
0.417988
0.572931
-0.295978
0.817980
0.537283
-0.735302
0.190992
-0.697554
0.104146
-0.833156
0.273482
0.209864
0.394548
-0.343392
0.943469
0.114195
-0.943452
-0.486604
-0.645729
0.857387
-0.635857
0.074889
-0.961041
-0.771696
0.583407
-1.000000
0.228592
0.906552
-0.237067
0.494148
0.115294
-1.000000
1.000000
-0.194046
-1.000000
0.962753
0.986583
0.645413
0.641505
-1.000000
-0.460949
-0.077033
-0.402420
-1.000000
0.015361
-0.996443
-0.899802
0.074420
0.979414
-0.753436
0.702823
-0.923810
-0.598559
1.000000
-0.201904
0.192751
0.436253
-0.140357
-0.642562
-0.569846
0.875602
-0.390343
-0.169955
-1.000000
-0.584430
0.087513
-0.072827
0.886036
1.000000
0.305124
-0.264602
-1.000000
-0.355361
0.662799
1.000000
0.385450
0.648369
0.209868
0.756308
