0.782228
-0.858753
-0.997264
0.302173
-0.896353
-0.889244
0.005953
0.572210
-0.691617
0.975755
-0.247013
-0.171369
0.797216
0.076841
0.536987
0.727730
0.069244
0.678693
-0.694732
0.002143
-0.825642
0.893753
0.859703
0.686768
-0.657951
0.683748
0.023867
-0.716149
-0.479469
-0.579722
0.784681
0.538147
-0.444263
-0.666548
-0.968625
0.770657
0.512998
-0.293575
-0.374046
-0.348468
-1.000000
-0.454934
0.375534
0.961471
0.653709
-0.225981
-0.494469
0.322251
-0.767016
0.415525
0.480148
0.699229
-0.723346
-0.125412
0.432890
0.682999
-0.579308
-0.829070
-0.091882
0.436890
0.117524
-0.635418
-0.024149
0.908176
-0.169744
0.811885
-0.008463
0.497165
-0.121512
-0.634558
0.704818
0.456226
0.557333
-0.091189
0.157355
0.996010
0.108640
-0.310427
-0.661575
-0.601439
0.902115
-0.386338
-0.109172
0.446940
0.038729
-0.142676
-0.368299
-0.414781
0.514036
-0.939225
0.784540
0.002791
0.824561
-0.642483
-0.674014
0.720611
-0.753307
-0.987820
0.478893
-0.047999
0.047734
0.928238
0.286698
-0.127811
-0.899732
0.532264
-0.770080
-0.239403
-0.684969
0.043528
0.867110
0.308130
-0.342125
-0.982044
1.000000
0.024818
-0.966332
-0.165861
0.200218
0.995991
0.924323
-0.487532
-0.105811
0.304827
-0.946265
-0.732469
-0.388594
0.229574
-0.118761
0.257722
-0.581117
-0.723293
0.483882
0.752921
0.822983
0.467620
1.000000
0.023638
-0.444149
0.239467
0.302007
-0.626049
-0.331918
-0.164019
0.409445
0.367946
0.467935
-0.576882
0.145089
-0.322408
0.434401
0.245088
-0.306007
0.694527
0.338434
0.723422
-0.901587
-0.408543
-0.192186
-0.217944
0.681141
-0.797952
0.806048
0.388937
0.389553
0.418052
-0.097474
-0.176131
0.857126
-0.083029
0.538786
0.644195
-0.848636
-0.052974
0.174726
-0.330091
0.660902
0.506125
0.095191
0.108650
0.086062
-0.669317
-0.639925
0.150676
0.662439
-0.135494
0.898805
-0.257246
-0.541178
0.941096
0.670512
-0.123578
-0.842833
-0.134627
-0.325705
0.626532
-0.530509
-0.370913
-0.574224
0.480592
-0.074514
-0.344928
0.651621
-0.077101
-0.479562
-0.474271
0.819433
0.032123
-0.882323
0.140916
0.818452
-0.307390
0.342294
0.008668
-0.395251
-0.591717
-0.896537
-0.449876
0.247680
0.710734
-0.333482
-0.002898
0.168953
-0.526255
0.964669
0.392920
0.818852
0.798159
-0.306665
0.694636
-0.287360
-0.561512
-0.463950
0.633939
-0.537921
0.512423
0.261216
0.401603
-0.218427
-0.193942
-0.067137
0.640143
0.163030
-0.841340
-0.135388
-0.874291
0.909176
0.737672
0.998820
0.446108
0.710000
-0.013030
0.365457
0.096782
0.733405
-0.408475
-0.524364
0.343483
0.084744
-0.103242
-0.629778
0.348656
0.577497
0.954935
-0.223141
