-0.166635
-0.524525
0.608812
-1.000000
0.233833
-0.294077
0.124869
-0.748811
1.000000
0.342816
0.061145
0.692933
-0.076034
-0.100279
0.339607
0.758075
-0.819156
-0.124000
-0.449828
0.126788
-0.122367
-0.412778
0.177740
-0.334081
0.924049
0.811160
0.281304
0.544136
0.598252
-0.381493
1.000000
-0.387335
-0.233998
-0.091703
1.000000
0.269875
0.707980
-0.546888
-0.780824
-0.274896
-0.240474
-0.874047
-0.907786
0.800465
0.307692
0.505168
0.794054
0.313960
1.000000
0.967266
0.743243
0.322317
0.608896
0.158716
-0.621816
0.475383
-0.450219
0.769292
-0.192923
-0.762484
-0.566031
-0.395148
-0.504189
-1.000000
-0.936597
0.880609
-0.629472
0.156197
-0.949675
-0.756074
-0.402226
0.204475
-1.000000
-0.060456
-0.741764
-0.975103
-0.748747
0.981274
0.815680
-0.223779
0.154538
-0.257593
-0.701157
0.755886
-0.341250
-0.459222
0.519586
-0.291248
0.158467
0.731353
-0.437418
-1.000000
-0.848404
0.052127
-0.876757
-0.456535
0.218803
0.397370
0.024942
0.017286
0.562555
1.000000
0.569079
-0.141554
-0.338379
0.158785
-0.649498
0.916653
-0.724784
0.487418
0.615725
-0.649722
1.000000
-1.000000
-0.841429
0.271851
-0.439835
-0.900924
-0.516502
0.717763
-0.483319
-0.122589
-0.130302
0.001271
0.172863
-0.665637
-0.951032
0.311355
-0.156164
-0.447544
0.646361
-0.122322
-0.123013
-0.822197
0.785584
-0.860634
0.471175
-0.799260
-0.882125
-0.411676
0.651126
0.768317
0.221687
0.932235
-0.583461
0.469406
-0.812623
0.637775
0.438021
-0.514051
0.405246
0.872880
0.471852
0.568071
-0.014721
-0.346631
0.583989
-0.553181
0.732947
-1.000000
-0.739419
0.941621
0.973168
-0.162000
0.423603
0.291636
0.499841
-0.704089
0.818353
0.656269
0.777374
-0.367991
-0.908279
1.000000
-0.440823
0.194255
-0.394177
-0.876634
-0.788034
-0.238788
0.949003
0.365189
0.602771
0.687573
0.484691
-0.517265
0.256358
-0.090190
-0.491170
-0.342752
0.842089
-0.148363
-0.381898
-0.434733
-0.787022
0.182625
0.631104
-0.418946
-0.454501
0.745728
0.025658
-0.574128
-0.700421
0.004209
0.400887
0.342418
0.582115
0.525889
0.197484
0.193281
0.475711
-0.120373
-0.697507
0.286097
-0.060355
-0.895915
-0.628654
0.760567
0.072595
-0.754939
0.009902
0.279993
0.543218
-0.817275
1.000000
0.038032
0.168493
0.353667
0.752268
-0.428474
0.306992
0.016897
0.230169
-0.504342
-0.447492
-0.186689
-0.258118
0.557966
0.154827
0.271822
0.415792
0.255795
-0.210430
0.692455
-0.719777
-0.672251
0.765238
-1.000000
-0.207170
-0.438537
-0.190007
0.957343
-0.971347
0.917203
-0.904984
-0.007370
1.000000
0.350751
0.070478
0.070555
0.249271
-0.854400
-0.006005
0.395283
0.935301
