-1.000000
1.000000
1.000000
0.835180
-0.368844
0.464529
0.554102
-1.000000
-0.009415
0.434508
0.836809
-0.146569
-0.832165
1.000000
-0.158862
0.307317
0.103724
0.498084
1.000000
0.752448
-0.297587
0.423846
0.907044
-0.429090
-0.422249
-0.979055
1.000000
0.310547
-0.368987
-0.146797
-0.993031
0.118694
0.553697
-1.000000
1.000000
-1.000000
0.625450
1.000000
-0.526037
-1.000000
0.325824
-1.000000
-1.000000
0.508877
-0.699587
-0.137392
0.229497
0.246726
-0.454920
-0.447844
-0.057083
-0.584336
-0.156582
0.361765
1.000000
-1.000000
0.482531
0.652027
-0.147657
0.083790
-0.711791
0.219636
1.000000
0.670831
-0.377552
0.302305
-0.096295
-0.003288
0.012651
1.000000
-0.677787
0.604310
0.852695
-0.817736
0.602311
0.103473
-0.626206
-1.000000
0.407583
-0.111493
1.000000
-0.161633
0.033574
-0.343067
-1.000000
-0.353553
1.000000
0.633668
-0.393195
-1.000000
-1.000000
-0.367991
-0.791965
-0.905515
-1.000000
-0.393255
1.000000
-0.041405
-0.728242
-0.228729
0.601608
0.381532
-1.000000
-1.000000
-0.381299
0.931734
-0.935735
-0.977167
0.669565
0.268809
0.132478
0.046288
-0.422425
0.203509
-1.000000
-0.288277
0.562009
0.179861
0.394082
0.378379
-0.926709
-0.048825
0.788787
0.174467
-1.000000
1.000000
0.534167
0.694797
-1.000000
0.834107
-0.403463
-0.041921
0.553981
0.800367
-0.379050
0.077642
0.307184
-0.675377
0.630560
0.086659
-1.000000
-0.634441
-0.657039
1.000000
0.686802
0.777111
1.000000
0.219695
0.292581
-0.094499
-1.000000
-0.134680
-0.852879
0.810128
-0.532913
-0.553288
-1.000000
-0.054268
1.000000
1.000000
-0.057123
1.000000
-0.061120
-0.570628
-1.000000
-0.108950
-1.000000
-0.349321
-0.310872
-0.357852
0.145927
0.156197
0.372289
-0.732345
-0.162845
0.167748
-1.000000
-0.491866
0.393099
0.974326
-0.610430
-0.171000
0.539587
0.859799
-0.358128
-0.180988
1.000000
0.194045
-0.618043
-0.578491
-0.151385
0.324231
-0.172610
-0.528492
-0.213178
-0.902532
-0.163637
0.428148
-0.620445
0.149995
-1.000000
0.523576
0.574913
-0.300968
0.343610
0.662026
0.057773
1.000000
0.928655
0.094318
-0.937399
0.554357
0.410646
1.000000
0.085849
-0.113827
1.000000
0.070527
-1.000000
-0.123430
-0.085648
-1.000000
-0.273390
0.518485
1.000000
-0.935098
0.884377
0.404274
-0.119229
-0.940197
0.974874
0.366164
-0.847033
0.149555
0.368069
-0.335277
0.564795
-0.722416
-1.000000
0.186738
1.000000
-0.367358
0.751165
-0.663011
1.000000
0.906524
-0.200192
-0.288141
-0.138773
0.205234
-0.617087
0.715022
0.545370
1.000000
0.009273
0.677761
-0.694543
-0.112702
-0.138354
-0.372014
-0.610681
-1.000000
-0.259830
-0.023117
-0.945305
