-1.000000
0.934997
0.254229
1.000000
-0.750451
0.320559
-0.358078
-0.883391
0.337372
-0.217518
-1.000000
0.140433
-0.753599
-0.418604
-0.636672
1.000000
0.053048
-0.878080
0.162775
0.938505
-0.616308
-0.227278
-0.335638
-0.279030
-0.412087
-0.848660
0.706113
0.986185
0.010605
0.606096
-0.150410
-0.990484
-0.575092
-0.979851
-0.799880
-0.184246
-1.000000
0.016698
-0.157818
-0.475287
0.964981
-0.196501
-0.483535
0.420579
-0.885255
-0.484544
0.039783
0.465043
-0.230144
0.127221
-0.292246
0.401943
-0.361009
0.473850
0.227005
0.147846
-0.769267
-0.088829
0.607070
0.204993
-0.262580
1.000000
1.000000
0.436050
0.317878
0.533481
-0.611716
-1.000000
0.443849
-0.540834
-0.544624
0.918449
-0.851213
-0.831156
0.204477
0.434801
-0.834788
1.000000
0.000909
-0.344465
0.388717
-0.601917
0.120775
-0.068874
0.554017
-0.090720
-0.937268
-0.524827
0.789728
0.765136
-1.000000
1.000000
-0.024254
-0.565942
1.000000
-1.000000
0.279170
0.369915
0.145320
-0.409116
-1.000000
-0.052159
-0.391216
0.613172
0.233904
0.252762
0.026215
0.448728
1.000000
0.419507
-0.964655
0.198882
0.511759
-0.528672
1.000000
-0.283816
-1.000000
-0.170405
0.682856
-0.853231
-0.368156
0.585616
-0.932198
-0.027720
1.000000
0.395217
-1.000000
-0.644256
0.521876
0.029397
-1.000000
0.093744
0.971473
0.123877
0.421910
-0.159742
0.719111
-0.405003
0.251605
-0.892592
0.746323
-0.308136
0.514635
-1.000000
0.014388
0.637384
1.000000
1.000000
-0.390750
0.395074
0.043191
1.000000
0.861304
0.532561
-0.161699
-0.265217
-0.072037
0.227531
0.654960
-1.000000
1.000000
-0.275732
-0.847779
0.928519
-0.861349
0.977253
-0.044340
1.000000
-1.000000
-0.946974
0.751641
-0.144404
-0.546199
0.796811
-0.067526
-0.194455
-1.000000
-0.274735
-0.059198
-0.124405
0.124395
-0.078737
0.133326
-1.000000
-0.174909
0.478942
-0.077433
0.398651
-0.023832
-0.097981
0.535387
1.000000
0.333520
0.133944
-0.908116
-0.180775
1.000000
-0.890911
-0.608395
-0.263323
1.000000
-0.708190
0.487544
0.425373
-0.140588
0.855393
0.349915
-0.969169
-1.000000
1.000000
0.547492
-0.194221
1.000000
-0.639947
1.000000
-0.038297
0.352413
-1.000000
1.000000
-0.275272
0.537906
-0.038250
0.708797
0.436567
-0.502023
-1.000000
0.736819
0.285519
-0.445605
0.110360
-1.000000
0.348532
-1.000000
0.817232
1.000000
-0.242887
1.000000
0.368055
-0.820897
-0.384648
0.863168
-1.000000
1.000000
0.236188
0.281767
-0.461177
0.433353
0.318224
-0.542091
0.167310
-0.993990
-0.113177
-0.119576
0.694297
-0.460345
-0.267334
-0.530672
-0.597117
1.000000
-0.505442
-1.000000
1.000000
1.000000
1.000000
0.247127
