-1.000000
-0.377845
-0.436022
0.143087
-0.269631
0.513262
-0.825975
0.838626
-0.045507
0.797715
0.040109
-0.414652
-0.639041
-1.000000
-1.000000
-0.668367
0.049878
0.781871
-0.273905
0.151077
0.989414
1.000000
-0.288808
-0.301025
-1.000000
0.683172
0.057167
-0.702749
-0.576136
-0.884172
-0.575638
-0.829183
-0.195512
0.927069
0.615076
0.343185
0.828394
0.460311
-0.631042
-0.408933
-0.063899
0.049121
0.381179
-0.439618
-0.638381
0.857754
-0.303660
-1.000000
-1.000000
-0.866444
0.869121
-0.760637
-1.000000
1.000000
0.492625
-0.863747
-0.371963
-0.425447
0.882847
0.956247
-0.484704
-0.180407
0.925134
0.924323
-1.000000
0.067843
0.043983
-1.000000
0.601764
-0.071391
-0.950173
0.992145
-0.353146
0.395915
0.032042
-1.000000
-0.483581
1.000000
0.097937
-0.093513
0.037074
-0.431098
-1.000000
0.783681
0.477034
-0.838289
0.724873
0.626408
0.515149
-0.490416
-0.016221
-0.595383
0.139170
-0.888856
0.438751
0.017474
0.789779
-0.940768
1.000000
-0.329585
0.047382
-0.503069
0.611327
0.174231
-0.565543
0.200860
0.207762
-0.194947
0.850538
-0.964290
0.183453
0.603483
0.298566
0.097446
-0.280941
-0.060249
-0.926474
-0.993383
0.891602
0.769463
0.859931
0.885202
-0.108055
0.913621
-0.365294
0.022506
0.318330
0.858895
0.263197
-0.193240
-0.374496
0.212051
0.487523
1.000000
0.565204
-0.224460
-0.645470
-0.184333
0.153004
0.589381
1.000000
0.240803
-0.569665
-0.187559
-0.491313
-0.309896
0.362259
0.078858
-0.850365
0.458841
0.685281
-0.298625
0.765351
0.179744
0.783728
-0.790980
-0.072630
-0.801347
-0.341502
-0.998488
0.338765
-0.242414
0.445048
0.572920
-0.523123
0.685707
0.126155
1.000000
-0.817953
0.475419
-0.562696
-0.252808
-0.358500
-0.429565
-0.662133
-0.465909
-1.000000
-1.000000
0.552508
0.262174
-0.984597
1.000000
0.253729
-0.358932
0.125393
0.873854
0.709624
0.616993
0.095613
-0.555655
0.724091
0.622134
0.056945
-0.789819
0.912128
-0.378931
1.000000
0.107322
0.387778
0.985996
0.227297
-0.476173
-1.000000
0.770794
0.438882
-0.710434
-1.000000
-0.461081
0.790311
-0.020453
-0.338498
-0.486907
0.849566
0.178934
-0.942653
0.226656
-0.919092
-0.480203
0.118611
0.870806
-0.147327
-0.679652
-0.556515
0.464384
-0.904447
-0.383015
-0.325704
0.437055
0.016806
0.260148
-1.000000
0.629730
-0.034255
0.209730
0.090183
-1.000000
-0.856915
-0.435859
0.014031
0.375396
0.388063
-0.049852
-0.670593
0.735915
0.754761
0.154220
0.141923
0.017527
-0.062868
1.000000
1.000000
0.837194
0.915611
-0.097914
-0.359364
-0.316317
-0.787564
-0.061041
0.324222
-0.174338
0.013535
0.005509
-0.147419
0.992572
-0.357506
