0.497147
-0.805875
0.624408
-0.765200
-0.841435
0.119805
-0.136964
-0.066517
-0.363128
0.240586
-0.131959
0.899788
0.403879
-0.445230
-0.676217
-0.150706
-0.629816
-0.788432
0.896979
0.369900
-0.791705
0.799737
-0.564272
-0.542200
-0.992904
-0.317226
0.086634
-0.952834
-0.263522
0.448077
-0.568666
-0.452359
0.328715
0.895195
0.993441
-0.741620
-0.205771
0.467772
0.732157
-0.349085
0.938427
0.075418
-0.300576
0.833030
0.533180
0.509688
-0.370768
-0.227254
-0.995590
0.301831
0.561658
0.766670
-0.964047
0.587041
-0.797852
0.875046
0.963709
-0.879974
-0.177437
0.565956
0.353167
-0.459521
0.677657
0.406981
-1.000000
0.033681
0.989219
-0.615051
0.819259
0.308372
-0.046079
0.963339
-0.042839
-1.000000
-0.571374
-0.966903
-0.434602
-0.138199
0.629498
-0.566163
-0.453550
0.098391
-0.029960
-0.534822
0.398395
0.373100
0.057556
1.000000
-0.005544
0.194521
0.293004
-0.414062
0.023813
-0.652576
-0.117136
-0.903850
-0.708602
0.105896
-0.615970
0.400930
0.671832
-0.634123
0.039093
0.379095
0.818045
-0.813881
0.693163
0.533161
-0.590405
0.667263
-0.862673
0.370927
-0.636379
-0.670965
0.248504
-0.427583
-1.000000
0.096807
-0.616023
-0.891012
-0.480660
-0.717289
-0.221449
-0.569282
-0.699223
0.719638
-1.000000
0.720053
0.558439
-0.479128
0.842758
0.251300
0.542666
0.468356
-0.512047
-0.169132
0.551435
-0.466246
-0.266204
-0.994314
0.695268
-0.307629
0.461696
0.343021
-0.242284
-0.216357
0.584130
0.253198
-0.736106
-0.842443
1.000000
-0.898007
-0.037426
0.114218
-0.967488
0.228466
-0.136367
-0.248078
-0.946278
0.053370
-0.857312
0.934564
-0.668899
-0.679371
-0.149011
-0.273323
0.746547
0.301489
-0.894915
-0.430463
-0.105985
-0.211183
-0.068386
0.702701
-0.567147
-0.243335
-0.190581
0.285330
-0.117926
-0.273317
-0.235780
-0.453500
0.701941
0.602143
0.742582
-0.046154
0.435498
-0.755802
-0.332843
-0.030350
-0.192634
0.026160
-0.579130
-0.894091
-0.806575
0.181649
-0.075509
0.208544
0.543697
-0.680049
-0.122686
0.273705
-0.879097
-0.929943
-1.000000
-0.978827
-0.114739
0.735670
0.669396
0.724674
-0.798797
-0.401352
0.824396
1.000000
0.684805
-0.323193
0.241622
0.691013
-0.802036
-0.891434
-0.070443
-0.961440
-0.693102
-0.082388
-0.217241
0.330874
0.110674
0.499144
0.729765
1.000000
-0.788925
-0.309901
0.947945
1.000000
-0.064395
0.302455
-0.084747
0.302895
-0.068882
0.187055
0.154402
0.872311
-0.804581
0.655632
-0.949833
0.073805
0.308223
-0.232165
-0.763552
-0.795447
0.464995
0.284652
-0.647703
0.893437
0.836733
-0.343844
0.301472
0.516247
-0.401610
-0.909525
-0.568915
-0.675607
0.872431
-0.328848
-0.756505
