1.000000
-0.307361
0.216337
-0.133962
-0.235911
-0.654090
-0.595356
0.043992
-0.378319
-0.356272
0.293451
-0.334045
0.004186
-0.676528
-0.142544
1.000000
-0.186753
-0.381414
0.511030
-1.000000
-0.981312
0.441609
0.866875
0.676648
0.182498
-0.104169
-0.795358
0.605293
0.960831
-0.815749
-0.297217
0.111321
0.314078
-0.161453
-1.000000
0.325422
-0.364545
-0.285832
0.026090
0.270945
0.955912
-1.000000
-0.373113
0.299310
-1.000000
-0.197467
0.035042
0.844211
-0.316578
0.139767
-1.000000
-1.000000
-0.737461
-0.506354
-0.614518
-0.805792
0.806466
0.118804
-0.446988
0.220471
-0.041802
-0.771268
0.358188
0.296685
0.139165
-0.778629
0.845530
0.258557
-0.474013
1.000000
0.312517
-0.904971
-0.227720
0.196252
0.655815
-1.000000
-0.495195
-0.113138
0.312529
0.236567
-0.219874
-0.315402
-0.216581
-1.000000
-0.888675
-0.016489
-0.155470
-0.520435
0.009808
0.169062
1.000000
0.010392
-0.867785
-0.519973
1.000000
0.777978
0.532517
-0.410697
-1.000000
-0.128861
-0.331385
0.465227
1.000000
0.809855
0.136837
-0.041742
-1.000000
-0.118115
0.756898
-0.570200
0.045409
1.000000
0.257529
0.619748
-0.556976
1.000000
0.965442
-0.850905
-0.945191
-0.429368
0.689801
-0.106590
-0.422001
0.067600
0.528503
0.046735
0.992000
-1.000000
-0.409295
-0.389302
-0.341824
0.574147
-0.182464
0.071370
-1.000000
-0.632200
0.014682
0.090634
1.000000
-0.712794
-0.846383
-0.031478
-0.508454
0.710864
-0.314477
-0.060425
1.000000
-0.684732
-0.395415
-0.910389
-0.474446
0.207419
0.153003
-1.000000
0.027941
1.000000
0.283619
-0.250844
-1.000000
0.421698
0.991860
0.004626
-0.224866
-1.000000
0.649382
-0.925676
1.000000
0.437607
-0.519503
1.000000
1.000000
-0.256277
-0.121246
0.514496
1.000000
0.134792
1.000000
1.000000
-0.776032
-0.316032
1.000000
0.570873
0.073690
0.261684
0.792345
-0.504140
0.276239
-0.878588
0.372146
0.202507
-0.340640
0.833489
0.994615
-0.761035
0.508981
-1.000000
0.385991
-1.000000
-0.560894
0.818409
0.349441
-0.649522
0.859644
-0.928440
-0.161102
-0.726372
-0.411121
-0.733866
-0.206902
-1.000000
-1.000000
-1.000000
-0.445016
1.000000
0.019209
-0.774056
0.263576
0.208824
0.480427
0.044403
-0.772742
0.275256
-0.883794
-0.254946
0.836911
-0.786804
1.000000
1.000000
0.006154
-0.855448
0.784565
-0.892032
0.681342
0.475771
0.340149
-0.402487
-0.385712
-0.082410
-0.000590
-0.619209
1.000000
0.692752
1.000000
0.048213
-0.268027
0.671351
0.442313
-1.000000
0.508551
-0.820131
0.400811
-0.748507
1.000000
-0.145634
-0.404124
0.562043
0.527052
-0.050985
-0.205833
0.464591
-0.381518
-1.000000
0.136776
-0.240938
0.955374
