-1.000000
-0.807420
-0.739534
-0.214741
0.905892
1.000000
-1.000000
-0.896298
0.463892
0.733543
0.510328
-0.552411
1.000000
-0.321461
0.290731
0.081859
1.000000
-0.325733
0.401877
1.000000
0.269709
0.831796
0.348292
-0.665602
-0.258279
-0.107094
0.805993
0.619118
0.549203
-0.539134
-1.000000
-0.860057
0.685710
0.553521
-0.479305
0.895681
0.826509
-1.000000
-0.788525
1.000000
-0.945910
-0.586144
1.000000
-0.293710
0.785053
-0.578336
-1.000000
-0.070765
1.000000
-0.096695
-0.279282
-0.855251
-0.223892
0.352211
-0.905836
-1.000000
-0.520148
0.290299
-1.000000
-0.887509
1.000000
0.373242
0.309447
-0.602796
-0.208879
-0.316979
-0.544069
-0.084364
-1.000000
0.625549
0.491673
-0.683649
0.622345
-0.235799
-0.423874
-0.367884
-1.000000
-0.530768
-0.441495
-0.273793
-0.518119
-0.794169
0.293392
-0.179138
-0.821640
-0.569623
-0.657346
-0.596874
-0.015086
0.395848
0.511219
-0.272058
-0.035000
0.007120
-0.106636
-0.921707
-0.464347
0.777420
0.539205
-0.353828
-0.331223
0.120180
-0.048183
1.000000
1.000000
-0.486610
-0.961924
-1.000000
-1.000000
0.693782
0.318326
-1.000000
-0.389842
0.126852
-1.000000
0.043094
0.348124
0.864999
0.598761
-0.600896
-0.390817
0.357731
-0.682167
0.886186
-0.831798
-1.000000
-0.348792
-0.649983
-0.544492
-0.958417
0.174841
1.000000
-0.380432
0.592350
-1.000000
0.067951
0.368822
0.290460
0.737432
0.528734
-0.444743
0.571085
-0.064441
-0.349720
1.000000
0.182764
-0.127534
1.000000
0.589403
-0.418225
-0.402547
-1.000000
-0.326010
1.000000
-0.054153
-1.000000
0.398524
-0.319279
-0.027672
0.643906
-0.382906
0.345430
0.326295
0.279216
0.432584
-0.821889
-0.195658
0.533389
0.216424
-0.492088
-0.438850
-0.392580
-1.000000
0.958935
-0.006758
-0.665392
1.000000
-0.167615
0.276403
0.712083
-0.768686
0.440040
-0.554883
0.726037
-0.737273
1.000000
0.463973
1.000000
0.332017
0.317663
0.340203
0.546547
0.634492
0.828709
0.641663
0.771388
0.241722
-0.017679
0.346056
0.152492
-0.722185
-1.000000
-0.767506
0.109554
-0.169517
0.947588
0.688066
1.000000
-1.000000
0.786827
0.297942
-1.000000
-1.000000
0.228053
-1.000000
-0.090587
0.431154
0.993680
1.000000
-0.206226
0.289351
-1.000000
0.153448
-1.000000
-0.028244
-0.555785
0.635652
-0.120444
-0.146813
-0.809595
-0.288604
-0.805802
0.578537
0.907917
0.234314
-0.563847
0.198494
0.831493
0.008510
-0.402086
-0.520129
0.092787
0.920558
0.831991
0.056221
1.000000
0.190752
0.818943
0.390481
-0.588045
-0.611688
0.615952
0.838124
-0.262082
0.943428
0.118698
1.000000
0.261560
0.679457
0.485606
-0.668462
-0.003340
0.571082
-0.782890
0.268736
