-55.000000
3.000000
-1.000000
70.000000
68.000000
-1.000000
67.000000
-1.000000
-1.000000
-1.000000
-0.948242
-0.762849
-0.497030
0.954695
0.587365
0.975745
0.540290
0.343161
-0.929413
-0.900473
-0.552664
-0.788111
0.672504
-0.856857
-0.409813
0.726356
-0.547622
0.630093
-0.502305
0.608583
0.089294
0.883581
0.794428
-0.918029
-0.982083
0.460244
-0.236662
-0.974173
0.253159
-0.686833
0.298979
0.434725
0.815506
0.917611
0.338659
0.105692
0.073195
-0.311974
-1.000000
0.725528
0.664638
0.189915
-0.479248
0.186773
1.000000
-0.255819
-0.776259
-0.206195
-0.029181
0.924692
-0.106497
0.845046
-0.838767
0.463666
0.324356
0.791599
0.101158
0.925662
-0.717892
0.730749
-1.000000
-0.652055
0.307336
-0.363671
0.676822
0.877741
0.524347
-0.987935
0.644750
0.374122
-0.144461
-0.929160
0.223261
1.000000
0.940875
0.269776
-0.779838
0.312192
-0.963484
-0.449128
-0.138168
-0.890677
1.000000
-0.474086
0.309109
0.044761
0.960172
-1.000000
0.423632
-0.861416
-0.771743
-0.648091
-0.638427
0.893129
-0.411257
-0.449822
0.921834
0.325013
-0.093347
-0.581393
0.784874
0.138410
0.672313
0.494442
0.938917
1.000000
-0.363903
-0.362096
-0.167788
0.799478
1.000000
-0.977023
-0.913508
0.937011
0.026425
-0.650680
-0.552726
0.775728
-0.610434
0.252325
0.569733
0.661940
-0.949808
0.207514
0.667730
0.575952
-0.734488
0.418930
0.049084
0.894397
-0.260829
0.175087
-0.077145
0.727943
0.111564
-0.341000
0.594147
-0.445051
0.031172
0.567080
-0.909256
-0.183479
0.145551
0.045899
-0.725160
0.077923
-0.464034
0.522045
0.904675
-0.447189
-0.152906
0.268858
0.461047
0.322151
-0.219170
0.091501
0.009076
-0.293846
-0.659106
-0.624314
0.256269
-0.439937
0.010977
-0.042135
0.568129
0.936039
-0.041870
0.086690
0.025169
0.157388
-0.633271
-0.179128
0.585326
-0.058918
-0.435905
0.847797
0.928690
0.430380
-0.299608
-0.404583
-0.194832
0.537389
-0.480243
-1.000000
0.147063
-1.000000
0.698600
-0.492365
0.641443
-0.784657
-0.380489
0.301683
0.801521
-0.289430
-0.057193
-0.853681
-0.448271
-0.708803
-0.970263
-0.537317
0.235981
0.777734
0.081119
0.735946
-0.879090
-0.494970
-0.363977
-0.862590
-0.632244
-1.000000
-0.856428
0.216489
0.541375
1.000000
0.793752
0.197172
0.044711
0.687185
-0.303649
-1.000000
0.679889
0.420246
-0.042706
0.855314
0.676103
-0.795445
-0.954816
0.909894
0.201857
-0.323395
-0.030771
0.641890
0.569431
0.656928
-0.502787
0.637389
0.186385
-0.650909
-0.806243
0.802628
-1.000000
-0.355606
-0.679406
0.585626
-0.616130
-0.277665
-0.723840
0.030486
0.811620
0.004921
0.697411
0.294047
-0.563463
0.143211
-0.838893
0.234615
0.669839
0.474276
-0.004358
-0.239068
0.032878
-0.626193
0.919180
0.079793
-0.869501
