-91.400000
3.000000
-1.000000
72.000000
32.000000
-1.000000
64.600000
-1.000000
-1.000000
-1.000000
-0.651045
-0.927914
-0.038078
-0.548279
-0.748692
0.979951
-0.180519
0.207382
-0.653321
-0.219040
-0.941316
0.487506
-0.888283
0.839113
0.080423
-0.711440
0.043997
0.534324
-0.017607
0.283770
-0.403599
-0.883732
-0.202731
-0.409548
0.660107
-0.101897
0.948670
0.734171
-0.343834
-0.533525
-0.296287
0.223763
-0.641482
0.804372
-0.172112
-0.998696
-0.967589
-0.165477
0.939207
0.801039
-0.578023
-0.003916
0.903280
-0.709391
0.676943
0.626075
-0.320604
-1.000000
-0.348867
-0.730946
0.789747
-0.437675
-0.812939
-0.466374
-0.134406
0.101254
0.283170
-0.946567
0.534036
0.178023
-0.467031
-0.473509
0.220835
-0.808588
0.386113
-0.264349
0.188020
0.051516
0.272065
0.491725
-0.891626
-0.386499
0.890419
-1.000000
0.569680
0.133269
-1.000000
-0.237203
0.368596
0.187320
-0.117942
-0.181641
-0.049977
-0.629454
-0.713230
0.033751
-0.151985
-0.198075
-0.118160
-0.736736
-0.570656
-0.343469
-0.021034
0.317442
0.447741
-0.130813
-0.664551
0.762232
0.082325
-0.347087
0.064842
0.158721
0.957641
-0.834409
0.288324
0.396622
-0.776582
0.902126
0.509842
0.953419
-0.301847
0.892864
-0.397449
0.474603
0.888545
-0.855989
-0.857111
0.437390
-0.620317
-0.278714
0.424774
0.390976
-0.239689
0.128477
0.524890
0.254336
-0.403648
-0.820189
0.854889
0.958977
0.699287
0.776374
0.593768
0.422257
-0.066578
-0.636340
-0.422769
0.378945
-0.007935
-0.482281
0.394652
-1.000000
-0.303622
-0.833003
-0.121876
0.667752
0.079538
-0.917842
-0.033785
0.671260
-0.687722
0.808334
0.578014
-0.113159
0.100815
-0.272764
0.763605
0.466047
0.688230
0.543976
0.417742
0.467425
-0.900423
0.072604
-0.945553
-0.422847
-1.000000
0.547648
-0.371980
0.284762
0.008381
0.196175
-0.015165
-0.503817
-0.994637
-0.266650
-0.657535
0.013457
-0.596994
0.484602
-0.647859
-1.000000
-0.697165
0.570146
1.000000
-0.341135
0.292801
0.911204
-0.561441
0.062250
-0.589552
-0.245406
-0.147421
-0.365244
0.661882
0.506882
-0.211135
-0.654303
0.310091
-0.963989
0.372753
-0.909659
-0.020353
-0.313365
0.526661
-0.685232
-0.553190
-0.444659
-0.694011
-0.646265
-0.399113
-0.324163
0.800029
1.000000
0.963269
0.495356
-0.616859
-0.165299
0.523130
0.284029
-0.337892
0.034316
-0.076496
0.749222
-0.243160
-0.998603
0.350243
-0.806928
0.904214
-0.564118
0.406057
0.158692
0.135843
0.176475
0.085203
1.000000
-0.192407
0.006697
0.426564
0.973725
-1.000000
-0.266321
-0.124907
0.195729
-0.380992
-0.075842
0.214051
0.150079
0.726437
-0.391838
0.773409
0.412049
0.687377
0.560217
-0.307064
-0.370043
0.572840
0.595427
0.413135
-0.784803
-0.575288
-0.122924
0.257852
-0.225919
-0.632253
