-1.000000
0.266514
0.778761
0.110636
0.267201
-1.000000
0.011685
-0.195911
0.449522
0.826552
-0.573657
0.731573
0.193942
0.807877
0.436439
-0.744320
0.208905
0.559746
-0.714504
0.286807
0.981335
0.123863
-0.236118
-0.384786
0.677385
0.402684
0.284755
-0.606978
0.765422
-0.542658
-0.209630
-0.885582
-0.943074
0.250761
-0.295344
0.274435
0.398150
0.193155
0.703384
0.893828
0.200383
1.000000
-0.082582
-0.389101
-0.946791
0.678514
-0.228740
-0.919240
-0.318133
0.381583
-0.603046
0.857734
0.012141
-0.980571
0.873481
0.518691
0.209272
0.480200
0.224252
0.383768
-0.811636
0.653421
0.412483
0.803030
-0.272239
0.094277
-0.015851
0.756980
0.899104
-0.417745
0.533055
0.519309
1.000000
-0.901192
1.000000
0.254674
-0.998492
-0.334361
0.591875
0.434832
-0.430506
-0.569731
-0.343915
0.015962
0.186080
-0.549324
-0.221320
0.293101
-0.215683
-0.112219
-0.131950
-0.405417
1.000000
0.547874
-0.431688
0.301027
0.188193
0.074344
0.556528
0.317129
0.751607
-0.547216
-0.009860
-0.063145
0.517020
0.953699
-0.302289
0.735683
-0.702960
-0.678228
-0.382669
-0.702132
0.616206
-0.119280
0.093706
0.192603
-0.333417
-0.513590
0.452173
-0.487825
-0.921787
-0.320542
-0.976082
0.836903
-0.050411
-0.390314
0.283610
0.521767
-0.990049
0.242338
-1.000000
-0.330502
0.048386
0.081240
-0.711223
0.474830
-0.783145
0.602115
-0.369193
0.473633
0.616926
0.344487
0.596597
-0.672599
-0.881659
-0.723456
-0.803564
0.211472
0.178284
0.787078
-0.976329
0.289803
0.877194
0.470795
-0.496714
-0.483985
-0.160407
0.340287
0.041873
-0.387815
0.468892
0.296797
-0.390304
-0.778758
0.858864
-0.330547
-0.758207
0.327126
-0.481247
-0.369404
-0.264624
-0.631453
0.392482
0.512686
0.321078
1.000000
0.031196
0.575957
0.489321
0.908804
-0.354867
0.493197
0.312400
0.346284
-0.969906
-0.314254
0.114113
-0.880239
-0.877012
0.376044
-0.905764
-0.688184
0.354344
0.875839
0.921524
-0.353080
0.632205
-0.003494
-0.439502
0.717009
-0.782853
-0.458878
-0.916459
-0.498348
0.964477
0.947324
0.275642
0.374311
0.473609
-0.131977
-0.860694
-0.044358
-0.917575
0.669465
0.963100
0.911384
0.262192
0.777861
-0.335815
-0.313035
-0.285829
-0.245229
-0.604744
0.726801
-0.162835
-0.028104
0.057746
0.111277
0.841970
-0.281728
0.373984
-0.408179
0.539048
-0.262225
-0.202101
0.762522
0.013665
0.932498
0.378330
0.279428
0.257264
-0.320117
-0.278998
0.658553
-0.980900
-0.994430
0.667605
0.324212
-0.305037
-0.400267
0.741790
0.106899
-0.443717
0.499941
1.000000
-0.484607
-0.783095
0.297738
0.254254
0.231956
-0.827696
0.653287
0.905594
-0.952803
0.164313
