-0.870009
0.063911
0.778265
0.805661
0.817963
-1.000000
0.003848
-0.647082
-0.249584
-0.109983
0.606448
0.020905
1.000000
-0.738249
-0.155581
0.214759
-0.000403
-0.504261
0.468002
0.546830
0.542274
-0.454880
-0.955881
-0.053331
-0.498134
0.655381
-0.951748
0.342412
-1.000000
0.429651
-0.089526
0.191706
-0.812840
-0.534133
0.165381
-0.878526
0.504166
-1.000000
-0.180818
-0.183717
-0.024937
1.000000
0.427155
-1.000000
0.528593
0.694779
0.395780
-0.419655
-0.610916
-0.116021
0.801415
-0.502832
0.643571
0.661057
-0.745095
0.785497
-0.789637
-0.916044
-0.693285
0.340965
0.886993
-1.000000
-0.437805
-0.974926
0.682039
0.972153
0.551129
-0.816838
0.216718
0.516287
-1.000000
0.260516
0.331426
-0.533216
-0.267133
0.680084
0.887418
0.891722
-0.420591
0.742606
1.000000
0.706547
-1.000000
0.517543
-1.000000
-0.369908
-1.000000
-0.985989
-0.308376
0.388135
0.071392
-0.897414
0.412955
0.011945
0.415989
-0.872339
-0.294887
-0.587446
-0.696286
-0.693588
-0.567221
-0.164436
1.000000
-1.000000
0.494634
-0.421950
0.428135
0.858514
1.000000
-0.529187
-0.547492
0.314710
0.497991
-0.341183
-0.473675
-0.872790
-1.000000
-0.816227
0.254936
0.590120
-0.150229
0.388739
-0.586676
-0.083854
1.000000
-0.322697
-1.000000
0.699191
0.221122
0.795675
0.205187
1.000000
0.167433
1.000000
0.457439
0.455144
0.522266
-0.368644
0.712810
0.525596
-0.276688
0.716720
-1.000000
1.000000
1.000000
1.000000
-0.425435
-1.000000
-0.991323
0.254761
-0.591315
-0.937257
-0.681088
-0.437356
0.525039
0.948289
0.056931
1.000000
0.062950
-0.234894
1.000000
0.305369
-0.495740
-0.674328
1.000000
0.662072
-0.170986
0.828822
0.907901
-0.106880
-0.708278
0.373320
0.295452
0.897106
-0.795354
-1.000000
0.103897
-0.243633
0.849064
0.778398
0.269556
-0.736395
0.054312
0.725950
-0.721616
-0.390505
-0.359185
-0.815356
-1.000000
-0.332551
-0.092449
1.000000
-0.255442
0.024680
0.614863
0.675056
0.528840
0.385045
0.585849
-0.477323
-0.514523
-0.017458
0.070464
0.707219
-0.761844
-0.969466
0.466669
-0.899736
-0.580692
-0.386905
0.144066
0.781971
0.862635
1.000000
0.661522
0.130040
-0.363213
-0.172607
-0.604941
1.000000
-0.223934
1.000000
-0.729126
0.256958
-0.163188
0.998107
-1.000000
0.486319
0.191403
-0.057502
-0.054707
0.779504
1.000000
-1.000000
0.273075
-1.000000
-0.375581
-0.509848
0.550297
0.530161
-0.176685
0.835118
-0.634307
1.000000
0.330975
-0.553174
0.223924
-0.173759
-0.079680
1.000000
0.822487
-0.263601
-1.000000
-0.686524
0.227647
-0.266289
-1.000000
-0.127123
0.754585
0.453432
0.487409
0.847351
0.732231
0.741187
-0.110628
