0.642859
-0.134276
-0.548422
-0.388911
-0.138616
-0.744000
-0.677693
0.718522
-0.275775
-0.068672
-0.772709
0.360763
-0.562162
-0.221261
0.456656
0.442795
-0.367082
0.330774
0.065543
-0.179556
-0.617500
-0.544311
-0.610093
0.907887
0.987094
0.861240
-0.845691
-0.099379
-0.482009
0.624137
-0.678491
-0.783899
-0.190208
-0.723366
0.902231
0.562912
-0.588921
0.557367
-0.255697
0.444086
0.173183
0.368723
-0.987867
0.923621
-0.576351
-0.671564
0.954146
-0.375445
0.964430
0.682278
-0.400694
0.057992
-0.177186
-0.571782
0.923141
-0.726448
1.000000
-0.363036
-0.942354
0.880431
-1.000000
0.925195
0.588113
-0.458720
-0.607751
0.096266
0.722064
-0.628430
0.369831
0.055802
0.048396
-0.502125
0.026091
-0.100100
0.451331
0.846718
0.512729
0.932316
0.030100
-0.277883
0.953211
-0.521391
-0.037442
-0.062478
-0.371669
0.189481
0.974246
-0.381403
-0.681144
0.756188
-0.463023
0.224985
0.944496
0.929435
0.209848
0.103851
0.654919
0.356616
-0.941755
0.024302
0.351285
-0.546034
-0.544203
-1.000000
-0.768850
0.928691
0.187173
-0.614642
-0.948978
-0.188892
0.651142
-0.009716
0.788367
0.538244
-0.104200
0.045684
-0.673235
0.850961
0.672209
0.813446
-0.362011
0.833254
-0.351766
0.999122
-0.424606
-0.701295
-0.292637
-0.386115
0.687265
0.716559
-0.158403
-0.499295
-0.018498
0.916288
-0.358947
0.165172
0.389833
-0.683880
0.639058
0.355311
-0.645889
0.129088
0.511721
0.653096
-0.309168
0.682279
-0.890914
0.096179
0.286370
0.647412
0.058928
-0.722927
-0.693720
0.499781
-0.015189
-0.861162
-0.794581
-0.858996
0.237527
-0.925178
0.062021
-0.089912
-0.729262
-0.178976
-0.561040
-0.098593
-0.599616
0.731556
0.698583
0.146077
-0.578179
0.589182
-0.076790
-0.431511
-0.152344
0.129937
-0.300795
0.378680
-0.895065
0.254986
-0.393913
-1.000000
-0.347357
0.751032
-0.752594
0.625748
-0.219632
0.098210
-0.392812
-0.889812
-0.783607
-0.397311
0.623469
0.361893
0.733550
0.980433
-0.495559
-0.357866
0.786553
-0.848635
0.305540
-0.097176
-0.652146
-0.931973
-0.026486
-0.711929
-0.534009
0.119679
0.330303
-0.882464
-0.272605
-0.289880
0.430864
0.743958
0.227408
0.664804
-0.597002
0.619461
-1.000000
0.674296
-0.845117
-0.009744
0.054572
0.196604
-0.997856
0.213557
0.850065
-0.711256
-0.237858
0.655158
-0.574485
0.974959
0.292098
0.336713
-0.478155
0.040902
-0.320284
-0.518939
-0.712412
0.699746
0.688235
-0.209621
-0.390178
0.457873
0.801869
0.374934
-0.343483
-0.492653
-0.098335
-0.764152
-0.719053
0.945667
-0.070877
-0.949713
-0.423100
-0.609059
-0.579441
0.903717
-0.468352
0.889716
-1.000000
-0.934343
0.325029
0.604324
-0.870233
