0.355780
1.000000
-0.403350
0.721546
0.679153
-0.364903
0.582060
-0.533865
-0.299307
-0.278682
-0.021216
-0.236850
-0.125696
-0.639131
-0.903550
-0.541793
0.278395
0.155035
-0.413356
-0.952979
0.188179
0.620931
-0.404318
-0.372107
-0.374605
0.411765
0.266265
0.727233
0.664114
0.046616
0.472971
-0.121443
0.172838
0.845181
0.871638
-0.115147
0.449644
0.161824
0.491200
-0.002087
-0.990298
-0.142677
-0.107828
-0.400341
-0.668350
0.470856
-0.748951
0.678170
0.618706
-0.681637
0.151130
0.430846
-1.000000
0.212621
0.251124
-0.638035
-0.122438
-0.648960
-0.117226
0.948223
-0.973985
-0.102876
-0.955043
-0.580415
0.520494
-0.201433
-0.939682
0.630813
0.466778
0.085905
-0.885375
-0.286623
-0.347489
0.660420
0.626066
-0.523310
0.839289
0.598300
0.390167
-0.481512
-0.158203
0.693319
-0.108827
-0.040397
-0.464576
-0.577985
0.450736
0.165366
-0.313269
-0.804752
0.543229
-0.891605
-0.028371
-0.864650
-0.707090
0.486117
0.050979
-0.200518
-0.889846
-0.209476
-0.037388
0.192742
-0.180116
0.140675
-1.000000
1.000000
0.006013
-0.442574
-0.302791
-0.948343
0.616717
-0.249314
0.811707
-0.422578
-0.486670
1.000000
0.160488
-0.748620
0.497863
0.048584
0.072732
0.744558
-0.247088
-0.274382
0.356643
0.581677
-0.999267
0.090893
-0.940822
-0.091319
0.812994
0.329569
0.858132
0.986514
0.637048
-0.044237
0.467179
0.697834
-0.512413
-0.776646
-0.880847
-1.000000
0.188408
0.727581
0.874716
0.273717
0.764207
0.016739
0.951633
-0.192918
0.931402
0.755314
0.269663
0.347244
-0.887064
0.124091
-0.105570
-0.988718
0.956144
0.371253
-0.830744
0.602362
0.603381
0.932470
0.224846
-0.440797
-0.571229
-0.268803
0.173629
-0.600868
-0.542031
0.344384
-0.354161
1.000000
-1.000000
-0.911673
0.600063
0.201839
-0.682236
0.633879
-0.003954
0.548908
0.033084
-0.271514
0.202991
-0.833862
0.283620
-0.083192
0.783542
-0.261221
-0.696992
0.106141
0.659873
0.329502
0.325052
-0.540427
-0.616278
-0.115758
0.629532
0.488014
0.185157
0.553158
-0.949055
0.091797
0.344280
-0.931178
0.551343
-0.817568
0.068514
0.816638
-0.254181
-0.390536
0.997615
0.499067
-0.499771
-0.551218
0.871996
0.997597
0.547646
0.094377
-0.826510
0.797160
0.556353
-0.620133
0.974888
-0.299159
0.821092
0.626457
0.110537
0.728059
0.360925
0.014115
1.000000
0.096257
-0.520911
-0.003747
-0.740260
-0.433843
-0.943280
0.931135
-0.378285
0.017796
-1.000000
-0.957339
-0.849586
-0.813291
-0.532095
-0.568254
0.974327
0.428516
-0.183117
-0.033263
0.053253
-0.939170
0.913173
0.340788
-0.324733
0.258568
0.152099
0.705187
0.048213
-1.000000
0.855813
0.118223
-0.785053
