-0.881847
-0.617405
0.568276
0.659465
-1.000000
0.976876
-0.939332
1.000000
0.891962
1.000000
-0.061684
-0.536745
-0.616005
-0.902180
1.000000
-0.622632
0.749772
0.303199
-0.300188
1.000000
-0.995315
1.000000
0.907112
-1.000000
-1.000000
-0.940358
0.129610
-0.124124
-1.000000
-0.107771
0.669216
0.888923
-1.000000
-0.720005
0.551983
-0.483472
-0.073756
-1.000000
0.340847
-0.273774
0.648582
1.000000
-0.201450
-0.049533
0.057743
-1.000000
-0.106196
0.102446
-1.000000
0.313593
-0.147588
0.640177
-0.963205
0.321254
-0.338056
0.437409
0.722496
-0.243964
-0.269526
-0.332932
0.901063
1.000000
0.089523
0.262166
-0.931422
-0.197756
-0.984021
0.110418
-1.000000
1.000000
0.067226
0.819247
0.295354
0.727317
0.222030
-0.976858
-0.646648
0.993655
0.112215
-1.000000
-0.414320
-1.000000
-0.154886
0.029497
-0.653533
-0.104526
-0.618650
0.737846
-1.000000
-0.087466
0.723454
-0.341342
0.335914
0.578293
1.000000
-1.000000
-0.884729
0.809285
0.284457
-0.855924
0.828389
0.656373
-0.742632
-0.503331
0.586513
0.086210
0.212015
0.321743
-0.699849
-0.231966
-1.000000
0.642619
1.000000
-0.346209
1.000000
-0.624604
0.928906
0.273867
-0.973817
0.637463
-0.489217
-0.908469
-0.136288
-0.276981
0.439312
-0.617116
-0.227782
0.882808
-0.566919
-0.423412
0.712273
0.451564
-0.611111
0.823180
-0.540099
-0.098402
-0.305615
-0.032250
-0.915798
-1.000000
-0.080727
0.656348
-0.197203
-0.663989
-0.541641
-0.194758
-0.018642
0.306563
0.058178
-1.000000
-0.685623
0.967662
0.133674
-1.000000
1.000000
-0.198967
-0.736334
0.495860
0.315315
-0.524420
0.935410
0.333321
-0.874807
0.752786
0.039804
-0.396362
-1.000000
-0.283887
-0.555350
-0.825279
-0.367416
-0.938278
-1.000000
-0.844744
0.517007
1.000000
0.914201
0.745820
-1.000000
1.000000
-0.377495
0.984506
0.560862
0.499910
0.084171
-0.703352
0.461853
0.793310
0.082530
0.379137
-0.912923
0.769242
-0.879495
0.429211
0.905214
-0.063483
-0.202313
0.557269
-0.989443
-0.027754
-0.467587
0.384924
-1.000000
-0.924996
-0.010807
0.028040
0.294537
-0.688747
0.325105
0.633187
-0.162756
-1.000000
-0.533486
0.069468
-0.887059
-0.338604
1.000000
0.602166
0.986728
-0.779624
-0.392742
-0.928001
0.709772
0.965822
1.000000
0.681398
-0.125642
-0.026454
0.153895
-0.612565
0.608655
0.846708
-0.661764
0.364115
0.268216
0.008149
-0.798645
0.385618
0.098000
-0.910555
0.261696
1.000000
0.239753
-1.000000
-0.882693
0.278888
0.330069
1.000000
0.020007
-0.140916
-0.642536
0.250627
0.580171
0.466639
0.209513
0.366867
-0.832775
0.702317
-0.038116
0.612205
-0.595344
0.888104
0.144915
-0.776611
0.420981
