-0.946997
0.384192
0.656785
0.738733
1.000000
-0.003467
1.000000
0.811324
-0.670105
0.186706
0.995569
-0.365633
-0.182825
0.482939
-1.000000
1.000000
-0.159880
-0.993864
0.547824
0.223094
0.813408
0.712973
-0.227532
1.000000
-0.681395
0.038885
-1.000000
1.000000
-0.088934
-0.319147
0.335128
0.289358
0.875489
1.000000
0.037916
0.560062
-0.969741
0.122103
-0.266567
1.000000
-0.885239
1.000000
-0.164712
-1.000000
0.055662
0.822660
0.236350
-0.952393
-0.302869
-0.405296
0.522665
-1.000000
-0.721011
-0.421617
-0.280444
0.847223
-0.762418
1.000000
0.141484
0.059345
0.150943
-1.000000
0.608050
-0.104387
-1.000000
0.178579
-0.749412
-0.780798
0.593120
-0.739739
0.944128
0.122157
-0.210722
-0.303183
-1.000000
-1.000000
0.249739
0.857282
0.174823
-0.072813
0.102450
-0.389223
0.802261
0.287393
0.560565
0.822849
0.249007
0.596048
0.544641
1.000000
-0.651674
0.462171
-0.127250
0.809103
0.916883
-0.119062
0.502507
-0.085087
-0.025100
-0.524279
-1.000000
-0.067987
0.095930
1.000000
-0.482991
0.781826
-0.182088
0.422722
-0.510101
-0.465401
-0.596025
1.000000
0.721033
-1.000000
-0.626125
-0.825122
-0.046129
0.261209
1.000000
0.375476
-1.000000
-1.000000
-1.000000
-1.000000
0.373182
0.225090
0.392310
-1.000000
-0.720098
0.118369
0.381221
0.015262
-1.000000
1.000000
-0.950272
0.119128
0.777491
1.000000
-0.128962
-0.961182
0.179978
-0.189752
-0.339813
-0.382093
0.978688
0.759310
0.311264
-0.890147
-0.283825
0.562817
-0.540282
1.000000
-0.795250
-0.337565
-1.000000
0.346669
0.954191
0.387607
-0.091191
1.000000
-0.675791
-0.584025
-0.089522
-0.363273
-0.150184
-0.319549
0.206220
0.382958
-0.355411
-0.647404
-1.000000
0.090136
0.258758
-0.071431
-0.371523
-0.350851
-0.508554
-0.708426
-1.000000
1.000000
1.000000
1.000000
0.623612
0.415150
-0.335185
0.119224
-0.945881
-1.000000
-0.863675
0.728167
1.000000
1.000000
0.500598
0.305366
-0.187649
-1.000000
-1.000000
-1.000000
-0.426124
0.943189
0.315526
-0.725930
1.000000
0.551307
-0.164623
-0.459151
-0.709970
-0.144396
0.255028
-0.000929
-0.603169
0.270065
0.648653
0.070797
-0.003396
-0.196674
-0.248942
0.663785
0.222693
0.167196
0.194106
-1.000000
-0.021704
0.674019
0.147526
-1.000000
0.147400
-0.165552
0.761074
-0.992136
0.940083
0.394875
-0.894320
-0.387243
-0.549047
0.301137
1.000000
-0.111510
-0.888534
1.000000
-0.575493
-0.256265
1.000000
0.060373
0.467723
-0.468627
0.376233
0.306124
0.977215
-0.857115
0.882997
-0.567783
-0.311615
0.534682
-1.000000
-0.340632
0.652757
-0.008578
0.098642
-0.182071
0.093622
-0.797070
1.000000
-0.549648
0.804634
