-0.270098
-0.926551
-0.426896
0.863951
0.359529
-0.352505
-0.265486
0.643846
-0.721753
0.923137
-0.088833
-0.971891
-0.271099
-0.582101
0.612483
-0.149272
-0.290326
0.494961
0.175090
-0.874921
0.763411
-0.329027
-1.000000
0.408865
0.621417
0.346154
-0.646959
-0.249732
0.789501
-0.435889
-0.034242
0.924550
-0.059434
-0.924915
0.569432
0.645827
0.058070
0.633646
-0.193291
0.671367
-0.346316
0.549735
-1.000000
0.084914
0.254205
-0.319228
-0.265050
-0.948118
-0.837671
-0.187396
-0.039156
1.000000
-0.772581
0.123827
0.039811
-0.703260
0.192405
-0.530004
0.581316
0.831912
0.144589
0.060213
-0.693833
-0.032092
-0.148631
-0.339880
1.000000
0.676138
0.851192
-0.026746
0.064545
0.581990
-0.836272
0.576684
-0.849012
-0.388257
-0.869408
-0.007267
0.579215
0.604239
-0.748214
0.949864
0.256108
0.904371
-0.691852
0.887491
-0.607044
0.759299
0.177824
0.083947
-1.000000
-0.228218
0.908715
-0.036386
0.800132
-0.159889
0.459108
0.627053
0.793114
-0.664810
-0.658844
0.605042
0.739504
0.022292
0.292734
-0.386611
-0.400801
0.828085
-0.177307
-0.306343
-0.732095
0.076953
0.358128
0.042292
-1.000000
0.944619
-0.887885
-0.441092
-0.255550
0.503693
-0.024842
0.132770
-0.416806
-0.606447
0.543547
-0.430622
0.391917
0.971919
-0.502567
1.000000
0.503184
-0.000834
-0.589594
0.815768
0.937866
-0.752141
-0.667452
-0.726369
-0.111499
-0.441596
-0.095698
-0.476369
-1.000000
-0.843354
-0.566993
-0.889538
1.000000
-0.991774
0.240809
-0.143869
0.840051
-0.825805
0.884716
-0.118383
-0.960654
1.000000
-0.246691
0.214423
-0.098918
0.349433
-0.684546
-0.766213
-0.341578
0.791399
-0.673089
-0.156567
0.578806
0.774565
0.186480
0.196391
0.323983
-0.773462
0.889818
0.396196
-0.244075
-0.635069
0.708831
-0.281944
-0.856395
1.000000
-0.672206
-0.214223
0.390939
0.522873
1.000000
0.605319
-0.038018
0.438708
0.418119
0.700549
-0.511455
0.629528
1.000000
-0.412564
0.903615
0.580104
0.910663
0.104243
0.286303
0.147261
-0.423598
-0.076997
-0.768061
-0.326242
1.000000
-0.398899
0.583936
-0.093896
-0.243093
-0.476100
-0.636379
-0.919835
0.742640
0.716088
0.536229
-0.736732
-1.000000
0.364629
0.692386
0.077283
-1.000000
0.828657
-0.600353
-0.053816
-0.994465
-0.670670
-0.528793
0.188222
0.879712
-0.731371
-0.683802
-0.768195
-0.209577
0.364662
-0.516119
-0.720599
-0.124420
-0.571132
-0.006984
-0.136693
0.218343
-0.252125
0.775474
-0.393877
0.088209
0.303762
-0.076417
0.577714
0.669557
0.918569
-0.856587
0.286510
-0.947994
-0.258832
-0.034157
0.098858
0.815971
0.413211
-0.952505
-0.799017
-0.479794
-0.911408
0.286788
0.955297
-0.212354
