-0.610813
-0.993925
0.581675
0.750908
-0.543110
0.354962
-0.224925
-1.000000
0.006274
-1.000000
0.329774
0.982402
0.969989
1.000000
-0.924093
0.663905
0.635824
-0.130963
-0.981862
0.944900
-0.011821
-0.514991
-0.608159
-0.541710
-0.290106
-0.543556
-0.417537
-0.896267
-1.000000
-0.141017
0.387185
0.686699
-0.744357
-0.633857
-0.313926
-0.634194
-0.559541
-0.310788
0.866460
-1.000000
0.680902
-0.107430
-1.000000
1.000000
0.058347
0.683777
-0.758389
-0.835865
0.602912
0.265671
-0.303485
0.188948
0.114498
0.752199
-0.797854
-0.366121
-0.439237
-1.000000
0.745550
0.227225
0.082031
-0.158294
0.856127
1.000000
-1.000000
0.801739
0.103708
0.092352
-0.646907
0.346617
0.356951
-1.000000
0.268006
0.941468
-0.756871
-0.650993
-0.941878
-0.164633
1.000000
0.710495
-0.759898
0.202685
0.599621
1.000000
0.530551
-0.213584
-0.270120
-0.386941
0.381336
0.602984
1.000000
0.290814
-0.471268
0.676797
0.079970
-0.451715
0.892404
-0.543968
-0.808650
-0.445905
0.623711
1.000000
-1.000000
-0.366402
0.881768
-0.824389
-0.053687
1.000000
1.000000
-0.546292
-1.000000
1.000000
0.367772
-0.187123
0.630050
-1.000000
0.848685
-0.326033
-0.620013
0.815360
0.218056
-0.533612
-0.829159
1.000000
0.721909
-0.833033
0.643535
0.145465
-0.116066
0.441259
0.123607
-0.916543
-0.388955
-0.533329
0.037462
0.885664
1.000000
0.814535
-0.131380
1.000000
-0.877302
0.405560
-1.000000
-0.321095
-0.118158
0.234115
0.806178
-0.115863
0.190642
0.133925
-1.000000
1.000000
0.609528
-1.000000
0.834906
-0.413751
0.860756
0.673846
-0.214307
-1.000000
0.527398
-0.450045
1.000000
-0.934857
-0.772138
0.536816
-0.184662
-0.387239
0.939996
-1.000000
1.000000
-0.126768
0.667248
0.235051
-1.000000
-0.364658
-0.934736
-1.000000
0.711675
-0.128126
-0.372519
-0.810471
-0.394554
-0.380963
0.911725
-0.831227
0.641431
0.875813
-0.099275
0.897047
0.144920
1.000000
-0.179808
-1.000000
-1.000000
-0.489899
-0.553505
1.000000
-1.000000
-0.855155
-1.000000
0.830190
-1.000000
0.907503
-1.000000
-1.000000
0.394322
1.000000
0.891765
-1.000000
-0.948513
-0.039285
-0.480130
-0.571485
-0.752913
-0.721087
0.091533
-0.512760
0.949289
0.224823
-0.087503
-0.804093
0.219306
1.000000
0.790758
-0.346670
0.420591
-0.952286
-0.141547
0.183788
-0.641383
-0.805614
0.963464
1.000000
0.310085
-0.731148
0.232228
-0.786989
-0.664307
0.968985
-0.496260
-1.000000
-0.119830
-0.557694
0.249654
0.864629
-0.889202
0.214797
-1.000000
-0.567586
0.070013
-0.899798
0.383203
-0.467997
0.388201
1.000000
-0.208602
1.000000
-0.453090
0.078890
-0.532339
-0.200211
0.511217
0.613943
0.310341
