-0.906232
0.056167
0.023787
-0.553356
-0.453084
-0.024401
-1.000000
-0.977295
-0.936175
-0.814237
0.447419
0.389290
-0.641614
-0.475149
-0.271492
-0.564817
0.344308
0.951665
0.056104
-0.142034
0.265201
0.720663
0.917797
0.009229
0.282262
-0.961729
-0.267628
0.283593
-1.000000
0.602009
0.310245
-0.289920
0.623762
0.070406
-0.382143
0.273596
-0.852659
-0.574924
0.725745
0.143437
-0.761447
-0.623542
-0.719082
-0.759175
1.000000
-0.775756
-0.594459
-0.263007
-0.299373
-0.036277
0.086176
-0.710371
0.232203
-0.793770
-0.206162
0.517978
0.384482
-0.464085
-0.154942
0.023511
-0.670321
0.471107
-0.055911
-0.150535
-0.491814
-0.461822
0.171823
-0.932126
-0.277429
-0.569736
-0.305612
0.207767
-0.154218
0.267229
-0.969141
-0.106938
0.114708
-0.963397
-1.000000
0.131703
0.648539
0.451978
-0.654522
0.532426
-0.886129
0.754602
0.125729
-0.690657
0.922699
-0.682896
0.111845
0.374049
0.281752
-0.893010
0.337100
0.198237
0.960663
0.960172
-0.102897
-0.783774
-0.698188
0.426927
-0.984534
-0.694159
-0.908471
-0.039441
0.669522
-0.549674
0.551910
-0.216045
0.041949
0.086305
0.399821
0.822567
0.122404
0.020668
0.953109
-0.950730
0.268705
-0.827942
-0.637264
0.236785
0.853479
-0.011205
1.000000
0.578727
0.532312
0.056096
-0.587767
-0.717041
0.242165
0.269464
0.538138
-0.151798
-0.628709
-0.416055
0.468810
0.367745
-0.325579
-0.613112
0.173694
-0.894529
-0.318384
1.000000
0.476898
0.326490
-0.674792
-0.773903
-0.898099
0.294915
0.816953
1.000000
-0.295966
-0.435645
0.220008
-1.000000
0.197756
0.858568
-0.106908
-0.332211
0.463049
-0.536989
0.208264
-0.093805
-0.183497
0.461115
-0.605260
-0.030835
0.335133
-0.171640
0.861201
-0.840247
0.919986
0.276447
0.414765
-0.115349
-0.942119
-0.736173
0.602060
0.433591
-0.735551
-0.324226
-0.858666
-0.514233
-0.933155
-0.958138
0.707362
0.524913
-0.440426
-0.062014
-0.104743
-0.856409
-1.000000
0.984128
-0.491861
0.760552
0.968228
1.000000
-0.020913
-1.000000
-0.390789
-0.428584
-0.277136
0.100306
-0.605856
-0.167816
-1.000000
-0.965491
0.749309
0.306720
0.802225
0.763744
-0.107321
0.235868
0.028491
-0.396662
0.668091
0.124106
0.532208
-0.428086
-0.934517
-0.507947
0.447951
-1.000000
-0.133654
-0.794619
-0.923251
0.658915
1.000000
0.804260
0.589804
0.223356
0.455787
0.265021
0.726457
0.154396
-0.665584
0.094564
-0.996602
-0.548306
-0.562684
-0.864600
-0.537965
0.140073
-0.063210
-0.243755
-0.412025
0.905651
0.470224
0.092741
0.713789
-0.450277
-0.625205
-0.808933
-0.027673
-0.918737
0.006748
-0.193940
-0.154269
-0.550231
-1.000000
-0.105763
-0.489711
-0.127921
-0.745040
