-173.200000
3.000000
-1.000000
64.000000
-1.000000
-1.000000
2.800000
-1.000000
40.000000
-1.000000
0.483239
-0.570054
0.016305
-1.000000
0.788947
0.094233
1.000000
0.650705
0.529214
0.098605
-0.235510
0.142420
0.891672
-0.820730
0.455919
-0.658964
-0.394739
-0.849865
1.000000
-0.670465
-0.750588
-0.882590
-1.000000
0.688655
0.633340
0.725025
-0.827351
-1.000000
0.423850
0.103085
-0.369939
-0.093006
0.029509
0.666082
-0.315256
1.000000
-0.662844
-1.000000
-0.176299
-0.046012
-1.000000
-0.603673
-0.896231
-1.000000
1.000000
0.541884
1.000000
-0.215266
0.420358
0.374212
-0.201010
-0.870693
0.292174
0.761560
-0.502092
-0.837366
-0.468958
-0.983225
-0.348275
0.026985
-0.452719
-0.218066
0.700845
-0.476027
-0.896424
0.320283
0.840683
-0.333326
0.882791
0.662270
-0.489188
-0.937423
1.000000
0.651236
0.047094
0.258439
0.588962
-0.243237
-0.251588
0.028634
-0.646656
0.075861
-0.196872
1.000000
-0.020243
-0.994285
-0.053635
0.030273
0.075984
-0.492628
-0.643514
-0.616414
-1.000000
-0.166425
-0.060351
1.000000
0.408488
0.465431
-0.669178
-0.551065
-0.188707
-1.000000
0.122151
-0.011869
-1.000000
0.935826
-0.021990
-0.158704
0.222673
0.227308
0.598558
-0.454049
-0.170517
-0.421457
-0.212561
-0.295703
0.286594
-0.192121
-1.000000
-0.777066
-0.475731
0.225439
-0.376443
-0.265305
-0.723833
0.253414
1.000000
-0.385863
0.615893
1.000000
-0.071086
-0.408080
0.239685
-0.883687
0.729199
0.125772
-0.142169
-0.612676
1.000000
1.000000
-0.199860
-1.000000
-0.659965
-0.207944
-0.710144
0.110616
-0.425580
-1.000000
-0.183404
0.205362
0.610351
-0.426675
1.000000
0.181711
-0.443181
-0.702888
0.642343
1.000000
-0.289473
1.000000
0.780928
1.000000
0.848285
-0.328914
0.073494
-0.573025
-0.356904
-1.000000
-0.276383
0.210058
1.000000
0.125083
-0.819726
-0.067512
0.596318
0.126601
-1.000000
-0.722452
-0.741776
0.841764
-0.030549
0.993614
0.238992
0.562684
0.235272
-1.000000
-0.300938
-0.654172
1.000000
0.902969
-1.000000
0.590282
0.070963
0.611698
-0.148249
-1.000000
-0.035597
-0.699271
-1.000000
0.124528
-0.235993
0.747278
-0.801080
-1.000000
-1.000000
-0.180037
-1.000000
-1.000000
-0.853382
-0.290298
-0.545091
0.865182
-0.378748
1.000000
0.439150
0.381108
0.234229
-0.760191
-0.091075
0.307870
1.000000
0.624076
-0.843301
0.510857
-0.455977
0.430356
-0.399685
0.946462
-0.405907
0.669014
0.742782
0.167661
-0.180988
0.893760
-0.075180
-0.051708
0.590688
0.064852
-0.390837
0.662296
0.107504
-0.606036
0.603383
0.690789
-0.637770
-0.187848
1.000000
0.751497
-1.000000
0.537290
1.000000
-0.967502
0.134601
-0.105782
1.000000
0.471995
0.042305
-0.388992
0.353032
-0.856672
-0.733228
0.658676
0.904831
0.341862
1.000000
