-95.200000
4.000000
-1.000000
76.000000
-1.000000
-1.000000
49.000000
-1.000000
4.000000
5.800000
-0.647319
-0.701974
-0.714857
-0.116212
-0.508953
0.596778
-0.337064
-0.063611
0.101123
-0.965457
-0.480497
-0.315252
1.000000
0.261200
0.766122
0.493480
0.323886
0.364202
0.894564
-0.218724
-0.754937
-0.885818
0.472492
0.438379
1.000000
0.557435
0.134230
0.936554
0.003790
0.775776
-0.628950
-0.887582
0.550456
-0.792547
-1.000000
-0.857038
-0.087109
-0.283328
-0.121540
0.782225
-0.183156
0.371313
0.460256
-0.400655
-0.716172
-0.189131
-0.615126
0.041863
-0.411179
-0.484778
0.608508
0.859271
0.865073
0.679429
-0.290125
-0.484591
0.699240
-0.011398
-0.410268
-0.287882
0.387344
-0.568258
0.674951
0.288030
-0.816419
0.722651
0.866906
0.171101
0.478106
-0.235382
-0.812156
-1.000000
-0.853394
-0.977095
0.420759
0.201611
0.261260
-0.916150
0.417199
-0.747559
0.759050
0.919391
-0.753959
0.575128
0.737736
0.001374
-0.245878
-0.194878
0.957445
-0.321199
0.604064
0.413510
-0.537442
-0.747337
-0.547939
1.000000
-0.959913
-0.369050
0.186166
-0.374497
0.346138
-0.823589
0.187499
0.965540
0.264712
-0.717511
0.413056
-0.345934
-1.000000
0.226696
-0.474108
-1.000000
0.012809
0.911355
-0.275883
0.630043
0.527472
0.248234
-1.000000
0.963354
0.430630
-0.622292
0.726948
-0.389938
0.740020
-0.603449
0.288003
-0.788623
-1.000000
-0.376068
-1.000000
-0.423533
-0.960221
-0.580966
-0.260862
-0.542164
-0.545928
0.591716
-0.948990
0.405780
0.207720
-0.360001
-1.000000
0.796972
-0.895342
0.446089
-0.448029
0.737195
-0.206469
-0.044499
-0.743655
-0.596741
-0.110912
-0.190527
-0.469500
-0.337356
-0.743258
-0.499080
0.648965
-0.871679
0.460360
-0.804192
-0.441158
0.157309
-0.545306
0.031221
-0.431178
-0.408755
0.326153
0.941797
0.616570
0.471368
1.000000
1.000000
0.364143
0.371762
-0.937516
-0.447428
-0.421667
0.583330
-0.215493
1.000000
-0.616723
0.571780
-0.636045
0.863202
0.281473
0.847971
-0.395360
0.627707
-0.289745
0.528179
-0.723387
0.583911
0.156925
0.914231
0.650814
-0.924014
-0.610966
-0.382843
-0.854381
-1.000000
-0.635715
-0.123499
0.487152
-0.427575
-0.343944
-0.712844
-0.291145
0.165675
-0.297444
-0.190034
-0.088534
0.819639
-0.583757
-0.303503
-0.449461
-0.795510
-0.455625
-0.021866
-0.211206
-1.000000
-0.562909
-0.578236
-0.880578
0.023298
-0.203943
0.293711
0.049957
-0.085407
0.064132
0.726003
-0.760218
0.671280
0.655002
0.977284
-1.000000
-0.671600
-0.024004
-0.126537
-0.477864
-0.899968
0.664309
0.428590
0.699254
0.145255
-0.267824
0.389866
-0.389490
0.854582
0.589120
1.000000
0.339443
-0.498506
1.000000
-0.508501
-0.634491
-0.037235
0.676792
0.998346
-0.720889
0.720325
1.000000
1.000000
-0.866636
