-86.600000
3.000000
-1.000000
70.000000
-1.000000
-1.000000
64.600000
8.800000
-1.000000
-1.000000
-0.738398
-0.147489
-0.117059
-1.000000
0.190593
-0.020596
-0.237736
0.264150
-0.371079
-0.711731
-0.921125
1.000000
0.636211
-0.187609
0.660373
-0.899755
-0.525943
0.747547
-1.000000
-1.000000
-0.817746
-0.244242
-0.601399
-0.590191
-1.000000
0.196754
0.891696
0.977281
0.437364
-1.000000
-0.742646
0.386335
-1.000000
-0.135649
-0.764304
0.355293
0.083413
-0.906832
-0.299420
0.135366
-0.649352
0.766618
0.451473
-0.832545
-0.240061
1.000000
-0.059711
0.257591
0.215291
-0.493721
0.449890
-0.063591
-0.092041
-0.267405
1.000000
0.087370
-0.344691
-0.734159
0.276377
0.353371
0.334504
0.109192
0.826436
-0.973588
-0.937685
-0.790722
0.473862
-0.419474
-0.448315
0.062548
-0.677777
0.602959
0.497892
-0.244552
-0.471792
0.136947
0.144467
-0.635842
-1.000000
-0.484873
0.132791
0.219490
-1.000000
0.233741
-0.542610
0.773726
-0.042638
-0.718328
0.797098
1.000000
0.689245
0.102543
0.985526
0.019324
-0.023457
-0.041601
-0.897174
0.665703
-1.000000
-1.000000
-1.000000
-1.000000
-1.000000
0.600562
-0.064993
0.530606
-0.204780
-0.967694
0.072419
-0.790774
0.494527
0.723318
0.294971
-0.970922
-0.519065
0.124386
0.821648
-0.236053
-0.008484
0.621910
-0.497509
1.000000
1.000000
-1.000000
-0.382913
0.960205
0.209540
0.879710
0.445511
-0.057597
0.104762
1.000000
1.000000
1.000000
0.658528
-0.517491
-0.625659
0.243240
-0.455507
1.000000
-0.149138
0.766367
0.606955
-0.725598
-0.041841
-1.000000
0.562522
-0.841215
-0.205877
0.765844
1.000000
-0.311744
0.185655
-0.027320
0.088646
-0.695042
0.452153
0.398814
0.458298
-0.236786
-0.333862
0.537846
-1.000000
-1.000000
1.000000
1.000000
1.000000
-1.000000
0.467777
-0.528823
0.075086
0.192266
0.317990
0.016299
0.212580
-0.892875
-0.587802
-1.000000
0.205799
-0.956627
0.298763
1.000000
0.296268
0.802426
-0.247845
-0.158240
-0.873940
0.088705
-0.870067
0.119549
-0.860168
-0.746504
-0.799564
0.217163
0.927850
-1.000000
-1.000000
-1.000000
-0.570681
-0.494257
-1.000000
0.427036
0.551691
-0.183323
1.000000
-0.496676
-0.789745
-0.681282
0.078002
0.117812
-1.000000
1.000000
1.000000
0.123839
-0.086241
-1.000000
-0.195322
0.693657
-0.002702
-1.000000
-0.995046
-0.799021
-0.332059
0.760775
0.098357
0.072296
-0.886027
0.860441
0.770079
0.834026
0.234809
0.437772
0.198730
-1.000000
0.972024
-0.537886
1.000000
0.096008
-0.734561
0.877028
-0.362978
-0.718894
-0.890668
0.528452
0.679899
0.525999
-1.000000
-0.646922
0.262474
0.032103
1.000000
0.180076
0.451301
0.702261
-0.842780
0.625572
-0.463340
0.098015
-0.681348
-0.049252
0.667371
-0.005631
0.082205
-1.000000
0.288468
