-56.400000
4.000000
-1.000000
68.000000
-1.000000
-1.000000
73.000000
4.600000
28.000000
-1.000000
-1.000000
-0.099424
0.858118
0.428045
0.132275
-0.082053
0.263741
0.277211
0.834683
0.394103
-0.692985
-0.385482
0.643927
-0.104250
0.837950
0.990305
0.292189
0.923146
0.887203
0.538690
-0.012791
0.817207
-0.999387
-0.417321
-0.496981
0.174339
1.000000
-0.956530
-0.845038
-0.145083
0.774729
-0.228303
0.347088
0.236672
-0.526005
-0.817124
0.372208
0.284642
0.228673
-0.444181
0.453101
-0.860897
-1.000000
-0.772140
-0.569574
-0.381160
-0.599069
-0.423969
-0.066607
-0.092813
0.923181
-0.055105
0.494173
0.803226
0.226039
-0.779047
-0.354449
-0.332500
-1.000000
-0.773315
-0.053198
-0.866780
-0.426429
-0.243451
-0.101793
0.025118
0.501159
0.690351
-0.025288
-0.818109
0.588570
0.840248
-0.867901
-0.046791
-0.938171
-0.298825
-0.614121
-0.494982
-0.639056
-0.639093
-0.608478
1.000000
-0.864389
-0.254060
0.973897
-0.658694
0.461078
-1.000000
-0.142183
-0.614555
0.484892
-0.370247
-0.409163
-0.654626
0.758637
-0.022596
0.213364
-0.246472
0.318483
0.167636
-0.142720
0.465051
1.000000
0.397819
-0.398953
0.869176
0.772862
-0.492322
-0.597639
0.654158
-0.625743
-0.288040
-0.565055
-0.368186
-0.607525
0.426969
0.802211
0.139146
-0.051109
0.704330
0.447214
0.520113
0.784824
-0.533454
-0.760629
0.748758
-0.765451
0.158847
0.633553
-0.571315
0.005748
-0.668696
0.607800
-0.380318
0.924343
0.553866
0.951702
-0.936409
0.992816
0.020524
-0.623307
0.258869
-0.011466
0.252513
0.897140
-0.656132
0.321418
0.837243
0.435875
-0.332163
-0.644773
0.898614
-0.577314
0.472148
0.001196
0.739786
-0.177464
-0.165493
0.744704
0.233694
-0.088075
0.787145
-0.094448
0.113195
0.219144
-0.892489
-0.875590
-0.995665
-0.732183
-0.588746
-0.266742
0.423250
0.030916
-0.117367
-0.522024
-0.088234
0.041827
0.354417
1.000000
-0.819153
0.247958
0.863463
-0.815196
0.328401
-0.505867
0.041259
-0.092315
0.437002
-0.918916
-0.227722
-0.766162
-0.272947
0.405878
-0.381786
0.990603
-0.216223
-0.708859
-0.043837
-0.243512
-0.359924
-0.284617
-0.334518
0.052154
0.251776
-0.108441
0.543034
0.196419
-0.028162
-0.028472
0.696004
-0.788453
-0.875080
-0.933071
-0.712790
0.059978
0.576395
0.698203
0.795180
0.860155
0.695116
0.345711
0.266995
0.781017
0.687808
-0.210750
0.916079
-1.000000
-0.912245
-0.669046
0.992151
-0.705732
-0.435063
-0.077622
0.598213
0.559072
-1.000000
0.049254
-0.178510
-0.217392
0.597838
-0.710832
0.822743
0.676378
1.000000
-0.315888
-0.948107
0.703511
0.914521
0.226624
-0.990210
-0.761401
-0.376661
-0.534962
-0.150394
0.536381
0.037619
0.021646
0.741459
-0.271835
0.554737
-0.828316
-0.500127
-0.803578
0.999236
-0.656823
