0.427831
-0.371580
0.955558
-1.000000
-0.870317
-0.448614
-0.790890
-1.000000
-0.159755
0.920449
0.627598
-0.327488
-1.000000
-0.609109
0.298017
0.400362
-0.495202
-0.267205
-0.490969
0.548712
-0.698936
-0.109306
0.315948
0.334754
1.000000
-0.655238
-0.384888
-1.000000
0.215211
0.824299
-0.373965
-0.202573
0.528992
0.685452
0.288912
0.279453
-0.125008
-1.000000
-0.800671
0.374728
-1.000000
1.000000
-0.358539
-0.636348
0.001732
-0.375896
-1.000000
0.329758
1.000000
-0.053224
-0.294424
1.000000
-0.898502
0.179889
0.495849
-0.687201
0.886850
-0.263705
-0.384612
-0.097622
-0.833875
0.778109
0.462993
-0.125803
0.903170
0.944002
0.099357
0.319875
-0.458788
-0.712334
1.000000
-0.552618
0.549585
0.177378
-0.760614
0.391356
-0.804949
-0.946591
0.761134
-0.081649
-0.564393
-0.581029
-0.795527
0.580747
0.080301
0.728645
0.223401
0.990666
0.423027
0.950997
0.320693
-0.531962
-0.082269
-0.246509
0.037778
0.718953
-0.278164
0.190184
0.199581
0.272541
-0.711774
0.752840
-0.951966
1.000000
0.682934
-0.289461
-0.412275
0.816182
-0.367629
0.858769
0.607662
-0.721276
-0.610622
-0.412544
-0.139889
-1.000000
-1.000000
0.787237
1.000000
0.838894
-0.569746
-0.536151
0.572485
0.438200
-0.978182
-0.048792
0.694887
-0.681139
-0.795047
0.604976
-1.000000
-0.691698
-0.002119
0.295247
-0.374489
1.000000
-0.269660
0.943050
-1.000000
0.684447
0.567428
0.698308
-0.189608
-0.787254
0.475469
-0.965745
-0.130456
-0.349963
0.329115
0.870796
0.350962
0.494714
-0.403631
-0.309225
0.698901
0.729192
-0.244188
0.298186
-0.747186
-0.028023
0.665855
0.259673
-0.250918
-0.751921
0.459455
-0.544007
-0.129942
-0.065564
-0.519404
-1.000000
0.631237
-0.305997
1.000000
-0.539298
-0.399988
0.959312
-0.909502
0.757827
0.474255
0.409800
0.146934
0.600594
-0.203754
0.355011
0.701247
-0.822649
0.162323
0.178508
0.210664
1.000000
-0.403634
-0.208597
0.027948
0.268233
0.739277
-0.054758
-0.109236
-1.000000
-0.507785
-0.484779
-0.080664
-0.460352
0.281330
0.586360
0.046511
0.976671
-0.867140
0.988842
0.152350
0.325437
-0.205689
-0.180962
0.337466
0.991652
0.763850
0.575972
0.600035
0.106927
0.868747
-0.447442
-0.874178
-0.648897
-0.491608
1.000000
-0.672872
-0.379748
-0.580346
0.714899
-0.377471
0.480179
-0.351609
-0.789370
0.953315
0.329531
0.006596
0.170207
0.553661
0.459274
0.267134
0.012467
0.251553
0.536130
-0.824296
0.743736
-0.388998
-0.441635
0.208664
0.544262
-0.302763
-0.554175
-1.000000
-0.573040
-0.134390
0.144514
0.943778
-0.094486
-0.364071
-0.889580
0.316612
0.358660
-0.097930
-0.096967
1.000000
-0.862270
-0.950040
