-134.800000
4.000000
-1.000000
58.000000
-1.000000
-1.000000
52.600000
-1.000000
46.600000
58.000000
0.272154
1.000000
-1.000000
0.110045
0.741237
0.661453
0.972624
0.208262
0.537532
-0.301370
0.283511
-1.000000
-0.749561
-0.072118
0.300567
-0.857933
0.118116
0.596802
0.711565
-0.576314
-1.000000
-0.217972
0.804762
-0.178577
-0.020123
0.673249
0.360077
-0.105333
0.954886
-0.604580
-0.291503
0.938076
0.050789
-0.245664
-0.549201
-1.000000
-0.037808
0.138257
-0.349410
0.634580
0.712839
0.018574
1.000000
-0.377279
0.690407
0.513779
1.000000
0.233138
-1.000000
-0.769117
-1.000000
0.308253
0.770768
-1.000000
-0.416007
-0.439811
1.000000
0.461884
0.518470
0.990619
-1.000000
-0.687218
-0.492029
-0.143449
-0.760286
0.245428
-0.094718
-1.000000
0.933351
-0.334351
0.384562
-1.000000
0.255009
0.483834
0.743292
-0.358671
0.237341
0.528162
-0.363898
0.398742
0.186088
0.137068
0.137495
-1.000000
0.170862
0.384550
1.000000
-1.000000
-0.806873
0.196253
0.283793
0.556576
-0.964762
-0.587741
-0.739511
0.499937
-0.462849
0.223579
1.000000
0.123557
-1.000000
-0.734521
-0.357993
0.593340
0.066821
-0.950433
0.019758
-0.629567
1.000000
0.142281
0.888333
-0.329770
-1.000000
-0.259812
-0.547256
0.501299
-1.000000
0.875623
1.000000
0.779854
0.640613
0.622062
0.211171
0.236699
0.611729
0.146396
-0.294635
-1.000000
-1.000000
0.898055
1.000000
-1.000000
-0.340248
-0.444083
0.114707
-0.561040
0.363712
-0.852756
-0.559898
0.056303
0.789010
-1.000000
-0.018737
-0.000379
0.717572
0.146209
-0.276161
-1.000000
0.293620
0.933272
0.226406
1.000000
-0.969598
1.000000
-0.756885
-0.410427
-0.990343
-1.000000
0.397197
1.000000
-0.224520
-0.133712
0.907741
1.000000
0.716486
0.225954
0.651496
-1.000000
-0.207232
0.038204
0.656042
0.347106
-0.657213
0.091550
0.620833
1.000000
-0.706728
-0.690026
-0.422145
0.984684
1.000000
-0.235523
0.206899
-0.419049
0.297576
0.506558
0.843862
0.894045
0.457199
0.837996
0.293748
0.760353
-0.881036
-1.000000
-0.864857
-1.000000
0.235453
0.285862
-0.509486
-0.640032
-0.076893
1.000000
-0.259339
0.984389
1.000000
0.038010
0.699258
-0.760330
0.388903
1.000000
-0.206754
0.266214
-0.972634
-0.059032
0.440461
0.408114
0.766016
-0.658623
-0.366925
-0.019307
-0.502850
1.000000
0.503297
-0.054843
0.526334
-0.625235
0.849626
0.985631
0.383202
-0.202261
0.480126
-0.519249
-0.453157
-0.076857
-0.592645
0.127885
-0.195119
0.623777
-1.000000
0.314916
-1.000000
1.000000
0.334105
0.699958
-0.288805
1.000000
-0.448062
-0.237881
0.424489
-0.277016
0.023885
-0.440141
0.912552
1.000000
0.586714
0.361099
0.411340
-0.985279
0.244074
0.074639
-0.652512
0.322357
0.482216
0.526024
0.496491
