145.200000
5.000000
-1.000000
80.000000
48.000000
40.600000
64.600000
-1.000000
-1.000000
52.000000
0.704524
0.186714
0.572710
-0.511795
-1.000000
0.175012
-0.253599
-0.589100
-0.323960
-0.403025
-1.000000
-0.066746
-0.018027
0.186180
-0.270677
-0.095677
-0.293999
0.227434
-1.000000
-0.710176
-0.221910
-1.000000
0.227616
0.820959
-0.902552
0.062081
-0.323612
0.350020
0.351289
0.643775
-0.721729
0.205122
-0.626153
-1.000000
0.534990
0.509416
-0.383758
0.563349
-0.740667
0.372503
-0.639880
0.251338
-0.656662
-0.169697
0.161365
-1.000000
0.694533
-0.194271
0.918596
1.000000
-0.924094
0.725280
0.210802
0.137880
-0.506921
-1.000000
-0.202562
-0.563226
0.368413
-1.000000
-0.592388
-0.175165
0.405715
0.663705
0.286705
0.495783
-1.000000
0.616577
-0.278950
0.176160
1.000000
0.822056
0.454654
1.000000
-0.038498
0.530695
-0.084176
0.189221
-0.773770
-0.138137
0.444218
-0.174141
1.000000
1.000000
-1.000000
-0.641033
-0.136112
-0.603481
0.711220
0.741803
1.000000
-1.000000
1.000000
-0.333288
0.836329
-0.927369
-0.853826
-0.279268
0.658784
0.884828
-0.099851
0.174996
0.716962
1.000000
-0.064430
-0.939912
0.064319
-0.656360
1.000000
-0.319614
-1.000000
0.900481
-0.607969
0.194176
0.876516
-0.481368
0.905454
0.870606
0.084146
-0.838873
0.583166
1.000000
1.000000
0.517683
0.201963
0.812191
0.811017
0.480310
0.621488
-0.239863
0.449315
-0.023791
0.487771
0.309780
-0.650842
0.403622
-0.433366
0.149893
-0.283679
0.684472
0.012192
-0.289079
-0.778991
1.000000
-0.396566
-0.807830
0.499836
0.023404
0.455251
-0.300871
0.026170
-0.034679
0.664613
0.198410
-0.390966
0.951984
0.120557
1.000000
-0.750510
-0.177239
-0.498023
1.000000
-0.061758
0.696558
-0.792092
0.380782
0.844409
-0.258893
0.469427
-0.661237
-0.228352
0.738421
-0.439336
1.000000
0.410569
-0.448273
1.000000
0.550442
0.310206
-0.563414
0.116098
-0.680776
0.233373
0.252577
-0.564586
-1.000000
-0.966279
0.975413
-0.960392
0.662151
0.991176
-1.000000
-0.701709
-0.402919
-0.892280
-0.990163
0.225067
-0.257912
0.539731
-0.050725
0.139422
-1.000000
0.568592
0.789367
0.996908
-0.758519
-0.386876
0.049959
-1.000000
-0.845833
-0.488785
-1.000000
-0.135364
-0.307554
0.116489
-0.734600
-0.374146
0.323526
-0.035486
0.137593
0.437536
-0.115923
0.224814
0.708773
-1.000000
-0.469358
0.252175
0.486128
0.740701
0.544471
-1.000000
0.278798
0.616507
0.937988
0.268646
-0.728408
-0.364052
-0.365313
-0.031164
-0.398922
1.000000
-0.594274
0.582546
1.000000
-1.000000
0.279466
0.685779
0.246377
0.340639
0.627306
-0.673108
0.825288
-0.086303
-0.296913
-0.939633
0.933312
-0.469094
-0.673395
-1.000000
0.171238
-0.094523
-0.501180
1.000000
-1.000000
0.319900
