-168.800000
4.000000
-1.000000
30.000000
-1.000000
-1.000000
61.600000
-1.000000
1.000000
28.600000
-0.489261
0.190714
-0.121115
0.350179
0.811471
1.000000
0.140437
-0.726150
0.082503
0.893371
0.906067
-0.673781
-0.124461
0.681457
0.731958
0.015847
0.611286
0.642287
-0.369484
0.321156
0.858201
-0.405387
0.880666
0.215849
-0.006291
-0.041592
0.874136
0.116812
-0.680156
1.000000
-0.192041
0.093980
-0.593814
0.766570
0.085620
0.566653
-0.084832
-1.000000
0.549813
-0.273990
0.058468
-0.144513
1.000000
0.609354
-0.701118
0.669993
0.878831
-0.751679
0.423482
-0.387679
-0.257726
-0.971426
-0.979866
-0.651093
-0.952500
0.361994
-0.062755
-0.984864
0.988265
0.050764
-0.154414
-0.034973
-0.343633
-0.877293
0.909805
-0.433964
-0.961362
0.545146
0.885090
0.115467
0.436535
-0.577193
0.672202
-0.719455
-0.697009
-0.478312
0.660204
-0.102087
-0.757248
-1.000000
-0.521595
-0.020259
0.219246
0.857164
0.147755
-0.538847
-0.397276
0.678252
-0.436498
0.301707
-0.477251
0.834253
-0.335517
0.299730
-0.646600
-0.838088
0.307676
0.665160
-1.000000
-0.547928
0.045267
-0.430092
-0.171064
-0.802760
-0.130341
-0.764821
-1.000000
-0.261641
-0.631574
0.497391
0.037336
0.811617
0.552699
-0.811311
0.027755
-0.196631
0.547032
0.432691
0.251066
1.000000
-0.269573
-0.517850
0.334836
-0.262765
-0.005249
0.009869
0.539614
-0.083230
0.569736
0.163244
-0.777099
-0.985833
-0.132546
0.385718
0.479750
-0.589492
-1.000000
-0.791317
-0.999798
0.232533
-0.752802
-0.347923
-0.260601
-0.478059
-1.000000
-0.959411
-0.564033
-0.448746
0.780611
0.472424
0.242248
-0.564207
-0.033808
1.000000
-0.119141
0.297788
-0.731389
0.510267
-1.000000
-0.424169
0.158237
0.266442
0.128034
-0.171174
-0.297362
-0.513723
0.957875
0.918065
-0.351165
-0.840484
-0.029589
-0.651651
0.463558
-0.419549
0.888425
0.662089
-0.704375
-0.068938
0.220064
0.802731
-0.170584
0.193881
-0.870630
0.359242
0.168155
0.707692
-0.074884
-0.133871
-0.555320
0.237898
0.951341
0.408983
-0.051047
0.042601
-0.702208
0.853898
0.213601
-0.680594
-0.613567
-0.755526
-0.920506
0.447648
-0.326310
-0.642408
1.000000
0.415451
0.048666
-0.200162
-0.105206
0.356489
-0.061604
-0.267134
0.669682
0.747028
0.290076
0.289260
-0.060516
0.486613
0.300772
0.065685
0.564695
-0.536713
-0.159550
-0.482558
0.115445
-0.780487
0.067703
0.747896
0.319295
0.389409
-0.793440
0.411288
-0.260084
-0.510396
0.516311
-0.841867
0.320050
-0.082495
0.690711
-1.000000
-1.000000
-0.283616
-0.918789
0.665310
0.631726
-0.822545
0.206193
0.731082
0.498412
-0.224593
-0.388107
0.065133
0.600712
-0.549959
0.921017
0.157327
-0.811977
0.316907
0.333958
-0.249668
-0.234502
0.242686
0.402179
0.068986
-0.135777
