45.800000
4.000000
100.000000
82.000000
70.000000
-1.000000
53.800000
-1.000000
-1.000000
-1.000000
-0.868844
-0.588992
0.042721
0.168871
-0.424546
0.507185
0.602124
0.901396
0.229141
-0.495547
0.426445
0.884405
0.086393
0.087433
0.074938
-0.696255
-0.468725
-0.104334
-0.108307
-0.305790
0.058485
-0.454713
0.780256
-0.259606
0.980733
-0.812374
-0.600503
0.358582
0.832198
0.149622
0.877154
-0.438693
0.624563
-0.953776
0.758171
-0.938156
0.914653
-0.386682
-0.381918
-0.117431
0.284000
0.621707
0.605001
0.424634
-0.757886
-0.014016
0.489815
-0.430405
-0.364756
0.769058
0.955848
0.240768
0.965530
-0.029984
-0.130464
0.363545
-0.403664
0.760122
-0.266182
-0.678915
-0.747846
0.383676
0.427554
-0.892383
0.055743
0.894510
0.180231
-0.089268
0.431470
0.931154
0.838965
-0.662836
0.224582
-0.733012
-0.772040
0.330793
-0.480866
0.937284
-0.007631
-1.000000
0.765873
0.882502
-0.535890
-0.117972
0.229473
0.517437
0.979360
0.752788
-0.951294
0.822301
0.496207
-0.605478
-0.529829
-1.000000
0.425422
-0.724450
-0.844161
0.747849
-0.288860
0.010029
-0.303589
0.013463
0.175811
-0.538210
-0.473744
-0.429216
0.708691
0.973806
-0.262157
0.480074
-0.805989
-0.167309
0.786953
0.395635
-0.471829
-0.189698
-0.769553
0.113220
-0.678585
0.394764
-0.360837
-0.214419
0.308941
-0.453900
-0.066257
-0.297617
0.332268
-0.616717
0.367029
-0.670944
-0.025920
-1.000000
-0.683412
0.399786
0.797004
-0.428169
0.384936
-0.409315
0.008551
-0.073536
-0.968084
-0.757907
-0.970458
0.729933
-0.373365
-0.561908
0.593473
-0.175858
0.455500
0.608116
-0.840504
0.502892
0.749810
-0.699624
-0.558296
0.676820
-0.515271
-0.303125
-1.000000
0.923329
-0.670094
-1.000000
-0.509118
0.606626
0.521639
0.408341
0.473994
-0.985988
0.255231
-0.373161
0.554874
0.421439
1.000000
0.058396
0.885035
0.650588
0.049108
-1.000000
-0.938175
0.376434
-0.050870
-0.946705
0.383375
-1.000000
-0.346443
0.275309
0.640841
-0.383941
-0.402798
-0.360750
0.603386
-0.298191
0.906135
0.590362
1.000000
0.875420
-0.725503
-0.624590
0.168614
0.836620
0.304331
0.472813
-0.147641
-0.561366
0.304051
0.670810
0.925352
0.310279
0.502860
-0.992566
-0.730100
-0.530174
-1.000000
-0.061462
-0.267544
0.609617
1.000000
0.476041
1.000000
-0.886091
-0.925100
0.242548
0.026012
1.000000
-1.000000
-0.643937
0.514027
0.238718
-0.113280
1.000000
-0.379299
-0.163925
-1.000000
0.482444
0.658421
-0.341698
-1.000000
0.223180
0.945710
-0.946494
0.005399
-0.059682
0.147833
0.526654
1.000000
-0.770087
-0.726342
0.966408
-0.011795
0.021530
0.366962
-0.265014
1.000000
0.221763
-0.759113
0.036378
1.000000
1.000000
-1.000000
0.143955
-0.338996
-0.908057
-0.300197
0.344342
0.146825
