2.701520494031495190e-03
7.827383378844723349e-01
6.635143213221075253e-01
-9.575401361259390232e-01
1.046637543429843609e-01
3.976412071267293458e-02
-3.212675193875857982e-01
-6.949596210208184299e-01
-1.784118484534409355e-01
7.777278101059941218e-01
5.845630891485820158e-01
-2.847518605403296377e-01
8.954508346154064213e-01
7.414501009092591133e-01
-6.822121345499394529e-01
-7.982537689514599411e-01
-4.448373775185514578e-01
2.579255024762352466e-01
-4.273122277420002835e-01
4.134586489952247756e-01
-9.190176102700908789e-01
1.501990093675677485e-01
-1.289183919703684733e-01
5.511506117912494673e-01
5.161290494387242855e-01
7.536770220729602787e-01
8.341542163408630084e-02
-3.032754708447871206e-01
-6.290106661477005145e-01
-4.285980510136767618e-01
3.259721024979986836e-01
4.335305267963247555e-01
3.819759613539278620e-01
-6.406428599302356197e-01
8.489554081422840959e-01
2.560958641209079012e-01
8.680590911070289462e-01
3.771389150728656769e-01
-7.736943956615989215e-01
6.499492332210166090e-01
-7.082503264579018687e-01
-1.789042263262641264e-02
6.602755325303308886e-01
-1.487980679529989914e-01
-6.318726089035451299e-01
5.633232161927015369e-03
6.339109241550759943e-01
1.188301388349159993e-01
-1.951571138332919286e-01
-2.864452231234022594e-01
-3.638984368599824659e-01
-1.805374693949519660e-01
-8.128478775015193225e-01
-5.767384516312386022e-01
-4.522549400932033836e-01
-6.887426559790569280e-01
-3.576755615821425316e-01
3.001496856511776112e-01
7.000826566101099324e-01
-5.818363479559329754e-02
-1.000000000000000000e+00
-9.756705594284329486e-01
1.064898022512721365e-01
5.612478692786790901e-01
-3.388253942959995602e-01
-4.737240669985174346e-01
3.432184764371393193e-01
-1.000000000000000000e+00
-7.255637357516029340e-01
2.947376821889583498e-01
1.000000000000000000e+00
-9.663441388326972081e-01
1.137288981315443537e-01
-7.435490193772398282e-01
-3.815017821717985314e-01
-5.904178706776037622e-01
1.958551102036438785e-01
-1.918908357823477795e-01
-9.563062198986074236e-01
-2.759531475855452332e-01
-6.847808871415206333e-01
2.788954680456228186e-01
6.530069703501016898e-01
3.615485219863723287e-02
3.000121565521893796e-01
9.486524544742980236e-01
4.371469541774597456e-01
-1.819991569991150637e-01
6.428857408950403585e-01
9.040650173961231051e-01
-9.059362721066207547e-01
-8.457879817483027196e-03
-3.515584997825237368e-01
-5.645620705806653206e-02
-8.368900682103337374e-01
4.878088676340985863e-01
-9.398926236722335847e-01
8.327827129637509485e-01
-4.040400521925098243e-01
1.495340342418020052e-01
-1.312135099021780604e-01
3.489758220795298183e-01
-9.924733629598367912e-01
2.460780161845003144e-01
-7.946622408099512924e-02
1.000000000000000000e+00
6.065046023250264540e-01
5.321309048381608342e-01
1.000000000000000000e+00
-8.002177713828011463e-01
6.465044078125177229e-01
9.594173418663471953e-01
-9.224035980833256154e-02
8.084237248364924966e-01
-3.536801533933985331e-01
2.082382063893708501e-01
1.156135352337100963e-01
9.293012448508972678e-01
-2.655965676746203652e-01
-5.645620396242456707e-01
8.102163446367385280e-01
2.564107710135698492e-01
1.000000000000000000e+00
-3.100209095822492600e-01
-9.963877986869360548e-01
-9.393980186226060791e-01
-1.000000000000000000e+00
-2.877973528569288675e-01
-4.436773517073937523e-01
-3.921367276296388038e-01
-5.296406638455426474e-01
-9.988275163412436708e-01
-9.100046213372218196e-01
5.794928413593980476e-01
-1.506357678412121870e-01
-7.127082492353262744e-01
-1.000000000000000000e+00
-3.945191012735520530e-01
4.961177021494893591e-01
-1.000000000000000000e+00
4.316900121059211171e-01
6.141912975893403237e-01
6.482049684218447183e-01
7.436492694631622324e-01
4.522356370829627714e-02
-8.666006977300015901e-01
9.546986099878831400e-01
-5.675188220994036303e-01
5.036282240788836351e-01
-7.154751192437913687e-01
-8.946632499556206319e-02
1.000000000000000000e+00
3.061658342609738237e-01
-1.000000000000000000e+00
4.098612790874769374e-01
-9.351175376923632765e-01
1.000000000000000000e+00
5.230214130274568607e-01
-2.298830592888366775e-01
-3.330821266458650065e-02
-2.039974658705177024e-01
-5.879532614625440079e-01
-2.415611620377127178e-01
3.700183618059862400e-01
-1.596840961694607763e-01
9.209501192590252572e-02
3.659113503653709243e-01
-5.863062478382032872e-01
7.646896562934195618e-01
1.908504104362014342e-01
6.545180568260868803e-01
1.000000000000000000e+00
-1.000000000000000000e+00
8.273170146786172907e-01
-9.355886144763525536e-02
5.034796893567010656e-01
-2.250985218385583853e-01
-6.145500247370967450e-01
2.007207786579972009e-01
7.842987600030082440e-01
4.153485454498245799e-02
2.735009604084879253e-01
-9.133744732340944861e-01
2.225458886934296443e-01
8.120480030364984891e-02
-3.354725606184847386e-01
3.193548235725418571e-02
3.295426738613960183e-02
1.000000000000000000e+00
-4.062646703516676894e-01
-5.793228368684408824e-01
1.045410136171265325e-01
9.274305591818094996e-01
-9.923725071376154894e-02
-4.419754927179435633e-01
-1.000000000000000000e+00
5.389809611627831565e-01
-5.674228485980850056e-01
2.409120858301263823e-01
-1.132718754415544815e-01
5.606663223212113856e-01
-5.175607756612017329e-01
-5.318018327855620342e-01
1.340606849757096097e-01
-9.530236813171721888e-02
-8.613668631519527663e-01
-3.354507317641046704e-01
-7.803634471332461242e-01
-2.861585113950638748e-01
-1.000000000000000000e+00
5.820014402837223599e-01
-2.572705886932324937e-01
-2.808808816697840882e-01
9.456555381357956147e-01
-1.000000000000000000e+00
4.673017521058253632e-03
-2.023542256031836128e-01
9.702339612900436894e-01
-8.147506174946306245e-01
-1.000000000000000000e+00
-3.675210783175408835e-02
-6.898494082261374949e-02
-8.934095201158152033e-01
-5.596720311137870496e-01
2.586390006339140957e-01
-4.540313481182618460e-01
-1.404473207201755169e-01
1.280036769517143291e-01
-3.355261188619429458e-01
-4.623614070302973222e-01
-4.751769790003357308e-02
8.676111591418314006e-01
-8.679542364411350075e-01
-6.275030894917623669e-01
8.129368464422070950e-02
-1.000000000000000000e+00
-5.441199172490148728e-01
-9.776011723750499538e-01
2.076448453111368053e-01
4.884496943648172218e-01
-4.051906486220548942e-01
6.612696998237199697e-01
-4.786350916305722736e-01
2.677238596354486466e-02
-2.583946932434111332e-02
-9.125576868341660486e-01
3.524474664621226605e-01
4.906381493558222839e-01
1.000000000000000000e+00
3.663126969635062125e-01
6.239377348212011842e-01
9.077927081108954077e-01
3.627312620248543951e-01
4.671620013029742502e-01
4.910416979057070641e-01
-2.484814111915336632e-01
2.558223364054483806e-01
-3.931846753400176642e-01
-8.016640920746704868e-01
9.728119679278183218e-01
5.155179804882128458e-01
9.349887719154585941e-01
-4.119364194466011986e-01
1.597824544228185761e-01
9.341407328982098690e-01
