-1.587888594371045237e-02
5.991176274535947588e-01
-2.730071027081280022e-01
5.962429551115260296e-01
7.807226804186000457e-01
-1.000000000000000000e+00
6.792577942365065624e-01
2.154220430698994271e-01
4.144070987272163720e-01
-7.078192197331392155e-01
1.684760944446365150e-01
4.034332512913141322e-02
1.657654508004802185e-02
1.636498321108108556e-01
-5.584338840558124017e-01
5.612332713616197122e-01
-1.335775321728989162e-01
-8.647865664882553594e-01
9.263449869165238937e-01
-9.092413492557955834e-01
-1.000000000000000000e+00
6.339776939012577994e-01
6.926752380971764600e-01
-9.238817318322061212e-01
-1.746753481241548056e-01
-3.662651461201884562e-01
-7.645378625191712185e-01
3.697010391249968553e-01
-7.039248721794337804e-01
-5.325357980086138365e-01
-8.174382908235153788e-01
-1.000000000000000000e+00
-6.875653042391298708e-01
-1.000000000000000000e+00
2.852419423186960401e-01
5.519496148666993562e-01
-6.666450091041790094e-01
2.766520890400707700e-01
-1.489524391968123362e-01
-7.666236508499464364e-01
-2.285834446053791602e-01
1.000000000000000000e+00
2.059626603815254975e-01
-9.095020787082717106e-01
5.994671063375480724e-01
-1.800662167902287170e-01
-1.708915469798224507e-01
1.000000000000000000e+00
-6.997304770664623808e-02
7.521480882932789491e-01
-5.092619838860708015e-01
1.649410244986435625e-01
-5.491380058126438257e-03
-8.835879477643127089e-02
6.746161188491837102e-01
2.340666971040175071e-01
7.181532086030133211e-02
-1.000000000000000000e+00
-6.987537886783653507e-01
-2.909197592824328549e-01
-6.717749855631516276e-01
3.930950776478647768e-01
-1.139193055726539505e-02
6.746303814856164927e-01
7.833670098755668443e-01
4.956863118002230451e-02
1.687746037440729374e-02
2.193645133280521797e-01
-9.490954278363987751e-01
-9.234383438092796936e-02
4.662271867823932769e-01
-8.138068467148136254e-01
-2.563543577593855316e-01
4.254464172175456693e-01
-1.226559417569019761e-01
-4.082675750633633083e-01
-6.479071324523111297e-01
-1.000000000000000000e+00
3.469828973701428732e-01
1.701911345422292832e-01
7.197296023972010737e-01
-2.411471568058041748e-01
-5.703176702668742992e-01
-1.000000000000000000e+00
2.697895676737898096e-01
-8.080602253623117015e-01
2.972130983581893204e-01
-5.171094304056050861e-02
5.515369156130427442e-01
2.467328884294137659e-01
7.368556855065842015e-01
4.438542225725383705e-01
7.973110735322646025e-01
8.062416114312713766e-01
-6.234610385621808248e-02
1.045267965917804354e-01
4.062527370509654290e-01
8.722569279962125721e-01
-4.345597984542441949e-01
-4.693356933867252612e-01
1.853896406088280102e-01
2.710146256602679049e-01
-4.139446183484780106e-01
4.258333634996449568e-01
-1.000000000000000000e+00
-1.114378060789600333e-02
6.172814961935371159e-01
-3.556019730772630449e-01
-1.544842625473486497e-01
3.728880267126288839e-01
-6.590399911408377776e-01
4.889115008512079363e-02
-1.083436954756711312e-01
7.513658271080335682e-01
-2.875985159588947404e-01
-5.251050903209149023e-01
-7.394871030086520580e-01
1.000000000000000000e+00
-3.069570797054408384e-01
-8.848424693111827111e-01
2.008584998470330785e-02
-7.550557509381765620e-01
8.733043453918598598e-01
-6.144167271153586629e-01
9.377508137931001020e-01
4.355478546453449562e-01
1.000000000000000000e+00
-2.441778698821905902e-01
-4.378355984784507715e-01
-8.895706612498965882e-02
-8.286355291911988719e-01
5.338008058211243245e-01
-5.652585948449426745e-01
3.624304231493447048e-01
-1.034183611373253320e-01
-3.883903267178491214e-01
-1.397640920320570301e-01
-1.980425599068258435e-02
7.988339445187830901e-01
-2.581866520408105381e-01
3.963185361830534603e-02
4.438128100190517067e-01
-7.987663027710927288e-01
-1.062935499118461760e-02
3.642954664328201808e-01
-2.402510636020548929e-01
1.000000000000000000e+00
1.790027380050719374e-01
-6.762723496348415075e-01
9.452502304841425840e-02
-6.778727113345761612e-01
1.153479453060362037e-01
-1.524099319038976219e-01
4.722056156193066290e-01
-4.073124411695957514e-01
-7.900255415426222783e-01
7.704257882529501333e-02
3.114707694099383972e-01
-8.746555967553988342e-01
-1.000000000000000000e+00
5.596614505148123087e-01
-5.729071164827508333e-01
-4.528543668827901825e-01
-9.796721034615922807e-01
-6.503929646353333593e-01
5.937948738890903577e-01
-7.674091699067100425e-01
5.962843324036657400e-01
2.644613854485604598e-01
-8.289430494893506030e-01
2.033261819016991545e-01
-2.299860230919379411e-01
1.000000000000000000e+00
-4.759874922352974602e-01
-6.478208133810234859e-01
3.959509323660677094e-01
4.451066074456903054e-01
1.974952885938049407e-01
4.481369229664555753e-02
3.110173818952248759e-01
-3.279671781918813700e-02
-4.229531909409023349e-02
-3.219080975201683570e-01
1.000000000000000000e+00
7.101860583267227689e-01
2.782459319817565113e-01
4.374185975582702834e-01
-1.000000000000000000e+00
-8.235796744192960261e-01
4.698477992863470121e-01
-1.000000000000000000e+00
7.168613409300377270e-01
5.974051794118770964e-01
2.126344917665250467e-01
8.130212510029080075e-01
1.459329795183517131e-02
-7.457042724287732405e-02
-3.194343872683957919e-01
-3.428936543209666343e-01
1.000000000000000000e+00
4.974248102618423761e-01
-5.328256921662823942e-01
5.990915135562724370e-01
-4.985526243965101578e-01
-2.856107220500645472e-01
7.599529619102567413e-01
-4.976320574590011869e-01
-4.441862242238499014e-01
-1.000000000000000000e+00
9.534553190668622058e-01
-6.864830685116647402e-01
9.598772955618826153e-01
3.415137650378285983e-01
1.000000000000000000e+00
7.413641384123786926e-02
-3.454128864721106584e-01
-6.431928544270359982e-01
9.575514483717896264e-01
-4.853058931796860875e-02
6.189024034274415165e-02
5.844601943874847549e-01
3.665765886217431380e-02
2.408998487464797389e-01
9.465984290792880396e-01
1.992141338498803690e-02
-7.845905486347135582e-01
-9.216290073304644892e-01
8.785137562929452582e-01
1.624885928825385850e-01
-2.256905708726029136e-01
-3.270012849433620028e-01
-5.264443720280820305e-01
8.066352781527543758e-01
1.716666735585123393e-01
-4.783853141755740612e-01
8.309280953203235232e-02
-7.688386601187013891e-01
4.541944928907017953e-01
1.000000000000000000e+00
3.390294226107774117e-02
-5.312159749932774400e-01
-3.607285045873266927e-01
-1.000000000000000000e+00
1.000000000000000000e+00
-1.690185672969471975e-01
-7.627220983887714745e-01
4.973938308840322176e-01
-1.000000000000000000e+00
-2.857391569819440758e-01
3.936872049171258325e-02
-8.807825601163876694e-01
-9.147692027261704606e-01
8.018853778182191139e-01
-4.990818853991932924e-01
7.356064084317511798e-01
5.197529767367674580e-01
7.054476356427774597e-01
-9.927057107452119666e-01
-4.633423181787086342e-01
8.389972193131192135e-01
4.871526925503228966e-01
-8.070323875885456744e-01
3.238296233802937518e-01
-5.739210292633278865e-01
-7.923479131697706013e-01
