6.612642179697161282e-01
2.294000746373803246e-02
-3.547833459663836120e-01
-9.491229342567979455e-01
8.066121411872642089e-01
4.246597288724349717e-01
-4.701984471064757365e-01
4.569262620427446686e-01
-1.603643805569274772e-01
6.301839627505227970e-01
5.557840214163660697e-01
6.443972160140800653e-01
-1.000000000000000000e+00
4.079008918914093229e-01
-2.772540457420051840e-01
3.692303493084523325e-01
-7.104059264349960046e-01
-9.385987027473319255e-01
9.951633974703910646e-01
-4.831276659055172562e-01
-7.081632026600974683e-01
1.287692600035887924e-01
3.909780205049036006e-01
2.404283511009088770e-01
9.510928252637101954e-01
7.506441802568568633e-01
3.351660216004890280e-01
9.202497693900837383e-01
-8.714630148697584122e-01
-1.593300501141461378e-01
-9.540610275879876645e-02
6.647627173505230580e-01
2.269791580570494904e-01
-2.552743635812149137e-03
2.169106311025986722e-02
-3.626063038273866779e-01
4.915358903100965904e-01
-1.000000000000000000e+00
-9.188956587299925705e-01
-1.000000000000000000e+00
7.427550227847050657e-01
1.000000000000000000e+00
-7.290743810681881154e-01
9.772736634767826835e-01
-1.438367831248974493e-01
4.852089035802855665e-01
6.997914023961087082e-01
-3.306968208039138268e-01
-1.000000000000000000e+00
2.761842030568109063e-01
2.971671832112813827e-01
-6.033905466651310334e-01
-3.827828744386141402e-02
-1.061724211235277604e-01
-2.589138645532618188e-01
-3.790013897727271264e-01
-8.896570905298593068e-01
5.187679779050835549e-02
4.225885008395018350e-01
3.917837186654999915e-01
7.844421290648797562e-01
4.479255870591818400e-01
-1.108869991111669506e-01
-4.652422287535922241e-01
1.000000000000000000e+00
-9.462777973884928251e-01
8.300455019992816208e-01
-7.784181340401628013e-01
-9.830585520831098822e-01
-8.007396278591090155e-01
8.345390653015263283e-01
-8.244930623069448572e-01
-3.738488401321267141e-01
4.113371496672759697e-01
7.686414919905133480e-01
-3.826781953275890658e-01
-5.856564431348374455e-01
-7.686673082789357014e-01
-5.247171267816662654e-01
9.938238965356593901e-02
1.000000000000000000e+00
9.792424819384386581e-01
-8.716243467612757589e-01
1.000000000000000000e+00
-1.048805690046286099e-01
2.770779640798652910e-01
-6.016689554072921498e-01
2.054464556632323857e-01
6.112320675542541881e-01
-6.134665518919282245e-01
8.029817961100629287e-01
-1.880408028507511708e-01
-8.701228451403502095e-01
7.466290794384325968e-01
1.273491552386407655e-01
-4.128327459367788776e-01
-7.614738743732265558e-01
-3.204206099416191389e-01
6.755898671391202814e-01
2.597257380406027272e-01
-9.122789235383332862e-02
3.184004226474494992e-01
9.432929229478030919e-01
2.984506595230391746e-01
-9.596868474831925511e-01
-8.936859380461010804e-01
-6.014504561170683772e-01
3.037857410885876353e-01
-1.245791749547533467e-01
-6.601699654645583060e-01
1.000000000000000000e+00
-1.230065096758568011e-01
-4.468082184165171888e-01
-2.408613343558549946e-01
-3.450443227905501953e-01
9.284128281864896248e-01
4.590194426155889129e-01
-7.638966909321924792e-01
-9.249896672154727106e-01
-7.163381314525343324e-01
2.883298010999646444e-02
9.977990379308259161e-01
-4.116395783129944697e-01
2.356108303834585360e-01
5.586717651794333994e-01
8.405689343292889193e-01
-5.877187285798759486e-01
-5.043402338541607133e-01
9.643864135018642703e-02
-6.519142283645786851e-01
3.838176264177668440e-01
-2.430131537810724107e-01
-9.248491421917164335e-01
6.476908940691770145e-01
9.154703449203140941e-01
-3.092889328642587365e-01
9.351339601345254327e-01
-4.096786263804053085e-01
3.580063861506022072e-01
5.961143797619001816e-01
-7.908722536691885630e-01
4.792870025891377561e-01
-2.055296353924480623e-01
4.065120518340223921e-01
-9.820442355988723282e-01
-6.183960741920129234e-01
5.433530081087647456e-01
1.000000000000000000e+00
2.909024273135085714e-01
-1.245265917000597522e-01
-6.658399027567514228e-01
8.142330475326774453e-01
-2.909867693302203850e-01
-9.697139078820338209e-01
-3.450990711963833890e-01
-8.802175906885609802e-01
-3.810504599803476999e-01
-5.024402565111945052e-01
2.728934214073401865e-01
-9.631316194658877672e-01
7.391933958679490768e-01
-7.945330511180306310e-01
7.662211716850448884e-01
5.037121594725602058e-02
-7.876356571384057759e-01
-2.943568993694305469e-01
6.399767340174393748e-01
1.397399319142387242e-01
7.716729378658917504e-01
1.557190435667552553e-01
-7.571521257044655506e-01
9.036453704102129780e-01
9.493861692363199101e-01
9.856495195735996973e-01
1.284974349647931557e-01
3.460420520612412787e-01
9.768020892554054591e-01
6.253942701235932766e-01
-8.337169195684834833e-01
8.524740383102120678e-01
2.983690330888659759e-01
-2.740439900702529297e-02
-7.316775524204678360e-01
-3.323334059939213603e-01
-1.834046705611114270e-02
1.000000000000000000e+00
-4.256359810808245658e-01
7.626285883313089764e-01
3.070746614563784060e-01
3.712786430238468327e-01
-6.263708848270170826e-01
-6.735238248894579449e-01
-6.195988719739108364e-01
5.618691119807786016e-01
1.000000000000000000e+00
2.060646647509949414e-01
-6.875640285763311432e-01
1.000000000000000000e+00
5.738434563255212506e-02
7.421895511841523074e-01
1.000000000000000000e+00
-9.154587956049538011e-01
7.421284647970669557e-01
-3.580981250897734558e-01
-9.565553559946249340e-01
4.563297136713315716e-01
7.239989220552895954e-01
-9.642457886635613651e-01
-1.161090746301542964e-01
-2.567293995223662861e-01
-4.863382590517486004e-01
-6.554585570114348503e-01
3.906331740268713659e-01
7.681832633369491958e-01
-2.386528559109005743e-01
1.748204643366180200e-02
-5.455451043795407351e-01
1.776604401391914667e-01
5.232093546647464954e-01
5.303824602525906151e-01
-5.373818803523215948e-01
7.137388957290997649e-01
3.440157751348651427e-01
-2.141966584042114263e-01
4.966876970519595175e-02
4.661543500189311295e-01
-8.610955988829498420e-01
1.964097577541568107e-02
-5.429438762915574923e-01
-6.914720132978318112e-01
-9.607031142487636455e-01
2.778055935778289687e-02
6.921274769187106823e-01
1.000000000000000000e+00
-5.039469738481330285e-01
3.096561410099929468e-01
-3.258060666204356526e-01
7.088665289793395496e-01
4.490878811027652073e-01
-5.107734240029582207e-02
-1.333058770801229809e-01
8.637933100631971506e-01
-2.375261583995766923e-01
-7.914108124421077584e-01
1.000000000000000000e+00
4.120269241086109702e-01
7.216583608839852726e-01
-6.018991426075905732e-02
-2.075330503694436945e-01
5.269458212961448673e-01
-1.786647870343429645e-01
-3.350349833672433553e-01
-2.869913518623179449e-02
8.168059627307882042e-01
-8.703558677756294271e-02
9.013072646692843470e-02
-2.237970684582855085e-01
5.301424204814493280e-01
-2.986080665587624861e-01
-6.250651559998094964e-01
2.141450593171416728e-01
1.102024389719269415e-01
5.573091474467442019e-01
-8.707117443380407718e-01
7.192402176739212116e-01
