2.097748304443793899e-01
-4.486280179900292708e-01
-3.905815632738378618e-01
-7.032731618014296249e-01
-4.136744640379366178e-01
8.375238271298819370e-01
-1.286474707369451020e-01
-5.297464891708643098e-01
6.296287418147863413e-01
-1.000000000000000000e+00
4.538413081098413571e-01
-9.327061725812719750e-01
9.554441521835299600e-01
-5.182877074703846620e-01
1.000000000000000000e+00
-1.082601406622922258e-01
3.986187752942720319e-01
4.428361839065914074e-02
2.773455755927725086e-01
3.461434674820187407e-01
-5.800688546919947619e-01
2.387271881530418638e-02
-6.533365782813678191e-01
4.583698694841966681e-01
-2.397883490409534746e-01
8.200075304577404411e-01
-3.171752423721949654e-01
9.153791574849019508e-01
7.674249869417826275e-01
-7.375635454731281904e-01
1.290919639078365044e-01
-3.489508802038505109e-01
-8.731996383404927453e-01
-6.388416224830162360e-01
1.000000000000000000e+00
1.174197941769636877e-01
8.155879761409876583e-01
-2.481762552930106835e-01
-1.179520093973378536e-01
-8.977927578294615518e-01
9.815223463354862954e-01
-2.290009721146566424e-01
-2.049718851273962805e-01
1.128318610735286054e-01
-1.753006104798768838e-01
-6.203228227333974498e-01
5.657185368695847316e-01
-1.814443733908712997e-01
-5.925299572223152733e-01
-5.310227157172662249e-01
-7.647657244979805258e-01
6.003322877182792894e-01
9.461321920719052425e-01
4.764400267067366856e-01
-2.085510797894278845e-01
1.636467038855580203e-01
-6.390830188681134727e-01
-3.291526182574789905e-01
8.757683704463415930e-01
3.789526943020691818e-01
9.968100491425995191e-01
4.689160867281497724e-01
6.124957494700513649e-01
9.893846098334457828e-02
-9.536251667113739838e-01
4.575105552246062079e-01
-5.217042436661745164e-01
-3.479131762157509078e-01
-3.389463000322348596e-01
7.503897698622887802e-01
4.346135052510733399e-01
8.703757979400412736e-01
-3.279901214164026024e-01
-2.192266116268795084e-01
-1.423331295639518324e-01
3.545319868114715778e-01
8.343503200266202402e-01
-2.902273010083251670e-01
-2.185430749919370363e-02
5.408954095106612847e-01
-3.066769554485996307e-01
-1.979607758406110030e-02
-7.370987803215529599e-01
5.607788503263269053e-01
-5.816108193279252436e-01
-7.537516274972744235e-01
-7.965662299945788227e-01
7.647955475462315800e-01
-3.333397014142263082e-01
-7.603252894656948868e-01
-3.906816119063853954e-01
-6.801311144683965804e-01
6.380093462150616679e-01
9.312795063400740592e-01
-4.443634754498466677e-01
-7.888148401931099896e-01
-4.314093666902951707e-01
1.000000000000000000e+00
3.695043689702859346e-02
-5.450945744660194991e-01
4.295440909866237167e-01
3.508285420901832707e-01
-1.917947543097511254e-01
-9.969061945608876929e-01
4.691491460138932368e-01
-8.393851895851818234e-01
-3.251330984836842131e-01
5.282462886113661327e-01
-7.534222916841044615e-01
-5.319098234902011058e-01
-9.809069681343891567e-01
-4.346643546645383438e-01
-4.031608032363116489e-01
2.682319613817449877e-01
-3.899700339284943862e-01
-3.439128860737085402e-02
-3.879117675825899392e-01
1.374110982858502972e-01
-7.535213602019008583e-02
5.855323152158919964e-01
1.708586821968344494e-01
6.661775772074609581e-01
-7.608831143833127975e-01
8.504881217195709997e-01
1.235833533234327597e-01
7.681911881943461751e-01
8.310617100660713241e-01
7.936236405286647422e-01
-4.764434179249397161e-01
-5.779000481773097775e-01
7.777362121908828474e-01
-1.000000000000000000e+00
6.786621925200859717e-01
4.798750567469075023e-01
4.013867947800207059e-01
-7.387847499997657330e-02
-4.635185548449228810e-01
5.514374604954109804e-01
6.158509815416837729e-02
-6.614628303708631751e-01
6.341407920430888190e-01
-2.771778420955450795e-01
-9.362824542466545719e-01
1.000000000000000000e+00
5.949209798622951961e-01
2.377597820272068230e-01
-4.249587961131557901e-01
5.172900890862430767e-01
-6.917450605442938549e-01
-3.392635625205486782e-01
9.731964268499753157e-01
9.868073038123961194e-01
9.440317529377634242e-01
2.168201470083048754e-01
3.058240897288584392e-01
9.951773080666077576e-01
9.306288098020607524e-01
2.250839790086198722e-01
7.275809916184221571e-01
5.536316118407798026e-01
-9.619244039936234447e-01
-4.294623799247174190e-02
4.230224519645686687e-02
1.000000000000000000e+00
-4.104024934196968122e-01
8.124497329467108564e-01
6.540960373524198346e-01
2.937609076792369045e-02
4.656252092718271562e-02
-7.807044590261869033e-01
-8.923024308908330537e-01
-8.239781780014558965e-01
-8.629286690292077289e-01
5.502039574380115372e-01
-5.541820828697251455e-01
-1.821695307454840318e-02
7.787535411299615351e-01
-4.552461624106731719e-01
-4.605886752958815444e-02
3.147108054152836232e-01
8.540204334813483733e-01
8.059754717075577890e-01
5.776515830579026511e-02
-5.759217705604556814e-01
5.594684128478799590e-02
-9.886034058993420359e-02
1.000000000000000000e+00
-3.212174156519402857e-01
-1.426664105991435338e-01
4.229565061478037791e-01
8.714416793384438531e-01
1.000000000000000000e+00
-5.871326179190239358e-01
-2.038563196063056804e-01
2.317409370202820895e-01
1.000000000000000000e+00
-2.555474498820378693e-01
-2.680044467347042492e-01
1.000000000000000000e+00
1.208482793661920240e-01
8.351429429719587905e-01
-1.000000000000000000e+00
-3.772052914306565086e-01
3.868412243988454957e-01
8.635631868588273807e-01
4.255990901561119699e-01
-3.490940670618161157e-01
5.214160979145681107e-01
1.000000000000000000e+00
9.224820501436592490e-02
-3.501996678295872800e-01
-3.895825854489864959e-01
-2.180105768609952310e-02
7.578214851890716641e-01
-4.980751229906605904e-01
-9.078038096523628475e-01
-4.103518640103656079e-01
6.907668897301380007e-01
6.723062380882741662e-01
8.153698451710389428e-01
3.919170070475663792e-02
3.948290651674353224e-01
-6.565362415807303176e-01
6.329207153048055368e-02
1.072989315187154041e-01
-4.021012277368138932e-01
6.720366919664106931e-01
-8.523625368572254057e-01
-4.015711317083914267e-01
-9.800464936459904464e-02
-4.216664390885029867e-01
-4.252790365970122721e-01
8.604221720717535327e-01
1.782726925460584866e-01
6.080659663540368687e-01
5.629406153776710386e-01
-4.998217202701560335e-02
7.588833947674415992e-01
5.120063204784119915e-01
-2.934914540479787171e-01
-7.659907499989360158e-01
-8.629201251806146722e-01
1.774635858130768074e-01
8.642684828361124616e-01
-3.757249273041673998e-01
-6.319031029312549563e-01
9.529164910202501115e-01
-1.577835691767113246e-01
9.120464571443773760e-01
-5.521471010802494472e-01
6.986189004986116391e-01
-7.970150782792320143e-01
-3.656482580781228453e-01
-1.092527444363704525e-01
8.437606746136403491e-01
6.620379308779744676e-02
-9.944668440519888186e-02
-3.421414947898373526e-01
1.307962287089660114e-01
-8.057219711492478176e-01
-1.000000000000000000e+00
3.160117651739992040e-01
-9.969269069965287500e-01
6.023558297442377363e-01
-4.296767932176306370e-01
