-1.484324933753888853e-02
1.713898770648203396e-03
-7.437573896085309944e-01
-2.064149206559512117e-01
-9.857279963298927195e-01
-1.515789545547063799e-01
2.395225670111151284e-01
-8.284000211559687799e-01
-4.454833469175157878e-01
9.626386927881562805e-01
1.959949054828842019e-01
1.480173763977936652e-01
-5.723250689451824247e-01
-5.101206410770026123e-01
-1.000000000000000000e+00
5.441981835650748778e-01
1.377998947587165957e-01
2.445622641962076904e-01
4.153980497509943692e-01
-8.924783815070047588e-01
8.574154148265908937e-01
1.173327373374998817e-01
-4.419242948086854472e-01
-1.099279408732593000e-01
8.315919431831803044e-01
-3.026923970466788294e-01
1.000000000000000000e+00
-2.969952387996510068e-01
2.892408070411162102e-02
5.907704431308172799e-01
-8.437129110252742370e-01
9.171974916425846835e-01
-6.284495282076594247e-01
-1.041754634885960762e-01
-2.664954161485836304e-01
2.490574331446049894e-01
5.233435130113668343e-01
-8.016644984436188670e-02
-1.000000000000000000e+00
-5.398548714722526398e-01
4.924932191133517267e-02
6.656833904921944933e-01
-1.754717617958095888e-01
7.253415280653747743e-01
-4.996112055589838619e-01
-8.495174061483945493e-02
1.687152790176368322e-01
-2.841959891382221381e-01
1.428096548890446515e-01
9.508725257053454172e-01
6.675807240347517713e-01
-6.133575734724265871e-01
7.398761641615198004e-01
5.678102962765902983e-01
4.316977179189432912e-01
-1.000000000000000000e+00
7.548215939488641668e-01
2.605661547428894664e-02
-3.489155666324399857e-02
2.541425552031348345e-01
3.787131366466374160e-01
2.286579273861009121e-01
8.723706661582710797e-01
3.133177065785605619e-01
5.986687960169215783e-01
9.292892893167714607e-01
8.904087840061880588e-01
-5.434415886232423221e-01
-1.000000000000000000e+00
6.317122484535073745e-01
-5.647155977253526249e-01
3.325034502415169513e-03
-8.984021334103344802e-01
1.000000000000000000e+00
-2.965071551212505874e-03
5.775326123721545579e-02
-1.847309401517385208e-01
-1.752285693279889423e-01
2.308535777505035802e-01
1.000000000000000000e+00
5.173083452616114020e-01
-8.119321179371801200e-01
3.818004267365329163e-01
5.339803139574956781e-01
6.299963623334245977e-01
2.263996593040249472e-01
1.000000000000000000e+00
7.030519044790646266e-01
-3.840041674464296229e-01
4.629529163791532564e-01
9.350173413830020763e-02
8.662070057588068250e-01
1.848130393470979738e-01
6.584617196460091915e-01
-4.720874021668080012e-01
1.000000000000000000e+00
4.268400363406956721e-01
-7.348243309765291054e-01
5.206293867396776243e-01
4.370928297164498599e-01
-4.267877106984405700e-01
-4.872366726121964836e-02
1.000000000000000000e+00
-4.268982444800216713e-01
-1.147741439055522950e-01
-2.574279180098940634e-01
-6.243019409869837721e-01
9.466325614259931687e-01
-7.672229989248362525e-01
-2.672079384169506744e-01
2.235989702963824821e-01
-3.285464260881874043e-01
7.721045797092283003e-01
-2.438369954170527543e-01
2.484800040742544125e-01
8.502377151084508089e-01
-9.900670529714341583e-01
-2.170053296395655501e-02
-4.994448325083494233e-01
-1.111916030989203719e-01
7.051250457618596368e-02
-5.332130965688919311e-01
-9.779640806418408161e-01
-7.162974492744322852e-01
9.714175105803930510e-01
3.736368070140337894e-01
5.489723420470166149e-02
-4.587644084269126843e-01
6.776899771261416516e-01
1.000000000000000000e+00
8.001364780096942297e-05
1.261544956211154700e-01
4.056806564436343243e-01
-1.580016722622447634e-01
6.501693266497374779e-01
5.347810414350728792e-01
1.409573503446276410e-02
8.083195963587112010e-01
6.203912234713460094e-01
1.860831461260656350e-01
6.332944060503813422e-01
2.209212262892382705e-01
1.195162033049404493e-02
2.571459606519677088e-02
9.667273683482648927e-01
4.994210648290176024e-01
3.327456044725010109e-01
1.000000000000000000e+00
-5.883951538726293062e-01
7.643633815708088530e-01
-8.005948278550876207e-01
-1.628047485253696358e-01
-4.700421429966183950e-03
2.422235278573697803e-01
-7.260522777097923042e-01
-1.000000000000000000e+00
6.937400106475837269e-01
5.560844564487721353e-01
8.273300847699940341e-01
1.000000000000000000e+00
-3.070438557339870145e-01
-2.350457773815500806e-01
-2.896803392067992533e-01
9.038217614394569166e-01
3.430918094614143765e-01
-4.082296213156560993e-01
3.815420502375575507e-01
-4.751156168393664836e-01
-7.072867640344970841e-01
-1.000000000000000000e+00
1.389855919927724948e-01
-9.950390879888945106e-01
-2.043194102032590553e-01
1.972566279646750242e-01
-5.806812273895576304e-01
8.214278465761570835e-01
-1.116383919184832374e-02
4.990549232100804922e-02
5.327482700480663524e-01
-7.193566539711209185e-01
4.195854544966100969e-02
-5.739914489491653171e-01
6.251414453609211996e-01
-3.770554958609031448e-01
4.518138506413208466e-01
-9.380298600129470532e-02
-2.404461251369850450e-01
9.739160766372214617e-01
8.172155974588515281e-01
-1.866080248235609529e-01
1.000000000000000000e+00
1.000000000000000000e+00
-5.127404915401850838e-01
-2.404220528892410114e-01
5.201622432483300473e-01
5.953922588378792735e-01
-6.472227150456983935e-01
2.920415559984807508e-01
4.300064123122467885e-01
-3.432403327993608366e-01
-1.000000000000000000e+00
2.317810594301421556e-01
6.811264700670924821e-01
-4.041778149797888298e-01
2.472765156067542880e-01
1.554514467678500544e-01
-7.902063991529012510e-02
4.216773810759137930e-01
-2.762090988137910763e-02
-1.000000000000000000e+00
5.437121044328864228e-01
7.336418556028290183e-03
9.730190120052895075e-02
-5.418106798777487521e-03
1.654755772758408905e-01
7.185911786251002464e-01
4.183602833446034008e-01
-1.329254694304193851e-01
1.000000000000000000e+00
3.226134950765159326e-01
-8.663209673945916345e-01
6.771803428753753185e-02
5.838958621168616192e-01
-1.944898241892384361e-01
-2.039972413763777581e-01
-9.647348252486726006e-01
-4.978835641393875022e-01
5.248681580373432132e-01
6.380899486680340349e-01
1.904199817130295402e-01
-3.646109848100195228e-01
-6.602681355015586062e-01
6.056823805848854381e-02
-5.604644364166120329e-01
6.914857615942130442e-01
-3.290564037230389594e-01
-4.659002239279110835e-01
1.000000000000000000e+00
1.000000000000000000e+00
-8.237590903275619769e-02
-1.927226999159553644e-01
1.804988421635025375e-01
-3.506924710965841907e-01
3.748126561154641601e-01
7.767733838063604068e-01
7.597688294033295708e-01
6.914554367242004007e-01
-8.018565399864596710e-02
-6.420162741352344327e-01
6.315420055580780456e-01
1.148446506940499490e-01
3.187440733897293765e-01
-3.505341356327362767e-02
2.805722840958095876e-01
1.000000000000000000e+00
-9.925603954335057155e-01
-3.488052330979986571e-01
-8.059050177953973604e-01
8.644517018696391553e-01
2.230725584010495588e-01
-7.107648756152273872e-01
-1.388095958261915119e-01
-1.847291035587741437e-01
4.271628620793952447e-01
4.450351018127400859e-01
