2.733005511557975442e-01
5.904119743176585722e-01
-3.947920356047943669e-01
2.058474851619347401e-01
-9.533473578650661917e-01
-1.063175544680468043e-01
-1.822009376779210599e-01
8.459184789551985606e-01
-7.571555085192263057e-01
-1.652898004367665818e-01
1.362917007014894377e-01
1.000000000000000000e+00
-5.634904198890298144e-01
4.419388553380290130e-01
-6.002816645913577887e-01
5.897425266995153237e-01
5.220067744826439871e-01
-7.181285032076110131e-01
7.797013948453895837e-01
-1.511435603707415865e-01
-8.445514177301260972e-01
-7.851227169364487501e-01
1.772444156117523040e-01
-5.823749093660218756e-01
-6.509112965461104627e-01
5.504553962680011625e-02
-7.654059167992737223e-01
-9.492401221917915466e-01
-5.262224248975907459e-01
8.378023927750128941e-01
7.237974471905808116e-01
-2.165112908018045901e-01
7.919539278603835442e-01
-9.945105739811425927e-02
4.950975655809721765e-01
-8.180084804501095430e-01
1.000000000000000000e+00
-9.022716120508968984e-01
2.974455824671224380e-01
5.688956872967421141e-02
-5.555369937803081859e-01
9.178579304147449491e-01
3.990669479321162783e-02
4.916070503464826102e-01
9.372565420730853969e-01
7.796734477322312395e-01
-1.549076871906526209e-01
-9.630110929800208552e-01
6.288948838128320951e-01
5.628204792571060988e-01
-3.103454169101758087e-01
-7.022099304488060856e-01
2.983632002707377051e-01
-2.432239448581827723e-01
-1.847879609804511380e-01
-8.451945749591469603e-01
7.395812163515256277e-01
-3.117291319919739401e-01
-9.209813379082871787e-01
-3.921478003278076052e-01
2.595324471293583568e-01
5.183610062236945204e-01
9.143115481754825469e-01
1.587056901142251675e-01
8.830119200487878128e-01
-9.398099306972484968e-01
-9.710066758828139744e-01
-5.857849656008482508e-01
-7.748715771955235754e-01
9.648244197245046117e-01
4.222996934488797427e-01
-1.359749929329610585e-01
1.091484211785924696e-01
7.210689414749502091e-02
-2.273480834549845842e-01
-7.452041506349597055e-01
-4.115567211160509054e-02
-3.814320532554192900e-01
-8.645426845340242750e-02
-8.787355772826500599e-01
-1.125410540753835065e-02
-2.055170191051776118e-01
-5.616754374363324143e-01
3.051491434594399976e-01
6.736069819447720874e-02
6.882791900393376849e-01
-6.746998595989354142e-01
9.554776113942087257e-01
7.394365725038120063e-01
-2.920533691374676000e-01
4.954978954916200440e-01
6.455650234690244460e-01
-5.618417521998120279e-02
-4.876136833562119133e-01
6.688034381152481167e-01
3.975262469972704604e-01
-5.219695284218568709e-02
-3.072724908717163750e-01
-2.878099758894119842e-01
-8.445281409753586654e-01
-9.685876896220367849e-01
8.445720480917946471e-01
-9.455898174952076518e-02
5.415536270835494825e-01
-1.847499333316150738e-01
5.226466028787146723e-01
7.289869263237700459e-01
1.476673044888133779e-01
-1.721336326462683530e-01
6.269148307344036830e-01
-1.369712525357205113e-01
-4.190846425148751497e-01
9.229412840772184268e-01
7.784742234325563448e-01
-4.633208205481111897e-01
-8.934580049220164355e-01
-1.000000000000000000e+00
-5.554570586342180150e-01
1.207694727953656788e-01
-6.507957070155725443e-01
-5.530295956260136148e-01
-7.253394941382066419e-01
-8.013173749182158634e-01
7.326399145339876906e-01
-4.942863013375128900e-01
-8.583107577949979916e-01
6.491404426548474937e-02
3.472749045208048391e-01
1.564909883424271120e-01
7.095962273866218695e-01
5.247902143405713815e-01
-7.261640941222908818e-01
-6.728711858343858765e-01
1.050533873847537686e-01
4.521354773692362605e-01
9.138306864090934845e-01
-7.972413896825232271e-01
-8.729426757550290406e-01
3.225454033037460366e-01
-9.717089052515608394e-01
-6.005870839350087032e-01
-4.812590820737761010e-01
2.983036630409841017e-01
-5.287141758107254397e-01
-1.010375810088669363e-01
9.414470940110821751e-01
-9.802855278782182102e-01
-8.333563326374728852e-01
-6.756392488978366639e-01
-1.321435264466104265e-01
-1.587120339268337510e-01
3.615122015649712139e-01
-8.092074298483191708e-01
5.583398731396991277e-01
-7.359804021455138567e-01
4.181977084841567716e-02
-3.895616112635340578e-01
7.638152583698603060e-01
-5.735122316113738794e-01
-1.548697749524357015e-01
5.172918808972275934e-02
-1.600106455049106202e-01
6.787663653169795364e-01
-5.411714732609456124e-01
7.551771414477264077e-01
-2.279084452121224458e-01
-3.290284724593921517e-01
-2.744503370804092235e-01
2.387538599302426179e-01
9.613418615346197571e-01
-2.322418746076875262e-01
2.855071991570869439e-01
-5.120768940995763518e-01
-3.336161069505223509e-01
9.994621621933799105e-01
-7.892023773893663829e-01
-4.820903648168379241e-01
-8.103337503872187764e-01
-5.911709860187757126e-01
4.224062176077234554e-01
-3.202378100121168192e-01
-9.462265064522454860e-01
6.551994182749067974e-01
-4.725674319085655384e-01
-5.652924220021255941e-01
-2.148786184946579469e-01
2.830418526757353392e-01
-6.009709764266335519e-01
-3.221843323979616258e-01
7.483735246281117970e-01
-5.528940461363238690e-01
-8.759778504477651051e-01
3.838165812295957213e-01
8.892612362293689232e-01
9.725202469674829597e-01
8.027753917651088145e-01
-3.509477338003071933e-01
9.188757695865630293e-01
4.803016571606040230e-01
-2.557308765958552499e-01
3.359138238196370807e-01
8.616448205619425815e-01
9.539117399366975336e-01
1.597510946689084665e-01
-1.380449524888998913e-01
-8.518432387801817551e-01
-5.236595045927567860e-01
1.230253423722032641e-01
2.012511294560663175e-02
2.391241774078660121e-01
2.054118345729010198e-01
-9.297814496350709224e-01
9.636754013158325138e-01
-9.909320884553176612e-01
-5.693370965358415248e-01
-6.622225690478547033e-01
3.082223053990755801e-01
4.682037524379155102e-01
8.575141405193020816e-02
-3.821629363409537739e-01
-4.285493484167580691e-01
-3.514747743710573413e-01
6.032713657483033121e-01
1.670853750692758710e-01
8.379375399630508703e-01
2.445800369698860610e-01
5.533989857308916349e-01
-7.302214818478438563e-01
5.104658821488373688e-01
-5.507551824450507283e-02
-4.527612122295662789e-01
-3.663461950197026695e-01
-2.083728157673285786e-01
9.797556678241046146e-01
5.667795078465331926e-01
5.179270154557473749e-01
2.845561112436685303e-01
3.909142356419127440e-01
7.488407015568845360e-01
7.440595974861803352e-01
-4.660551388759679448e-01
-4.232913853426877870e-01
2.864725053317388470e-01
9.843965248785915279e-01
-1.000000000000000000e+00
5.386329551780605351e-01
-7.215120225067033211e-01
9.210963270687675397e-01
5.711773508180399972e-01
-4.536787885894399963e-02
-1.178793446195056660e-01
5.090152888122670416e-02
5.270272557565737204e-01
-3.646683700836237385e-01
-3.908374589618273109e-01
-1.000000000000000000e+00
-9.822603944028514000e-01
-8.837950059824934979e-01
-3.804911974759865867e-01
9.951346773758316111e-01
-8.509266390679419700e-01
8.690851953822547049e-01
3.316247529319726883e-01
7.221025641300451436e-01
-5.681876354275159358e-01
