-5.621237059998844821e-01
-1.783708604677609610e-01
-8.364659868261630216e-01
-9.709693862380035512e-01
-5.375891436082285146e-01
-1.000000000000000000e+00
5.925921011467629729e-01
-3.102465957166292698e-01
-7.829459116441619404e-01
-9.744334864528854112e-01
6.807140095690986659e-01
6.713061326426288389e-01
2.766571853246477808e-01
4.067404013731212853e-01
5.849090790265627504e-01
-3.718450583147299426e-02
9.339253379154861534e-01
-5.993886712072318268e-01
5.083959519120817561e-02
1.344967116122568473e-01
-4.916621255378528232e-01
3.998772550679814408e-01
-5.355391139210639029e-01
1.658667290315907761e-01
2.920047875678428717e-01
-2.907782708449411224e-01
-8.907760252695690051e-02
-8.713935125221228262e-03
5.949480251886423154e-01
-2.304842205524757492e-01
-1.597934290624736242e-02
6.198121674059372532e-01
3.914171059141904330e-01
7.513566553980386420e-01
3.531337568684125294e-01
9.490160054490386354e-01
-8.898847131692080303e-01
-4.776757470611863177e-01
-7.832384818087720912e-01
9.703635824828242828e-01
8.209379545729613703e-01
-6.314318972809759289e-01
-9.628969536195475243e-01
-5.388479278467589451e-01
-9.763250307986248711e-01
-7.004758445914749387e-01
6.958098614616956556e-01
8.480096249374025064e-02
8.237381648071244733e-01
-2.247495715643980652e-01
2.856180104889656790e-01
-4.999388690292305704e-01
2.938016002488612610e-01
8.668123463098509340e-01
5.926769374718843242e-01
-8.401534534351798311e-02
7.732056218483085441e-01
-9.208284082101787504e-01
-3.597191742073349019e-01
1.879751045459494563e-01
4.475414738644538648e-01
-9.273440994365220735e-01
8.006186174587732740e-01
-9.469645634832346559e-01
-5.193706387627432530e-01
8.318719634868936286e-01
6.663743230899981107e-01
-2.841447763274287386e-01
1.058339570564173493e-01
7.643314082416965416e-01
-1.000000000000000000e+00
5.913626078680329634e-01
7.033966866727436873e-02
-5.811262015327274266e-01
-6.543107789832678378e-01
7.262246883060110569e-01
-9.083354169890730523e-01
8.278460022364297899e-01
7.341777893139623812e-01
6.754899265821245891e-02
8.215705827286772234e-01
-8.107422065530642818e-01
-7.435336434302821651e-01
-1.434090201441438062e-01
7.620609862153520098e-01
-8.450114220486621974e-01
1.801928397234873191e-01
5.538564911388683676e-01
3.843637785430059628e-01
7.657553830746581802e-01
6.061830843765909638e-01
9.926175677447348633e-01
-7.077407295432887047e-01
1.508701064884987453e-01
7.299023940607920480e-01
-8.289610280349457572e-01
6.679658446732614774e-01
1.254084057886284409e-01
1.414577901611160371e-01
-7.369855498272093186e-01
-1.022481878727847793e-01
4.893015310784565308e-02
7.628094618201233246e-01
6.784711329526893486e-02
4.200674726147811122e-01
1.000000000000000000e+00
2.076651013599997153e-01
-5.081783388138363389e-01
1.374334549806515149e-01
3.123395192450124092e-01
-5.075370192732442387e-01
4.574371667464632862e-01
-2.205789493446383975e-01
-5.730126384541592843e-01
3.173275724097571193e-02
6.644844516993523298e-01
8.362729426443100689e-01
1.000000000000000000e+00
-5.599983450540366725e-01
1.000000000000000000e+00
7.623777827304645260e-01
4.715983431481957089e-01
6.215416162927738242e-01
-1.782736899374961492e-01
-3.621983100446237724e-01
2.425147903098840985e-01
5.385988838122862665e-01
-1.000000000000000000e+00
-2.846701373563812476e-01
-2.987876324969936381e-01
-2.658656894564201956e-01
-2.399273467638034507e-01
-5.931956894361485322e-01
3.449467067538115606e-01
-9.876864980699728847e-03
8.546151397069703948e-02
-5.636164020401528418e-01
1.827057119791875017e-02
5.625877759594533067e-02
-1.072357581090666034e-01
1.523734052719685206e-01
7.801514701167731047e-01
9.206139563004072102e-01
-2.487694654219956281e-01
6.898661780841317537e-01
-3.003515291766227779e-01
9.337601278252904979e-02
1.000000000000000000e+00
2.084782172001613532e-01
3.186930029221706206e-01
9.507479638420557322e-02
-2.413310425196415476e-01
2.466536646807604982e-01
-4.557692500727218432e-01
-3.074307180550217566e-01
3.218938443635928071e-01
4.237573969020542730e-01
3.900776809859619054e-01
6.622447316159751907e-02
5.340450943186556554e-01
1.098509660127316157e-01
3.201347659945834589e-01
9.847790005037260208e-01
-9.902012001387754392e-01
6.356110457741628306e-01
5.670968986680926527e-01
-4.687443455795107239e-01
7.257939375805610993e-02
-5.401569637522565248e-01
-4.985658464042757032e-01
1.407289385815122529e-01
-6.342189437677172581e-01
-6.713422801213263513e-01
-7.776851785317950849e-02
-6.009965200125200191e-03
2.167525494763347105e-01
7.327055683689625010e-01
2.459991603173172781e-01
4.438821420088578940e-02
8.108515937988742817e-01
-3.029003416443409868e-01
-7.046253125269912321e-01
-4.523759689605928447e-01
-7.474964573058555661e-01
-2.618747374143439721e-01
-3.994333643111758203e-01
9.288729812544962439e-01
-1.852376905707004695e-01
6.072025653965518188e-02
5.308270902755263254e-01
7.568431667293451515e-01
9.611316089708328292e-01
5.274114105820233434e-01
1.000000000000000000e+00
-5.787047495915607076e-01
1.130761076828441514e-01
-4.718545583429533674e-01
1.212809861706849457e-01
2.394358663201165971e-01
-5.300901781782852984e-01
-3.728744397795731302e-01
4.708605724782579660e-01
1.521911979139800586e-01
7.034732672922965335e-01
-3.685861380769286377e-01
4.727057471695796931e-01
-2.375524078203550271e-01
5.303296134785828730e-01
-6.025852225232311010e-01
1.784136849649986534e-01
6.224131822387422019e-01
3.776093874276279516e-01
5.408974113359170666e-01
-1.946037433783645021e-01
7.339896321690275727e-02
-8.383342678194843911e-01
-4.672029643509401087e-01
-6.455553574701262676e-01
8.292134999621763036e-01
-6.862329132216145045e-01
-7.136123261941378360e-01
7.841616661171968428e-01
3.902492779578776161e-01
2.934423203612090969e-01
7.187445593841819136e-01
-4.595729930331248214e-01
-4.421031999777204624e-01
-6.162186629677688376e-01
1.000000000000000000e+00
3.109454189579152761e-02
9.245566756564196353e-01
-4.038695613832457010e-01
-8.125566794247283120e-01
5.722076919231500192e-02
-9.341272363346253549e-02
-9.455761329288521200e-01
-4.847087143469993586e-01
-2.442888038907571335e-01
7.417373568215108737e-01
6.591340040287325674e-01
-4.579846897215416046e-01
-6.766084099191080892e-01
-1.894031827000164370e-01
3.480889495610924866e-01
-9.610355324230375196e-01
-2.717914544884230121e-01
-5.225467741447973324e-01
1.475027095535774713e-01
7.142840522521154423e-01
3.115495088078363839e-01
7.832673233548368419e-01
6.348932854815376725e-01
5.661637133915897735e-02
2.278763715590557126e-01
4.452357063854364139e-01
8.443023036198981091e-01
-1.937857197575731938e-02
4.299788514007003015e-01
5.780101657147733718e-01
6.767431473004713594e-01
-7.185507634811652000e-01
4.589024024092187015e-01
7.650224176516289276e-01
-5.672075996949900167e-01
8.985355337905693851e-01
