-7.350257541096488767e-01
-5.632446229132183069e-01
7.090431797412275472e-01
-2.684241140985184626e-01
5.316007335298463810e-01
-8.123865149582408796e-01
4.221599087379998561e-02
2.088734030455212665e-01
-6.060861548705727131e-01
3.277084525254607694e-01
-3.504402633266002765e-01
5.092914355746666621e-02
5.137979509914165910e-02
1.144544081645282319e-02
1.314056020947740322e-02
-1.299022352211783304e-01
-1.485670175749482791e-01
-6.904982966469224159e-01
-3.107959122565835397e-01
1.031754591402614940e-01
2.331545231619488318e-02
5.824915098550175196e-01
7.980105993600143943e-01
3.621723323728269217e-01
-5.422573362204500258e-01
-1.389643551532979693e-01
-9.173128777745648277e-01
5.028588423215072378e-01
3.177513237477866404e-01
5.030961622648338905e-01
-5.279457055957730294e-01
-1.000000000000000000e+00
2.608594370265568951e-01
-1.000000000000000000e+00
4.746477068694842094e-01
-5.077357045562562732e-01
3.470472774414125050e-01
-2.766438872143150984e-01
2.829876844046693707e-01
-3.610312736706906556e-01
8.363786710957445969e-01
-1.363260109441668533e-01
1.470302470134578487e-01
2.336410110297922893e-01
-5.222814037735985515e-01
-8.867084436948845516e-01
2.745698004963841310e-01
-5.527475931293364120e-01
-6.049227452201115796e-01
3.809444784959468144e-01
3.815324272792180449e-01
-9.405085848025054318e-01
-3.085424654668956213e-01
-2.958484753317778271e-01
5.388468196955661371e-01
3.609576373964599183e-01
-6.264231634017759509e-01
4.832180400259388775e-01
4.182212555196389570e-01
-2.328463427512832418e-01
-4.304079865182295905e-01
-4.624229219764179888e-01
-2.141587839380876268e-02
-1.000000000000000000e+00
-5.341532747040240725e-01
-7.706924838898496777e-01
3.584593570749674551e-01
7.037506396401046471e-01
1.422408927707108917e-01
6.836902787709127072e-01
-4.399582512396825462e-02
1.319599893934308987e-01
4.326713040705653102e-01
9.445467952038021364e-01
1.450347718060940316e-01
-4.478400840950348405e-01
1.842814763405087874e-01
5.188935948439251655e-01
-7.927104881191124330e-02
2.341833269888920488e-01
8.431628614471727012e-02
-2.314914767367977910e-01
5.654904954407038442e-01
1.555668668272974786e-02
7.931941194085348479e-02
-1.500885550951279734e-01
-5.497692165234471240e-01
-8.828400541221514963e-01
1.435356942046026874e-01
-4.363352173306017656e-01
-4.322858845476864054e-01
7.825187338896069100e-01
8.459257810231616270e-01
-1.000000000000000000e+00
-5.286904426102772003e-01
4.788178744277602483e-01
-8.436890019700142851e-01
-6.969854195330463242e-02
-4.055049321450537869e-01
-3.881394992825580315e-01
3.743598250502962466e-01
-4.850923079163512730e-01
-1.087481704202035715e-01
-1.893098091513711334e-01
5.655832733358322484e-01
-1.000000000000000000e+00
-1.087464055357631465e-01
-4.786236544088678935e-01
-3.114615226182068097e-01
-2.972356236862099266e-01
2.154748654776167394e-02
1.673812453591703719e-01
6.160201936977219850e-01
-2.088227413088993845e-01
8.908319686855922237e-01
-5.022595013937622976e-01
-2.217153103246796708e-02
-4.967611201459463666e-01
-9.320005907444553483e-02
-4.415503286195545662e-01
8.083246096813516690e-01
-5.890619177355991276e-01
5.605251050586580464e-01
8.943356566678324349e-01
3.365730309803035003e-01
2.426543151149789246e-01
1.932738950644456444e-01
6.723950784867809283e-01
4.364929937868038401e-01
-1.348771528410891707e-01
-1.775582003603595194e-01
-2.138556877302931480e-02
-1.650857650645306263e-01
-4.016994714283166901e-01
-6.537038429575764420e-01
6.035331427266433790e-01
1.381852645223272114e-02
1.811734909244324121e-01
4.487878549937976969e-01
2.506264907342917736e-01
2.258454519848294428e-01
1.000000000000000000e+00
5.928765695947950665e-01
-6.592298436382351690e-02
-2.343931815555084230e-01
-4.576429518507402761e-01
-9.031844605395942249e-01
-2.925429239432657952e-02
6.093821424422657396e-01
7.301680909429522082e-01
3.276268227838647906e-01
6.562622394511711255e-01
1.401409389945844353e-02
5.475776337659566950e-01
-9.304115154632969231e-02
-2.964583703900222078e-01
2.672375948389698053e-01
-1.000000000000000000e+00
3.217540610289586489e-01
-4.474134350283592854e-01
4.765976118645507409e-01
2.682435626617840629e-02
8.787480986766074142e-01
-8.766895417308486760e-01
9.946949610312558754e-01
5.153362920811995762e-01
1.680000814961210009e-01
-2.840934944921975625e-01
9.297200589361911405e-01
-1.264729705398285331e-01
-3.785921133323472687e-01
-1.942931328777492694e-01
-2.323271467847510541e-01
-1.106303984751641212e-01
1.411762741289110668e-01
-2.158314623666416354e-01
-1.755691972939228129e-01
6.813804250999049295e-01
-1.000000000000000000e+00
6.157536559028761736e-02
6.750043979397479799e-02
1.014939004115713306e-01
9.920577830629215832e-01
1.498030439877800490e-01
-8.120730170288535943e-01
1.490781067647258817e-01
-1.000000000000000000e+00
-7.502905918467103752e-02
-1.772642911913958619e-01
-9.291151794371708128e-01
-5.446006903924456299e-01
-4.735104591636735138e-01
3.230032737775836438e-01
5.087682237395653173e-01
-9.312685617605929167e-01
3.602996996070428892e-01
3.003434736380050651e-01
-4.357411702842672319e-01
2.796465936299007971e-01
-6.297884651468483863e-01
-4.279354359876321734e-01
2.936146028514693418e-01
3.949238127136768528e-02
-5.987834321543034077e-01
3.216304142398320187e-01
-5.423847628435474189e-01
4.794580018336389027e-02
9.582533868759306461e-01
-1.831530396585282494e-01
2.678901220648569614e-01
-2.272827991372887158e-01
3.189335906619025218e-01
4.303345317043653084e-01
5.411030955297528866e-01
-4.401930533635380893e-01
-1.050041951880146263e-01
6.252391760558925204e-01
-4.931770488713743128e-01
7.556544624378757069e-01
-8.640688783913881288e-01
-3.434384221450480501e-01
2.029265115291065957e-01
-2.829697944400860754e-01
-6.635906521792303003e-01
6.912531328455185919e-01
3.006986847717056932e-01
-3.286463216150569133e-01
8.416470589586859674e-01
-2.547871997716158465e-01
7.064772046322939092e-01
-5.180794133710202587e-01
9.243777440500743348e-01
6.867167936676149553e-01
-2.590596121862716039e-01
3.171219454247719560e-01
-3.989046569113848251e-01
-9.749599691867253393e-01
1.421764448651575141e-01
8.568360563001677921e-01
-2.534530893739207480e-01
-4.493590366729384167e-01
-4.560722339411906745e-01
6.267398877091472364e-01
2.684928049113219917e-01
5.301802465683340682e-01
5.946693067240071962e-02
9.516929293292322178e-01
8.933484962633172488e-01
1.873008857380272785e-01
1.332873582437504867e-02
-6.446328159575195338e-01
-5.790207960073558979e-01
8.948235982919026110e-01
6.266251073878742472e-01
5.388042164371507070e-01
-1.954827143798376632e-01
-8.535777484855694430e-01
-2.709784049236094727e-01
3.777693572409246414e-02
-2.239052620485136591e-01
1.334352108094300771e-01
8.556803091926297455e-02
-8.589251605253431787e-01
1.852030993223996724e-01
1.724629827929210768e-01
