-4.745678197807163823e-01
1.087920171198410724e-01
-2.465116037836520002e-01
9.651648838169410993e-01
-6.327163695796687026e-01
-9.196494625025161129e-01
1.000000000000000000e+00
-1.000000000000000000e+00
8.167908707615689767e-01
-3.513040968773541994e-01
1.000000000000000000e+00
-6.188642520141581782e-01
1.000000000000000000e+00
4.194995720603179601e-01
5.859938568268352466e-01
1.665285252255171988e-01
7.230999201161054657e-01
1.000000000000000000e+00
2.819252909407807817e-01
1.000000000000000000e+00
1.321165740248180231e-01
6.944093020251552728e-01
2.256817995209596250e-01
9.954962392887474198e-01
2.040996756716839111e-01
-8.506676620752608997e-01
-6.716444930261674662e-01
-6.691832305173926743e-02
4.162526394150274367e-01
-5.995772311042147917e-01
-7.180206210310294823e-01
-9.314722510218311768e-01
-5.233302251178794107e-01
-5.489970695142324386e-01
4.871215454705680736e-01
5.430367779991176480e-01
-2.659318414893141469e-02
7.942338025791031431e-01
6.806762804442416659e-01
4.865468116924095421e-01
-1.000000000000000000e+00
-2.397254529918151356e-01
4.650531951883908333e-01
-1.137537142987433414e-01
1.000000000000000000e+00
3.052718780973945889e-01
5.654221868730315848e-01
-5.482195285097710702e-01
5.580963240856005869e-02
-1.441381449506651258e-02
-9.670512577011168842e-01
-1.000000000000000000e+00
-1.205054983845276484e-01
7.645722535911718687e-01
-1.000000000000000000e+00
4.927486993874192756e-01
9.702651039245754339e-01
9.222519628618436327e-01
-1.000000000000000000e+00
-1.672988297725978013e-01
-4.879205745152031537e-01
-4.190362224440531413e-01
1.065689558809748139e-01
6.736054939729411162e-01
-8.744610244429730228e-01
-6.686456704744019319e-01
1.877397583102957679e-01
-4.874561137160765556e-01
1.000000000000000000e+00
-5.943702024455560506e-02
7.158162888384406175e-01
4.559645978102812025e-01
-1.000000000000000000e+00
-1.000000000000000000e+00
-9.949070303048098696e-01
-1.993187910249704098e-01
9.285163778711308380e-01
-3.572556689029444676e-01
2.229762567553321695e-01
-1.000000000000000000e+00
3.573784892316416162e-01
3.908679970153781102e-01
-1.000000000000000000e+00
-4.994343956634472725e-01
1.000000000000000000e+00
-1.000000000000000000e+00
-9.934836777745114089e-01
9.876623990412285448e-01
4.892260562994913964e-01
8.942301426858013658e-01
5.975134420028480609e-01
3.405019245253022575e-01
3.150874504389050701e-02
1.000000000000000000e+00
2.668303237411697726e-01
3.413433719545261869e-01
-2.271852399474638684e-02
8.543770778179344827e-01
-1.000000000000000000e+00
9.053632377684833754e-01
1.631512584155276890e-01
-1.000000000000000000e+00
-8.842626762186434064e-01
4.492650828954680708e-01
-5.487349828035092969e-02
8.361274090804546311e-02
-5.031120990040279795e-01
-4.980754181535912983e-01
-1.000000000000000000e+00
6.392392527307644290e-01
-3.416418554011163566e-01
-1.000000000000000000e+00
6.542244087421281717e-01
-1.490724263993890020e-01
6.033363164205021167e-01
-5.408648276156887702e-01
1.000000000000000000e+00
3.152825353398336361e-01
-4.418536128177045774e-01
7.863942129776316237e-02
-3.261537539526695451e-01
9.594033570317488380e-01
-1.000000000000000000e+00
-6.188125306784109103e-01
5.250670196989868366e-01
-1.000000000000000000e+00
-6.904300362304813810e-01
8.913077833715732368e-01
-1.000000000000000000e+00
5.966166553204086398e-01
4.095827864387640016e-01
4.234145065567039845e-01
-1.074012062026706849e-01
-2.855873685536975959e-01
5.698463966165349115e-01
2.434865591369050897e-02
-2.582982392728316867e-01
5.063075086379079659e-01
2.898373460124310519e-01
1.010471322010551842e-02
-1.000000000000000000e+00
5.457826170424655565e-01
1.000000000000000000e+00
6.772263955001223135e-01
-6.861057414435314250e-01
8.088975007055646538e-01
-1.000000000000000000e+00
8.833316061700565713e-01
5.602819005061154822e-02
-9.907471669732224040e-01
-6.734858007440174266e-01
5.712178417911917272e-01
1.874221535187337029e-02
7.086077106494039768e-01
5.204214558550113168e-02
2.540820205409994870e-01
-2.309923515512703196e-01
-1.478997110360029676e-01
1.678165115793855133e-01
7.421204006961241717e-01
-2.097626540179472476e-01
6.387577313533170376e-01
-3.183596143850737636e-01
-1.000000000000000000e+00
1.000000000000000000e+00
1.000000000000000000e+00
-1.000000000000000000e+00
-4.983665097951933132e-01
-1.000000000000000000e+00
7.584934742698660193e-01
1.000000000000000000e+00
-7.420827349762009195e-01
-5.837109084387398505e-02
-1.253821904297210132e-01
1.251396928232811900e-01
2.579233440145956013e-01
4.494110040595967748e-01
-8.067132302605991567e-01
1.541612484205487910e-01
1.000000000000000000e+00
-6.882994653497199744e-01
6.358630925971442416e-01
4.426622656495657337e-01
-3.137416147882853279e-01
2.217512970337221223e-01
9.391147407511813983e-01
-1.000000000000000000e+00
-1.000000000000000000e+00
7.018362937079890285e-02
1.000000000000000000e+00
8.936658809851456553e-01
1.000000000000000000e+00
1.565315900882637834e-01
-1.779952014537541372e-01
4.208055222923671179e-01
9.169289933442283935e-01
-3.704581979736681907e-01
4.456890142808251909e-01
-7.822930580495044417e-01
3.707758599633546037e-01
1.317588409220921131e-01
-1.000000000000000000e+00
-4.828612785132370133e-01
-1.000000000000000000e+00
-1.000000000000000000e+00
-4.808824440822742630e-01
7.020394782021585067e-01
6.649173528745186412e-02
6.736763311828939393e-01
-7.752002157763624446e-01
-3.698217332475031149e-01
9.810433809698364538e-01
-1.000000000000000000e+00
7.484266902035883184e-01
5.194337853882031730e-01
-4.467736737401629687e-01
-1.000000000000000000e+00
1.000000000000000000e+00
-6.441510131433969555e-01
1.000000000000000000e+00
-1.797889543674349166e-01
-4.069704191922605685e-01
-5.414238119620440326e-02
-1.000000000000000000e+00
-5.308936256579968038e-01
-1.000000000000000000e+00
-4.212990496553759012e-01
-2.251056900175304465e-01
-7.863720028565279740e-03
2.644538702050007184e-01
-2.496732574512549596e-01
3.590914512635653977e-01
5.673383704779384473e-01
-3.693613404988627114e-01
-1.000000000000000000e+00
-1.000000000000000000e+00
2.118313500734922972e-01
3.201848576220282516e-01
7.515121867642331477e-01
-7.903193587486722071e-01
-1.000000000000000000e+00
-1.000000000000000000e+00
1.000000000000000000e+00
-1.865513677976494700e-01
7.060516652633640478e-01
-4.913792322064119977e-01
-1.000000000000000000e+00
1.142833915002761103e-02
1.000000000000000000e+00
3.215011649126322535e-01
1.000000000000000000e+00
-1.000000000000000000e+00
1.000000000000000000e+00
1.000000000000000000e+00
1.000000000000000000e+00
-1.000000000000000000e+00
1.985549025617926178e-01
-1.653340050929296423e-01
-5.045678640551698457e-02
2.989587035408448057e-01
-4.623807521554330058e-01
-1.962051870723069413e-02
7.822673275566921491e-01
9.848046152814230458e-01
-1.861465459512406939e-02
