6.043623847301490271e-01
-1.541870574750356104e-01
-1.000000000000000000e+00
-5.792811755502131899e-01
1.693175314089381267e-01
9.809929514204174250e-03
8.297217517951674393e-02
2.938404452342077144e-01
7.365253903291977267e-01
-3.908808609656073685e-01
1.823652281992824142e-01
3.305364026447542014e-01
-1.036756750858624510e-01
5.670725885661501708e-01
2.883831430572583177e-01
3.425561406387288010e-01
-4.525327123222991910e-01
2.954404184657821175e-01
-2.770617067271258227e-01
4.048172500431622411e-03
3.691813223205612227e-01
5.208985549655842373e-01
2.891481486815277169e-01
-3.338005061168409227e-01
5.591303272331245022e-01
-1.000000000000000000e+00
-1.860082094799286601e-01
7.892473225595993958e-01
9.075696397600391263e-01
7.565230693097932946e-01
-3.872867841982796100e-01
-4.071726143722801394e-01
-8.385157198387502286e-02
3.332619380288857625e-01
1.000000000000000000e+00
1.000000000000000000e+00
5.282132939614850864e-01
4.914691645091334715e-02
6.364301792244018152e-01
-7.126226441310266058e-01
-6.466640472898552705e-01
-6.884865567280704646e-01
1.427323977303749380e-01
3.673246520218463318e-01
3.073873394667626102e-01
5.242625987100988372e-01
-6.448984011638485558e-01
-9.632157829674588001e-01
8.285587989565692535e-01
-5.660560987971521296e-01
4.111434695845685994e-01
4.196848048865179370e-01
-8.534566770750022791e-01
1.000000000000000000e+00
-5.229677961890766280e-01
-3.773393977827979029e-01
1.000000000000000000e+00
3.317700030643152553e-01
1.724103212821095632e-01
-5.112796115227906668e-01
2.529373007692725661e-01
-6.931088514938330558e-01
3.485851019064224454e-01
-6.848312336630882902e-01
-3.882985168802698395e-01
4.820927623570355758e-01
-7.063980741371717054e-01
5.450842332617779062e-01
-6.178171557485377940e-01
-4.657222047233044449e-01
9.088359206985696659e-02
-4.935434744128425755e-01
-8.943771896391345955e-01
-1.183987736338484309e-01
-7.905289857875786863e-01
-7.756690575966822543e-01
1.000000000000000000e+00
5.075612694560376337e-01
-4.861418548175890919e-01
7.165542903966520827e-02
1.000000000000000000e+00
-2.861099876793503360e-02
-5.115841076531634224e-01
-3.894877108346440076e-01
-1.000000000000000000e+00
-2.374649789943158174e-01
-3.981345969641846283e-01
-7.406310328906900997e-01
2.803941437225492272e-01
-7.804019180822682200e-01
4.026662423827226389e-01
7.202938739681807867e-02
-4.220716480039949370e-01
-1.507294290730234465e-01
-1.504242222945771645e-01
8.864389380822220721e-01
4.424418186152914712e-01
-1.396577587958620636e-01
-7.264137688793048664e-01
4.389008487310330220e-01
-4.699241396524796444e-01
8.888904495991798438e-01
-2.703367494028710016e-01
4.383955060789303526e-01
-1.543935624041269383e-01
6.917019231308665361e-01
2.610353504504036581e-01
4.343771348340376703e-01
8.589924333875113005e-01
-9.776862270625084894e-02
-3.112415283719250914e-01
-7.435061004007606500e-03
-6.569220783951181808e-01
-7.302786940320464826e-01
2.001560569665771505e-01
-8.689593950579682646e-02
5.526188458393938019e-01
5.629067606091102682e-01
-5.383366521804103244e-02
-4.032184547617778669e-01
3.883167134171906509e-01
-1.668398823441305800e-01
1.180573084171979426e-01
-7.474446741834488428e-01
-8.671541335699429753e-01
-2.276644271922040053e-01
-3.379131020175780709e-01
-4.105386244169180188e-01
4.977240119711251465e-02
-2.944544280852766094e-01
7.013474879579403298e-01
-8.477823539916122808e-01
-8.036273693960136466e-01
-4.169373543601638255e-01
-2.890035879768266813e-01
-4.526957190307475121e-01
-1.370468809466481031e-01
-4.781740879311060510e-01
1.000000000000000000e+00
-1.511697991450823009e-01
9.706174278101817876e-01
-7.930227883991547433e-01
3.554609664150318871e-01
1.000000000000000000e+00
4.431129165850256069e-04
6.951831462134014927e-01
-3.628294309111936844e-01
-2.927637956066074798e-01
-4.606429191758157349e-01
-4.704200278272733793e-01
3.382562633473856217e-01
9.885915551131138068e-01
-2.195284537117354606e-01
3.101919735239962450e-01
3.972879547410827494e-01
-2.254337111270723337e-01
-9.651194334867124747e-01
6.170582226399766723e-01
8.981246705227062810e-01
-4.527081655594035192e-01
-2.543385119423512974e-01
-7.043707599356879845e-01
4.910891200896315700e-01
2.480480684101944999e-01
-5.445612746965619033e-01
-6.248568688784721104e-02
4.453147883670296459e-01
4.522651883267614359e-03
6.911358628941703941e-01
-5.146245031812086701e-01
-7.419776546457269584e-01
-1.552885599205794942e-01
-6.740745479405840790e-01
7.264334193538740658e-01
-1.000000000000000000e+00
2.624217112659013029e-01
-5.698738603065252040e-01
6.590936943936152037e-01
3.983171235743830918e-01
-6.166903234060885225e-02
1.689137584326096675e-01
3.045571837999108133e-01
2.238274080689993117e-01
1.280002778831623722e-01
7.503316410056597441e-01
-2.749405107588992481e-01
9.015955171910119970e-02
-5.018528835549954659e-01
-4.947019884238976761e-01
-8.615224787818350771e-01
-7.965618495404288568e-01
7.369338558538609529e-01
4.993112683469452251e-01
-5.042410769334193521e-02
-2.857013268651729665e-01
-7.176736372353220705e-01
2.999457551519322251e-01
4.329181857642064313e-01
9.403333092030286000e-01
1.759760106094164223e-01
-1.800813086505136662e-01
5.059526112839478618e-01
-3.503762879172734324e-01
2.978196348580889330e-01
-8.755758874584176898e-02
8.460818118429175305e-01
-5.640169101105305671e-01
3.630739493471780710e-01
5.358486267376649792e-01
5.721926008840588773e-01
-6.164197152385473277e-01
-8.069171395379042266e-01
7.721964731496244738e-01
-7.939448158978215653e-02
1.528608675825073593e-01
-8.849752513525026565e-01
3.686737570739750391e-01
8.378373182416738452e-01
1.226635405335803342e-01
-8.057531866489129335e-01
-7.051363181659556223e-02
-1.000000000000000000e+00
-7.803662557138552058e-02
7.235548572528491817e-01
-1.000000000000000000e+00
1.000000000000000000e+00
-8.478419796064491365e-01
5.488234013715482806e-01
6.546071182483832462e-01
2.473209339790533035e-03
5.568605308015196487e-01
6.446691574912382094e-01
-4.411245437294235572e-01
3.411023371551856753e-01
-2.949400287038571600e-01
-1.000000000000000000e+00
1.860722570646669016e-01
-4.991857857064408988e-01
-9.678129232804835169e-01
-9.449743472047891224e-01
-1.595192457102606598e-01
-4.742468522707393719e-01
8.275435980704158589e-02
7.013152034496388243e-01
5.230938897962962297e-01
6.164775572270891901e-02
-1.211578095738118921e-01
8.392726723341086270e-01
-8.901601494284118177e-01
1.895432205811926618e-01
-8.637683676752635487e-01
-8.793548971918738744e-01
-5.461491260862604280e-01
-7.658853642046330457e-01
-7.970895493754914796e-02
-6.850194524083225156e-03
-4.443468272807633568e-01
-7.587419328077660285e-01
1.000000000000000000e+00
9.919241299408064760e-01
-2.532536264895810518e-01
-4.018338625883827731e-01
4.975669027160325997e-02
4.090615300325751713e-01
-9.409724069507375832e-01
