3.031240197952309590e-01
-8.997302844904742081e-01
3.460161179537371012e-01
2.491534410581059955e-01
7.847532722188319543e-01
-7.521223732274757712e-01
5.800731281682418583e-01
9.228128172716298927e-01
-4.286012332896919075e-01
6.206222941933441373e-01
-6.938549062200349837e-01
4.974357199597099211e-01
8.403505944635085712e-01
9.110228119573933192e-01
4.337235521225937807e-01
-9.679593587763142271e-01
-1.497108812161813685e-01
-5.290652359563587925e-01
-3.782811611410518138e-01
-6.947243803661440342e-01
2.762774791927322671e-01
-4.539719973410365483e-01
8.712920841248652515e-01
7.634448055262297306e-01
1.041237356923325752e-01
2.399684333642096989e-01
-2.148005166408450961e-03
3.454053168622945869e-01
9.520907749014564381e-01
-5.331148867765156396e-01
-5.868275858931939482e-01
-3.775591327066496472e-01
-8.800296009642250006e-01
7.576354091284565051e-02
6.326781205556881726e-01
-6.999442700220703806e-01
3.105666070940449330e-01
7.315716822840510059e-01
-9.910639724978573817e-01
6.652458910729532882e-01
7.387833534286327719e-01
-5.940908987989728107e-01
2.589761421494927163e-01
5.338686807693260317e-01
5.937394375697124804e-01
-6.362151624285625751e-01
-3.259560825735181577e-01
-9.229318265257175913e-01
-5.908534386341508515e-01
-4.730519690655305975e-01
5.395669584229392246e-01
5.824934635040517339e-01
-1.000000000000000000e+00
6.479009643057380696e-01
-3.595016717450678634e-01
8.890576887878067769e-01
-2.925494880020811372e-01
-3.034921468502038699e-01
-9.876423862385068642e-01
-8.630143362802091822e-01
5.921364427089470528e-01
-1.646809363399319714e-01
2.924020862381659924e-02
1.000000000000000000e+00
6.456340379937552942e-01
-1.699681250773306118e-01
-8.258418944354164459e-01
6.500516426935201153e-01
9.433614720149092747e-01
9.962033903583829009e-01
-2.000708128737984648e-01
3.680292430418872218e-01
-1.058137867985017161e-01
9.116227742710365511e-01
4.332734894017465921e-01
8.664306635001921553e-01
-9.529953932877199829e-01
9.562675717166337908e-01
-7.038924661259331472e-01
4.278610806798272548e-01
6.927996689010382791e-01
9.477309980246038101e-01
-7.469493292431819143e-01
-4.402369612159684475e-01
8.574262932459053577e-01
-8.926098576693857201e-01
-2.538096589363805222e-01
-8.331937118220931193e-01
-5.394029039970058559e-01
-9.205026787230623508e-01
1.528323469641017507e-01
2.526160227485099163e-01
3.719962478883176438e-03
1.622042356217510140e-01
-8.545839067190801330e-01
2.730182732479341512e-01
6.031283601850228049e-01
8.829798032372702110e-01
-8.252525462669280110e-02
3.779225758595320395e-01
-2.535873518244200486e-01
-7.622743829529448067e-01
8.416096562093211553e-01
-7.676564522778153155e-01
-8.431615764278965752e-01
1.915158001367750495e-01
1.000000000000000000e+00
7.634966903608959576e-01
5.881969506838373718e-01
6.298165937156356975e-01
-7.915527827181069176e-01
9.838329677240109650e-01
-7.552551324208026662e-01
9.413961248936881798e-01
4.348346596190655333e-02
6.185973109493512201e-01
-5.752622632518811230e-02
8.846843848238873376e-01
-4.132964907293579238e-02
8.250868434336642299e-01
6.469035672650116364e-01
7.568720183488952813e-01
7.668089267815592081e-01
-6.990063517696893935e-01
-1.503514494042641481e-01
4.076360873499527693e-01
-4.323434466234480911e-01
7.929524017978877293e-01
-7.962661104400570178e-01
-6.464717779214919080e-01
3.352830576609200364e-01
-9.143794444140165290e-01
-9.411242092263769621e-01
-1.451453370717195601e-01
-3.558201672640708413e-01
-2.006589866494916663e-01
-8.801429260944744204e-01
-6.899518428510598156e-01
-8.648405784415609254e-01
-7.589821626765902440e-01
3.152291164852523142e-01
-3.029150300709204657e-01
6.038211599008667108e-01
7.905920417424867619e-01
4.937615084427406931e-01
-9.998324550063331095e-02
6.555116781985870222e-02
8.849057168144498497e-01
7.199593050211405831e-02
-7.940667749039576062e-01
1.000000000000000000e+00
-6.594596497847637906e-01
1.000000000000000000e+00
3.202856867147478859e-01
5.062934809075616549e-01
3.048941208810540537e-01
-6.934404356573418138e-01
1.327884673213528544e-01
1.000000000000000000e+00
4.943654881410280977e-01
-4.033708144806480433e-02
-7.941314779065578033e-01
-1.048030602608127637e-01
1.781639637359895278e-01
1.258014178950532802e-01
8.320344432732134088e-01
9.749779859411338290e-01
-8.999894698804906668e-01
-5.025299941096577072e-01
1.901911926789368046e-02
5.344329153745870364e-01
-3.540456995896116288e-01
-9.890209405204886117e-01
-5.827301080621527518e-01
-7.788120039557444585e-02
5.446373850904355773e-01
-9.556025237825029883e-01
-1.524764164232892405e-01
7.196887837975447511e-01
9.415182394453129877e-01
2.407521431021519831e-03
-2.176932733783814022e-01
2.925802399170631674e-01
8.122307055965090061e-01
1.349306394291900357e-01
6.295552370124724018e-01
-6.085337265299259890e-01
-5.778751040242839920e-01
-8.425722005292708428e-01
-1.485213282216550912e-01
-3.391056230327051946e-01
5.940914026774417600e-01
4.358204778676693092e-01
7.443507172739731725e-01
7.998926779420332256e-01
-8.735756944543793256e-01
7.423335475392429661e-01
-3.972829125358505742e-01
-9.138384456747372653e-02
-8.946785776180776750e-02
2.592563133866767622e-01
-1.676438273638503063e-02
-4.859133213719457611e-01
3.450775408843170799e-01
-2.833068422098243833e-01
5.897421119457011418e-01
4.299941132898257301e-01
8.796947139079391853e-02
-1.036606961113899494e-01
9.477543842949387454e-01
9.293686841024950684e-01
9.428843553066106331e-01
-1.374784136043902816e-01
-5.252267081959365314e-01
-9.781189114820465491e-01
-3.023046807225091559e-01
-7.716100328168045142e-01
7.425027432113504577e-01
-7.096348020593523653e-01
-2.978309341399585364e-01
-4.075249527562805341e-01
4.985281688088987195e-01
-2.914640531509726795e-02
-7.376006258878529120e-01
-2.084712965246349192e-01
4.968060690337416929e-02
-3.009867294822900496e-01
7.634056508990316736e-02
7.636430937142313358e-01
-7.125815334015548341e-01
-3.805293541314542782e-01
-2.467039680961549686e-01
-5.223268673449923405e-01
1.192938907540517235e-01
1.000000000000000000e+00
5.581688080936482166e-01
7.644462248584613651e-01
4.869046692796201725e-01
6.404054268194350197e-01
-4.169401402936778744e-02
-9.946663703170564030e-01
5.842988908088628808e-01
4.533439262935565206e-01
-4.562452474842511041e-01
4.773195053204717375e-01
-1.175153146170908602e-01
5.931603892957104662e-03
1.900737634757809769e-01
4.682672084135965918e-01
6.059154659105538965e-01
-7.149818779191425833e-01
-1.822114035421922296e-01
-7.837696032615391051e-01
6.599053314790095381e-01
7.214411556171773654e-02
-6.678561046083668629e-01
6.632009471918769439e-01
5.975530346493762579e-02
6.533327960851720295e-01
2.329115513734144050e-01
3.835981898272073920e-01
6.986495092613778102e-01
-9.942228825400107883e-01
3.020111482157223914e-01
2.589277508227056934e-01
