1.000000000000000000e+00
-3.830194298858213831e-01
-2.716864813877883922e-01
-5.928122418884378408e-01
-7.330050632446796222e-01
-9.634023871463335276e-01
-5.895698641993398770e-01
-7.815197345115159067e-01
-6.879804120843813209e-01
-9.824079110675210114e-01
-1.000000000000000000e+00
-1.929745037189400936e-01
3.397204945734491055e-01
7.988442365307211190e-01
-9.654789584108620648e-01
-9.983581893299908749e-01
-9.309292009901413145e-01
9.869194559209004680e-01
-9.475685380953864367e-01
8.268355246725473950e-01
-7.062721312989528322e-01
1.000000000000000000e+00
-7.141927886413856896e-01
4.772501115557092888e-01
4.457955576517740326e-01
-2.202491233076622201e-01
9.913213331047343591e-01
-3.968704359412478233e-01
-2.213986005906032339e-01
-7.261122893928992905e-01
1.358043534009366615e-01
-1.000000000000000000e+00
-4.070959160108225117e-01
9.525913149252067669e-01
6.870017911549373135e-01
-2.205404021064711895e-01
4.833318080078734535e-01
-6.811224889720148834e-01
2.768892968145111322e-01
4.059025034989183767e-01
6.721846613419528715e-01
1.712324835915786103e-01
-9.307008294810381610e-01
1.031597608955032719e-01
1.358593110230865708e-01
-9.905270512986730225e-02
9.885949809996881221e-01
-6.664759553897300903e-02
9.336915678507264893e-01
3.352242118932806658e-01
6.960312081457616928e-01
4.099525841138511595e-01
6.568354926015771422e-01
7.054051031317221110e-01
8.813883575508527635e-01
4.310853742738836036e-01
8.544265716466941107e-01
9.101806529629709042e-01
-2.555715354355525548e-02
1.000000000000000000e+00
1.898226357790588903e-01
-1.960606525424823943e-01
-4.180727275151365774e-01
8.464897738888004231e-01
7.347152904055234135e-01
5.469998613797650844e-01
4.797951638557873544e-01
4.018754679745861758e-02
5.593034494643408516e-01
8.054226332476404071e-01
-2.919799878166736695e-01
-1.753309623258907379e-01
7.843924753159956520e-01
3.393032062908880597e-01
-8.489657981110063645e-01
-3.782216573365202450e-01
-3.568560981270265664e-01
2.753508381183461529e-02
-9.811054391287914456e-01
5.495702344846324916e-01
-9.098189466706834150e-01
-8.377251623624285548e-01
-8.121158700322343993e-01
4.839851550544094216e-02
6.196039113450397817e-01
2.423184924582333366e-02
1.687831253618544691e-01
2.216055921116042438e-01
-7.711924233343969703e-01
6.484931905203421554e-01
-6.026332230903912457e-01
2.429103626370585634e-01
-6.262208750652034084e-01
-1.651536530403765468e-01
-2.635111447701430354e-01
-6.333793088751140665e-01
-2.261406421963503277e-01
7.059736777085576787e-01
7.391565102392003705e-01
5.936474674371798876e-01
-9.192991777644243800e-01
-8.955597101514778391e-01
-3.180879496479545043e-01
6.029325133814710247e-01
4.119869775943367785e-01
6.729080711873951515e-01
-4.240025735737720236e-01
5.897012731710651323e-01
-1.000000000000000000e+00
-4.615859533857258334e-02
3.898786628153327882e-02
-7.335121530356087938e-01
2.049200936057852807e-01
4.003442448260938757e-01
-3.019541968283299266e-02
-9.650596074514432576e-01
-7.550812249545626464e-01
-7.068747492724061221e-01
-3.257182837031247225e-01
-1.862649284697495133e-01
-1.588909256937580672e-01
7.674092615843817189e-01
-9.739926452607543528e-01
-1.085484092959623226e-01
-1.000000000000000000e+00
6.752561351239055876e-01
4.605811194186126833e-01
2.160263431986728655e-01
6.465454582483305401e-01
-2.088436130611071029e-02
1.887191430482304533e-01
-2.439604958002694612e-01
-9.253380848047081386e-01
9.759553934705782474e-01
-6.249256100142617232e-01
-6.221483097621871572e-01
8.507516957000855751e-01
-6.358785483923152793e-01
-5.165077957160573163e-01
-1.229045697862052311e-02
-9.276974282014371909e-01
-2.473244551379225609e-01
-5.120279871211919076e-01
-1.373411591904249995e-02
-4.675205708911864821e-01
6.721582171936097971e-01
-5.008945585289221736e-01
7.499661912492527893e-01
8.658284350960228082e-01
6.820977783799948568e-01
8.981238544637228927e-01
1.685980599762795240e-01
-2.530484732590185804e-01
5.664251689389931954e-01
-9.029317722392791179e-01
-3.154342151153772811e-01
7.829233941106323869e-01
5.601772541856058218e-01
-1.178791095277995638e-01
5.700445178168700444e-02
-7.693570009362695750e-01
8.359255236801519384e-01
1.968441562935978606e-01
-1.000000000000000000e+00
-7.624098243363892635e-01
-4.148784767888335501e-01
-7.838357064712324629e-01
9.798638867643019168e-01
-1.733002175386211263e-02
-8.996473665506367345e-02
-4.330978439839219263e-01
3.047459118412780832e-01
4.168588050419261837e-01
3.904864045533975592e-01
8.246598642272735535e-01
-3.420952401911505625e-01
7.629550966849214522e-01
2.189467706354752963e-03
-1.823393065032431481e-01
9.852509483198856888e-01
7.492693296415908755e-02
7.521206819570009916e-01
3.027793976282788790e-02
-7.822356507679781856e-01
7.760324456013871774e-01
-9.951091644016185622e-01
9.909309683013202141e-01
-7.543880336253658836e-01
9.729078798550339080e-02
9.310747613929080124e-01
-3.894131380747598570e-01
3.042599591370371837e-01
-9.877100023195635181e-01
-6.977524738073259680e-01
-9.342279479134638631e-01
9.769244656623441436e-01
1.000000000000000000e+00
-9.542183909908596995e-02
-3.549388830519435434e-01
2.085422101014942076e-01
-3.617079802891098872e-01
6.171186916795323718e-02
9.403999424117925887e-01
9.808956414881750963e-01
-4.925681400755765882e-02
-5.152810804139900114e-01
-1.445882727562323167e-01
-1.000000000000000000e+00
-8.715708222865261590e-01
-9.309596795066722441e-01
4.409407778568268377e-01
4.657173106118390749e-01
-9.430742786828210100e-01
7.762003361000731072e-01
4.841569469021230754e-01
7.815229297296253375e-01
-4.529738851862850080e-01
-7.583116165824308474e-01
-5.800504098885017612e-01
7.048523762972671580e-01
-1.000000000000000000e+00
-6.765538782234310489e-01
-9.962566037612274883e-01
3.440226446533476423e-01
1.056519316481727699e-01
-2.143835401362432225e-01
5.512106317094938035e-01
7.520917459189122578e-01
5.521487156227455895e-01
-2.313516911382051955e-01
-2.532720340798835235e-01
3.073493042661974428e-01
-3.967404401940839431e-01
-9.039504965432150485e-02
1.000000000000000000e+00
-5.287779514711350437e-01
-4.609232107580718552e-01
-4.467647108409027457e-01
-1.969207364549230843e-01
6.551842251297842479e-01
-1.845926107588142795e-01
-5.816460943788392957e-01
-3.346154093559512432e-01
5.300933128525200377e-01
-1.000000000000000000e+00
2.679682303090287210e-01
-2.364040886893836735e-02
-7.303948040410845888e-01
-3.563088383005272863e-01
9.711936682240263075e-02
4.241576335375882856e-01
-8.202656584210989976e-01
-3.326544211695885433e-01
5.013312157352404208e-01
-3.319692054118641433e-01
3.539303865884867867e-02
-8.050776297401831538e-01
-6.509022864936970798e-01
-3.049951736425577931e-01
2.819867171639711678e-01
-3.742111275291128969e-01
9.277035822936066101e-01
-9.894833094117749805e-01
-5.785888067029485438e-01
-7.526022509988075093e-01
