-6.802631551614177763e-01
2.380716159341438876e-01
4.972594575146644380e-01
-5.258413479797032775e-01
-4.078955702518113346e-01
9.092886746205564030e-01
-3.478513614305462354e-01
-1.803897655720960169e-01
1.178775500893168050e-03
9.301658225525549772e-01
-2.616497134962762483e-01
-1.578783002011943659e-01
9.895813962062433022e-01
-5.136557857449274289e-01
-1.911975091119092751e-01
-1.903575124320052714e-01
-7.859269564642769046e-01
1.000000000000000000e+00
-5.816407634085812850e-01
3.772698333462762843e-01
7.371727425910776232e-02
-5.340106221747480397e-01
-1.000000000000000000e+00
1.000000000000000000e+00
1.000000000000000000e+00
3.776876020978521264e-01
-4.011641393335146910e-01
4.768525285133748959e-01
5.682883305906971660e-01
-2.488543248757187909e-01
-7.850501653339567731e-01
-7.700123045110552900e-01
-8.004361860521042038e-02
-5.304521000157697008e-01
2.270269743574099830e-01
-5.098287696849708173e-01
1.000000000000000000e+00
1.330049466296411020e-02
9.757245406685896016e-01
6.594032458916534445e-01
6.046240580781525598e-01
-9.762143542803095597e-01
-6.682159917304216767e-01
-5.472434802998371595e-01
5.057774391041484074e-01
2.496276164320966329e-01
-9.067669936245974505e-01
-2.056942013661921531e-01
-8.413509913439067844e-01
-8.145669293534751887e-01
1.000000000000000000e+00
-1.993812616346927191e-01
-3.625713397761863854e-01
4.775925711938459606e-01
-4.024040120907124152e-01
9.187588396527750501e-01
-5.184570144819119486e-01
9.953916384943040097e-01
8.889747983791939090e-01
-1.000000000000000000e+00
-7.002420200046198806e-01
6.220314666576876039e-01
-2.879939109162982236e-02
-7.497871534609048538e-01
3.221582905026438848e-01
-1.000000000000000000e+00
3.776264401381346225e-01
-4.537368526938805324e-01
-2.998585415804311261e-02
-3.032686491469832046e-01
-1.000000000000000000e+00
8.355994966976759697e-01
-6.628312584616327108e-01
1.027974570253276099e-01
8.883472179936999225e-02
1.000000000000000000e+00
1.691143598420046801e-01
5.640060982664349964e-01
-9.434960907814935460e-01
9.197745932563727855e-03
-4.897693157081062232e-01
-4.029400582714063317e-01
2.998088391778025441e-01
4.302611779897883015e-02
-7.359299155981535723e-01
1.000000000000000000e+00
1.000000000000000000e+00
-6.246877358050348938e-01
-9.292483228125942851e-01
7.250223753638114221e-01
3.678252187274159146e-01
-8.930434439850029049e-01
4.767665953618585584e-01
-1.110911350824465293e-01
3.663308224561988569e-01
-5.565357096349879962e-01
3.889469703017492397e-01
3.133463619441477777e-01
-1.778547266037971974e-01
6.299278900017972749e-01
2.170026037301782673e-01
-5.662805685528533584e-01
-1.000000000000000000e+00
7.484658777611090663e-01
7.869796015970402792e-01
-7.747944196075632339e-01
-8.171050478114321169e-01
-3.298937418835424795e-01
-2.114368287708144889e-01
8.068413276417598645e-01
-2.314212785671517225e-01
-1.000000000000000000e+00
-7.840939257897783232e-01
7.385959739153884485e-01
-7.876562885005284897e-01
8.200298213729256824e-02
8.617954094021629263e-01
-8.570060478240193458e-01
-1.246574765524442463e-01
8.369487800754544793e-01
-3.082457157436762629e-01
-1.000000000000000000e+00
-3.948816375302233728e-01
1.000000000000000000e+00
1.783919284420565354e-03
1.000000000000000000e+00
9.579768448982869944e-02
7.787150246448761859e-01
-7.378153254243076109e-01
2.531238634359171957e-01
1.378475630698551557e-02
9.030857894141313125e-01
1.902354542417879768e-01
-5.094922369067135248e-01
7.356392088337090907e-02
9.952992578605853735e-01
2.946297353054089241e-01
3.517213129281375750e-01
-7.904476630570254070e-01
-5.703215430555006460e-01
-1.001103740609757681e-01
-1.000000000000000000e+00
-1.000000000000000000e+00
4.237241346790254215e-01
4.235032029891915295e-01
-3.518239940479707395e-02
-4.111540050647668476e-01
-5.221520904041385691e-01
7.386852395838338081e-01
8.146296348775690088e-01
-1.000000000000000000e+00
7.152339869844116516e-01
-1.000000000000000000e+00
4.737437931377315170e-01
6.731983521277423721e-02
-3.283766170215536295e-01
-5.057694542395252402e-01
7.596518899850727147e-01
-8.061202188491912723e-01
-2.101466978975744526e-01
1.881998474235699881e-01
4.269749786431639160e-01
-8.250692787507627468e-01
1.892018133273318525e-01
-1.000000000000000000e+00
-5.689527320528739995e-01
3.953055392301274562e-01
-1.000000000000000000e+00
9.957857003625527614e-01
-1.524111531752394555e-01
-6.325100311485039040e-01
8.550200470676212472e-01
6.511708388889336785e-02
-5.993677366252394556e-01
6.282619275764254052e-01
-2.767113967250924289e-01
-9.325400418313396778e-02
-6.497661230366265084e-01
7.379803668611055745e-01
1.509645176012369971e-01
5.554068838396875735e-02
-1.859495947295285445e-01
1.000000000000000000e+00
2.978975791863347489e-01
-2.051120179338747074e-01
1.000000000000000000e+00
1.477428870114222692e-01
-9.333669627013125858e-01
5.511678338126224652e-01
9.083543735715332579e-01
-5.731277796037675953e-01
-2.083431504819391877e-01
6.841885758826425912e-01
-2.356246986012263400e-01
8.539129930942165325e-01
-5.284314464302611869e-01
1.000000000000000000e+00
-8.357434617584860170e-01
6.561234353285033682e-01
-1.714925701909342237e-02
1.000000000000000000e+00
5.571965248778099067e-01
9.469065121984903133e-01
1.952858368885037332e-01
-9.596185807601829154e-01
6.461427935641265163e-01
4.078730428237675731e-01
-3.481526802719024927e-01
3.569910125488254815e-01
1.925939366649575823e-01
-3.098534671346465652e-01
-3.113805001999536692e-03
1.449274078544116051e-02
6.232309594403264708e-01
3.540738063990517825e-01
-1.978200420571791240e-01
-8.852980634774842983e-02
1.207573531458351612e-01
-5.417102994743575595e-01
7.590253973926222586e-03
2.260491882605243918e-01
7.572690134393164074e-01
9.258708842790593918e-01
-8.801384233256013268e-01
-6.339179587189047727e-01
1.000000000000000000e+00
3.233231916678761531e-01
-2.027115741853223463e-02
1.599461295063060451e-01
-2.137422928543464273e-02
2.873232907160793159e-01
-9.096074718154851801e-01
6.022857908885238531e-01
8.128650716179279812e-01
-6.153620157835764104e-01
2.395479539765446864e-01
7.228801522267190860e-01
5.427699723564665124e-01
3.197113280977779137e-01
3.253290487981760348e-01
-4.039263166957147710e-01
-9.791643934446652153e-01
6.290681818954014792e-01
-7.247475723664873470e-01
5.710932840248310605e-01
-5.707609076321948915e-01
-3.787076934517215054e-01
2.645454205703198225e-01
5.958063314954664680e-02
1.000000000000000000e+00
2.762243044019246918e-01
8.462616285330611943e-01
5.158253023463080789e-01
7.331433645493024009e-01
-1.000000000000000000e+00
-1.955928186466025509e-01
-9.162540617871345328e-02
3.918201461219249504e-01
3.705391255366767833e-01
-2.244516231465248646e-01
4.221867486944590186e-02
9.981122195145374354e-01
1.993402222431339410e-01
1.000000000000000000e+00
1.000000000000000000e+00
