2.928282415670190875e-01
6.558276166659333661e-01
-8.776535485753529375e-01
1.670113756662675031e-01
-1.000000000000000000e+00
-1.164164145640967651e-01
-1.741799742027387021e-01
3.755466529474710269e-01
2.251612118756093905e-01
-7.473143357767477735e-01
-5.479055775803254313e-01
7.229637343562034246e-02
1.000000000000000000e+00
-7.556240044661612920e-01
-4.075373311077964966e-02
9.284629393486208970e-01
1.901518483861115993e-01
3.593648866414981824e-01
3.104474633682260953e-01
-6.203451521779798084e-01
-6.348030633806052148e-01
6.672945133966426967e-01
-2.643880596334513555e-01
-3.096887192152751600e-02
-9.712484943908558654e-02
-3.106789010781834115e-01
6.872837881793141257e-01
-6.186602653967169241e-01
-4.029697591881851726e-01
-1.273490365929725865e-01
-1.000000000000000000e+00
-9.917046358228644998e-01
-8.426120017687002139e-01
3.800364863383384195e-01
2.065980919064033458e-02
-9.336115594468156198e-01
2.247149378079286164e-01
2.796849174616564682e-01
5.413939828989398073e-01
-2.861673521326933978e-01
-1.323355856382525120e-01
3.041366483461730996e-01
5.329107934699717219e-02
-1.721920130374629543e-01
-3.051757643685002463e-01
-2.652271865759320280e-02
3.661356615169887585e-02
5.056846920249015165e-01
2.462454475795457232e-02
4.813965725348371971e-01
1.000000000000000000e+00
-2.194010497705842500e-01
1.758463168248345643e-01
9.369634537633758642e-03
2.045327644085460639e-01
9.880707993350372753e-01
2.052728947848345142e-01
-9.400935588885271921e-01
-5.730384151571775719e-01
-7.074486321130410982e-01
2.212327947629808833e-01
8.382387557484297647e-01
1.000000000000000000e+00
4.969614324963943508e-01
1.989809712685369214e-01
-6.048092476092433722e-01
-9.190779018385404342e-01
-3.936073313230989967e-01
3.279379070088843107e-01
7.388683171539283112e-01
-6.430198202105923411e-01
-1.162044266132213066e-02
1.000000000000000000e+00
-1.236115070278895334e-01
-2.883114824570253143e-01
-2.263141954210694529e-01
9.060763570207763795e-02
-4.263583005149168548e-01
6.241762486965466428e-01
-3.106851102496681061e-01
3.627063423490192173e-01
3.333966971300268978e-01
7.288001534949547500e-01
-5.695761782740931256e-01
-1.488063020618579646e-01
5.351703751077863114e-01
1.000000000000000000e+00
-1.806383104917077820e-01
2.473840881764040323e-01
-1.352248135916461202e-01
9.099297131722876575e-01
-1.117834268241164053e-01
2.108817197300807966e-01
3.777191564799809997e-01
-5.688735130592632583e-01
-3.769190582216559726e-02
7.411916857310185680e-02
-1.000000000000000000e+00
-1.000000000000000000e+00
-5.116474644701287655e-01
4.525474419194509546e-01
-2.990456789878752075e-01
4.286304374953270879e-01
2.673676521868542655e-02
2.318485334388142860e-02
4.075033771307350339e-01
3.298484259529760321e-02
1.378761008694134871e-01
-3.258222823500706578e-01
1.859863992340539396e-02
-4.406141165468296927e-02
-1.000000000000000000e+00
4.650838929337989258e-01
6.415376155012078585e-02
-3.973036586907885970e-01
-6.928107009428144947e-01
-2.878869640841348332e-01
-9.532075479442132515e-01
8.348347098464251603e-01
-3.528642049477088150e-01
-1.116103850506925538e-02
-7.290208087837907192e-02
-9.981892215978340754e-01
-6.059353375374676443e-01
1.000000000000000000e+00
-2.402683139792183842e-01
4.375007021280197250e-02
6.285959666438111215e-01
-1.000000000000000000e+00
1.295025037326628936e-01
-5.717334847617178140e-01
4.384780353922107521e-01
-2.994548924557892400e-02
6.778815975280689798e-01
2.534342405506777030e-01
8.011095738424869328e-01
-1.807010545912468569e-02
-1.725058480461593713e-01
-8.785677146580932184e-02
3.734133181701326243e-01
-2.792504064963044486e-01
3.656560091941309931e-01
2.016502125623662878e-01
-1.000000000000000000e+00
1.000000000000000000e+00
5.667333758236834385e-01
2.826153784242891875e-01
4.981727360021705464e-01
-2.105654512062726802e-02
-6.811499020534081961e-01
-5.032273117302682452e-01
-5.443721662815534934e-01
3.287103911348715490e-02
-9.151614625474663312e-01
-6.208153461958536568e-01
8.266819537843422827e-02
-1.607508726470911198e-01
7.865827372848187560e-01
3.814484747675789267e-03
1.000000000000000000e+00
-3.259666124856007707e-01
1.000000000000000000e+00
-3.784800741519728784e-01
-4.236469365985183200e-01
9.937415926685043699e-01
-2.211562946322241652e-01
-3.864977311536385574e-02
-5.820437657043853186e-01
9.790366297267704132e-01
3.046442644133835476e-01
5.453754148759333287e-01
1.000000000000000000e+00
-6.466110421826994914e-01
6.203658401263234534e-01
-1.533115877915747216e-01
3.797106224313319123e-01
1.000000000000000000e+00
5.482712706806083108e-02
-1.195933030988372003e-02
8.526976105653518712e-01
3.175402561970405019e-03
5.216375347193347167e-01
5.434573266259151714e-02
5.042295626745412207e-01
1.834870795473869665e-02
4.059419615013617477e-01
-8.490566334764543255e-01
2.071460030656536999e-01
7.817149615042213728e-01
8.931064326581006352e-02
7.393284680697808087e-01
2.440610500414284179e-01
-1.797392725907871400e-02
-5.927033528701293186e-01
6.270955868771087571e-01
1.656295429870265901e-01
-8.764478853055608365e-01
5.798955270277772467e-01
-5.838834570589798156e-01
-2.818718457981300718e-02
8.455969132396488064e-01
-9.746656216858422261e-02
-3.930470744453052889e-01
2.227321607319326935e-01
4.320490734256541288e-01
-9.130930777739180160e-01
8.472783388952990213e-01
-2.560655340779583455e-01
-7.197932877361271631e-01
-1.223719714715592738e-01
3.260024283334714279e-01
-2.549043079414861079e-01
1.000000000000000000e+00
-5.068351472909685684e-01
9.233885541343005432e-01
6.285109349489097497e-01
-1.000000000000000000e+00
6.196292601338421191e-01
9.778865531454007387e-01
-2.613869893081498530e-01
-9.045984188997130415e-01
4.387853507307117318e-01
-3.709642745826228771e-01
3.492825874562668353e-01
-7.958083912237174928e-01
-6.368269033265760992e-01
-5.496014877014360200e-01
-7.809074764328105545e-01
5.547760124237843815e-01
5.690131846378565506e-01
8.580398742132541168e-01
-3.899940306838806103e-01
-4.938105488282354960e-01
1.000000000000000000e+00
8.096321250694770155e-01
-5.263910557197239992e-01
2.410988930607152469e-01
9.017676024749510244e-01
2.653959177257904090e-01
-8.731970117309675317e-01
2.846290740933751784e-01
-1.000000000000000000e+00
-8.205605158274208444e-01
3.093031614901279869e-01
-7.109206252647209956e-01
-1.000000000000000000e+00
5.817944864359985563e-02
5.589979548734063108e-01
-8.920462853855190000e-01
-7.603553802071477685e-01
-1.000000000000000000e+00
-1.000000000000000000e+00
8.403079321352955322e-01
-4.852139444904866039e-01
4.949732494308198838e-01
9.495044019937054491e-02
-6.804089702503495207e-01
2.058242851815459129e-01
2.287289618660431900e-01
1.000000000000000000e+00
-1.000000000000000000e+00
1.000000000000000000e+00
2.513712625325334460e-02
2.692114555903248330e-01
1.000000000000000000e+00
