4.641768955376064376e-01
1.000000000000000000e+00
-1.786630483269739944e-01
5.690305698844433380e-03
2.787975285316091068e-02
6.737898342317196754e-01
-6.688901825829218772e-02
-3.017468408039025718e-02
-5.805941710049060678e-01
-9.457916892604067982e-02
1.454345345836512982e-01
-4.411332952272647989e-01
-6.404373526291700092e-01
5.088901131874746797e-01
-8.654256896283762934e-01
9.578555697424053772e-01
1.929622160669691999e-01
4.691739055160820682e-03
-9.875465803714914559e-01
-8.295594952573357439e-01
2.408620108700605389e-01
7.953407040440081399e-01
7.096959448395789849e-02
2.512543866547985449e-01
-6.525797963314028394e-01
3.766265032222736453e-01
-6.437236248944535610e-01
-1.841004332633680018e-01
2.214185520931000184e-03
2.480846003617941387e-01
2.652003865283389938e-01
3.215584387512349096e-01
-2.271311322858491355e-01
-9.492227494792834230e-01
6.134350137459017027e-01
-6.467372136956311968e-01
3.479646090151305993e-01
8.190820738868787032e-03
1.062962863872634056e-01
-6.992219697816213220e-01
-1.061718910410069938e-02
-9.307893986260171726e-01
6.787696909609786111e-02
-7.162660068459358875e-02
-4.428129896627901463e-01
8.306274053824120873e-01
1.305387291016002482e-02
-3.797441940854335285e-01
1.944470066692496335e-01
-1.000000000000000000e+00
-7.125486572288579623e-01
6.982940791290390692e-01
6.470362546176325891e-01
8.478025995353057898e-01
-3.077881514452520673e-01
4.235197949868108047e-01
-7.185584153218762538e-01
-1.037405396789234935e-01
1.000000000000000000e+00
1.329449474031676459e-01
6.726964120954281867e-01
-6.132861627381285263e-01
-5.351764790015216544e-01
-5.373798109160676795e-02
-4.885310429814683220e-01
4.892107069816755693e-01
5.679978025385432616e-01
4.434274074762201145e-02
2.021548438346808529e-01
4.199649238024292242e-01
7.988613272424863188e-02
8.573997586321319142e-01
-9.235042435477083256e-01
-6.069126500626995657e-01
-9.285258259590991603e-01
9.635455648409676499e-01
-4.888902023258212548e-02
-6.926587051073211931e-01
-8.494305850274941339e-02
-8.749317339908773139e-01
5.200757715212553922e-01
6.856256845716082182e-01
1.000000000000000000e+00
-8.052705868061760253e-02
-7.288535535033089374e-01
5.892235727615067198e-01
7.040861243285780890e-01
2.268286339035974208e-03
9.426711527091258258e-02
8.174613600092028864e-01
7.916666187282320744e-01
8.948074909195635751e-01
-1.000000000000000000e+00
9.289271722884469007e-01
-4.673158393200345095e-01
2.317451450799443702e-01
-4.142998247254789934e-01
-1.991532064930330304e-01
-1.000000000000000000e+00
7.548014859786535968e-01
8.229598421871326952e-01
-3.893637919783587975e-02
9.825616942550958743e-01
5.661169679367339391e-01
-7.803434448451189720e-01
3.775646874930146946e-01
1.000000000000000000e+00
4.971000630836477363e-01
-9.448014889496661461e-02
9.314488262335127722e-01
6.197142024645835301e-01
9.123590508894812157e-01
-6.153170074114703292e-01
8.769218502452675867e-01
-2.568997673963888673e-01
-3.125688638308006251e-01
1.000000000000000000e+00
-4.768700521831648054e-02
5.720803671970906557e-01
7.248665817761044128e-01
5.205567739028400531e-01
1.876643127827597735e-01
6.117133063989794728e-01
-4.040881764969688206e-01
6.907943306308541587e-01
6.532853213265390480e-01
8.913034463866991164e-01
8.504084152888349291e-01
-6.733258972957225641e-01
4.057431746304018816e-03
3.977567357091014166e-01
7.961826948449289842e-01
-1.000000000000000000e+00
-8.979935885135015283e-03
8.391437433375155130e-01
-2.934735928769138802e-02
9.799282282969179469e-02
3.066075931862575210e-01
-4.837405100427982774e-02
-9.402591179124517584e-01
7.786232877705234756e-01
-1.000000000000000000e+00
-6.619648078542403891e-01
2.918439843890288099e-01
8.715698349888523211e-01
-1.823501452086870867e-01
3.181130048391389575e-02
4.899582486172329165e-01
5.344253581451001711e-01
7.666137155362000577e-01
-2.538632096846431541e-01
6.610625419148871140e-01
5.772239287096835314e-01
-2.266825189780364083e-02
4.565070841555920467e-01
5.178048963797285964e-01
-8.162715588503179909e-01
7.942915041165830026e-01
5.733424874913686242e-01
-6.835522967076547163e-01
-4.527735069174620985e-01
-7.395138849441256212e-01
-7.494575974589101630e-02
-4.199217126962029312e-03
-2.290401774962569359e-01
-2.609048358287406888e-01
4.200317269470836834e-01
5.900731587525505084e-01
-2.616479922846863815e-01
-1.454921175713104753e-01
-1.381767027892815136e-01
6.734418301832070242e-01
9.912308383439512038e-01
-1.160326448987929471e-01
-2.295456271502225309e-01
-6.166230992170029790e-01
-8.330723682866052471e-01
7.113767942900612873e-01
1.080948911870371898e-01
-4.558134795773431946e-01
-7.219556476103470288e-01
-8.695246479898559588e-01
1.183427341773153341e-01
-4.706109439983929832e-01
-5.974711253902149632e-01
4.489206422859681744e-02
2.626304870646971601e-01
2.431265476627397781e-02
7.094346258713422060e-01
3.879544312637348558e-01
-8.705850894250333205e-02
-1.000000000000000000e+00
-6.917851257153462274e-01
-1.000000000000000000e+00
-9.581188463874641403e-01
5.345040422650455536e-01
-4.095455603435644854e-01
-9.964000958755936388e-02
5.599809391335359710e-01
-2.712531156215125527e-01
8.085135253360553609e-01
-4.087911664144585622e-01
2.842197583164822738e-01
-7.625169341479787199e-02
-1.652534139411807601e-01
6.084947643940121775e-01
-1.000000000000000000e+00
7.920486553280030595e-01
2.787331582417242881e-01
8.514176108402549126e-01
-3.186473702388611939e-01
-2.649867358583278820e-01
7.469170943649425798e-01
-2.887055688339144055e-01
-4.555558147500538002e-01
5.468474133413447902e-03
-5.219449488566079154e-01
4.526993109457153608e-01
4.403338809549874888e-01
-4.309341278848052292e-01
-4.849183121086058090e-01
4.372622704653683634e-02
-2.369907263442804779e-01
6.747153630107215472e-01
2.146486769579682985e-01
-3.117133341547360104e-01
9.063583073978012106e-01
-6.058201231099471507e-01
-8.741459863386715767e-01
-4.682924024669494756e-01
6.087742129776261280e-01
1.570130800040527852e-01
4.888026079168875659e-01
9.174490195922351266e-01
9.304302955620820104e-01
-5.828060838260429311e-01
8.116401137651771958e-01
1.000000000000000000e+00
6.548725323130407672e-01
7.655942672239324231e-02
-3.371284925269382171e-01
-4.071357224604936764e-01
3.562228925208748009e-01
2.848805315727414023e-01
7.204255708605731279e-01
-8.803934669289029125e-02
-9.937009836465695578e-01
6.486071036794127664e-02
3.614576326406180318e-01
9.065805666374577854e-01
5.265995715056481785e-03
7.181862412696065068e-01
-1.871102991270387483e-01
5.219108618123033949e-01
-1.834010924186135760e-01
2.515843626913312203e-01
-5.372734291521130690e-01
-8.271559510778409008e-02
1.000000000000000000e+00
-4.732865048724417267e-01
-3.031544773640988399e-01
-4.790755843290495086e-02
-6.725072715463621398e-01
-9.371540878376030115e-01
6.625511705066866597e-02
