-4.798710982776127620e-01
2.547819772430679475e-01
2.612000931662453174e-01
-7.509597886290980684e-01
-2.689525807229183330e-01
-5.536808106604422797e-01
-7.109320543023778249e-01
-5.174417852869386270e-01
4.532191643617153320e-01
9.804163829644234607e-01
-7.359764524043251877e-01
5.534173109844255783e-02
3.442629004732262188e-01
-8.658620186021305232e-01
3.742266032591873848e-01
3.687618898780780086e-01
5.848808627803235849e-01
-8.809140295117218189e-01
8.987991427468206007e-02
-5.831860112524945849e-01
-3.314595475025503557e-01
9.872777938487883320e-01
-3.331190635349295381e-01
3.956283444215104028e-01
9.743388084254015480e-01
4.161928096273724842e-01
-6.489313263437934687e-01
1.408049296054965926e-01
7.274558303617825183e-01
-7.392658373483077527e-01
-2.998735746053947659e-01
5.013845502706304469e-01
-9.000102086097152565e-01
-9.087414929201136360e-01
-4.298154965816629591e-01
6.086714447968628594e-01
4.389402068468311047e-01
5.885977167987407332e-01
-1.868071157194312049e-02
-5.100432157577589054e-01
-7.612728235545651589e-02
1.327775069647285644e-01
1.450316776025209128e-02
-7.152430345334764850e-01
1.682912914369015869e-02
3.390390074257884634e-01
-7.601059746716281040e-01
-9.225096887176542637e-01
5.898184033128116566e-01
2.355625678116380350e-01
1.958291133288012631e-01
-9.326081855531630216e-02
-3.940907341567489452e-01
-2.220966635195269490e-01
-9.704725775349182237e-02
-8.306778019071490160e-01
1.040652742661233310e-01
-8.014101946689254907e-01
4.460421416367246206e-01
7.848996115677157048e-01
7.752390576955843216e-01
-3.554276133599243437e-01
-1.197140015334226537e-01
-6.431752117947462377e-01
4.034974487706928237e-01
-2.200900241278692104e-01
-1.432131967669961481e-01
-2.527921019261323288e-01
-5.826420568287391522e-01
4.961776712482465768e-01
8.142306375890845382e-02
3.275463531517431859e-01
-8.436377448152492242e-01
-1.693718417547945831e-02
-9.599103227115318715e-01
7.158942871036775291e-01
-2.953728746884571876e-01
3.763218952248919003e-01
2.286455361391144248e-01
4.204658508267540840e-01
-5.301357292393460430e-01
-2.318952551958667896e-01
-6.756875216492078118e-02
-4.293543340623409144e-01
4.552350391529337847e-01
6.148160442028329786e-01
1.513784220349820644e-02
-8.988853221133763505e-02
7.872090164403057200e-01
-7.465481544433549832e-02
-7.693255410525917659e-01
-1.813774715045389507e-02
-6.616444821724008774e-02
5.869687138163048878e-02
-7.632353585190538858e-01
4.550140743648273811e-01
6.882756390441633343e-01
5.655478791009433959e-01
1.029352986992433383e-01
6.142922317413176403e-01
-3.039417942597089084e-01
-8.966447023085132306e-01
-6.098955264747527583e-01
-5.876941039417442614e-01
-1.389756980629243410e-03
5.001746934140364198e-01
1.785545798352679570e-01
-7.547245153493116199e-01
-3.022565989669008246e-01
-3.467346823903084685e-01
-7.092742407113564740e-01
-3.575596718626529169e-01
3.152969101604708446e-01
-5.657987497113236008e-01
-8.281932239743390323e-01
4.944493167529493416e-01
2.518919605012042151e-01
-3.462271759329623722e-01
3.197652008302916404e-01
6.317784979606709816e-01
-4.471488740356425740e-01
6.374893073952605516e-01
2.687003984888982622e-01
-2.824212320455471437e-01
9.407841561140461994e-01
-4.489308843094652612e-01
-6.383208303194143340e-02
5.277526498377334008e-01
-5.790147285633238106e-01
-6.316715195692239604e-01
-4.253571832961316329e-02
-6.338478326303829125e-01
4.718925513990424037e-01
4.915174877759269645e-01
-6.527696931361132160e-02
1.519215294348427170e-01
-4.391038431944065401e-01
3.925784355048417829e-01
-5.081689190213543039e-01
-6.616064244267061412e-01
1.845894178686927900e-01
-3.466075963147252637e-01
5.840375072631134312e-01
-1.591091254478337047e-01
-5.347449294197342828e-01
-6.654627930175599504e-01
1.076346871755764628e-01
-7.406309536200426091e-01
-4.574582547352545880e-01
2.495223697362716486e-01
-4.828430331543171472e-01
9.438146581742112851e-01
7.963152202339274233e-01
6.696147120076889614e-01
5.008811566300056528e-01
-5.396816074061332458e-01
-6.636174293819828707e-01
-4.622223624035304290e-03
-1.984367839096464192e-01
2.790857444816703947e-01
-7.300763199623901967e-01
-9.494280898585077955e-01
8.619843182394706371e-01
7.672926961646948651e-01
-3.579864537017906495e-02
-7.002901099704571530e-01
7.917546814579977665e-01
7.553918474561281959e-01
2.518817741674697630e-01
2.735616150627085963e-01
-3.126661939219319009e-01
-4.457154086535158322e-01
-2.055816273832230534e-01
4.271736791694664970e-02
4.122205597301495938e-01
2.385533003553058640e-01
-9.316125188754308395e-01
-3.654606638365940352e-01
4.231494503571248122e-02
-6.462473919397215827e-01
-1.027703636102914181e-01
1.157995881809825434e-01
9.011440655289180979e-02
1.966499413060633361e-01
-6.514693775489577288e-03
8.299058244096625681e-02
-5.521875876591618715e-01
6.346790698166993039e-02
-8.586334229178185229e-01
-1.660726115496041211e-01
-4.038457074324051099e-01
7.221964903712966288e-01
-1.054772465221402306e-01
1.790738650287337919e-01
-9.099802149772415194e-02
-6.263810211339415623e-01
5.203511625006818075e-03
-6.473779319853900649e-01
-7.085031419389409280e-02
7.847809534635623585e-01
2.365196312298720738e-01
1.275512003864488209e-01
-4.451909746301268567e-01
1.119746280296505248e-01
8.293700250620996695e-01
-8.502166773245126707e-01
1.702509975918362894e-01
-3.977069792736831477e-01
2.175534703569461659e-01
5.965097035984306961e-01
-3.632806415181748932e-02
-2.550510105448036136e-01
3.241412403981352441e-01
-5.678054978584303747e-01
8.392511361469370268e-01
2.284895462843798963e-01
-2.580883513551184838e-01
-4.066233639255485977e-01
2.747778722422490882e-01
-4.142345980113905091e-01
3.535182543386103937e-01
2.520755822256986467e-01
3.428127301940048222e-01
-3.514269128494450500e-01
-2.249501699749356098e-01
-9.049408986924480924e-01
5.860172894486345152e-01
-5.339562640613099154e-01
7.003470742022591677e-01
5.552269101188697098e-01
-1.633343313008567554e-01
5.014200232383777545e-01
-8.528283976566698732e-02
6.633313665669894332e-01
6.527688850736590442e-01
-2.771723452072747951e-01
1.770979585765619646e-01
8.780254252634988044e-01
2.418556910699266038e-01
1.962774029759045691e-01
4.937250979407726281e-01
-2.659762633060707149e-01
-6.188587747953981921e-01
5.187634383701140717e-01
-3.340785974979137984e-01
9.712539580251217108e-01
4.686676352902174880e-01
1.309098071552119436e-01
7.408258937379439413e-01
-9.170087074246687786e-01
-6.452739806074330176e-01
-2.263380632307817886e-01
-1.864386249454307309e-01
-7.552722357406465026e-01
9.758581440271514307e-01
-1.460232471647870955e-02
5.889014751325036823e-01
6.445526796690153049e-01
4.870464920485282345e-01
3.549452015012597994e-01
-4.454739144119995026e-02
-1.000000000000000000e+00
3.012216671282179070e-01
8.204558365601063441e-01
4.595514569157775342e-01
