-1.973905246476055919e-01
-1.362072714781745741e-01
8.896359469707277867e-01
9.850760895631904823e-02
-1.000000000000000000e+00
6.745160519720250214e-02
-9.838546745768276258e-01
-8.805128930491044059e-01
-5.527991987048370692e-01
8.379908628736973952e-01
-2.492905302508225951e-01
1.000000000000000000e+00
-3.177601200767146139e-01
-3.396071378633418458e-01
3.006681099143094227e-01
4.111836738949121717e-01
-8.624979247406161509e-01
-8.648716795973356852e-01
-7.838313552956750474e-01
-3.369874124593263964e-02
-1.000000000000000000e+00
1.282893934621500420e-01
-1.073833035424665017e-01
2.039212770895335591e-01
2.517930520929589910e-01
9.239490287249410017e-01
5.928888327534447278e-01
1.000000000000000000e+00
8.952972767253118969e-01
-5.958968241889261996e-02
6.116433895245314556e-01
2.040349142774733338e-01
-5.489218122645067588e-02
-6.472675528021654134e-01
-3.184863330158707040e-01
-1.531229674822695563e-01
-6.258839093224732864e-02
1.000000000000000000e+00
8.525712003701428898e-01
5.732707314043810065e-01
1.456085605316801423e-01
5.880045120929489055e-01
-7.498449069591752725e-01
-2.242359091260803794e-01
-5.445526825312663188e-02
4.035801282661011236e-01
-2.721769111049392453e-01
-7.311904201022709771e-01
-8.204622174281775981e-01
7.627848128309455689e-01
6.272492607927628860e-01
-4.271102050304844133e-01
-2.155069540628702374e-01
-5.171749635509996779e-01
-1.058306264147312881e-02
-2.899762289120559888e-01
-5.981243719682980409e-01
2.048585454624773927e-01
-2.861599813659165270e-01
5.551185466354922049e-01
-7.208377977033315620e-01
-1.719016108132849219e-01
1.000000000000000000e+00
-4.454478797087622066e-01
4.265193186817126669e-01
2.374005072053991805e-01
2.416163294742286194e-01
-8.628101840437892855e-01
-7.215010624160662633e-01
5.991620166627573685e-01
2.585042180706960124e-01
2.056098017150624901e-01
2.340556451209629962e-02
7.535114060590804019e-01
5.190532614340659379e-01
8.709274164113141037e-01
4.525302864025626537e-01
-5.797205188614221738e-01
-5.239945997597117433e-02
1.165316822511019978e-02
5.970809440430777659e-01
-1.993988197771576765e-01
-4.657401805311859877e-01
-1.000000000000000000e+00
9.341256310695589260e-01
-8.053323946381918397e-01
8.602002035483757858e-02
3.525176282531079508e-01
4.834564802557257401e-01
4.655259372033251353e-01
-1.000000000000000000e+00
-4.376316168827986131e-01
2.240799657885879093e-01
-5.635467671057354799e-01
-1.743403835954857595e-01
1.834149267546658635e-02
9.993716532591134794e-01
-2.660328374920952754e-01
1.193424667742951639e-01
-3.965299632270389285e-01
1.000000000000000000e+00
4.597702666727421228e-01
3.220565987658369211e-01
2.136841976841343804e-01
-8.837801107501590536e-01
-7.252916037586496500e-01
4.843653895629191908e-01
2.094470242102786095e-01
2.704795094038370262e-02
1.026248197941469348e-01
-4.153226068396360660e-01
-4.462834566487750010e-01
-8.495006374016171868e-01
-3.510432526219138261e-01
-8.291401604849042428e-01
8.147811823517729923e-01
8.527018908204373471e-01
-1.000000000000000000e+00
7.604710712794020555e-01
2.083337164358614046e-01
9.718893347001933414e-01
-4.054598762742755991e-01
4.343081420641612400e-01
1.981117152258078384e-01
-1.388622403470993194e-01
-8.091118445820653093e-01
-8.278111038346160910e-01
7.094191491467452537e-02
8.073019956907412364e-02
2.899428914722683714e-01
-7.390234586310859832e-01
2.544990343975477853e-01
3.304543534011474826e-01
8.226191834505958145e-01
-6.251669174814400431e-01
6.049584103847387428e-01
-3.495495277437101755e-01
6.501157374891520790e-01
7.446753440113651479e-01
1.743741714374102969e-01
-5.877817232520929913e-01
-5.319668491663921694e-02
-1.000000000000000000e+00
-7.727358705144027340e-01
7.521500964726697269e-01
-6.772043029056704633e-01
3.097581725494218396e-01
5.642072912784765748e-01
-9.984706458119936290e-01
-7.825750009255807438e-01
-4.015656156606307037e-01
8.658053154639762106e-01
-4.203378373261643097e-01
-8.516438020511769569e-01
-8.710125523515661605e-01
-3.788503466485446669e-01
1.787781523991949229e-04
-4.814131396907690430e-01
-5.349768608246078250e-01
1.102236701374197381e-01
2.955392473202058667e-01
-5.565373947314393721e-01
-3.030175999582690460e-01
5.452837129351755241e-01
-2.711265089983374565e-01
-5.846732370314073890e-01
-7.131257727815998315e-01
-8.293397405791675947e-01
1.264842188316861460e-02
-5.015647176809496788e-01
5.732723688957541697e-01
8.259702958355872315e-01
-1.069857099950916185e-01
-7.822953380346941987e-01
4.501613329286211496e-01
6.455448003826002035e-01
1.142781927460604363e-01
-9.671630188237001491e-01
-7.524352330425378987e-01
-5.190795179753335820e-01
5.383577890578955527e-01
3.782125653667085530e-01
7.018121905595722243e-01
7.013983030872936730e-01
-3.680313049712662377e-01
1.000000000000000000e+00
-1.036407437692747902e-01
2.556373206020092770e-01
4.388794546294099153e-01
-1.000000000000000000e+00
8.584775581969399383e-01
1.377205764545186284e-02
-6.945188185774127110e-01
1.000000000000000000e+00
-1.300351511631663293e-01
7.203905449272125505e-01
-1.000000000000000000e+00
-4.176316918874101169e-01
-9.750095863697920695e-01
4.267003448891950601e-01
4.885909575529068238e-02
9.166087786761863976e-01
1.551608735555281005e-01
4.879337757682948862e-01
3.006495582569501668e-01
3.426580349157908323e-01
5.566225910479547512e-01
-6.900249626182672902e-01
2.504273912229582066e-02
-7.502622224191173306e-01
-7.824613027434066392e-01
-8.887382775480305863e-01
-3.040687520762984652e-01
1.629147458095995260e-01
3.316009806598918530e-02
-7.857278949440806848e-01
2.103918243059819115e-01
5.631622200050065974e-01
-5.204760042314386936e-01
-5.991995370827098988e-01
-6.927400223281376945e-01
6.819994354921810054e-01
5.044939443984124416e-01
6.919723334604022114e-02
9.616320649143548227e-01
-9.054799479143094132e-02
-3.000975936191787596e-01
3.223139746850292031e-01
6.070590313767021406e-01
1.724043337929914710e-02
-2.651677557390375028e-04
-1.000000000000000000e+00
-9.152864800447522153e-01
8.009719530285086542e-02
-5.971776070989731622e-01
9.577500817433743929e-01
-7.302378533899187563e-01
6.604687456853168825e-01
3.529146489551346355e-02
-7.066158405894085170e-02
4.254976618101047325e-02
4.112016870084194142e-01
-9.011275500021285190e-01
1.910671431458501601e-01
9.096176370508313180e-01
-4.032954918401354671e-01
1.151741431905877189e-01
-4.985623861564350001e-01
7.214681431736453820e-01
-3.926550925622214194e-01
3.003041524211440549e-01
-3.000579475143541064e-01
8.737808563259266137e-01
8.253909068209599464e-01
-1.000000000000000000e+00
9.873532879551276675e-01
-6.726331635987616853e-01
-6.079754082895376666e-01
7.084476275871685047e-01
-1.000000000000000000e+00
-8.011503959881460801e-01
5.679496123654672601e-01
6.857718261091452217e-01
5.273718200810350032e-01
-3.169805812706134596e-01
