-3.437126671261552802e-01
-1.375718981087260540e-01
-8.423709615936869621e-01
4.664053040502529335e-01
-4.314650545636423140e-01
-5.144809767741786999e-01
-1.440202683366721970e-01
9.585077070575802605e-01
-7.553500046076397911e-01
-5.316517694491361690e-01
1.365573838524780648e-02
1.891290365051463418e-01
-1.098237783073987006e-01
8.053515187909172646e-01
-8.536319246739668687e-01
7.398933165836076853e-01
8.799745455587275611e-01
2.682081009910020075e-01
-9.187903810627064960e-01
1.867766039856821325e-01
6.074193189863923426e-01
-1.000000000000000000e+00
-1.000000000000000000e+00
5.109562404725360718e-01
2.820337884656028415e-01
-8.852358405254641127e-01
9.334173451404301214e-02
8.763854468662263253e-03
1.903907366751094177e-01
-8.045920526146046470e-01
9.075524407038008112e-01
5.111766672129518518e-01
-1.000000000000000000e+00
1.502143619097343619e-01
-3.841649708485563863e-01
3.463199481449211747e-01
-3.241552806397530739e-01
7.792342732014617690e-01
7.195975326197683319e-01
1.566864709597826089e-02
-3.863108052022454775e-01
1.905590370933459010e-01
1.000000000000000000e+00
-3.439725470107821703e-01
-5.987782432917898578e-02
-1.806949285375270553e-01
9.884243562794630122e-01
2.118870352114465838e-01
-5.212044316059392113e-01
-4.089159372620179145e-01
-3.334963779314138455e-01
-1.484347256446928998e-01
8.001274788099435042e-01
4.537610527801915761e-01
3.676530826510357453e-01
5.606206012287011653e-01
-9.309975150132731025e-01
-7.836044447089192122e-01
-2.119506326544264851e-01
-1.473850467927690921e-01
-1.926123461062265174e-01
4.078044987899224205e-01
-4.817583516490786533e-01
6.320200594892881885e-01
5.464792710090838890e-01
-5.743391754319768783e-01
6.560004723181944719e-01
-2.717468598969179361e-01
1.395464404148438753e-01
7.570814556612466273e-01
-2.537150546095778836e-01
3.827838932879791822e-01
6.456277264832138707e-02
8.518988500212550941e-01
-1.593043446438429100e-01
-8.265917807129762318e-01
-5.963285843935505204e-01
-4.768237592453682949e-01
-4.910632205539449679e-01
8.095062361365277237e-01
1.000000000000000000e+00
9.147662207611051421e-02
-1.000000000000000000e+00
-3.076870494364178921e-01
-6.499740318874598355e-01
-1.000000000000000000e+00
-4.866731921609430689e-01
-2.298077108665316781e-01
7.522419605188666036e-01
7.012941003272473717e-01
2.042651842239185944e-01
7.230891142078179623e-01
3.972406988551082652e-01
-1.557721419321345113e-01
1.497343477536101641e-01
1.000000000000000000e+00
-2.904177783409517821e-01
5.244288606548157539e-01
-2.904911428495768888e-01
1.873313244709673420e-02
8.316182109317721283e-01
-3.370788687347061607e-01
5.610298964465642024e-01
8.004927388729563553e-01
8.783269100227797388e-02
7.601007330061806400e-01
-1.860580514759043180e-01
6.691335465775769542e-01
2.383305855891607594e-01
1.713762527953340553e-01
-7.514830056442480810e-01
-2.234289812234252492e-01
-4.808454721176630420e-02
2.416483665275506176e-01
8.062834837241863450e-01
1.000000000000000000e+00
4.532281098387345164e-01
-2.553455662383170566e-01
4.765962284855208564e-01
-3.508399982331054101e-01
1.357013132664248722e-01
-3.806250249595995450e-01
-6.661321234476140773e-01
1.952225335569889031e-01
-9.897299067783815740e-01
4.424876644482537147e-01
2.071974901921436185e-01
-1.000000000000000000e+00
-4.835783141490948012e-01
-8.085983539150591870e-01
8.067366687521788648e-01
-7.724363596879166849e-01
-6.453996912192394575e-05
2.145302677094727550e-01
2.471483171640171395e-01
-7.521044143236642610e-01
8.966197882996664870e-01
-1.000000000000000000e+00
1.000000000000000000e+00
-6.687227619496542985e-01
-1.809946383125914382e-01
2.133039415023518792e-02
-3.850864152198617552e-01
-3.651523431702852207e-01
8.621386129715016278e-01
1.000000000000000000e+00
-8.980012245607723598e-01
5.893080619937296483e-01
1.924148517445894990e-01
-2.582055481051542811e-01
-2.862615728086532751e-01
-2.786658327469808683e-01
2.240041074553937861e-01
4.301626524524417294e-01
-1.000000000000000000e+00
3.383582283842903049e-01
5.323710118052903395e-01
-5.248806596562026749e-01
-2.657927753363398260e-01
1.761035883219071729e-01
-9.424600587033548083e-01
-3.986303435806475282e-01
-7.298336748316571754e-01
-3.330897108596729272e-01
4.508017829163322304e-02
-6.166575523337491926e-02
-2.396499562379856840e-01
3.104785343536891618e-01
4.524172442981275744e-01
-1.677865792686792368e-01
-5.773973631220273572e-02
7.205396692367403988e-01
-3.228967602285527372e-01
9.984906072648161990e-01
2.615627161007019197e-01
8.893165139078547110e-01
-7.922180138944781014e-01
-3.186544712900220566e-01
6.517664812493162430e-01
3.669764837510152145e-01
-4.575082337010284994e-01
-2.435294182281038111e-01
-7.626423903399457416e-01
-5.837521958982357928e-01
3.972365615446455389e-01
4.385530690471665105e-01
1.000000000000000000e+00
4.120142003429030364e-01
1.666362133092141526e-02
9.124931050499300866e-01
-4.002164819876471435e-01
8.376078976382359542e-01
-7.792874151918410819e-01
4.192339590948599426e-01
-9.394327251820603353e-01
1.202098539717714187e-01
-2.737416199885980839e-01
2.989404438076848636e-01
3.919039529676828781e-01
8.407966271101189326e-01
4.947382677393415973e-01
-5.756349225477855880e-01
1.000000000000000000e+00
4.918287037685454277e-01
5.118195206128721697e-01
6.558430746286230129e-01
7.959184641501032553e-01
3.052867565012927775e-01
-7.708858214858564928e-01
-3.706731576226802716e-01
3.478831884519695272e-01
8.003212791909688484e-01
9.216652511695406780e-01
6.700699310092148586e-01
5.995398485696656898e-01
-5.486187493386285308e-01
8.663502175962801699e-01
1.711760842703210495e-01
-3.605508072809060494e-01
5.078980728235529263e-01
3.388393392471813481e-01
8.048807819175636258e-01
8.261485406456092750e-01
1.000000000000000000e+00
3.931083043392584742e-01
9.894979479096960295e-01
3.285735267246372437e-01
1.089451513325893073e-01
9.620616651514704021e-01
1.454519999910250383e-01
2.297784158845747604e-02
2.601837235512182156e-01
-3.307101204195520561e-01
-3.758076311508529166e-02
-8.467037703768293122e-02
-4.280900447750222160e-01
-2.586000645212955806e-01
-4.564062487669323653e-01
-5.723987741387609463e-01
-6.214718450055723986e-01
-2.354632888881147135e-01
3.770736511936741975e-01
-4.211325344770699974e-01
5.179443877809497554e-01
6.886207898792114923e-01
1.268613316078037734e-02
6.492897833190102164e-01
7.615236275058636650e-01
8.596894147031075573e-01
-4.899799009210057954e-01
-8.351714571609112348e-01
5.188874218327943488e-01
-3.429471608101932745e-01
1.273069793094205870e-01
-4.649611123754308073e-01
-6.534664560485127227e-01
-2.918571353699521698e-01
3.703185596748337360e-02
1.000000000000000000e+00
2.068454942982523304e-01
1.000000000000000000e+00
-4.981102990794563645e-01
7.269892766389876027e-01
2.283456675457122831e-01
1.043043324885019885e-01
