-1.000000000000000000e+00
6.214644241741079655e-01
1.000000000000000000e+00
5.975577130020010008e-01
-7.979614425127776745e-01
-4.475422763294262252e-01
-6.987196134042386042e-01
6.910267846425077742e-01
4.318708377900701278e-01
-1.864820061875485935e-01
-6.873940099248002644e-01
-2.630683088611074361e-01
7.916924027053234836e-02
2.121877368856530943e-01
8.780747034975748821e-01
-4.923914316899971610e-01
3.459613163167302163e-01
-6.177583727044367867e-01
-2.735243428838456115e-02
6.255869059712901858e-01
-7.878491851091577736e-02
-3.371545871840794795e-02
-7.948911097425999106e-01
3.259370571012147888e-01
6.636370821618859939e-01
2.260640832607630490e-01
1.929746117696934382e-01
5.027952850592976031e-02
-6.993874985514576537e-01
4.706407381333883033e-01
7.203191180525200243e-01
-7.039116137142903407e-01
1.389598884797563216e-01
-4.076205467491549883e-01
-7.469806318857338812e-02
7.142975014553897273e-01
5.890660876434201665e-01
4.709947691095178746e-01
4.477297752092104233e-01
4.021965876408704899e-02
4.090235426949674347e-01
6.216453189890023268e-01
-3.001907492543495759e-01
1.000000000000000000e+00
4.018258035927038674e-02
-4.405741193401004063e-02
-7.075288168204064698e-01
-9.159603148203430134e-01
-1.786121610023911344e-01
6.283694574083245610e-02
5.136494751307811857e-01
-5.082376374153987353e-01
5.894269562169465737e-02
7.187853513858817600e-02
6.627263690967870602e-01
9.203032482036741513e-01
5.322642868919796877e-01
1.141243992167213228e-01
2.545021372259447245e-01
-5.223634921118092828e-02
-7.781862461661004371e-01
9.596778530271793395e-02
-1.049317927292512942e-01
-9.680121365885252516e-01
8.501443623086896162e-02
-7.997262519174190842e-01
7.365624080273816543e-02
-3.090994143514490533e-01
1.768133939844535596e-01
-2.008257103255616793e-01
8.021136057687322518e-01
6.926455016458707981e-01
-7.288807061569519963e-01
5.186692624466945345e-01
-4.805063076148406997e-01
2.709423768692956758e-01
-2.379374046739077542e-01
-8.019998677260199438e-01
-2.031273001812571588e-01
-3.083881612210748746e-01
7.549686755383580028e-01
-9.161858158983935407e-01
-8.765765898017381375e-01
1.877980310650190915e-02
-2.230557729460553307e-01
-9.328477313579019992e-02
3.472424937645000043e-01
1.159983658350281083e-02
9.763282721621150406e-01
-9.251062077613397827e-01
8.654458678990053500e-01
-2.356629992919206940e-02
-1.552974186870819118e-01
-4.299331172302830462e-01
6.386642403890485653e-01
4.367774623633318698e-01
-7.877600247129505906e-01
3.084404184010558492e-02
-8.650757633446142236e-01
-8.694843141804367570e-03
2.455766772536275844e-01
3.551662974578845278e-01
2.560446006838512645e-02
-5.776054979713001192e-01
1.955625695776248008e-01
-9.374440882085108839e-01
8.132962253327593594e-01
2.364258063325734294e-01
6.225007124848124240e-01
7.780713094211683112e-02
-1.455352441763318183e-01
5.359883150716275579e-02
-5.258881120474718784e-01
-9.340668554664622869e-01
4.955610684270188027e-01
2.628487227232301215e-02
-4.103548453313668465e-01
-5.429701726974274223e-01
7.593754086240371848e-01
2.443925213160940135e-01
-7.810700328210981036e-01
-2.251969377207672374e-01
-2.687751761786199012e-01
2.555484198624876635e-01
-4.714677776551047250e-01
9.201041535081158074e-01
-9.335105166984655201e-01
-2.209429698778375140e-01
-8.720536875923239339e-01
1.314899009022199305e-01
1.174639591673007355e-02
1.792043820690442796e-02
5.531677249148411191e-01
3.767487006038873210e-01
-1.972767268277107189e-01
-5.201466436755421974e-01
-8.330066938689781320e-02
5.820640608476380651e-01
8.341571882069874766e-01
-5.732299553059394537e-01
-4.745128783813534756e-02
8.790479517062188553e-02
-7.058821224456060528e-02
4.368628885354360891e-01
4.559545871784473348e-02
-2.970334117803419272e-01
-1.873321488926883716e-02
-5.612138786429788917e-01
-3.726187943091671118e-01
6.524564567011371663e-01
5.062307532982003311e-01
-3.147010566267242071e-01
5.607884907720268597e-01
-2.669714039531906891e-01
2.898505079031745146e-01
-5.079286904641905354e-02
9.751545790571194972e-02
2.910491608253037432e-01
-3.423378686859767095e-01
4.879870197493093031e-01
6.430066349696641481e-01
-5.734785118970888718e-01
3.715320695218315983e-01
-5.326310489180099972e-03
-7.508361608811169319e-01
1.533764424718058461e-01
-2.090760483690223825e-01
1.630831929348238729e-01
-8.830059576760644624e-02
1.182547975625602293e-01
-4.183881235466080373e-01
-3.159827037430095187e-01
-6.431711800785441246e-01
5.278394235374285204e-01
1.580101462996074957e-01
-6.006193520998945878e-01
3.327197033608972898e-01
-7.210450686061709025e-01
-8.736820365789198517e-01
-7.040395357848959756e-01
-3.934126512435783818e-01
6.983250573169300646e-01
-9.805589007392131462e-01
-1.000000000000000000e+00
5.213061236560206924e-01
1.400906841260809443e-01
7.129486461689992227e-01
-5.949755234593292474e-01
3.159436364178208612e-01
8.707651828861068255e-02
-8.645507749268053210e-01
7.235692569188975076e-01
-6.229013549417008466e-01
-1.000000000000000000e+00
5.746737892182846030e-01
-9.601582221148381446e-01
8.128255164927346288e-02
-2.729588626307225541e-01
3.503879840161712722e-01
-4.388305261669699364e-01
-2.849591223670221996e-01
8.385995244167236962e-01
5.777161713461177461e-01
-7.311659692334908645e-01
-2.693561084833618474e-02
8.434185779479906886e-01
7.511390647620851402e-01
-8.423877282799058230e-01
-5.742020206000156834e-01
-1.214921614337308164e-02
-8.266655861020906493e-02
-1.000000000000000000e+00
2.801622578583624068e-01
8.933901422266298242e-01
1.000000000000000000e+00
-5.673683902855504169e-01
-6.565061976297207336e-01
5.428523932848664524e-01
-1.079955839941285356e-01
7.279158352393788611e-01
4.174976160426648875e-01
9.560696950775425806e-01
-2.076332399045260901e-02
1.529342331289338386e-01
5.285084634515878621e-01
-1.176988771499515307e-02
-3.061971797579194909e-01
-6.890461105422021615e-02
-2.850691999256067533e-01
8.621558402042548419e-01
-5.356399425523906688e-01
-4.574784074360488395e-01
1.981835059890481032e-01
-9.530631486659275620e-01
8.216606481643048410e-01
-5.731434584873452698e-01
6.850527990036958670e-01
2.101918678617051284e-01
6.451103511897925413e-01
2.820186343866478706e-01
7.472720729043265120e-01
1.502039369183336831e-03
-3.124556805644032043e-01
8.468105063888007322e-01
1.000000000000000000e+00
-2.927867585679962414e-01
2.893997787112370657e-01
6.738380841304687785e-03
-8.079001481929557471e-01
2.353544378009101157e-01
-5.514157226027412984e-01
-6.940341810699928171e-01
-4.809465005412446592e-01
5.894736576846007492e-02
-6.948596973048396519e-01
-6.750283418734032148e-01
3.030221177315099435e-01
-1.233048714111059374e-01
9.888098907222105938e-01
8.226845751333983214e-01
-7.542697846288615171e-01
1.712906973198046745e-01
3.922382991304721456e-01
-1.759389023650765049e-01
1.000000000000000000e+00
