-9.477926366702439376e-01
6.617595064868641019e-01
1.664112632660030844e-01
-4.968908812406562792e-01
-3.255294164766946441e-01
4.112920248500914200e-01
3.681671319637183082e-01
1.000000000000000000e+00
5.286862013869002563e-01
3.499762957462664303e-01
5.893732546190062482e-01
4.626824439922030408e-01
-6.143154535096591040e-01
-3.398153831847483541e-01
1.676664586667462320e-01
-6.433807119547582665e-02
-5.830686117593164575e-01
-2.537106860861704227e-02
2.185803474603043028e-01
-1.230748318632943761e-01
9.418219396315556935e-01
2.461870753295529735e-01
1.216907928286142943e-01
-8.735259264778063582e-01
-6.419143927699848540e-01
6.669320273006493771e-01
-7.310807525025244669e-01
3.910503411872929824e-01
9.727618121200647394e-01
-4.800508985859677225e-01
6.385811126367779700e-02
7.531892514105800185e-01
-1.590309538493716313e-01
-6.905814931685322344e-01
-3.768286512902954688e-01
3.406307767780678564e-01
-1.470061198796899227e-01
-2.466245934221558134e-01
-7.680304123194372501e-01
1.570520601140038552e-01
-1.612291674101862249e-01
-8.268444597661992468e-01
-1.111363903751505511e-01
-4.463884822558774473e-02
-1.660020442484774206e-01
2.402613991551589556e-01
8.627761448705812963e-01
-3.405464113682321603e-01
-4.428790368855448634e-01
-3.372224761507935931e-01
-7.896322278666969563e-01
7.711891054409134583e-01
4.223990896328393418e-01
4.724714913468968103e-01
-4.943074348915552640e-01
-5.270115226153986310e-01
5.657075801567337248e-01
-3.642967202850480035e-01
-1.000000000000000000e+00
-9.734506345624956980e-01
-6.165343065667469036e-01
2.646449500833614188e-01
-4.397305769461734570e-03
1.296729494970561003e-03
6.736481916791599023e-01
-2.804581658215554718e-01
-1.424777596074044972e-02
3.344942989532890820e-01
4.729404267772707726e-02
-9.261867684597715478e-01
-7.157895156039306706e-02
-8.012957566084697447e-01
-1.333532747411749764e-01
5.636250155537640971e-01
1.000000000000000000e+00
-3.793347603546406432e-01
6.877862306804609638e-01
7.518823013501719776e-01
-1.119549140955424793e-01
8.566660371193033363e-01
-5.642282400437665935e-01
6.497005149992924888e-01
-9.466592008354913768e-01
-1.643252825083083568e-01
-1.000000000000000000e+00
-3.145138254511781195e-01
8.053329369282411498e-01
5.167668835989871479e-01
7.009311978489788375e-01
-2.993273315109409305e-01
-1.313799729695479535e-01
-8.715312086546092019e-01
9.620888310796325005e-01
-7.088954945791625661e-02
3.768302037554636108e-01
3.335711731217863574e-01
-1.938222057739851234e-01
8.991393115115973167e-01
-5.502633716653024809e-01
-3.677188902984154240e-01
-1.884553580193959466e-01
9.865217173229856584e-01
5.910332431872180603e-01
-5.648140980378246745e-02
7.524037139059803758e-01
-4.300765020545349038e-01
-1.474986576301570151e-01
4.029229626530700381e-02
-3.684914798239417033e-01
-5.992497637210565387e-01
-3.496560867198618139e-01
5.558253685018683665e-01
-5.325687991385099629e-01
-5.013951291476984595e-01
-4.894185852609865273e-01
1.054446575562635324e-01
3.787425582579557748e-01
-2.493044397236093834e-01
5.817415602059050617e-01
3.802080352097604865e-01
-4.984398803352210194e-01
9.611354614588700773e-01
4.396151419370302182e-01
1.345356337870606822e-01
-9.109977805435813814e-01
3.938172354735265390e-01
-7.840062205891862313e-02
1.948048131867083921e-01
-3.342619684138068981e-01
7.180613220756508763e-01
-8.070082097758688455e-01
3.994881055214214438e-01
9.159547385104371831e-01
1.000000000000000000e+00
3.764205858465178300e-01
2.801319073818280825e-01
-1.000000000000000000e+00
-3.945144776763693795e-01
-2.793817128962681196e-01
9.512878392776960013e-01
4.070042264725650116e-01
3.964847109819237270e-01
-6.698467791533149196e-01
6.440071774890442080e-02
3.503846568904012138e-02
3.605799200442696417e-01
-9.039649338395909783e-01
1.000000000000000000e+00
7.379795198326791761e-01
2.700436136943313858e-01
-2.932788253004947610e-01
6.446293880042597291e-01
-9.630515441911560170e-01
-4.505084536987620236e-01
5.145024341519561784e-01
8.009860095031657856e-01
2.858196155854313414e-01
-3.301677080173093248e-01
-6.987799649092044652e-01
-2.519127195318249246e-01
7.103689832420483352e-01
7.628435830092850090e-02
-5.428810733168132341e-02
-1.068562727371078491e-01
-5.184625659302981582e-01
-1.463503927855529518e-01
-7.578760411000688979e-01
4.092320002611911089e-01
-2.206224963250986715e-01
3.665316429366827222e-02
3.702406955816517353e-01
-8.671288364959635064e-01
4.831343637556662074e-03
7.308038500756759703e-02
-3.900955498581533121e-01
-9.152607619183550369e-01
4.913176422241036789e-01
3.176133908936096262e-02
4.870785385899076836e-01
-1.518771331511645784e-01
8.749074295940746371e-01
7.882822073735078483e-01
1.000000000000000000e+00
-4.939687091780602390e-01
-8.271435900990420365e-02
-1.000000000000000000e+00
4.758854946769197625e-02
-8.811491310961625523e-01
1.000000000000000000e+00
7.033701269899230724e-01
-5.405557215189571441e-01
2.010246096255772219e-01
-1.272693381057061202e-01
-1.301316122312779489e-01
-1.659685091442442140e-01
-7.644782251521091698e-01
2.554943996064984457e-01
2.995094679627707812e-02
3.177000893131871617e-01
-6.590542108668406840e-01
-2.175746992336597962e-01
4.776181300831625065e-01
-2.435703766048746832e-01
-5.088491549817379944e-01
-3.047481091784078056e-02
-9.859575519607854943e-01
-1.757711210535950475e-01
7.038717956354598737e-01
5.020230349413699056e-01
-9.627290828681249746e-01
-4.566594597383635268e-01
3.963794586155863775e-01
2.815887215758929862e-01
5.977033765208594751e-02
3.758514143096713944e-01
-2.958043363134232884e-01
4.985226135396834124e-01
-5.803827446650189348e-01
-9.060605447852871919e-01
5.333570315902564918e-01
1.897749662321310260e-02
6.700289662188785300e-01
3.252389977593965753e-01
5.763988751887282325e-01
2.378546992745890210e-01
-4.683667734756607470e-01
8.412016855071506871e-01
3.769470446912587813e-01
5.762024223208619400e-01
-9.551813302617206958e-02
9.268240463074577384e-01
-8.043713988925336178e-01
2.541571431476430387e-01
-2.279729031755630686e-01
-2.639597911208477754e-01
6.151207902513001757e-01
-3.751837422139330247e-01
-1.754981506257753399e-01
8.550784368807178293e-01
1.000000000000000000e+00
-1.999423247152567473e-01
-5.312982587478924934e-01
2.142305085568700918e-01
7.732759252104275394e-01
-2.516994620514976244e-01
-1.000000000000000000e+00
1.388674281907287256e-01
5.236238019772257446e-03
6.770156795058086541e-01
-7.393675117595672752e-01
5.586464925167322626e-01
-3.717534775843140959e-01
-2.584321701578959907e-01
-4.568668159768261572e-01
8.252136761919304231e-01
2.474890477136653111e-01
-2.965043376563574196e-01
1.450781753403277974e-01
7.694660240416764108e-01
3.928534728859887082e-01
7.773518571711608427e-01
-5.455716384515683082e-01
8.515041604028268374e-01
8.770621805047500441e-01
9.675643345858002675e-01
