-1.000000000000000000e+00
-9.503384789913980057e-01
-2.734090548297090084e-01
-1.000000000000000000e+00
-5.223199744663542532e-01
-2.089136287816621418e-01
1.091221371117081507e-01
-7.112724615520088500e-01
-1.000000000000000000e+00
-6.825407714669500248e-01
-7.288735755685689099e-01
9.868159787337397182e-01
1.000000000000000000e+00
-1.275453956945592771e-01
1.134793016687159484e-01
1.000000000000000000e+00
-1.000000000000000000e+00
5.456325650954083617e-01
8.053017242185572799e-02
-3.015498605247364239e-01
-1.625564304386728498e-02
-5.804993976728729521e-01
9.752494102748865412e-01
1.044120324218982265e-01
-1.000000000000000000e+00
6.570689588384985846e-01
-7.714832508020021962e-01
8.419764817444419513e-01
1.000000000000000000e+00
-8.966897894060840146e-01
-1.862198936082843925e-01
2.188429580523585383e-01
9.917972762086708638e-01
7.800273188401369850e-01
1.043167609558692810e-02
8.327072465128713130e-01
-5.443329398182995549e-01
8.786186233453107119e-01
-2.727442801060526723e-01
6.751393553979252449e-01
5.678525754511868362e-01
4.711149805925529677e-02
7.972863906122654720e-01
-9.202445289387861660e-01
-5.301973142951551532e-01
1.000000000000000000e+00
2.991780860553776566e-01
-3.843573584265332077e-02
-1.000000000000000000e+00
8.437838600399075739e-01
-8.692207573641257401e-01
1.711207784855063307e-01
-1.571450368364806782e-01
2.075574381886651221e-01
-1.000000000000000000e+00
-1.000000000000000000e+00
1.000000000000000000e+00
8.425517339597066169e-03
-6.714406843353887266e-01
-1.000000000000000000e+00
9.958863004363891491e-01
-4.723532147026188177e-01
-4.928033739203050434e-01
8.304828879750071335e-01
8.146068680717222232e-01
2.186200380975835689e-01
9.667919669077089662e-01
6.698047760062124656e-01
-1.765856353038470772e-01
-4.127744386364059492e-01
-4.545868943434350218e-01
-9.862396322755416778e-01
-3.811469274296432896e-01
-1.542781402252920431e-01
1.937879954907171798e-01
5.439728056411294865e-01
-3.726642919586112823e-01
-1.973507050347677039e-01
-8.501169794606684427e-01
1.003715195189119891e-01
-1.000000000000000000e+00
7.960219795678582511e-01
1.013727835226705398e-01
7.415132400515782596e-01
-5.787734694448991579e-01
-4.877299003517311382e-01
-2.205055137602125459e-01
-5.116906308211839338e-01
-5.062679546268984421e-01
-3.188908356939446076e-01
-2.262887668940669617e-01
1.437617679550159400e-01
6.747994913562418429e-01
-6.795328576658822284e-01
1.000000000000000000e+00
5.864664236245027418e-01
-3.036006257412822151e-01
-3.586222088897266236e-01
1.788600442184762329e-01
5.649446932510637787e-02
1.856257734692697836e-01
-1.000000000000000000e+00
-3.466836911397759569e-02
1.517163942972645785e-01
-9.438064627168361032e-01
3.221689660920063480e-01
8.495395822289408816e-01
-8.335792929589065370e-01
-8.604100985727329842e-01
4.132517243680762231e-01
-5.504526798129316667e-02
-2.199660247765479193e-01
-1.000000000000000000e+00
7.058742267481016297e-01
-6.181008085695465226e-01
7.691961531670480356e-01
-1.023753216638663144e-01
-1.794455324390366036e-01
-7.182845817499219354e-01
-7.444986158032051993e-02
-7.659760546219274158e-01
-8.359054177261546759e-01
-5.175085593612147594e-01
8.029661583981936301e-01
-1.000000000000000000e+00
5.135942745883974592e-01
2.326790302528107812e-01
-6.874265521185729533e-01
-5.588177354159040711e-01
4.034708072234299281e-01
1.215072917239451988e-01
4.234095708510483558e-01
8.715605094032241595e-03
-7.522251688771589562e-01
5.814227492331640601e-01
6.965123214322249678e-01
7.933062415830931524e-01
-6.961424772258073546e-01
2.817324460598841229e-01
-6.302906749614227699e-01
4.606168345558536714e-01
-6.440223556936655602e-02
2.413831149050904568e-01
1.000000000000000000e+00
-1.000000000000000000e+00
-5.177711682292140960e-01
-7.138212954969455071e-01
1.497610951754917430e-01
-2.129710587512045894e-01
8.027271774253059711e-01
-7.797151671532911305e-03
1.618130367759857968e-01
-2.053852627685444077e-01
-9.793753641140133803e-01
-9.560888167527881176e-02
1.961722283599164618e-01
-3.219400773724522269e-01
1.000000000000000000e+00
9.446581493608401381e-01
-8.037115397756997570e-01
-3.439999055596680844e-01
8.294823762042911053e-01
-8.336187503458775128e-01
2.438181640062716260e-01
-3.301116772238660291e-01
-1.657351470661540260e-01
9.179014323716967461e-01
9.186739580155756091e-01
1.241184190919142338e-01
-2.090868123428329950e-02
8.436239865348338363e-01
-5.678338767240989071e-01
8.712285779764694649e-01
-1.000000000000000000e+00
1.964700761980573418e-01
-4.368014181592509426e-01
2.234748443539394669e-01
-4.389513908129651920e-01
-3.494553491321366057e-01
-6.454246993261658627e-01
3.786538214931718382e-01
-8.038274054753089537e-01
-5.898182948464936182e-01
8.048358808711197909e-01
-6.283059404947733961e-01
7.985669130161474616e-01
-7.509403213095694474e-01
1.212046208463793684e-01
-8.138511758529699547e-01
-3.870523907209829501e-02
2.752789575545544487e-02
9.869018650579703955e-01
4.908824363822803516e-01
-2.358231597160976301e-01
2.194867476356232583e-02
5.396230768351151230e-02
7.182511541873950467e-01
6.344198251059054439e-01
-6.992431158632883559e-01
6.608050932402304012e-01
8.314752234421090016e-01
-1.000000000000000000e+00
-9.894030987587623116e-01
-2.304480428211973242e-02
-4.489591966790544841e-01
-3.483090563634216874e-01
-2.485064221735429069e-01
-2.391722576338510819e-01
-9.555457096327500954e-01
3.987883643043226845e-01
-8.675164521534528550e-02
1.000000000000000000e+00
5.606792684680617089e-01
1.000000000000000000e+00
2.277665870967862105e-01
-3.315188436158529872e-01
-2.734902783109280922e-01
1.754029753401116221e-01
1.000000000000000000e+00
5.828887653047145623e-01
8.557719156068053223e-01
-3.513815470523559692e-02
-1.000000000000000000e+00
-1.000000000000000000e+00
-5.423681573634783204e-01
-2.693836962527104695e-02
-1.872486679730144266e-01
3.003482686917641198e-01
8.349262775723300667e-01
-8.044291101837979241e-01
-7.108293662229143717e-01
-8.729555001218984867e-01
9.224500811787402776e-01
2.793568711745342270e-02
8.752922432857959123e-01
6.775948554688127068e-01
7.557943226375416490e-01
-3.440938773335102674e-01
-4.714843501332710574e-02
3.719044208929876971e-01
1.561005816890430054e-01
-9.632952851841666830e-02
1.854846369970323816e-01
4.940904357005855285e-01
1.728928224872450792e-01
2.260404018193644393e-01
-8.170204327994980975e-01
1.000000000000000000e+00
5.944852626390928485e-01
5.551097408616257889e-01
-1.000000000000000000e+00
-6.009045336385369085e-01
9.240842664902659820e-02
-2.711061491146657398e-01
-9.599135533529230546e-01
5.469154338854845809e-01
7.606964281279507967e-01
5.426163563180070870e-01
-5.578662867271584336e-01
9.286755881577555272e-01
4.390887325133077113e-01
-7.406386826593291950e-01
-3.322260328096979243e-01
3.191871580594560776e-01
-8.523957114597258133e-02
