5.773067706865834259e-01
-6.554304855839556687e-01
2.217855355854057020e-01
-9.035056859333989721e-02
-3.023291401733514405e-01
-8.373703426113150439e-01
3.903964025227266710e-01
4.213025832921029057e-01
2.805545972784755371e-01
-9.093996980919250017e-02
9.265659143050712920e-01
-2.670837568320627575e-01
-2.199636424939142021e-01
8.452338093656810436e-01
1.796387477208361005e-01
-8.797972541242432554e-01
1.492894803546424010e-01
-9.015439566181533415e-01
8.071563246673548742e-01
2.221564881308777384e-01
1.941107091839315846e-01
6.245127659548099786e-03
-3.230023597480297104e-01
4.676611028416430837e-01
2.042529987318184581e-01
2.532436449095362141e-01
-8.705255897697039558e-02
1.000000000000000000e+00
-2.575674866623850479e-01
4.411504422121848012e-02
6.504845024943706200e-02
-3.917233735990616195e-01
-1.000000000000000000e+00
-7.525673419983317514e-01
4.949654145549662321e-01
6.776188823637139258e-01
4.193531343758773455e-01
4.198066407884447626e-01
-9.658873466161050914e-01
7.923338376143771455e-01
-7.216017297470367353e-01
-6.325585131895595792e-01
6.264612597159109342e-01
-3.561227006852446531e-01
-2.540713289207956471e-01
-1.000000000000000000e+00
-9.181896037486615425e-01
-5.290406547884852761e-01
1.000000000000000000e+00
5.627682547505514776e-01
-6.580901756262274027e-01
1.000000000000000000e+00
3.280005347257508586e-01
3.295475977675836887e-01
1.000000000000000000e+00
-1.000000000000000000e+00
-3.705562090824969790e-01
-2.517479264800356886e-01
-2.356671501088998255e-01
-3.697796009557807739e-01
-4.393039865278658418e-01
-4.804111159522417296e-02
-4.225904728111631870e-01
-8.512358523972927138e-01
-8.021447632343619016e-01
6.831692864422681533e-01
-5.780108670279395788e-01
-6.782256420960067755e-01
9.232352723548213902e-01
-3.312260016319187872e-01
3.292461946829379205e-01
-4.691146964672512354e-01
-7.687491441688241167e-01
5.580361274186806941e-01
1.585904720204471818e-01
5.367242983310371862e-02
1.000000000000000000e+00
-3.462733349920894543e-01
5.272502060314564476e-01
6.052022864433908023e-01
1.000000000000000000e+00
1.308489969497650396e-01
-6.475235159066938806e-02
-5.360396940248979281e-01
-5.885488306337415265e-01
-4.709300900265007139e-01
3.311830827397284627e-01
-1.000000000000000000e+00
9.134047541045386964e-01
-1.581983292432440624e-01
-6.259785964928019641e-01
4.041969689462534543e-01
-9.040569565383067552e-01
1.927602968561406005e-01
-7.631009460087190277e-02
4.817165943147123652e-01
-7.631933488784450326e-01
-1.000000000000000000e+00
4.043898121633500153e-01
9.265660367728250080e-01
1.000000000000000000e+00
-9.141608883448868461e-01
2.533168545752401690e-01
-2.623822393075713189e-01
3.452614381080998385e-02
2.222485082936417888e-01
-1.994074113321624431e-01
-6.474146536822281695e-01
-8.262350942469742776e-01
6.955565888172550171e-01
8.707333585561427558e-01
5.003665956620585442e-01
-2.153503034331126775e-01
-1.624147778457371294e-01
8.229225243194320250e-01
-8.324089951947839516e-01
1.311994928431916563e-01
-1.541966598292505153e-01
6.821080299828687910e-01
-1.491714477687041962e-01
2.835205019288824513e-01
-5.841841892576520312e-01
-6.071595565725740329e-02
-1.689070004051043128e-01
-3.387637062860580084e-01
-4.024917960573575759e-01
3.369488321181632884e-01
9.736639953048027429e-01
-4.720062203947442137e-01
1.117148359599389185e-01
-9.985355748920359265e-01
-5.545338931693777340e-01
9.896319720398012443e-01
7.631387516189727105e-01
5.868061913586498923e-02
-9.684282160448705046e-01
-1.000000000000000000e+00
-6.600830573063872775e-01
8.774570852733172277e-01
4.457865708841619590e-01
-9.627609666095645613e-01
-1.286383093273691380e-01
4.911863317478308844e-01
-3.958435417270418366e-01
-4.181017420042858479e-01
-9.073946410141833230e-01
-6.143396523587907332e-01
9.288958726970783508e-02
-5.831351412732610484e-01
-6.425819849081769453e-02
-2.252259104391276523e-01
6.411253863025268007e-01
-4.244589666576761289e-01
-2.098198666011930058e-01
-9.322096566798392381e-01
4.308853898434065188e-01
2.319540366380394847e-01
-5.316164285006321766e-01
-2.047352521559522853e-01
-1.917550900727817975e-01
-1.000000000000000000e+00
1.493171119743994524e-01
-5.716497300870782006e-01
-3.902091506995372105e-01
3.358903760771332347e-01
-9.313649158235377534e-01
-5.650907127899419402e-01
5.497493802186768086e-01
5.767451826164229356e-01
-5.776406328022533065e-01
2.815720083957231612e-01
9.769557461807241161e-01
-1.000000000000000000e+00
-1.000000000000000000e+00
9.056503019647752506e-01
6.077058312770922122e-02
-1.000000000000000000e+00
-8.209379976779529464e-02
-6.313411110950517546e-01
3.816560259119854415e-01
-2.372285648777452405e-01
8.090221512354512923e-01
-2.521968680666941687e-01
3.411073209903763281e-01
-3.743161365972931254e-01
-3.505484178797990680e-02
-2.873910928063359016e-01
5.273665530460402984e-01
5.753307937734258859e-01
-8.612363975024479590e-01
-5.826484746106533885e-01
7.265045142913286735e-01
2.353601407408051072e-01
6.137176308521511414e-01
-4.987086462055869696e-01
-1.000000000000000000e+00
8.771793740864742839e-01
8.072835272266167816e-01
1.000000000000000000e+00
-8.534783356132464860e-01
6.595826492311858136e-01
-2.213722754698752571e-01
2.820078351986858856e-01
1.000000000000000000e+00
3.679238676983498380e-01
-8.315222868852083504e-01
-9.323836363095709956e-01
-1.000000000000000000e+00
-1.407709725412684687e-01
-5.621969330904377227e-01
-9.574245235509228902e-01
-3.918754513364298697e-01
7.855252125701905896e-01
-6.051321062517398541e-01
5.938851088862981964e-01
-8.884985578390613981e-02
4.419997381950699911e-01
3.869852853178401553e-02
1.000000000000000000e+00
5.941719205636888379e-01
6.926776739776550063e-01
6.811882904465409450e-01
5.339217155144566629e-01
-2.005763412653974176e-01
-2.600577743175592760e-01
6.806995732433076540e-01
8.966138492207473276e-02
-7.405955457136386144e-01
1.973942862661684783e-01
1.732497347614809780e-01
-6.450650822975962928e-01
-3.299215090040376053e-01
8.770764873231184922e-01
1.699149320923867279e-01
-6.487432346362087543e-01
-8.585711623490631661e-01
-6.894299392055547315e-03
-3.039885170212536236e-01
1.000000000000000000e+00
4.146233798191870656e-01
-5.202037386830888899e-01
7.435878735529639627e-01
-5.142971470729107430e-01
-7.969834125759511778e-01
-7.487655470945389080e-01
-8.842480182551633039e-01
-3.456811549273575146e-03
8.603241633274698597e-01
5.658095150479429680e-01
-5.175604922127245988e-01
1.846338228625388211e-01
-9.013421731184084740e-01
4.008400921072819423e-01
2.178466577784445857e-01
-1.000000000000000000e+00
-4.712197212225439635e-01
3.944930793953604908e-01
-9.062173199969697501e-01
9.200870037131003709e-01
-1.530992113805615951e-01
8.471752790554227808e-01
-8.207730214323829543e-01
1.000000000000000000e+00
8.158326308218895317e-02
2.129357454419533724e-02
