-6.709596703511857552e-01
4.458468855740731485e-01
1.000000000000000000e+00
1.251227146050237771e-02
-1.599891277538878498e-01
-7.886645155981122368e-01
-3.824608522062782345e-01
6.112496717328440576e-01
-3.839231362084661869e-01
6.554461971900962247e-01
-2.511566987426798736e-01
-3.522724672715267791e-01
-7.915207695075299199e-02
3.995015800503093906e-01
7.633195094704263717e-01
-6.716474763226865097e-01
2.638815335400178652e-01
1.072589702076547358e-01
9.807293219779738003e-01
1.000000000000000000e+00
-7.097424747740922468e-01
5.664602087383301399e-01
3.433736594475855775e-02
-3.083435887613750204e-01
-4.303545095646472696e-01
-1.612788704828958530e-01
5.493602169760345433e-01
3.863837186367491405e-02
5.222142490947712101e-01
1.983153706945253170e-01
-6.445859349037671437e-01
-4.418409051144167599e-01
9.526100218547504106e-01
-2.952087820464448509e-01
9.057405495621089209e-01
3.622815898175568705e-01
3.398130328495334584e-01
7.091944867645481043e-01
-5.498030406597242958e-02
-8.666242670384098901e-01
2.961384340625539124e-03
6.123740565487840737e-01
9.569156968854386491e-01
-9.009475761494356583e-02
-7.780108961671063916e-01
3.382672730155789065e-01
5.758657025823903375e-01
4.438217878364414393e-01
-1.000000000000000000e+00
-9.541523085203110766e-01
-6.942716816031455629e-01
8.513562608619027472e-01
-3.167495491200055802e-01
-2.900641416437883535e-01
1.491495435517910528e-01
-3.916380759770285991e-01
-6.773884016561223520e-01
-3.662473952398752619e-01
3.237123537660626660e-01
7.414861067112101800e-01
5.892134595309825862e-01
6.511258156832067101e-01
4.448520363059871308e-01
-4.156405408183871941e-01
-3.029765474021834937e-01
-4.271946059026216491e-01
9.768493291071793649e-01
4.853532091835059958e-01
3.357738576342390591e-01
-8.890972305529121211e-01
1.000000000000000000e+00
-7.852341232687223282e-01
-2.639868346349769634e-01
9.197219205603386349e-01
-2.493092331917229343e-02
-9.185010764042151887e-01
9.085176240525656421e-01
-3.630039286139039589e-01
1.000000000000000000e+00
7.863041699731818657e-01
-4.440524965824632631e-02
-7.345396933348253832e-01
6.415884235934049551e-01
1.685221266689177488e-01
-1.933100638554199890e-01
2.926369244480448994e-01
-3.945326158354967028e-01
1.607952408354987039e-01
-4.394948309920703178e-01
3.965870438343480631e-01
-3.899075530219932029e-01
3.367726551391432288e-01
5.871992602938664874e-01
5.216643614454499200e-01
-1.013226467520560170e-01
4.576421956158996385e-01
-3.337199649625373077e-01
-4.386766619475869211e-01
7.556834652386938966e-01
-6.278362329061772940e-01
3.486006199875451017e-01
2.971395799764167123e-01
3.312609872763297436e-01
5.822922483901666890e-01
1.204389166390011645e-01
3.024979685911333149e-02
-5.954901763291475802e-01
-1.210090937433732083e-01
-5.203898865422740272e-01
4.300484756372835449e-02
6.299296803105929321e-01
-6.438967269320714504e-01
1.533928165800178545e-01
-4.199334522235280698e-01
7.542121213831132209e-02
-5.063442505463103815e-01
-8.233160938049954858e-01
-3.611971616818929753e-01
-8.470414240635246728e-01
-7.447885445641741486e-02
-4.837086739925093859e-01
-8.158234245123114903e-01
2.889548407851652012e-01
-8.012616294921759419e-02
1.562921511247339357e-01
-1.714798079303474498e-01
-1.000000000000000000e+00
-5.080983887244852060e-01
1.000000000000000000e+00
-6.551736448610989694e-01
-8.380592606504828623e-01
-8.219534539256467820e-01
1.000000000000000000e+00
3.488834368807107733e-01
1.110581179644090088e-01
-3.896103909524819553e-01
-5.973695623447979886e-01
3.122581015877054500e-01
-2.271358738188995474e-01
-2.679334705250464577e-01
-6.977064764251630358e-01
5.508469401648159458e-01
-2.469675036663983025e-01
-2.192264517627726117e-01
6.446685874248696546e-01
9.840985066684271310e-01
-1.000000000000000000e+00
2.354508907054625455e-02
-9.629775801423229309e-01
-2.346359888751738954e-01
-9.800309054651470397e-01
-8.111216193784468453e-01
-1.102374524823790392e-01
-3.207857247849222881e-01
-3.790680569936744071e-02
-1.072651274911184949e-01
3.113240126452828105e-01
1.000000000000000000e+00
-4.488902084223458377e-01
-9.209367478603627255e-01
8.904198224583775856e-01
2.495711229453934643e-01
7.599323298403046767e-01
-8.027467985744585199e-02
-6.406962012627950287e-01
-4.071765133882514487e-01
-8.036100391962077705e-01
1.000000000000000000e+00
-5.530583349817148608e-01
-3.173161069019331260e-01
4.761856141046387769e-01
1.782651211348960096e-01
-1.000000000000000000e+00
3.121989224225951709e-01
1.258741516640357605e-02
1.376471019008148611e-01
9.786891247290885332e-01
6.244272616071399051e-01
-2.341239639192818078e-01
-1.646866552436129782e-02
-4.045857979492903933e-01
1.981508948314243401e-01
4.504052523721929213e-01
5.141557170420303358e-01
-7.992963000025918863e-01
-8.781956393321885823e-01
8.813176103257944760e-01
4.724948042893167277e-01
8.897214254846419479e-02
5.758698588204853586e-01
-6.230140825663310622e-03
-4.532830607181689841e-01
4.802981817609775633e-02
-3.589924152367225396e-01
1.378759658878410121e-01
2.476341180340670967e-01
7.663931554162193294e-01
-6.452370781226235419e-01
-6.178417602550512200e-01
6.397472249247599940e-01
-2.387374543458986031e-01
-9.124533996995842777e-02
3.192950463729955501e-01
-5.400087370859240066e-01
-5.897204809529335012e-01
-4.841080582945660460e-01
-6.611342266616477836e-01
-3.148195874500828717e-01
-7.133174893641509584e-01
3.951110424151471623e-02
8.203656168186119757e-01
9.722869773809073024e-02
1.875145625150982376e-01
6.402612195312875620e-01
6.703856197387239035e-01
8.520452125375836960e-01
-2.742439319593352742e-01
7.567728987685629072e-01
3.286241513260586000e-01
-1.812500748757561730e-02
-1.550667677445322079e-01
1.953223635365097799e-01
-7.647725381474230755e-01
8.208961939736156843e-01
3.529742661181972663e-03
-9.436490501489118721e-01
5.220509062463374317e-01
-3.844583242940990964e-02
1.268127516277851030e-01
-3.304242913283761962e-01
-3.482203245502830669e-01
-1.000000000000000000e+00
4.930973260979620854e-01
7.569927325235847881e-01
7.072571119212681667e-01
-2.412415296023944222e-01
-7.191840044808155419e-01
1.267969692118908753e-01
-9.787497099564301806e-02
8.533688253043139049e-01
-4.030876541166686922e-01
-2.060750708565060041e-01
-9.222311504759908019e-01
-9.120318963679611979e-02
-8.908481681971114341e-03
5.168672514502730131e-01
-3.233953114915142368e-01
-2.850763035593708583e-01
1.000000000000000000e+00
-4.131095654272368134e-02
-9.931379898108700921e-01
-2.836698492554262652e-02
5.451534892191527426e-01
8.535485827161728434e-01
7.221905088261442174e-01
1.039190958853352109e-01
2.840703446514174502e-01
-9.138671356161250925e-01
6.771952875403253191e-01
1.227611121869767175e-01
5.982194061059191714e-01
2.564847788926758465e-01
8.383072187203954861e-02
-5.329112093188700938e-02
2.003559604517749781e-01
