1.112931484831405082e-01
-2.971325599195052680e-01
4.362461031680196499e-01
-2.250313767707471380e-01
-7.034077919489803987e-01
1.000000000000000000e+00
1.000000000000000000e+00
4.051104333317345763e-02
5.374673950540460599e-01
-5.799587105941610421e-01
-8.182728135125224567e-01
-2.669918797846519976e-01
-3.835760007409274031e-01
3.478958921207995769e-01
-8.248983837158447852e-01
2.573562950529598714e-01
-8.174938706790205734e-01
-1.600966543905821549e-01
6.504223859054131252e-02
7.588825834873635934e-01
1.000000000000000000e+00
1.000000000000000000e+00
-6.464341066662065982e-01
-9.110950310508802996e-02
-2.051460889283187872e-01
1.000000000000000000e+00
6.496619426643451822e-01
-3.169170406327658229e-01
-7.817459911329650568e-01
-6.081147537856315122e-01
-2.923178664829018114e-01
-6.006770086600954350e-01
-8.784442164810623010e-01
-2.300433271459429718e-01
9.397097592516832076e-01
1.659349148397677720e-01
-2.957996948311719665e-01
5.395028410518759587e-01
6.947981755037651030e-01
-9.250366848291011745e-01
-2.569616216923423235e-01
1.000000000000000000e+00
-5.307406408409662824e-01
-3.500092224510712446e-01
-1.557604858979410589e-01
-2.206529449011099264e-01
-4.105581970150519733e-01
3.137578594063782367e-01
-2.501822468904318919e-02
-6.431555575404201974e-03
-9.073522728545597715e-01
1.000000000000000000e+00
-8.404021882209460337e-01
2.068670036797197465e-01
9.954178001427579359e-01
1.000000000000000000e+00
1.370981078629618377e-02
6.059860643760464072e-01
1.000000000000000000e+00
3.679842596654386844e-01
-5.769421190664354437e-01
-8.294110178802370781e-01
-9.351851983254391154e-01
-9.709604582066055922e-01
-7.736548331551067470e-01
-7.921342889242352081e-01
-4.647950993990168644e-01
-5.828443727953765974e-01
-6.199877858710833856e-01
3.712107590508981897e-02
-2.177962299261781975e-02
7.913130324013217809e-01
9.684133015435827940e-02
-6.823327127512437418e-01
-6.863494002053509568e-01
1.000000000000000000e+00
1.870330613270465014e-01
1.000000000000000000e+00
1.971975112560053756e-02
5.461371658207864188e-01
-4.081829903781761804e-01
-3.936516783664781860e-01
1.636196542082214156e-01
7.724940188895602633e-01
-8.423132047807736777e-02
-4.746702378729488747e-01
-6.014907009081831291e-01
-7.374245495383956461e-01
-6.501583186925719016e-01
-9.186216726805076505e-01
5.660506772277918985e-01
3.330753709335277368e-01
-4.738688221422714397e-01
-1.000000000000000000e+00
6.636506838239826234e-01
-3.491606040543466377e-02
3.337041829980357810e-01
2.694048107829997707e-01
-8.028565846177833087e-01
-1.000000000000000000e+00
-8.522015374237643659e-01
-1.000000000000000000e+00
6.285055282083134021e-01
-9.377090990396610426e-01
1.000000000000000000e+00
-1.000000000000000000e+00
3.884191944890650339e-01
-8.194650964863899878e-01
9.051514199801334870e-01
1.000000000000000000e+00
-4.298349115969591350e-01
9.232186333128636346e-02
6.596606214083977626e-01
9.499572755043287353e-01
-3.306417637736318027e-01
1.000000000000000000e+00
-1.000000000000000000e+00
-4.043493452589363435e-01
3.248873194256292618e-01
3.706170090290558106e-01
5.246488431212610326e-01
-2.127062971353943233e-01
3.251390330726957045e-01
-5.052848150270038419e-01
1.830216030379638870e-01
5.475275657794359541e-01
-4.988143035913318313e-01
9.238181384835061349e-01
5.406675861847565212e-01
8.213674596301047126e-01
-1.000000000000000000e+00
7.059213666358110650e-01
3.447040709865067942e-02
-2.642108427161461437e-01
-4.060770766752203054e-01
8.054299892901394253e-01
-1.000000000000000000e+00
9.514194333086687383e-01
-4.481983086225730384e-01
-2.328262728488144084e-01
-1.798540360639617752e-01
7.102413378551235557e-01
2.259942577011421760e-01
-5.156117659950557597e-01
1.000000000000000000e+00
1.411820054547010539e-01
7.368086689355645147e-01
2.278548990626341753e-02
4.606595706509316601e-01
-3.570264784536139047e-01
3.730202044814118212e-02
8.677426717649971977e-01
-3.327836944359742199e-01
-6.791780730361831608e-01
1.068463506622534531e-01
2.803196481213763858e-01
-5.891430488683703226e-01
-3.865301806821703767e-01
-3.149672513079064817e-01
-1.000000000000000000e+00
7.484484288018129483e-01
-1.000000000000000000e+00
6.302051577188592102e-01
2.136994604708990497e-01
3.539690184809335394e-01
8.841439351733185736e-01
1.000000000000000000e+00
-1.042019303456264145e-01
-5.051904992713731612e-01
-4.000682558075612238e-01
-1.000000000000000000e+00
-2.682339969640502586e-01
-3.389118611553713079e-01
2.296889670633379676e-01
-7.511619759033356658e-01
-7.853937426111283759e-01
-3.557005544738117697e-01
-2.624870992929407842e-01
-4.801191040357792872e-01
-8.272986368618081565e-01
-7.790878303460464782e-02
-7.389853820735277079e-01
2.786765989768236196e-01
6.852687033706271746e-01
-5.794411927593429157e-02
2.355484875313327842e-01
6.316741900896236106e-02
2.850676892461782019e-01
-4.836501669064786069e-01
1.000000000000000000e+00
-8.149953514316821135e-01
-1.506126429746466600e-01
3.418079856638796543e-01
-7.328940949425422069e-01
-3.782430238856309690e-01
-9.997460286489069370e-01
1.016760321942204864e-01
1.000000000000000000e+00
-9.053584310720909079e-01
3.020996370485642957e-01
-5.314802915336527822e-02
7.838615807055566709e-01
9.830060534006372919e-01
-3.032687438424341297e-01
8.895999966677686777e-01
1.000000000000000000e+00
-5.595980139772385176e-01
-4.411031646281967644e-01
-6.280938060255996103e-01
-3.475689508485706458e-01
-7.575500692382677315e-01
1.460296607809881686e-01
-5.910554522240638597e-01
7.861822115576853065e-01
4.390398654084715080e-01
5.903813677874121257e-01
-9.539864088979155277e-02
-1.550456393723750326e-01
4.041641807685705245e-01
-2.580261230484441892e-01
3.844588466780812230e-01
8.068482574502473526e-01
6.019779431146876636e-02
3.046121562869614774e-01
-1.000000000000000000e+00
3.837719771776013089e-01
-1.000000000000000000e+00
1.399959098485235032e-01
2.276596980723466501e-02
-9.485692411813787528e-01
4.633513220223770546e-01
1.000000000000000000e+00
-1.000000000000000000e+00
6.251412569949040821e-01
1.000000000000000000e+00
2.678274002795766329e-01
-5.774634332542911697e-01
5.784306428334242689e-01
-3.060538024471451957e-01
-2.324437073978622148e-01
-6.895751071346423178e-01
4.195834883089771816e-01
2.485520138204447005e-01
1.000000000000000000e+00
1.000000000000000000e+00
-1.000000000000000000e+00
-4.455541115106298466e-01
3.285983456497781896e-02
2.162364776091011409e-01
7.936820593547965208e-01
8.099664823663391688e-01
-8.986531331152509683e-01
2.535201533398911966e-01
4.952592212233424829e-01
2.355073032932696875e-01
7.773311895853809439e-01
7.227743965722608355e-01
-6.026351275663066609e-02
4.827387466463416432e-01
8.790013427183708261e-01
-1.005527002571435791e-01
5.919387940264075887e-01
-1.000000000000000000e+00
-2.466428613016251326e-01
2.026116018884728254e-01
