8.059072839927716725e-01
4.699974509107351928e-01
3.882452988825424445e-01
-9.157168732570313274e-01
1.962271204367507238e-01
8.112886134303257668e-01
9.349781861102066660e-01
-6.185737067266501299e-01
9.052162344476883948e-01
3.179721732750124819e-01
4.075717940391163641e-01
-6.594889627846998170e-01
6.018310389112717651e-01
-6.069302345074323313e-02
8.840901689896485394e-03
-9.995817613081131592e-01
-3.959899459364193408e-01
-2.271105350767781417e-01
-1.453203668036648910e-01
-8.685876711985023313e-01
8.014717866181504391e-01
-4.220562775482517015e-01
-5.078322735529685605e-01
2.753774178057564193e-01
5.088693823546597272e-02
-1.000000000000000000e+00
3.493487681114912924e-01
-3.360021567605544490e-01
-2.174917148800581401e-02
4.544798275167765134e-01
-7.912479986433187396e-01
2.097848586818393812e-01
-9.614734210784037227e-01
-1.209007216299580190e-01
8.712689342666737335e-01
-2.652541537338672928e-01
-9.164574713166473430e-01
2.017553156676106518e-01
6.625237892488589075e-02
-8.255033428956854991e-01
9.125833320043552632e-01
1.117234395964885607e-01
-8.091451048322928497e-01
4.601509562577906776e-01
2.648124815020775902e-01
1.935036781245158544e-01
-7.508546616064806223e-01
-1.000000000000000000e+00
-3.360463427360915745e-01
-7.007946681429071401e-01
1.000000000000000000e+00
6.324226128685614956e-01
-4.176599974541572724e-02
-8.668953467154345560e-01
1.966433475882416460e-01
1.684374693464607553e-01
3.306657439286886380e-02
6.181198439314469217e-01
-9.485872650386344418e-01
-6.041984016073760344e-01
-3.742813275437475440e-01
8.009820453834837206e-01
1.853401514942820683e-02
2.023957367483500969e-01
-2.284435266798339192e-01
-8.270186667173937689e-01
-5.650159560316168061e-01
-6.042376344878299665e-01
-8.747595683697244606e-01
4.089106542068003947e-01
-1.516879220252491667e-01
9.645206850543470711e-01
1.816481136374954453e-01
-5.606682675669751870e-01
5.422290075318518809e-01
-6.663138869296376665e-01
-2.012108671076089372e-01
-4.435893340003960184e-01
2.839949427743919674e-01
-7.868104783651603817e-01
4.925939160108860904e-02
-9.304528480828944126e-02
9.090314275535797961e-01
1.091807890336293774e-02
-5.495467945721033143e-02
1.648162131861592439e-01
2.977490850707309455e-03
-6.217884325289597669e-01
6.450681795553814268e-01
-8.446204365030112182e-01
-1.803321891904214880e-01
1.547021368004517505e-01
-7.450606981761289660e-01
2.973132587211486100e-01
-2.511367206649917083e-01
-4.138756972501513864e-01
-6.171899703137693205e-01
-1.834799396922835168e-01
9.069334203416741236e-01
5.319601859286550161e-01
-5.557244599469384205e-01
6.683361679908728092e-02
6.407087188514021259e-01
-1.278281027967331784e-01
-1.000440050569735284e-01
2.881462590644687793e-01
7.979317731193713570e-02
1.548355499659592738e-01
-2.499266127352295364e-03
3.581547921651699884e-01
7.356088794781561191e-01
-8.782617357022888260e-01
5.122856749874207805e-02
9.379595268037872469e-01
-1.762980478067180390e-02
-4.235142685337334179e-01
-9.551224704908776175e-01
-7.769375721285511904e-01
-5.437334414449916942e-01
-6.067768878918194941e-02
2.800710091615652431e-01
1.381081575191687172e-01
4.725805191344396583e-01
-7.607112714019259592e-02
-1.000000000000000000e+00
-2.611252745026863553e-01
6.889181643471353755e-01
-5.576458817124625433e-01
-5.050039345752364017e-01
-5.305955269578079836e-01
-8.998443877951520786e-01
-4.821969569455168969e-01
3.117035825100078483e-01
-9.542639252906410796e-01
-5.880121518761660671e-02
-3.419283127211512063e-01
5.059365281264790459e-01
6.122598573379340881e-01
4.361826188196921139e-01
-3.128765994151206375e-01
2.358323596802687216e-01
1.827713803099841883e-01
-5.783996059071832008e-01
1.424286147503539823e-01
1.278181623874821149e-01
1.000000000000000000e+00
5.931634788258388635e-01
6.777205409397795144e-01
1.696669376180907074e-01
-2.395768760020957622e-01
4.478679805741310194e-01
3.788288396865262531e-01
3.034937997978131019e-01
9.085186619456031565e-01
6.860007751165050349e-01
1.385097654974787318e-02
-7.673149493933378862e-01
9.796421171223264057e-01
-7.183618319913482875e-01
-3.329278950616054167e-01
4.770914658432632294e-01
3.856216693878500301e-01
-9.553994635318936446e-01
-6.454336578764674481e-01
-3.708311079811602573e-01
4.263785858726476530e-01
-1.597269306257493859e-01
7.850277891849888334e-01
-2.016055319472294105e-01
7.889416017260171277e-01
-2.666797954037974927e-01
-5.594995548807309982e-01
1.324396348820382485e-01
4.291643421121953406e-01
1.610774270257775698e-01
-3.333931891907327971e-01
-2.770987760119065779e-01
-5.055484522540313330e-01
-1.531098552020493386e-01
8.560631428300722323e-01
-6.110991166924186757e-01
1.694703492319220572e-01
-1.000000000000000000e+00
7.978585947458776140e-01
1.640933936357038825e-01
-4.198462913967080379e-01
4.055854706173055435e-01
-8.287027506349939898e-01
-9.975980088209444041e-01
2.932559654725370724e-01
1.278922749539423975e-02
-4.675921845107819941e-01
2.400191166956768818e-01
-8.115748439662704428e-01
-5.875849413703710944e-01
8.765016010972177529e-01
3.759930766466250684e-01
3.230168682655032431e-01
6.968973479793576509e-01
2.481691477762720255e-01
-3.019996034418691577e-01
-5.955938180355815348e-01
-6.883533281212383947e-01
-2.722524185722022816e-01
7.223458163649905117e-01
-3.770968166078594308e-01
8.029725261816291759e-01
-4.522405201826911192e-01
2.797732197153550704e-01
-8.416063514086012942e-01
1.312792508057103458e-01
-1.000000000000000000e+00
5.137399290146127395e-01
2.610150488995849893e-01
3.902811225676972029e-01
-9.648717707822727085e-01
3.868063352726515136e-01
6.597505931290750247e-01
4.155287243467120639e-02
2.280975926571806034e-01
8.318030675808727459e-01
3.397551716734951155e-01
3.003220869527301051e-01
7.951008675809223547e-01
-6.661148384661284005e-01
-4.725881664504252289e-01
-2.042799461564803742e-01
4.787621110632969135e-01
-3.678566865495755955e-01
6.586159600030430106e-01
-4.609965965527333953e-01
-8.618370324195401277e-01
-1.677522157791361268e-02
3.552307686986735380e-01
8.826489321668068433e-01
-9.592758322911452140e-01
-5.460629169468271815e-01
-4.126581323785567523e-01
6.980724305784911099e-01
5.601598126704264713e-01
2.313915435256965747e-01
-1.627107954064844764e-01
7.826867149760954323e-01
9.228191227993098877e-02
-9.822410757863790642e-02
5.417384232950208517e-02
-4.347902311214699722e-01
-4.691902499604063692e-01
3.974676899491674797e-01
-8.868402664668013635e-01
-7.867250088385253637e-01
-5.225112872909691841e-01
-2.843122127092916340e-01
6.298507381540541239e-01
4.070133954078508642e-01
-6.406869016606898948e-02
9.385380432653953608e-01
9.533973919975502476e-01
-1.595425838857023604e-01
-6.593271018652033799e-01
3.811255413204288067e-01
-3.984026805833904561e-01
7.608103890805619773e-01
4.913403086256873387e-02
3.498671360403721176e-01
