-6.128312292804660721e-02
7.961015885875439846e-01
-1.668061208354234548e-01
8.893359879065729778e-01
9.583491627086471176e-01
2.811237528096000027e-01
-6.115846133588450639e-01
8.727646168910974112e-01
-6.401982872038700645e-01
3.504631896290719695e-01
5.764332166762213827e-01
-8.760051780835182988e-01
7.958224247690387498e-02
8.146098393451750574e-02
8.216301960295340212e-01
1.777561443391513230e-01
5.111741401734226642e-02
1.128981027243072255e-01
6.070792368625288482e-01
-1.339396902050906668e-01
4.444413495544099479e-01
-8.564044729107678222e-01
1.000000000000000000e+00
3.888793728732504174e-01
-1.521954685268636087e-01
-2.500701280824108585e-01
1.000000000000000000e+00
2.776264735881037726e-01
-7.413415392777678026e-01
-3.491590754913458383e-01
-3.362337605411567232e-01
9.701312659557141949e-01
-2.560481572518655824e-01
-6.629644925807147704e-01
-5.641242984540257854e-01
-8.516079139915837537e-01
5.369843413542811916e-01
1.024585763042669129e-01
6.743081030904995998e-01
-9.619553089805867874e-01
-2.230520375523793453e-01
-8.329892396298126389e-01
-5.530059800006308368e-01
-5.976822184391759052e-01
7.193206757790368000e-01
-2.556366235441911439e-01
9.617181016743312494e-01
-7.497768112621856496e-01
7.138575866955945148e-01
6.013619015941488177e-01
3.254552051323770234e-01
7.584577227431089641e-01
-9.626886137873169602e-02
8.705218632784077482e-01
2.586495588050526928e-01
-5.517181086597262585e-01
-3.897599749568394500e-01
-3.207608184524131101e-01
3.514130778226924878e-01
-1.584209329356434104e-02
8.560499026577959025e-01
-4.544531056940361302e-01
6.024229414658786030e-01
-2.643097592434802134e-01
2.110199314541236770e-01
4.409061323827811324e-02
-5.347115785061626880e-01
-7.721468388027847851e-01
4.218495210922637573e-01
1.000000000000000000e+00
9.685180009974344584e-01
-2.235579124188218358e-01
-4.172014941340658201e-01
-4.987075336161882477e-01
-8.513245927550163739e-01
8.255993286269811549e-01
-4.019469416736796141e-01
3.542240628158546123e-01
1.119933233306113496e-01
-8.009521383307223186e-01
-1.369112815600248556e-01
-3.839772701232407326e-01
7.168970771284750576e-01
-5.367955496186183062e-02
-6.597705279948975488e-01
4.777612398066153343e-01
5.252867917187002966e-01
-3.445524322479143198e-01
3.073061154575278398e-01
6.717463917776458349e-01
2.029018548760013196e-01
7.492881262656170271e-02
-8.957416560442290621e-01
2.644467141435256075e-01
-7.151617668154983676e-01
-1.000000000000000000e+00
-4.881592436752426600e-01
1.538764239770683551e-01
-1.902832375682339539e-02
-7.255615314959766859e-01
-1.000000000000000000e+00
6.952837696603302031e-02
-3.300216742753891985e-01
-7.467740202860189136e-01
1.000000000000000000e+00
1.625157105563578702e-02
-1.000000000000000000e+00
6.109850298957344439e-01
-9.079594008023506024e-01
-2.969188378126431105e-01
-6.695878230354501692e-01
-7.038890573240412785e-01
7.286886376614154504e-01
-8.882822771580445309e-02
-7.497996367981064614e-01
9.983155725907844058e-02
3.706068183696624718e-01
-7.633001744724658977e-01
-2.567744798860057687e-01
-6.521476614867371957e-02
-6.415363750326319447e-02
-5.857422069589673930e-02
7.890954646311862941e-01
-1.956791580800710251e-01
4.355450213000696680e-01
-6.456464869557227981e-01
-6.756527831942149565e-01
-4.277343206035317813e-01
6.560852051405081653e-01
3.952171876010066587e-01
1.396022576777105062e-01
-4.389753649740870123e-01
7.113799926477690772e-01
-4.491155669973728726e-01
-1.753395318209046982e-01
6.527960212250938365e-01
-5.534977768650950480e-01
-7.668816048071263047e-01
-7.632872535898636013e-01
7.695956229436859974e-01
7.848150960347765048e-01
-8.193820344459989968e-02
3.416349702400265365e-01
3.700209405373885430e-01
3.278882283015811527e-01
-3.931129663939927354e-01
-8.756378489285454592e-02
-3.442228218904264114e-01
5.078832719732924161e-01
8.174198672650230257e-01
-9.030463114043216777e-01
-8.810440764876854569e-01
4.243982558917647196e-01
-8.981791065532466201e-01
-8.666214559179423738e-01
-6.434554599909714234e-02
3.370218746262458875e-01
-8.937646548650548528e-01
-1.640556770313494894e-03
-2.937445694771090299e-01
9.099380159988057493e-01
9.326279972969790943e-01
1.540322582974689158e-01
8.037190070422917110e-02
-5.069034371146418083e-01
-1.045223730925683991e-01
-4.818825982847663170e-01
-9.990307635890482985e-01
-2.546860390768566074e-01
5.911053749320485107e-01
4.895942598729845496e-01
-1.195037599743232759e-01
-2.856080536564387096e-01
-2.500183468667647180e-01
-8.827706654956457566e-01
-2.082954694522362038e-01
2.462948632044121289e-01
7.068292504974893475e-01
-2.970234824717752353e-01
-7.716983352282729136e-01
7.353560837427797203e-02
1.417000387886040991e-01
8.649799417415549030e-01
5.810895129758830713e-01
7.819842845637818840e-01
-2.333085317131977643e-01
-7.046768008433703656e-01
-1.224207551653275772e-01
-5.487249393818100646e-02
5.841014890154452299e-01
6.133513478886702952e-01
2.341253314913684380e-01
9.712600271971454369e-01
5.442599669663406026e-02
-6.916296775007633180e-01
-5.981679139697104741e-01
8.055698140311399191e-01
-5.248510741793740442e-01
-9.632302626248303579e-01
-3.491880716687122965e-01
4.929329598328970885e-01
8.726750959774925986e-01
2.116331005968663526e-02
5.355105938354253192e-01
-7.961485323268022718e-01
-7.823867593825690747e-01
-1.358728425912134608e-01
-4.019771337282255219e-01
-5.387375227734874095e-01
2.081779620550801013e-01
-4.407093246308282364e-01
-7.730411898214173405e-01
2.839526628754300841e-01
-1.141756045601336478e-01
-6.228893480778638359e-02
-9.038058631708143498e-01
1.520183407190335012e-01
2.724279295806736334e-03
8.182908259742167623e-01
4.859197686683702777e-01
8.202030556633060909e-01
-8.258582720453833126e-02
9.065824049944399832e-01
4.612991723367351748e-02
1.306517658305554885e-01
-8.751391230476925909e-01
-3.517970864724120905e-01
1.716791836370689106e-01
4.583704453991499506e-02
-1.124056246040032736e-01
-6.205459051669295345e-01
2.042764942596113631e-01
7.419027899021413130e-02
9.950780992876211428e-01
-6.707024735943827309e-01
-7.248941403910828807e-02
-7.648920883702081674e-02
2.424718708588520233e-01
2.713856506851973771e-01
4.307077278726698655e-01
4.915179728442518048e-01
-1.315619013267683712e-01
-3.995288837627872791e-01
-1.725019529645106520e-01
-6.316620404405624001e-01
-7.633120985043913009e-01
8.596488282352694466e-01
-6.489439609906979545e-01
5.871436510772887196e-01
-5.525624438123002413e-01
7.500481001374617041e-01
-1.538312114183248980e-01
-7.659738668377356063e-01
3.504205464079590548e-02
-8.992508915219274979e-01
-5.713478689195559124e-01
2.980120849037732889e-01
-6.237268286768020698e-01
3.806209418638827752e-02
-9.160238378191554176e-01
1.524437975942354306e-01
-2.747905534762103419e-01
-1.662557910701243369e-01
-7.571467852523182662e-01
7.808490454545977677e-01
