-1.000000
-0.036993
0.487687
0.789421
0.951897
-0.378976
-0.465016
-0.369838
-0.456271
-0.790048
0.250358
0.914137
0.585539
-0.997893
-1.000000
-0.393587
0.959205
-0.316505
0.419710
-0.949085
0.836462
-0.356446
0.114717
-0.494126
-0.868495
0.754265
-0.797017
0.512847
-0.335267
0.477608
-0.194130
-0.679132
0.726955
0.041396
-0.919404
0.629313
0.717557
0.352228
0.628466
-1.000000
-0.424316
0.988513
0.234279
-0.115133
0.110860
0.499015
-0.968034
0.988301
-0.460219
0.706896
-0.049436
0.840845
0.055678
0.854944
1.000000
-0.262873
0.735934
-0.104248
-0.345902
-0.006928
-0.022484
0.630951
0.009776
0.735935
-0.995204
0.328679
-0.200112
-0.094842
-0.592217
0.977635
-0.434324
-0.017187
0.023491
-0.927290
-0.120126
-0.576603
0.869978
0.370326
-0.684229
-0.225800
0.613283
-0.258043
-0.500591
-0.044855
-0.373649
0.550809
-0.567537
0.351272
0.807792
-0.972764
0.353142
-0.088845
0.711388
-0.742712
-0.376932
-0.571819
-0.015876
-0.440750
-0.577573
0.016095
-0.251809
-0.545023
-1.000000
0.596167
-0.801889
-0.126693
0.860841
-0.785193
-0.306983
0.419415
-1.000000
0.048966
0.951843
-0.449328
0.657727
-0.184963
0.087229
-0.645238
0.298312
-1.000000
0.208359
-0.679917
-1.000000
-1.000000
-0.951185
-0.711342
0.228471
-0.142718
0.058226
-0.525796
-1.000000
-0.039469
-1.000000
0.671468
-0.387625
0.853884
-0.637293
0.811310
0.901101
1.000000
-0.821467
-0.780759
0.228206
-0.015041
-0.538329
-0.300691
0.329221
-0.263389
0.438373
-0.066027
0.615313
-0.830964
0.845564
-0.602002
-1.000000
-0.819589
0.326832
0.222318
0.165775
0.359233
0.127531
-0.726900
-0.784588
0.942338
-0.393325
-0.781179
0.507966
-0.904586
-0.753260
1.000000
-0.170559
-0.923347
-0.906027
-1.000000
-0.409324
-1.000000
-0.770168
0.099796
0.011450
-0.655092
-0.410425
-0.884033
-0.741452
0.551106
-0.794714
0.714315
0.739014
-0.984592
-0.895202
-0.259432
-0.793129
-0.748826
-0.487457
0.767455
0.372688
0.106137
-0.130472
-0.698456
-0.643952
-0.870171
0.391678
0.308241
-0.453019
-0.339133
0.426370
-0.272547
-0.252209
-0.964234
0.014804
0.320692
-0.575954
-0.539596
-0.400807
0.231079
0.453588
-0.076109
-0.696608
0.432071
-0.298099
0.661211
0.825696
0.265620
0.612404
0.596447
0.735062
-0.010588
-0.383269
0.041890
0.522759
0.687910
-0.443908
0.427052
-0.856542
-0.456914
0.341460
-0.811218
0.543010
0.608561
-0.712063
-0.183984
0.795264
0.987009
0.214003
0.706504
0.413317
0.471995
0.056360
-0.380395
0.593072
-0.124935
0.270027
0.506205
0.830189
0.524887
-0.770935
1.000000
-0.718112
-0.959719
0.713463
0.544049
0.331929
0.879700
-0.233910
0.462078
0.929039
