7.014057183258766148e-01
2.130486619745174115e-01
6.374858753950771728e-01
-9.001572866781492044e-01
3.307626388824572161e-01
-3.150448889024566879e-01
-4.958347497168297813e-01
-1.000000000000000000e+00
9.140540353574791999e-01
-1.000000000000000000e+00
1.000000000000000000e+00
-1.000000000000000000e+00
7.880743317747473942e-01
-3.179889270766234066e-01
-2.533204327331473604e-01
8.133271034095989060e-01
-1.541825269331971726e-01
1.001745067228627384e-01
5.826696963409030428e-01
-8.866907865375170950e-01
-4.038813588778765729e-01
1.000000000000000000e+00
-1.000000000000000000e+00
2.126528590619666814e-01
-7.026951636558292913e-02
-4.698259713229275825e-01
8.329489520205997088e-01
1.446350448836072333e-01
3.530030266607847023e-01
2.359543228253627722e-01
2.069452523866205929e-01
2.599754548478873106e-01
8.791630681457791585e-01
-1.000000000000000000e+00
-5.901483572472564498e-01
7.495970911202431974e-01
-2.629187372301111658e-01
-4.884493046540158145e-01
5.495279764025634561e-01
-3.790909148657286010e-01
1.000000000000000000e+00
-3.781774888508712684e-03
1.000000000000000000e+00
-9.617213122671723902e-01
-4.776437418988342398e-01
4.061499068066748430e-01
-1.000000000000000000e+00
8.273025208709907652e-01
-7.117609727906485384e-01
1.159427811375620676e-01
-1.000000000000000000e+00
1.604162975401371982e-01
2.761359241459646618e-01
-7.723282312513340964e-01
3.660635806619969568e-01
3.294739615711748115e-01
9.344076016612140601e-02
-4.577670408425091875e-01
-3.905738115457465520e-01
9.757076812650266051e-01
2.490844769137036674e-01
5.609500632463380043e-01
4.171910774933409449e-01
-7.465579969801449112e-01
7.454191693547848052e-01
4.696478263747657644e-01
8.324304088365654941e-01
-5.376448613224331652e-01
8.547826813151844227e-01
4.966080426648972201e-02
-7.526889418131939014e-01
4.590066933807149252e-02
-2.271952808706259042e-01
-1.000000000000000000e+00
5.095676615142802346e-01
7.047045368043791669e-01
1.654945787824064762e-01
-8.399406764709368423e-01
-3.623622046878227088e-01
9.417306275692682860e-01
5.858138901507418117e-01
2.688708537541031340e-01
-4.944021118774732937e-03
6.412686856981205663e-01
-9.921941536982449295e-01
-6.136911177479174029e-01
-4.483498390407678058e-01
1.000000000000000000e+00
-6.077637277442871078e-01
-4.774796506330214463e-01
2.160951235377542301e-01
7.333147628384869554e-01
4.876026314823735386e-01
-4.145977599133418012e-01
4.934618209339932671e-01
4.783075044721579738e-02
-2.974792057209907359e-02
-1.000000000000000000e+00
-2.924573258366871542e-01
1.394373493460587810e-02
2.402509198715688798e-01
5.473301906040501930e-01
-5.256618272985860152e-01
6.795513918388332852e-01
3.258549072449847817e-01
5.700603019865321253e-01
1.143068883647266332e-01
1.711585036698559659e-01
-3.878463253441027936e-01
-9.589704949393421107e-02
-5.281033353234648731e-01
-2.705156599146514296e-01
-8.585035156197786677e-01
1.000000000000000000e+00
9.062134132507151940e-02
-9.539552035248107797e-01
7.677274401695896588e-02
-6.741446810934299538e-01
-9.281435971031991305e-02
3.168858738712149181e-01
1.000000000000000000e+00
1.000000000000000000e+00
4.037079995675238453e-01
-2.982249565538654945e-01
5.330507207175876339e-01
6.368072839124033768e-01
7.997041753326185054e-01
8.877648343881083814e-02
-1.000000000000000000e+00
-5.585608669141505223e-01
-9.722740765726710643e-01
4.886416239916083759e-01
6.945477415588902081e-01
7.232989030375904793e-01
4.270265314872803142e-01
-8.246042704858367323e-01
4.069756944880939531e-01
1.068437875957159444e-01
-7.191981497309813953e-01
1.000000000000000000e+00
-1.000000000000000000e+00
6.320891551706452338e-01
-4.312519190117979906e-01
-2.083232968798011120e-01
-7.282422423332590711e-01
-1.000000000000000000e+00
1.000000000000000000e+00
-2.671394491585196151e-01
5.603902410631376174e-01
1.209503358169287113e-01
-7.657778504398488062e-01
1.153396335545467943e-01
1.000000000000000000e+00
8.093018937679862246e-01
-7.335037927039822492e-04
-5.332965560048159581e-01
3.888313217621163775e-01
1.000000000000000000e+00
-5.985055689760283570e-01
-9.286228366065963913e-01
6.322645227547113445e-01
-8.421401703401589778e-01
6.060827343304595605e-01
9.372341123398912899e-01
-3.870318035439514193e-02
-1.000000000000000000e+00
2.197632535065253134e-01
-9.056113577299920170e-01
-6.053670758430136356e-01
-7.306374121138159428e-01
-4.555412153643785267e-01
5.270389272391373670e-01
9.712845689578615271e-01
-3.030880384199591826e-01
8.619512729316576305e-01
6.870266703289631405e-01
-4.436858036531635824e-02
5.387301374375161878e-01
-1.000000000000000000e+00
-6.375765059833100601e-01
-9.885247115139936813e-01
1.939407535132512406e-01
-6.500084059717914364e-02
7.002400386910037078e-01
-7.460210554954932460e-02
1.000000000000000000e+00
-1.000000000000000000e+00
8.974006561560812223e-01
-2.544329222951575153e-01
6.046207596726309585e-01
-9.926609611016959933e-01
-7.245763753003332530e-01
7.251332150175967550e-01
-2.231201590515977662e-01
-5.382870350174717711e-01
-1.000000000000000000e+00
5.306454958777031550e-01
5.504823921632201467e-01
-9.995147532264800905e-01
3.211153103127342701e-01
8.872570391815629565e-01
3.211984305247896909e-01
8.973574271028488258e-01
-2.117183916664178156e-02
-2.706220955772233872e-01
-1.032926256518009733e-01
-4.531420357616782191e-01
-3.935695334079438723e-01
-3.004781529973389320e-01
-4.508804996368754314e-01
1.168081366129354037e-01
-2.246501133419436247e-01
3.744245672297141225e-01
1.000000000000000000e+00
5.511962595261206133e-01
-1.000000000000000000e+00
4.784342051378592808e-01
9.758932708975431858e-01
9.328143538952460290e-02
3.032474130620573249e-01
-9.872263947635384618e-02
-5.434936009902906484e-01
4.997015196318497221e-01
2.643044769474815481e-01
7.443252985784247766e-01
-5.707214653507323154e-01
1.000000000000000000e+00
2.922435825334958048e-01
-2.693557854683320540e-02
7.234695391851450053e-01
1.151418578811804760e-01
-4.866662729445193625e-01
1.587079202229720321e-01
1.000000000000000000e+00
6.601287444877803612e-01
-6.250783288807177929e-01
2.684739807991807226e-01
3.123881204750198481e-01
5.316096395810709918e-01
5.553155620018239702e-01
1.000000000000000000e+00
-4.911558331154846080e-01
1.315282278092374524e-01
-6.975628083536682400e-01
-5.578630916783884341e-01
-4.859589869761727354e-01
-7.781886724090908425e-01
-1.000000000000000000e+00
-8.831437442822692718e-02
5.446533798003649895e-01
7.445214092763312586e-01
-8.310533323085820268e-01
7.640168878779080019e-02
-4.864793293024590737e-01
-1.000000000000000000e+00
4.282598354900173931e-01
3.057427977301352406e-01
-2.389370830407824831e-01
6.513612188360975441e-01
-3.158232935512950701e-01
8.255649579192008147e-01
8.939267493423707078e-01
-1.000000000000000000e+00
4.332461415517369074e-01
8.793323062107046839e-01
