-6.540596440963106772e-01
-5.781957451412773619e-01
1.000000000000000000e+00
-4.853022345791443981e-01
-3.511947484861432933e-02
-6.810037640133383974e-01
-7.214863938020514844e-01
-8.270317318479877278e-01
-1.126767512036010999e-01
1.938135069218928086e-01
5.874461170422571321e-01
-2.688948721066752867e-02
-3.298510465999893171e-01
-3.688140154457503206e-01
-2.318075604719320448e-01
2.601797535814416307e-01
1.000000000000000000e+00
-1.000000000000000000e+00
6.057491910776434674e-01
-6.882129773910785620e-01
-8.876874057187037481e-01
6.265081400348455620e-01
1.089203034542006732e-01
-5.727822775816550083e-01
-1.838569876210945364e-01
4.570390961924397089e-01
-3.487421011819469285e-02
4.122203822140331764e-01
-6.015812071625372681e-01
-7.687059233034923000e-01
-4.834878113664251575e-01
5.071978090251174631e-01
3.417355047594681228e-01
1.000000000000000000e+00
1.417495821510795506e-01
1.175311354571602074e-01
1.286668943659397268e-01
-2.064757854591839914e-01
-8.168101525577100563e-01
-8.882529632822988575e-03
1.585668708523766401e-01
3.667006105741938971e-01
8.202281057103506523e-01
-1.000000000000000000e+00
-4.451692064048620168e-01
5.999121497919670531e-01
1.000000000000000000e+00
7.914316836353162410e-01
2.922237112091925493e-01
8.713159259263064671e-01
-1.064100226517302183e-01
-2.025026443658859976e-01
-9.596210064923893501e-01
6.516275700219531508e-01
6.664087534628593268e-01
-2.759352703748940150e-01
1.533567049441177665e-01
-6.477187113578498634e-01
-2.784617482129009836e-01
-5.165200027027142538e-01
-6.113955107450967930e-01
-6.683253928790603426e-01
-1.954283014578614142e-01
-1.730828962241214297e-01
8.346634139656041729e-01
3.795617671076522703e-01
5.649656572360211015e-01
5.670790563824901209e-01
9.804192431785093698e-01
2.325809745327379607e-01
2.081764470492586117e-01
3.419408532626194153e-01
9.225865907730149695e-01
8.147572044916764344e-01
9.400394000630846181e-02
4.374684391603111955e-02
-8.206029407163505374e-01
-6.496278552692260622e-01
7.993019766538315141e-01
2.087848087392664975e-01
-4.834083513233118912e-01
4.960844813655786445e-01
2.981956413619086810e-01
-1.314162513255116571e-01
-9.987857523297127837e-01
-1.435890746133160756e-01
3.624089421949681644e-01
1.921753003333778465e-01
-2.927229070518028164e-01
2.862327830301688025e-01
2.493641446656434113e-01
-2.530182474940197990e-01
-9.805091582964076125e-01
4.660541128537833977e-01
2.572240155827744124e-01
2.802567040723122904e-01
1.717261095079664346e-01
3.474913765593894838e-02
-6.131062204460100418e-01
3.022534063148716310e-01
-1.782821982682648576e-01
-6.770781175043221189e-01
1.000000000000000000e+00
-4.715543584249675124e-01
7.418797141402602713e-02
1.689860862204207448e-01
4.151248846133524517e-01
-3.951491697078550747e-01
-8.527664387754430031e-01
7.785387941251962207e-01
2.472718852254840449e-01
-5.110218023730199732e-01
7.128688009766945832e-01
4.286446581368463238e-01
4.443031419519851699e-01
-8.369037987265189882e-01
-6.056298141185173511e-01
4.997822833047990132e-01
6.338664028803193684e-01
-1.000000000000000000e+00
7.103483644884309722e-01
2.319719001010482895e-01
2.864702449965180753e-01
1.116254921302572978e-04
-3.003113046566726618e-01
-1.260800145967190811e-01
1.000000000000000000e+00
3.648418666695072421e-01
3.847436840074613951e-02
-3.332278925144114279e-01
-5.392684262283626850e-01
-2.449272207009232094e-01
7.552328912313079068e-02
5.748789280159061210e-01
7.182192295390754655e-02
5.283154515501382598e-01
7.845222753480488587e-01
4.272455006615942241e-01
-6.953510600999193159e-01
3.876216337836225212e-01
-9.400962969048342055e-01
-5.439043583113069014e-01
-2.453524404746334764e-01
-4.794613637608426404e-01
-8.846186917682417050e-01
-1.329595858460421720e-01
-4.287204518825352695e-01
-4.288877919115383630e-01
-1.152920554191214642e-01
-7.282328614502536768e-03
7.293547166019076489e-01
7.229497916132554547e-01
6.822095659405615908e-01
2.555258454525135003e-01
4.697731965252010533e-01
8.757484743797445681e-01
-1.870626740907473107e-01
-1.000000000000000000e+00
-4.814953345164019183e-02
-1.000000000000000000e+00
-7.258619714272113166e-01
5.309115578205156893e-01
-3.799287264386473351e-01
6.091066833780800494e-02
-5.513114633898081873e-01
-4.568476950324812935e-01
2.017921456515830991e-02
6.949937698493069416e-02
-4.967666166546436668e-01
-1.727261235843922105e-01
-7.007955945632801109e-01
-5.428515648607970534e-02
-4.411813677106339870e-01
-5.586718662144151137e-01
-4.914520093498104814e-01
1.000000000000000000e+00
3.271093286697153157e-01
3.003852349025502022e-01
6.724757307619888547e-01
3.681667525866871848e-02
-9.078694513092925300e-01
-7.417514811230939697e-01
2.293871691153220871e-01
4.338646964187762300e-01
1.682936657250324319e-01
-4.715047799609775048e-01
3.438232540229764489e-02
8.539043414684213129e-01
6.303649851254806702e-01
6.196348727456085781e-01
-5.623052855410357598e-01
1.000000000000000000e+00
-1.440914582638263275e-01
7.998462758025307595e-01
3.537863777555312339e-01
2.127468069474088286e-01
9.488819372852805856e-01
6.217888045687331583e-02
1.444952390996546154e-01
7.104364633459493428e-01
3.306889131548286231e-01
7.428752857638657447e-01
4.619904530280405375e-01
-4.986422856937890447e-01
4.272346285320443027e-01
3.384910920928875522e-02
7.261430316767887305e-01
5.933162003009833096e-01
9.450364551334875518e-01
-7.316187126553289621e-01
-8.097972821023163847e-02
-1.021942599671026297e-01
1.000000000000000000e+00
5.353955408509367686e-01
3.821091555564986031e-01
2.452708246632110400e-01
-5.747868754139687786e-01
6.690499561816770635e-01
-5.750981056425408244e-01
-2.866264012390072891e-01
1.662940546338398384e-01
6.369453034458856244e-01
5.524211425104756934e-01
-2.939525589471058131e-01
-5.234752725062175038e-01
-9.878278092331278515e-01
-7.074400261367988496e-02
-1.481211582746774780e-01
7.856161647842143658e-01
-4.062788727133693767e-01
-3.907068349709901245e-01
-4.693416495622257933e-01
8.434768612869125715e-02
-2.693543822914949981e-01
5.196429320141722208e-01
-9.794972789702253158e-01
-4.916388900180316268e-01
5.555015043261541940e-01
6.103749202084837178e-01
9.015534615189004786e-01
-1.111959723485971691e-01
-7.673359831930659514e-01
-4.071458742500699279e-01
-4.467300129521893925e-01
5.582550502385235092e-01
5.537486365117814113e-01
-4.681509106922877583e-01
3.918167151948117599e-01
5.140177797461833453e-01
-5.511929711300717072e-01
-9.556709015825926024e-02
-2.647733384138172275e-01
5.671141069025165127e-01
9.118186816769415781e-01
2.233957456138082887e-01
-1.816225129458894916e-01
-4.513555891588280078e-01
-4.032791481082997898e-01
7.726453987300407888e-01
-7.994505186684145448e-01
-3.667991512818982724e-01
6.542608855423860392e-01
2.432134470393640946e-01
-5.814140320241949489e-01
4.649525167594987796e-01
