1.980287824882642767e-01
-4.956669503380184416e-01
9.327181205344459158e-02
-9.228809074377488653e-01
-9.413385187336453797e-01
4.012439178565259112e-01
3.449652923744752631e-01
1.165589573053102124e-01
7.125543263128337745e-01
-3.892154281309103125e-01
-1.860585390693469954e-02
6.112901296294823705e-01
-1.214560141417885264e-01
-3.936795902393963598e-01
-5.611460760361075550e-01
9.591280045874839288e-02
6.945567192833428383e-01
-3.177041705231524737e-01
-8.084402454229986379e-01
4.802826685497010306e-01
-4.004920878596431866e-01
-5.894053184961831615e-01
5.572512409250900411e-01
8.105216700459252355e-01
7.768264690009070161e-01
-7.432702943135083284e-01
-7.842856494715249038e-01
-5.927818386499235093e-01
-5.779416893971844882e-01
-2.117886685998204843e-01
1.727660928474317181e-01
6.316660044705497690e-01
-1.720906973571981746e-01
8.681986533413119655e-01
-5.102990063363868067e-01
-5.179428258927256667e-01
-8.419056958910367192e-03
-2.787889951353419438e-01
3.282243230265513567e-02
6.023116904445093844e-01
6.350410864950205569e-01
-7.636435019025142878e-01
1.707117654318512923e-01
-2.188697120012604858e-01
5.828023681029532721e-01
4.906970882237038367e-02
7.579712964176192891e-01
8.498330547273704738e-01
-3.112190145633504379e-01
9.054098263782623945e-01
5.907911005457606723e-01
-5.104177521796634531e-01
-7.933512068703414410e-01
-6.184434919232257855e-01
3.353138735595342368e-01
-7.710449645073454983e-01
9.885083699154284531e-02
-6.305480406378261016e-02
3.458431534700992516e-01
-7.469585510182308319e-02
-9.378308395724630486e-01
5.191022744948694534e-01
2.832944142147076905e-01
4.093606346946840890e-01
-5.798169381030173763e-01
2.075308121305034226e-01
7.966511490147859531e-02
-6.814281779559633323e-01
-2.207014494412382066e-01
3.517157599461506745e-01
-2.713831509606812187e-01
-7.110714972199744244e-01
-1.837084683341230207e-01
-5.118020610072451237e-01
5.587772689569434625e-01
2.293022629753111996e-01
6.688472331182213626e-01
3.488696601210314885e-01
-2.231285077210740653e-01
-1.204042889370526837e-02
-2.012047700215204848e-01
-6.107203119198731933e-01
3.288426784050884621e-01
-1.953591763956930016e-02
2.062132053787903499e-02
-4.086517902228352650e-01
6.805841849569724822e-01
1.861539810043536802e-01
-8.423347740154396579e-01
6.250392192024425420e-01
-6.800940703072471116e-01
3.615607098903822481e-01
5.528146503676207857e-01
-7.690807058506883287e-01
-4.823674865866043326e-01
-4.201765212947839445e-01
-1.224907398768193545e-01
-7.314244951630763936e-01
2.632371335367944543e-01
5.276730438914217780e-01
-8.469824871802271726e-01
-5.390573524595967392e-01
1.288301230601118785e-01
3.512368830158225652e-01
-2.704016612363431271e-01
-3.179341909239107311e-01
7.929279413833922874e-03
4.738016928162596120e-01
-8.277960810265700964e-01
-4.297705410046124830e-01
-4.591343999990404878e-01
-3.234680465441407415e-01
-7.925349633529068516e-01
8.325764033950650012e-01
-9.476890766444372449e-01
2.247069161100502255e-01
2.708593353856274533e-01
5.275134244572465825e-02
8.317007176214854525e-01
-4.962554279544439950e-02
3.885451114065784917e-01
3.374566829837370996e-01
8.386051089929362767e-01
-2.126161145504139593e-01
4.340799803554094005e-01
-6.618735533497432932e-01
1.549759965606041234e-01
1.155104009803964438e-01
-4.180148771787361994e-02
-6.082559682906609755e-01
1.517467089072248587e-01
4.512974449712325864e-03
-3.241433999367775848e-02
6.523996787194841218e-01
-2.716743965062493604e-01
1.381305918092272655e-01
-1.964293486181705184e-01
9.288105771727890314e-01
-1.447818621096412794e-01
7.693453331876345391e-01
7.920166121391680747e-03
-9.145267680223854168e-01
-5.581826852991660370e-01
-5.404677843273317239e-02
7.243764034394788442e-01
-5.896936798103920019e-01
-2.290054310720928132e-01
7.320807278377574612e-01
6.375171652737621208e-01
-4.596916425692731956e-02
-3.503622052469861359e-01
4.125337447341980157e-01
3.872522147597867725e-01
5.262393798110396315e-01
-4.164256890912312326e-01
-6.620849551238985331e-01
-3.424313664456289374e-01
7.666011860834935909e-01
-1.336488986542925250e-01
4.719520663062850563e-01
4.094632174487056187e-01
-4.315331297339466965e-02
-4.693461515421084584e-01
-5.385065242287678799e-02
-6.984215536204108066e-02
2.729603950308996385e-01
-4.840971184533138238e-01
-1.890240476010793258e-01
9.473254970873450365e-01
-8.340237721560563866e-01
-3.464889446419581187e-01
-5.409243611812182273e-01
4.441157786022751353e-01
-9.170942564310481382e-01
-1.532082077434000489e-01
-3.800657648591443394e-01
-1.815904540495442976e-01
6.485139937328137094e-01
7.690982785044664372e-01
3.605927921275955406e-01
9.153589963979207322e-01
9.443284167671905927e-02
-3.950899599743040724e-03
-9.193490597288188626e-01
-2.508757396919578664e-01
-2.310829547621173763e-01
5.227478134112331087e-01
2.960310877609904079e-01
6.865185013241863476e-01
-5.480675941598138756e-01
-8.279678823643434882e-01
-4.859422383324811801e-01
-5.075005730554909000e-01
3.981984787527554914e-01
-3.360071015825978336e-01
-4.286878126786843324e-01
9.027641004642203981e-01
-8.759269369825826157e-01
2.374092679251382232e-01
3.899164712472977801e-01
-1.608540303960964146e-01
-3.357576850629931942e-01
-6.379224801484180141e-01
5.133651641262826359e-01
-9.888351373015547008e-01
6.028316984691431957e-01
-1.676630574562495979e-02
5.540810524015626903e-01
-8.944064400896167832e-02
-2.502087589984265392e-01
7.212069222079235953e-01
2.371438208774848122e-03
6.135691427307787826e-01
5.021987812006134533e-01
8.857282013907998852e-01
-6.909136495759828911e-01
1.007606195471558164e-01
-9.952342382345489291e-01
3.211016013519000234e-01
-3.011224066097721863e-01
5.372315749778699967e-03
-6.687270995912844018e-01
-2.655893862348901457e-01
-6.478226501008064186e-01
-6.552149707173016147e-02
-7.254065787827288503e-01
-8.228858137231800374e-01
-5.845588761325641869e-01
-2.318629995532690558e-01
-4.747670694795036450e-01
-9.048175139437674153e-01
8.060574136007205848e-01
-6.534980866834403379e-01
5.787161004026017963e-01
1.959022863140514603e-01
-6.050094068932192481e-01
-5.814464197808181245e-01
7.016040477909919471e-01
-1.570487650432501603e-01
9.053757850338424173e-01
3.280743028976741416e-01
-2.217366050900293484e-01
8.855345610360993991e-01
6.079408582794503246e-01
-3.385904544511904035e-01
-7.934118642861598403e-02
-5.532948156015314867e-01
7.899116609300416147e-01
2.505578519415185834e-01
-7.972997419667970931e-02
-3.022152577270195359e-03
2.259351670849535365e-01
6.628203481205435788e-01
-1.201074093938862275e-01
8.815658620087720720e-01
-3.290583190928964008e-01
-3.252248609614581953e-01
6.716766933018125663e-01
5.569126899420506760e-01
-7.658623302514938613e-01
-3.592614928956923137e-01
8.246615059064139608e-01
-2.385827354259572042e-01
-2.951052532052900190e-02
6.825085136586532819e-01
