-1.819840014177049881e-01
7.844571054343487670e-01
5.303725151217233424e-01
-6.880167743039722339e-01
7.580596815720203052e-01
-8.184009182777007840e-02
3.705202431333396995e-01
5.405602956316644114e-01
1.867526842092970263e-01
-9.374007008659483997e-01
5.328900242124647857e-01
1.042412702432788524e-01
-2.858254630234185467e-01
-6.618959865970097667e-01
-7.224673906283907154e-01
1.318905370167856861e-02
8.472836167286643683e-01
-5.217001997160196636e-01
-5.185575457480895434e-01
-6.673846230018151693e-02
-3.714396601817827603e-01
-2.661754897760715277e-01
-5.141669914915276696e-01
9.131511196908768113e-01
-6.894270148082131122e-01
3.144750522482411270e-01
2.998855873835341024e-01
-5.039327247796864251e-01
8.535626679662211558e-01
4.045044759575233684e-04
2.921505344531033499e-01
8.514577457991592269e-01
5.670859575815438980e-01
3.777997508135325089e-01
1.456585750404935098e-01
4.381093626668735030e-01
-1.187409128310105144e-01
-8.794061940513352438e-01
-7.119199432929098625e-01
-4.461598074420989324e-01
-1.656338233141090299e-01
5.979950644482701083e-02
2.091437235108631609e-01
3.984135100246703060e-03
-1.660802579760084219e-01
-1.381852378696277750e-01
2.587887508294244299e-01
4.793028813709814262e-01
-4.422125832489023356e-01
-9.074062577814692165e-01
2.295855472036420833e-02
9.854121063674363690e-01
2.629863279973208012e-01
9.104430811115835631e-01
9.338286135406417277e-01
-1.106029406441234597e-01
6.944369324910376617e-02
-8.609737567652888668e-01
-1.811787293526017917e-01
9.900951389224772470e-01
-5.731611330859156528e-01
-2.700374492971536200e-01
-6.259271609546961379e-01
-9.617047502171158779e-01
9.096207394622100040e-01
6.787786837069436086e-01
-2.742775960254661971e-01
4.603406301976448178e-01
1.405468718008174855e-01
8.071667579948922366e-01
-5.068394505199736999e-01
-1.565305335346370563e-01
-2.857051891270671606e-01
-6.619603858637740368e-02
2.152824951574339729e-01
7.311388465947056547e-02
1.876451476895701909e-01
3.769783802870170231e-01
-2.152570863928550682e-01
-3.556731140032391991e-01
-1.000000000000000000e+00
1.162253033427982675e-02
5.575920555835860437e-01
-2.955316437743110702e-01
9.920784386006403777e-02
7.898315208078465766e-02
-6.212897656476517039e-01
1.073634513751451358e-01
3.367992332495773899e-01
-2.189533072454385998e-01
7.045109700845137990e-01
1.623451205866501823e-01
2.156570395916301841e-01
-2.140895063035802015e-01
-1.069243544798318402e-01
7.201438623589344612e-01
-9.358142299495626482e-01
5.572833608227771851e-01
6.360243567984138480e-01
1.119869533690565078e-01
-9.489185560168721389e-01
-3.652382778504483785e-01
-4.314474581748673487e-01
-7.039510711860533787e-01
4.084241911063641872e-01
-6.533612953592470296e-01
-1.799991529013591496e-01
1.049181398927298281e-01
-5.786215033349151327e-02
-9.864527503846232115e-02
-7.510120261820527054e-02
9.008616947747711823e-01
-7.303970027314374835e-01
-1.004515407837214269e-01
-7.286195702448453049e-02
-4.170197465275592152e-02
-7.568051508842921216e-02
1.635035848799826566e-02
-2.813469922480132945e-02
-1.062864791131075126e-01
-1.126395721154396234e-01
1.317363446926480552e-01
2.686151912959622301e-03
2.241784673312105791e-01
-3.773789783107814877e-01
-9.009649554427645590e-02
-8.128889763296665016e-01
-4.780030505373124017e-01
-5.135105203632306381e-01
6.293374753549272338e-01
6.348904611486716476e-01
8.376136394064975788e-01
4.356949679141643994e-01
2.708680152687176768e-01
1.850529278805959632e-01
7.212238805807389408e-01
2.255622466556139738e-02
2.128603188146217517e-01
4.902643172257311610e-01
4.140155693053881869e-02
-3.705778499281170424e-01
2.582249228292881060e-01
2.443253140997024009e-01
-6.521312344865015653e-01
7.665465515792322382e-01
5.259114028942413199e-02
9.498052048173928341e-01
2.341513439098682481e-01
-8.603950725307663028e-02
-4.959160372154118313e-01
2.935134441955999929e-01
-1.969188837131443937e-01
9.180235982466971034e-01
-4.677229386058279204e-02
-6.238879213832022597e-01
-6.022113886751701006e-01
-4.107667435646463749e-01
-3.980102482972116551e-01
-5.479411611002173998e-01
-7.998530421938847557e-01
7.590963609489940200e-01
-1.756060245095942829e-01
-4.575176838599171458e-01
3.497226370611149493e-01
-5.896841754781678713e-01
1.190383494054994828e-01
1.307750500233670898e-01
-1.107125231255275399e-01
1.487828292204930181e-01
9.814323938261209079e-01
-6.527501037035616793e-01
-5.197124223943279109e-01
-8.114981393644132845e-02
-5.347015931173342285e-01
9.471847397610999586e-01
-1.771292041564482833e-01
-2.480433281414069491e-01
7.755535372705770758e-01
1.890493193126993599e-01
1.835726144248335245e-01
-4.651992224827217748e-01
4.908812323191622529e-01
1.124783743071122721e-04
-6.832009980717174136e-03
-1.673498263108456063e-01
1.561209745157723372e-01
-2.118613274093306686e-01
6.985931346389244734e-01
6.873116581981755235e-01
-5.157429418502640361e-01
-2.636082499335669627e-01
4.554268955789800982e-02
-4.857617973135095468e-01
-3.017802539415073149e-01
-2.738537763631747612e-01
-1.271428952652687294e-01
-3.809000022209659830e-01
-1.398996298932188298e-02
2.991034476894337546e-01
-8.312234016485977595e-01
4.286304080832956664e-01
3.244603044467848640e-01
-3.998413909641991282e-01
6.791474333831553079e-01
-5.220287110511103723e-01
-3.331044889090624128e-01
-2.928692596220683897e-01
-1.481471621377610237e-01
-7.052767018672516652e-01
-5.996825781346352136e-01
-6.245798517585288145e-01
-5.766443174747599709e-01
-3.806187635925781798e-01
-1.307196050436388313e-01
-6.464681401823992868e-01
-7.293488552741407283e-01
-2.772271458688940760e-01
3.850143105126516696e-01
-1.037429897686970026e-01
4.727860786525184267e-02
-3.137679185603172161e-01
-1.431282554335369106e-01
-3.442014435531428607e-01
8.766133118688270720e-01
-1.433715137890187452e-02
-8.740195476961396537e-01
-4.668671279604305613e-01
-2.415021785743282356e-01
2.934513980675684253e-01
-2.326396920165041404e-01
1.778373554052667949e-01
-7.450411445412208344e-02
2.962471381138584436e-01
7.553333876528196544e-01
7.700655439805834668e-01
1.690531232799901140e-01
-2.801313240672534399e-02
-6.227896454025683148e-01
2.936438482275487427e-01
-4.929238406108993331e-02
-1.627719193840456435e-01
6.772156772295145899e-01
-3.052702735875039708e-01
5.413659299645211531e-01
3.229593800432407624e-01
5.960261228747814055e-01
-2.569229377826380833e-01
-2.417716132287276443e-01
-5.608051236053938071e-01
2.876050829191891811e-01
6.183389742944208622e-01
-4.723232426043444399e-02
-6.397375812409555884e-01
5.621525814039333158e-01
4.596191415942307845e-01
-2.663178104347029285e-01
9.212007924365526179e-01
-3.079935316551452029e-02
-4.066502377246492550e-01
3.255090680032404205e-01
-1.424661715735175416e-01
2.863029086227404929e-01
8.629925944619736278e-01
-7.986707676136849399e-01
4.597686587482479048e-01
