-1.982038764034973477e-01
-1.000000000000000000e+00
6.975704620091468522e-01
1.000000000000000000e+00
-2.514404354263156116e-01
2.523321495287156324e-02
-6.658239883354759581e-01
-7.921594933726044951e-01
2.521477582600124001e-01
-2.232759275277429456e-02
1.000000000000000000e+00
5.038704331941294967e-01
-9.701569487276345827e-01
4.056514348065144437e-01
-5.230814264937555524e-01
-6.021113794512997774e-01
-3.518247055949126900e-01
-2.969167819191441682e-01
1.000000000000000000e+00
6.103462406861785983e-01
-2.752766668391741778e-01
-1.000000000000000000e+00
5.794332393978429696e-01
-1.000000000000000000e+00
6.763956642614651349e-01
4.934536322508521478e-01
1.000000000000000000e+00
1.721199408438889300e-01
-1.733820262250694022e-01
1.000000000000000000e+00
7.063943517760591373e-01
-8.686153272125568536e-01
5.787193381523745295e-01
5.249612894119741746e-01
2.743256266012070177e-01
-5.115388581160582593e-01
-1.000000000000000000e+00
-1.000000000000000000e+00
-1.000000000000000000e+00
1.000000000000000000e+00
9.504809682083809053e-01
-9.174321542722549960e-01
1.694553397722412535e-01
1.000000000000000000e+00
-2.654440383267517856e-01
-1.000000000000000000e+00
2.895634347443941381e-02
1.569044092999456463e-01
-2.976538231228764708e-01
3.685897167859325529e-01
1.000000000000000000e+00
5.129157414833216411e-01
3.978318775458261625e-02
-1.000000000000000000e+00
-9.063006618767854849e-01
1.000000000000000000e+00
-2.237694295394586641e-01
3.531191583965505032e-01
6.540189998042132968e-01
1.000000000000000000e+00
3.224104322247312027e-02
1.000000000000000000e+00
1.000000000000000000e+00
-2.582109814787947322e-02
-9.339710552618505357e-01
-4.502064845819390149e-01
9.841598197868706155e-01
1.000000000000000000e+00
-2.620033181834508507e-01
-2.299845350299721813e-01
6.401329697548545639e-01
-8.709251213716971973e-01
9.305498934026590341e-02
1.239774130954303111e-01
1.000000000000000000e+00
-8.923958608107090962e-01
-9.875641123097510521e-01
1.000000000000000000e+00
-6.951236856608115078e-01
-1.000000000000000000e+00
9.243208967866692882e-01
1.000000000000000000e+00
-6.741273300425132398e-01
2.600453318905299183e-01
1.000000000000000000e+00
-1.000000000000000000e+00
6.790418310674016800e-01
5.147469363608357940e-01
9.715336093364612680e-02
-7.003728393066724345e-02
2.217424779236991661e-01
-4.769022856533178811e-01
8.215292688554706180e-01
1.021839647767692760e-01
-5.234338086151728575e-01
-8.074175308642682625e-01
6.238594928416474339e-01
5.999552747124001773e-01
1.000000000000000000e+00
7.005930892713280178e-01
-4.475718954744740685e-01
8.057200863838592797e-01
-1.000000000000000000e+00
-1.000000000000000000e+00
9.140726473971921839e-02
-4.184702177073484908e-01
-1.000000000000000000e+00
4.313423321730657789e-01
-2.669735135267098380e-01
1.000000000000000000e+00
-6.338566071623834564e-01
-3.570648736544576041e-01
7.725285187092538752e-01
-1.370379540251004391e-01
-1.000000000000000000e+00
-1.000000000000000000e+00
6.021471655378141108e-02
-8.696660622825393983e-01
-9.867949489990499590e-01
-5.139122192201395212e-02
-2.641914293705637240e-01
9.497692336679210978e-01
-2.688611382952594830e-01
2.289592365767707804e-01
-1.000000000000000000e+00
-1.000000000000000000e+00
-3.415420271462776824e-02
2.765333011567308041e-01
1.000000000000000000e+00
-5.016822515577703534e-01
1.000000000000000000e+00
9.497395684042098107e-01
1.000000000000000000e+00
1.000000000000000000e+00
4.327717545223525031e-01
-2.411484523625340159e-01
2.289531731016615224e-01
6.812037642710996321e-01
9.044452235318675148e-01
-6.988803535565707437e-01
-4.791486165740498904e-01
2.014816670132443810e-02
-1.000000000000000000e+00
2.176644395276179922e-01
-2.530185067209446137e-01
5.412669454048804063e-01
-1.000000000000000000e+00
3.017957717671537754e-01
3.321228276940386137e-01
-1.000000000000000000e+00
1.000000000000000000e+00
1.000000000000000000e+00
3.922984284876662731e-02
3.164901074779575829e-01
8.159924693276342511e-01
-2.507159348293963030e-01
-3.138529058952686523e-01
-1.000000000000000000e+00
3.030234974012424587e-01
1.000000000000000000e+00
7.380938592043115865e-01
1.000000000000000000e+00
1.000000000000000000e+00
1.000000000000000000e+00
1.208407754688733543e-01
3.934300705067971249e-01
2.224384958515442379e-01
-2.458838429427799843e-01
-1.000000000000000000e+00
-6.834168986639548304e-01
-2.276602232709934448e-02
8.216161627502033271e-01
5.143693855488475908e-01
1.000000000000000000e+00
1.000000000000000000e+00
1.000000000000000000e+00
1.000000000000000000e+00
8.731060849659810774e-01
2.111013240030411575e-01
1.945135387986622055e-01
1.000000000000000000e+00
-1.000000000000000000e+00
-6.120181733435502425e-01
3.063828409354512061e-01
6.730180384408372962e-01
-7.892808739649130878e-01
1.926584969968887090e-02
1.592273794238208140e-02
-5.416501817172072464e-01
-5.747921883347768546e-01
-2.443031533666093491e-01
-3.797509645513433285e-01
-1.000000000000000000e+00
-1.000000000000000000e+00
1.215336045659600739e-01
1.000000000000000000e+00
1.040410686752490793e-01
1.000000000000000000e+00
9.669582559077646300e-01
7.993248928638397865e-01
-1.000000000000000000e+00
-1.199714775944831224e-01
2.173951737848296983e-01
1.000000000000000000e+00
1.445488613278947398e-01
4.298182372311915023e-01
7.552293929749684942e-01
1.000000000000000000e+00
3.714418687380842687e-01
-6.685319709661450283e-01
1.000000000000000000e+00
9.521389451985240449e-02
-4.135797893517232926e-01
1.000000000000000000e+00
3.114809117151542961e-01
3.134754898157583458e-01
1.000000000000000000e+00
-6.259617441854561370e-01
-1.403014058911654094e-01
-2.050172335228421239e-01
1.000000000000000000e+00
1.268586290989606180e-01
-4.252971090076085314e-02
-9.575401493612916148e-01
-4.245724518947556203e-01
-1.000000000000000000e+00
-1.000000000000000000e+00
3.178143628401711718e-01
1.000000000000000000e+00
-2.671850169807565289e-01
-1.486039497917690799e-01
-5.506003549136473385e-02
-1.000000000000000000e+00
1.000000000000000000e+00
1.820972474236016159e-01
-4.600637560478960664e-01
5.532717173316856751e-01
6.117659250949687433e-01
5.620325443901831308e-01
-7.406367702303440215e-02
-1.000000000000000000e+00
-1.000000000000000000e+00
4.360813874451514582e-01
-9.596184043069136971e-01
3.307719341643549082e-01
2.369186452218841055e-01
5.291329344147321923e-01
8.115905431571376338e-01
2.091252165405276253e-01
-1.000000000000000000e+00
-1.000000000000000000e+00
9.723118538387407472e-01
-1.000000000000000000e+00
-1.000000000000000000e+00
5.797677328993275925e-01
-4.507785703009546951e-01
-8.555326710362826104e-02
6.307205337870797068e-02
-1.000000000000000000e+00
9.321096494378977582e-01
4.153606429192713279e-01
-1.776629245778296173e-01
1.131410692225298664e-02
7.783120066322196662e-01
2.428249967383879215e-01
