-2.594589256698116575e-01
-1.000000000000000000e+00
3.676765856589718773e-01
3.879418553355232779e-01
1.000000000000000000e+00
5.031319455299294585e-01
-7.644416449351809639e-02
7.231682795886471560e-01
6.044110850420232328e-01
-5.048368554473453562e-02
-1.780237581507654321e-01
-1.000000000000000000e+00
4.896457672865897615e-02
-1.000000000000000000e+00
-4.554625345820719762e-01
6.981635564031415386e-01
-4.552566084942909486e-01
3.001192646891102100e-01
3.795817260013485961e-01
-2.586019891362437151e-01
-1.987214589770497364e-01
-2.592013990145216606e-01
4.642581877910402222e-01
3.689620842095310271e-01
-4.792097249232544209e-01
-5.955695874379065557e-01
7.917419884333718461e-01
8.104752388297231658e-01
1.000000000000000000e+00
-5.349496995296132429e-02
4.311406771161563345e-02
5.955533073488091800e-01
-3.488120432055948350e-01
-4.235517290019152337e-01
-2.123383674274678667e-02
3.910209484348908804e-01
-1.000000000000000000e+00
-6.590179032254479541e-01
1.539964394330334552e-01
2.556839242185945382e-01
5.330640378706308358e-02
1.000000000000000000e+00
3.813136366187920290e-01
1.252356061547421628e-02
-2.996186136940998113e-01
-9.708891741181178148e-01
-1.000000000000000000e+00
1.318195582363092533e-01
-1.000000000000000000e+00
-4.168667109259214243e-01
-4.476030039435430208e-01
-5.498565333419940249e-01
-9.914541205087344933e-01
-3.366711294737380622e-01
2.003777630570796608e-01
-5.081896046927258936e-01
-7.979922859156506343e-01
1.000000000000000000e+00
-9.970494678543460054e-01
1.000000000000000000e+00
6.942099003241735122e-01
-6.648232012584381900e-01
-1.000000000000000000e+00
2.287321987131919476e-01
-3.459325262415225977e-01
-5.510907691387137985e-01
-5.299646557358685950e-01
-4.774531067167777643e-01
-1.000000000000000000e+00
1.716574996926763519e-01
-9.483848310802656112e-01
-7.165375849934685348e-01
1.000000000000000000e+00
-4.684179237503649507e-01
-4.423584796031524435e-01
-1.447806327341391586e-01
1.000000000000000000e+00
-1.093162342306011614e-01
-1.524793106610067284e-02
-4.619060017861550960e-01
5.728604449082418393e-01
1.507984124491035249e-01
7.464519246861778257e-01
-7.322331030653691508e-01
-1.037821145087367697e-01
-1.000000000000000000e+00
-1.000000000000000000e+00
-9.758425439103787236e-01
-6.093678433873455091e-01
-8.825668570910423227e-01
2.008686635960699185e-02
-1.000000000000000000e+00
6.693995298923041126e-01
1.959006391490725196e-02
7.424165085993073010e-01
1.000000000000000000e+00
6.345530661389428007e-01
9.541715695143929699e-01
7.207395394878483019e-01
1.000000000000000000e+00
1.000000000000000000e+00
5.878963262261355238e-01
7.090996439691472641e-01
-4.445451049588864945e-01
7.995874617872495982e-01
-3.212407038251059443e-01
1.000000000000000000e+00
-1.000000000000000000e+00
1.000000000000000000e+00
1.000000000000000000e+00
7.221770448704113443e-01
-4.113069374444668913e-01
6.002430818058394069e-01
3.908628431214898336e-01
6.335375285991310390e-01
3.742032583513408284e-01
-5.591837139286388592e-01
-8.499968283279679682e-01
1.000000000000000000e+00
5.658168164347704421e-01
-1.000000000000000000e+00
3.441942819254402153e-01
9.957052526172249785e-01
-5.229728847824001159e-01
-8.455801227425050470e-01
-2.439933899106168647e-01
-1.988113642244999368e-01
6.544970574922498452e-01
8.742751144572760147e-01
3.327523966976567715e-01
9.899416538945267074e-01
5.228198114345670167e-01
-5.537481837940239071e-02
-3.808577801759761017e-01
4.740339691307937087e-01
1.000000000000000000e+00
1.000000000000000000e+00
-7.712525247999149069e-01
-2.227865536605097008e-01
-1.000000000000000000e+00
4.025415925805410633e-01
-5.495068677640042171e-02
-1.000000000000000000e+00
5.283623811564949202e-01
3.024358484348108611e-01
7.929473608665673634e-01
9.145595014396029621e-01
6.757230859188982919e-01
7.369168192948774010e-01
2.679093740518043165e-01
-2.579421364498748481e-01
1.000000000000000000e+00
-4.029924012686058044e-01
1.000000000000000000e+00
-8.086689966669916574e-01
5.861796178949452152e-01
-1.891816769163023881e-02
-2.224071429231272434e-01
-8.057958637432951488e-01
1.000000000000000000e+00
8.195508376282442109e-01
1.000000000000000000e+00
1.000000000000000000e+00
-2.756338101320970901e-01
-3.797028047465391687e-01
-8.453101071275919143e-01
-8.424674021374977118e-01
5.679166741250637473e-01
-3.800850472855465956e-01
1.000000000000000000e+00
-2.984679101910814314e-02
-5.691597927693258230e-01
-2.899751028250392992e-01
-5.424192668593319500e-01
1.381134547367671161e-02
6.728747460141742964e-01
9.308798933951649701e-01
1.000000000000000000e+00
-1.000000000000000000e+00
-8.468788443355459439e-01
-2.575502138899760651e-01
-2.335131848981539249e-01
3.466298700598741123e-01
-1.000000000000000000e+00
1.000000000000000000e+00
-5.895380774634910725e-01
-7.320528580349420222e-01
5.911557637579918367e-01
9.198699733155084601e-01
-8.588541324212189965e-03
-6.225884368253160606e-01
9.996405659889913142e-01
-2.920350675119416928e-01
5.916586542497871415e-01
-1.000000000000000000e+00
-8.601275193201082248e-01
6.428268228438716037e-01
-3.846276927696380965e-01
1.000000000000000000e+00
8.317554971368612549e-02
1.493465812776313684e-01
-3.650623599296522470e-01
-1.000000000000000000e+00
6.481742988518794935e-01
9.630848117524815066e-02
-8.287179002036797471e-01
-7.396846204877084441e-01
7.293975379217407795e-01
1.000000000000000000e+00
2.542053841706725104e-01
-5.988257649817139150e-01
-7.124755791192416421e-01
-6.344127956939182855e-01
8.316641570823102292e-01
2.939140982031413496e-01
-6.643715613034026912e-01
-7.369702642716480234e-02
7.235503531900639995e-01
2.493462309151208700e-01
-1.839515985035212742e-01
-1.000000000000000000e+00
-8.626750516805549163e-01
1.000000000000000000e+00
-5.191985539556115414e-01
-3.283290115583940016e-01
-1.000000000000000000e+00
4.310943990904411716e-02
-7.277517446180103988e-01
-1.289637339330799992e-01
-1.372566246676691359e-01
-7.450573228498077460e-01
-1.000000000000000000e+00
3.104344026123431743e-01
1.000000000000000000e+00
6.515070133442346645e-01
-7.618222317480590755e-01
5.497866994063931312e-01
-1.000000000000000000e+00
-1.000000000000000000e+00
1.000000000000000000e+00
7.215312096528458952e-01
-8.633962422512452273e-01
-8.618543599093908547e-01
8.595130809554865081e-01
1.000000000000000000e+00
-7.925053291731951610e-01
-8.209657954679288050e-01
1.419841473448739122e-01
9.034889750685245469e-01
2.006351773659977855e-01
3.550739073021459968e-01
-4.458471730873359018e-01
8.622501539629912060e-01
-4.127019568824824569e-02
-1.000000000000000000e+00
1.000000000000000000e+00
-1.000000000000000000e+00
-3.756283548844910891e-01
8.043191744707661739e-01
-7.840761858772531401e-01
-4.583134476596284479e-01
4.083139629272161120e-01
5.028318279978424288e-01
1.064455749839243737e-01
1.000000000000000000e+00
