1.000000000000000000e+00
-1.196471223868100786e-01
3.485931365789639025e-01
2.809809410897274318e-01
3.867758715299651762e-02
-1.000000000000000000e+00
-2.776764360524139330e-02
1.000000000000000000e+00
5.684437018228288840e-01
2.464785498816393916e-01
-8.094715906649341264e-01
-1.019708508231824406e-01
-5.333933937122632418e-01
1.000000000000000000e+00
2.543367252714723303e-01
-1.000000000000000000e+00
1.000000000000000000e+00
1.000000000000000000e+00
-8.704956186130438089e-01
1.000000000000000000e+00
-4.432149902699506483e-01
-5.944841658728224898e-01
4.471948190020342828e-01
1.000000000000000000e+00
-4.014349407441240580e-01
3.540561342782191367e-01
4.710224528623301321e-01
-1.000000000000000000e+00
-1.000000000000000000e+00
6.908675967304336307e-01
-5.760050730148074116e-01
1.000000000000000000e+00
-1.000000000000000000e+00
5.967833245768727757e-02
-3.272890077872028236e-01
-1.000000000000000000e+00
-4.795176388678744073e-01
2.430341681494382344e-01
4.921384811622359079e-01
-4.223538235397747975e-01
-3.671728580319760793e-02
-5.030791754198637999e-01
-9.552073615970186893e-01
-8.316515137099356192e-01
3.682640279424082008e-03
5.608237490338265907e-01
-4.511140872485744913e-01
1.000000000000000000e+00
2.011078712463334472e-01
1.329556966060950751e-01
-5.265463064885558264e-01
-3.195410770694346869e-01
1.000000000000000000e+00
1.000000000000000000e+00
7.375000849319934826e-01
3.556882008001952533e-01
-3.307489631612838821e-01
-8.017745282168107224e-01
1.000000000000000000e+00
3.800632611568003361e-01
9.986641825237706493e-01
1.000000000000000000e+00
-1.000000000000000000e+00
-3.146019409562182401e-01
1.000000000000000000e+00
-6.822739268497062248e-01
1.000000000000000000e+00
1.000000000000000000e+00
-6.399654172559279264e-01
-4.183570484822947133e-01
9.323436805459905941e-02
5.088433072609626073e-01
9.041361433298044092e-01
-4.315711702534197336e-01
2.058750446070176932e-01
-9.851127995721016273e-01
-9.730202403512705489e-01
2.845135986771302194e-01
2.428408635931200710e-02
-1.000000000000000000e+00
1.802475536985234661e-01
6.601486572603741942e-01
-8.137988862864498074e-01
-2.427873640476483352e-01
-8.485686608151410404e-03
5.409338190809223068e-01
4.475454421001635597e-01
8.891006018660211341e-01
6.075855544306232314e-01
5.475439775868793379e-01
9.144026762114689788e-01
9.652729146534739790e-01
4.150133878488297956e-01
-1.000000000000000000e+00
9.006576185620503994e-01
2.490073704517581366e-02
-5.065749637791350235e-01
-9.772857084824531082e-01
-1.853673237658600703e-01
-1.852939640161899715e-01
3.301205389802315260e-01
4.285301439207373497e-01
6.858015724116931500e-01
5.617639277937888642e-03
-1.000000000000000000e+00
-9.286707604817876494e-01
8.898494769683659156e-01
1.334340181534853786e-01
9.925334320218429651e-01
-1.000000000000000000e+00
-1.279708413054561622e-01
1.843385445847705029e-01
3.432344919760039192e-01
2.652635189205242439e-01
-1.306945202301001974e-02
2.935461647263248319e-01
5.397155507789990203e-01
-2.758102343179352767e-01
2.756032706437154811e-01
-4.098498140045014893e-02
3.947995377827306362e-01
1.000000000000000000e+00
-5.522024637511098177e-01
-7.382711352522317583e-01
-7.246262745042326703e-01
-1.000000000000000000e+00
5.660196527825460677e-01
1.000000000000000000e+00
6.178627167300189127e-01
2.627312662811847055e-01
-7.742981463887075311e-01
-4.424823119426903872e-01
-1.000000000000000000e+00
1.000000000000000000e+00
-1.013789352941052435e-03
-1.840216956346655275e-01
-4.658966313113490076e-01
1.000000000000000000e+00
-5.209294333404126398e-01
1.066885018051184075e-01
7.596788505213485365e-01
-1.000000000000000000e+00
-6.728854978724480018e-01
1.000000000000000000e+00
-1.000000000000000000e+00
1.000000000000000000e+00
-3.109538536374286677e-01
4.361948678961476977e-01
-9.839420248847009498e-01
9.679001132693932918e-01
2.078680639402522567e-01
-1.000000000000000000e+00
5.243317218226666299e-01
-1.000000000000000000e+00
4.135214332512988644e-01
3.721444516703701910e-01
9.045642544772658500e-01
-9.939160800235796733e-01
1.000000000000000000e+00
-8.086504137094401301e-01
2.386557921274020944e-01
-7.854180240728797502e-01
1.000000000000000000e+00
4.261272719655316843e-01
-7.571359932887541389e-01
-6.249866517601931903e-01
2.741736526348520497e-01
-1.000000000000000000e+00
5.935890440221232023e-01
-4.477865108124499116e-01
-1.000000000000000000e+00
-4.701310590930216637e-01
-9.780967095973627234e-01
1.000000000000000000e+00
4.280678956441748007e-01
-8.317672166486436147e-01
7.310702328594923527e-01
6.953853763739493710e-01
7.742835422529998901e-01
1.000000000000000000e+00
-5.410849267063699841e-01
-5.190988690677327266e-01
-5.939796852812908590e-01
-5.666272466262425311e-01
1.000000000000000000e+00
-2.754289172514744477e-01
1.000000000000000000e+00
9.945342344400643908e-01
9.705560602858550601e-01
-7.941238125015899207e-01
1.000000000000000000e+00
-9.999494409413625662e-02
5.049201790407126245e-01
-6.301900662901172012e-02
-2.520590712799178901e-01
-3.387893148930053444e-01
7.010432195064609795e-01
-1.000000000000000000e+00
-5.085998856377167421e-01
4.039753555492280324e-01
-2.982024609551208183e-01
-2.035353696257796163e-01
-6.435933096440084045e-01
-5.459028048966709790e-01
-2.013461337296294507e-01
6.782509328159564976e-01
-5.322557529419470468e-01
-7.715460570614762759e-01
1.000000000000000000e+00
-8.960157373931643132e-02
-5.175863530386648481e-01
-1.000000000000000000e+00
4.566986819114194907e-01
2.313239589675375463e-02
-9.619805434416651979e-02
-8.305233954779926986e-01
1.766298344856531699e-02
1.000000000000000000e+00
8.576396493423837919e-02
6.052151706504375062e-01
-5.529393662277350963e-01
-3.968555879523411045e-01
-1.000000000000000000e+00
-9.118515611676177024e-02
7.105206582381480285e-01
1.435906947381979937e-01
-3.364089235973966030e-01
-6.040287389579719335e-01
1.812927254438063962e-01
-1.000000000000000000e+00
-4.201909764257091839e-01
5.783074058854802413e-01
1.924755703323934586e-01
-6.770233142009141059e-01
1.000000000000000000e+00
-7.126647112182430410e-01
-1.000000000000000000e+00
-9.540590299710455247e-01
-5.409274587373651411e-01
-1.000000000000000000e+00
-1.000000000000000000e+00
-1.000000000000000000e+00
7.549315252727825110e-01
-1.000000000000000000e+00
-3.423900935939747647e-01
-3.317025344962846178e-01
2.833334899319048250e-02
1.000000000000000000e+00
6.784211507328202773e-01
3.034727532480018253e-01
-1.000000000000000000e+00
1.000000000000000000e+00
4.588448203773599632e-01
-1.000000000000000000e+00
4.952687029051274781e-01
-9.796799957627064792e-01
1.385244321239176846e-01
1.821443037384677111e-01
1.000000000000000000e+00
-3.024805935990003691e-01
2.858078207877645660e-02
2.079453436783772202e-01
-5.854815444706427119e-01
1.000000000000000000e+00
4.876285180130952579e-01
