2.255263919478394663e-01
1.000000000000000000e+00
7.731097064000728158e-01
5.511684824741174271e-01
5.736812850923351803e-01
6.798788633109789648e-02
-2.176899687648830017e-01
-6.793870948644855634e-01
6.604238225577607757e-01
9.419296925615716631e-01
-4.352990361833295463e-01
7.758026308305970842e-01
4.535961969580281639e-01
2.156586794249882311e-01
-4.501053175442085719e-01
9.728446149294410483e-02
-7.956417889411646627e-01
3.880846917559673259e-01
-9.051876020468748729e-01
-1.000000000000000000e+00
4.990776994228354746e-01
2.058289886057407814e-01
6.458783947925650359e-02
1.000000000000000000e+00
3.362781547098748769e-01
-7.781946952731041423e-01
2.290983902412281337e-01
1.635428030484125661e-01
5.192048606208965467e-02
-6.841906183240227257e-01
1.086630280684475203e-01
2.866990743769121108e-01
7.286488435075582082e-01
1.000000000000000000e+00
-8.976901663458908276e-02
-6.514308691056913680e-01
-7.396334740588879075e-01
-1.000000000000000000e+00
4.196454830633190580e-01
-5.124226802605341691e-01
-1.069200081285594656e-01
4.276998221743079087e-01
7.577554751603357008e-01
1.868212436377647556e-02
-2.413458617948779084e-01
-9.107380056571539040e-01
-8.301293841494550296e-01
-6.511453548427219573e-01
-5.794804792730555709e-01
-4.819584421249289985e-01
-6.445666413495411418e-02
-3.352042273034436248e-01
4.057442658163277205e-01
-1.000000000000000000e+00
-5.524797289100116249e-01
-7.245449349140216100e-01
3.683962377235331931e-01
4.165844779024736044e-01
-2.802148448776500267e-01
1.397238569003818875e-01
-7.738776265390192588e-01
-7.827015394879041077e-01
-5.435042823914715271e-01
1.000000000000000000e+00
-4.549277823120320696e-01
-5.629343389080929683e-01
5.244461268538433973e-01
7.464108684445280861e-01
-6.384588635279235813e-01
6.445698709572507124e-01
8.786374451598824020e-01
-5.510101621257389448e-01
-2.122402157059718464e-01
-7.141881508640830489e-01
-9.555246465695152458e-02
9.097491770796682919e-01
-1.796725346733467066e-01
-9.782497948234195606e-01
6.931601721856254228e-01
2.068720680425761571e-01
-2.912643030633606522e-01
8.069140283560124471e-01
-4.677003704813362805e-01
-6.419436090677105300e-01
3.401385312692164486e-01
-3.377215136290613873e-01
9.228268924561692232e-01
7.927756547506671636e-02
-6.415785845737813631e-01
7.267845928894018925e-01
-6.136316576015764523e-01
4.236786046778366899e-01
4.084818343645725824e-01
3.007507189575929774e-01
7.870688805067593830e-01
1.000000000000000000e+00
3.026119723775300696e-01
1.391252358043814086e-01
-3.934402618357087378e-01
-2.091456742524616663e-02
1.000000000000000000e+00
4.262858034290432085e-01
-5.830757825853288834e-02
6.791486094928240735e-01
9.834047519681969607e-03
6.522503072472602970e-01
9.665644724190438630e-01
-1.000000000000000000e+00
-1.000000000000000000e+00
3.810649404800712237e-01
5.419448014821813819e-01
1.090638472401560775e-02
7.750609441709930270e-01
3.009594477898573928e-01
-1.000000000000000000e+00
1.855931519688362452e-01
4.296030484902396696e-01
-5.595269394330272261e-01
-1.363599393159082296e-01
-2.314062883805745319e-01
-2.080482128000298581e-01
3.022050006145353129e-01
-5.115253089928430835e-02
8.130470132895112334e-01
-2.647636274162709635e-01
-2.572026334695675098e-01
-1.099940206609203858e-01
-9.094983250658603691e-01
-7.252342227691538357e-02
6.309581620507007660e-01
-7.928385683879417556e-01
4.860646385476125597e-01
6.198190598878379198e-01
-3.723504212056230056e-01
4.203742584721454900e-01
2.427696311425273645e-01
1.792907719853615855e-01
3.100989260523295821e-01
-4.899734935871205010e-01
-9.245871384675027338e-01
-7.945873466787606310e-01
-3.086480479906135721e-01
-6.416843666132505675e-01
8.159093605146556794e-01
9.987508785466280015e-02
9.393602637517975973e-01
-9.620959874202682505e-01
-3.721750057591586280e-01
3.993625120037870291e-01
8.746043222989593469e-01
1.275381748220217604e-01
1.000000000000000000e+00
-6.031965758575487113e-01
-2.894585301724400539e-01
-9.083687001557150253e-02
6.113871783533180171e-01
3.749659413418670595e-01
8.735982266402260166e-01
1.031555814995026299e-01
-8.140584728514659307e-01
2.535234866275708487e-01
8.085278913191706884e-01
-8.092823945002949326e-01
6.942159446786052568e-01
-9.538432808843402277e-01
-3.054643590482351567e-01
-1.473759551752447557e-02
-2.505036664798231394e-01
-9.341428982110148160e-01
2.241386007218145737e-01
3.537263363935895244e-01
-6.848979864786588490e-01
7.841536796431979317e-01
8.548757974681766569e-01
9.269315854215254280e-01
-2.710567868822644777e-01
1.903542271888840343e-01
-8.330359290229126801e-01
-9.169496683702691442e-01
6.751678056745730183e-02
-1.000000000000000000e+00
-6.970247969850373870e-01
9.901049383873193888e-01
-5.526848726912816367e-01
2.826313790388098601e-01
7.048915798518956555e-01
-2.859198676409971940e-01
8.497714168569502347e-01
1.000000000000000000e+00
-2.046236507857635001e-01
-3.813031209331432803e-01
5.679903460108597368e-01
-1.000000000000000000e+00
8.485863221145062418e-02
1.553770169352908792e-01
-6.807260029021819925e-01
4.562326308630552663e-01
-6.753275909397384869e-01
2.538495215848228792e-01
-7.058242080538663643e-01
6.671595176777116443e-01
-8.379596836482431366e-01
-1.000000000000000000e+00
3.096452015772409028e-01
1.160059195599320858e-01
5.939556519304955984e-01
-8.469581280156058822e-01
6.126765127404888434e-01
-1.701314568355341839e-01
1.521281996420073834e-01
-9.816969755331392822e-01
-1.551890335800329423e-01
2.832410499172978158e-01
2.085202958502972992e-01
-4.876682444803990268e-01
1.521884389514069624e-01
-7.507256738392249495e-01
-7.793403297130235829e-01
-2.695216518972217146e-01
-4.641760371086439685e-01
5.405784137833309355e-01
-7.185420076019468638e-01
3.482826207054517953e-02
2.035761249482277435e-01
6.806847120689092367e-01
-9.776438032278900181e-02
1.000000000000000000e+00
1.693865638313036825e-01
3.882497434563756955e-01
6.732253376349022211e-01
-1.000000000000000000e+00
-2.816739829068205525e-01
8.755818409901510169e-01
9.622691506012795992e-01
-1.000000000000000000e+00
9.427068275960553967e-01
-7.178391892978184252e-01
-6.445043935686369796e-01
-1.000000000000000000e+00
-6.793431025700775727e-01
-5.101323534151824823e-02
5.295341670657975897e-01
-1.000000000000000000e+00
6.969323910899030139e-01
5.275194805161921296e-01
-6.111589230470376721e-01
8.576402015779323040e-01
-1.024173496147814111e-01
-7.750069583626696401e-01
5.874385423444616894e-01
-1.000000000000000000e+00
4.300263197687367311e-01
7.052245277054751682e-01
2.055461334365679682e-01
2.375753495482096911e-01
2.064345969592404628e-01
1.813125618791449900e-01
5.329233177378524255e-02
-7.413922987894605576e-01
6.224954540837253081e-01
4.456095254917041837e-01
2.225928857876388889e-01
6.688954997680547354e-01
3.750442605097463744e-01
8.962825521823440944e-01
