-1.487180865239212946e-01
-2.763606683041022194e-01
-6.276296185124707883e-03
-5.334281109900349538e-01
-2.987147275819286296e-01
-2.264726522938005915e-01
9.179372058127197587e-01
-1.000000000000000000e+00
4.880274481839618206e-01
1.165571950834323744e-01
2.207991716939847748e-01
7.362194456826430811e-01
-9.668249682777456666e-01
5.648797138569383591e-01
8.577750431706872014e-01
-7.648152161496922785e-01
8.114979504083941197e-01
-9.527908772339016563e-02
3.153782686115363942e-01
1.750636982671728292e-01
6.399554719325077912e-01
-3.160759461772166823e-01
-6.099725206713146886e-01
-2.572230217885096426e-01
6.317817303430661724e-02
3.933679044303062255e-02
2.247288561330313961e-01
3.658321743689032512e-01
5.570172221214267916e-01
8.242713188615853337e-01
3.881024847509846332e-01
1.960434338237708740e-01
-8.556165371601671676e-01
-6.581639351902146551e-02
-2.289502057993700601e-01
-6.452858962269771848e-01
1.000000000000000000e+00
2.069094045229050161e-01
-6.505910962775057760e-01
-8.385614271356549576e-01
-2.692981698695909830e-03
5.370458970060703052e-01
-2.606396602794680550e-02
-7.274354423066675679e-03
6.740182855573200182e-01
5.075593114759633373e-01
4.493585848317975806e-01
1.953505970716648554e-01
7.156395534497708710e-02
-8.523509707756538045e-01
-7.296377829088558364e-01
7.881539422799028749e-01
-6.276782392229933727e-01
6.513248468805645786e-01
4.471050871018114048e-01
-9.337699752883183990e-01
-2.666631996972289587e-01
4.244956866937193984e-02
-4.948350068985020722e-01
2.378115956155243405e-01
3.230153082864095637e-02
5.272440113022469621e-01
-1.698305268757939190e-01
-1.484418602449613656e-02
-8.060610643914831730e-01
-5.518553297793706847e-01
-5.777120611250554649e-01
-4.725818993132093748e-01
-8.232608559862863995e-01
5.912140149403422029e-01
-4.409847547253364919e-01
-7.769821707255080145e-01
6.393852834594790924e-01
1.639623297455883311e-01
-7.513975984093468341e-01
6.083603248940718800e-01
3.073562523889196152e-01
7.468255770880629640e-01
9.417779029762596288e-02
-6.245729378609410354e-01
9.541348500790587384e-01
-5.734790685571121704e-01
1.000000000000000000e+00
8.174469379011668480e-01
-9.753114218758098808e-01
6.538242566036647219e-01
-1.516421716972465861e-02
-4.580848344470329903e-02
1.611095331047407431e-01
-2.687133295061439053e-01
6.775932300280855802e-01
-2.528942241353447917e-01
7.462378830720668432e-01
2.405553053408446829e-01
1.000000000000000000e+00
2.714396157649889840e-01
8.504200982305618606e-01
7.958346426851301558e-01
-9.250563195309429165e-01
-3.726883882368331458e-01
-5.964522500110696068e-01
-5.113463817005936551e-01
-1.764103062044191095e-01
-6.396651511366191478e-01
9.840282821787975642e-01
-2.618200097428060591e-01
5.943229555998130742e-02
5.569250114298800458e-01
3.874846943526608634e-01
-1.996136302449933453e-01
3.618540944102177637e-01
-2.307222987501500455e-02
9.055635295488340120e-01
8.626285133525191107e-02
5.194773868880917522e-01
4.526135674141507081e-02
2.323468401104625825e-01
8.504145618237288762e-01
4.661877656088719846e-03
-1.000000000000000000e+00
9.317086040737998509e-02
-7.928682333057399667e-01
-2.050908246922038547e-01
7.858435741422433729e-01
4.619836521479813163e-01
-3.127635274860888215e-01
-5.902590910508082045e-01
2.859345362894649689e-01
-5.038621046572877571e-01
4.330310846545173398e-01
-1.473155014028547649e-01
-7.777284063438116846e-02
-7.217164623936035417e-01
-8.874660481821812219e-01
1.000000000000000000e+00
4.015893399551944132e-01
-3.633842595774882112e-01
-2.268043704058533283e-01
-7.635678334157340874e-01
4.550912583164310465e-01
1.000000000000000000e+00
-2.781736824560915311e-01
5.719469853559673578e-02
5.485061943296862808e-01
7.152327514118601570e-01
-2.016842907593319190e-01
3.740527194768180630e-01
-2.210756625054788316e-01
1.955699854188113762e-01
7.208761280657340897e-01
6.060697331946980349e-01
-9.962152429040305179e-02
8.274833454922281284e-02
-5.045743702811678055e-02
-5.764809931243801699e-01
7.709716138118952733e-01
-4.935916754546965102e-01
5.066865160842086713e-01
-8.997946793939661791e-01
2.774500557976971038e-01
1.892641735354130550e-01
6.858166137499868142e-01
-2.029227574068691031e-01
-1.432490627608027367e-01
3.472530485099019071e-01
-4.475350623228625535e-01
-8.269104910191666935e-01
5.051081430126936889e-01
-9.099876156661828031e-01
-4.728278278366372933e-01
4.245722130932017002e-01
-8.582975260640870463e-01
-6.720920327804292826e-01
-5.701973134441160607e-01
8.605005711737445662e-03
5.660493777776671731e-01
1.429800519310291396e-01
-7.299149379764041656e-01
3.199763447109024161e-01
1.000000000000000000e+00
7.041397053394504724e-02
-4.923996217821740018e-01
4.112551879925867571e-01
2.712187573225495196e-01
3.149233287633193545e-01
-1.000000000000000000e+00
-4.996224153423620695e-01
7.451342391198978454e-02
2.180207126986565269e-01
-1.729773491167221899e-03
3.272135049305202603e-01
-5.951834115669341063e-01
-3.053850250665046673e-01
1.007689021401931839e-01
-6.797455373260102851e-01
1.492699657996434670e-01
-9.748367501908112853e-01
5.338994840489164062e-03
1.089450854519855988e-01
-3.215267031822958699e-01
-6.069447835198258367e-01
-7.101778533985625419e-02
3.200493666347581367e-01
3.683741857940595055e-01
4.858824562725584939e-01
1.123512456825493944e-01
5.906570224062024366e-01
5.894231192594778790e-02
-5.452808216770191896e-01
6.916831625370953862e-01
-7.568283438704728194e-01
7.392239117083263533e-01
-9.076814100310826028e-01
-7.847357622083218631e-01
3.149445709031200580e-01
5.226565575535695451e-01
7.959987495711189354e-01
1.353857249313183964e-01
8.165346623567932838e-01
1.091745376298343118e-01
1.000000000000000000e+00
5.756640151086548363e-01
7.749613942493316365e-02
9.129684247326204094e-01
-2.428687237009024558e-01
-7.794868417089797497e-01
-2.285797935281056459e-01
-1.327257339996245622e-01
7.025218156536401359e-01
4.003627111123409521e-01
1.944963387498135354e-01
2.227203265757289330e-01
5.630851247326040809e-01
-5.038519954345679341e-01
-1.000000000000000000e+00
4.372415899208261236e-01
7.129455778634783414e-01
6.450487752992564161e-01
3.594512123504773893e-01
1.643687053101217099e-01
-6.958321081604066372e-01
6.288346978903833762e-01
-7.545368809965464774e-01
3.872935171406963750e-01
8.268567153181032303e-01
3.299054239298468971e-01
-2.662508307039651578e-01
-2.750172566254855955e-01
7.269129196234187518e-01
-7.819942013019236526e-01
-1.344542315830081769e-01
1.000000000000000000e+00
-5.175533056178063251e-01
1.000000000000000000e+00
-9.877179949261694070e-02
-9.258423981785379731e-02
-1.000000000000000000e+00
6.776325120658444057e-02
4.470115349623359768e-01
-5.281574021817765363e-01
1.029215677650044403e-02
5.592758320775350622e-01
-1.000000000000000000e+00
4.376891232981736657e-01
4.322599915174338836e-01
