-2.738131225378719891e-01
6.842993788229987384e-01
2.751409960263575538e-01
-3.669635163015814161e-01
9.019827164046766432e-01
4.262358480245029835e-01
-7.365524264553356959e-01
-9.183402565235501136e-01
-8.430621274953293831e-01
2.474469801656268286e-01
3.409834145921240012e-01
7.265330596757676451e-01
7.441596810879410606e-01
6.873226147547848441e-01
7.877404573145284639e-01
-5.064929370639791317e-01
-1.000000000000000000e+00
3.958441061015928741e-01
-3.140756402047117923e-01
-2.922647685088107794e-01
2.710309756404484793e-01
8.348313542794116859e-01
-8.323125436801286081e-02
-4.771024165500898917e-01
6.526723539806345009e-01
-6.671543504014061376e-01
4.701817207011855237e-01
-1.364024572260280066e-01
-1.285601704445323290e-01
4.706419992628998461e-01
-2.298864313486761457e-01
7.275510937534332978e-01
-4.152013353345600510e-01
-3.309211506729441421e-01
-5.404188107872790470e-01
2.777038767349021553e-01
2.632742267622933952e-01
-2.723373793949398491e-01
8.859133139864406870e-01
3.374414652392199176e-01
-6.467108205804761312e-02
-8.329160138801343649e-01
-5.135498337944839342e-01
-3.604940077669943621e-01
-3.104186437161782774e-01
-5.514441504378106429e-02
5.402679046120034689e-02
-6.253472654904078665e-01
-6.894533924454597784e-01
-3.910202730401116655e-01
2.468452273959778065e-01
-8.805049559100945888e-01
-7.134607097362054562e-01
-4.770312908494782067e-01
-4.819462293609488857e-01
5.727916725194164282e-01
2.761584842849529320e-01
7.823640727064453682e-01
9.696898402217305479e-01
-1.000000000000000000e+00
9.617886430412703191e-01
-1.768511476311274144e-02
-1.000000000000000000e+00
9.665998428310953461e-01
-6.054184428778888183e-01
8.063179804307674114e-01
-9.969259043511365936e-01
7.989749645608370532e-01
-8.445106797229617879e-01
-7.123913800568516530e-01
9.781291382963816505e-02
-6.345097988102399444e-01
7.341459880798375526e-01
-9.775442527919075975e-02
-6.511915027234627118e-01
-6.938181340434026456e-01
-6.101674030126087445e-01
-2.192497422336252555e-01
-3.569856167222622556e-01
-8.256584838090729184e-01
2.127640267916774686e-01
1.720984789475266119e-02
-1.939611904141177734e-01
3.273590260424780185e-02
1.486404483877892257e-01
3.567262234270000554e-01
-1.091723711277670650e-01
2.221815446921268089e-01
9.941802540304451874e-01
-2.019161376824436527e-01
-2.447090146666220933e-01
1.000000000000000000e+00
-1.395643217826627314e-01
1.951000075677167822e-01
4.462068061462836077e-01
6.443293420616176270e-01
4.269063132420647388e-01
-4.929031347015833120e-02
-2.036653236116099386e-01
5.894777136769857595e-02
7.294504428821196873e-01
-4.021770882926380963e-01
1.672363762257915720e-01
-4.785791748510072607e-01
-1.382657699756760783e-01
1.110894449607383594e-01
8.673100580662549408e-01
4.336742693263027082e-01
1.172589965108215004e-01
-6.120714375296931742e-01
-9.005289181775942842e-01
2.022966111801518529e-01
-1.759714943223459893e-01
2.337410672498033415e-01
-1.000000000000000000e+00
2.896373536624203826e-01
-3.066075441018207282e-01
1.190045431676944876e-01
3.643063510629721558e-01
4.327320058430398908e-01
-8.381598409148440787e-01
3.836858174235588947e-01
1.100508538602257835e-01
-3.667658626496865248e-01
-6.732170584500952737e-01
1.534716093601549980e-01
-2.750511776876172210e-01
1.645154993359319029e-01
-1.000000000000000000e+00
4.875951973215395530e-01
1.759037871185613611e-01
2.178858933220335081e-01
4.333028744989099734e-01
4.520172191866151934e-01
-3.641652578610447000e-01
6.908871603038456710e-01
-6.993658750424947002e-02
4.684169206555314213e-01
9.620468081340860511e-01
9.442938005853631633e-01
-2.464207799194226001e-01
-3.198268750872535482e-01
-1.000000000000000000e+00
-9.667345169473974265e-01
-9.822683561115954642e-01
5.632029004074587397e-02
-1.055529109670294563e-02
7.988818352032631687e-01
9.097950654064212994e-03
2.172577126862822450e-01
8.099443195192271849e-01
-3.303516730013339453e-01
-1.000000000000000000e+00
6.643571790701366941e-01
-3.351557853209135573e-01
4.320447492284733015e-01
-4.140087838443835544e-01
-5.412341134270463039e-01
2.415710504922400359e-01
-3.536074561615939471e-01
-3.772487713285728184e-01
-5.796780391929736709e-01
6.933313980969446622e-01
1.611347394373036090e-01
3.604547419951871223e-01
-3.069959518517664243e-01
7.571466335626801936e-01
-5.036458968228817445e-01
-7.857078871641723916e-01
1.000000000000000000e+00
4.968106456603604837e-01
7.256653715308558628e-02
9.435360716257820690e-02
5.167456467242192986e-01
-4.557296314076960120e-01
-1.554991043673870088e-02
6.101500729656332833e-01
-3.213477928318426713e-01
-1.000000000000000000e+00
1.239484662909506596e-01
-8.780150177754519891e-03
-1.549102645498073305e-01
-1.151607105771474959e-01
-1.695397503477318046e-01
-1.531261595994117264e-01
-7.357843952068368054e-01
2.888940231542099224e-01
7.629520779313334611e-01
-2.697344505430502304e-01
-8.622743676589164075e-01
-1.393585123984872887e-01
-1.114906703080308370e-01
-4.878469018122207901e-01
-6.255060218871746347e-01
-6.510028894961422674e-01
-4.882458683179805026e-01
-1.489443713951088544e-01
2.318323770893304658e-02
1.115913151088668842e-01
1.237784807539938914e-01
-7.742830990747971986e-01
5.363125421756181899e-01
2.905894382479476956e-01
-3.191206779253100700e-01
5.910444132865410038e-01
1.000000000000000000e+00
-6.141722211420072020e-01
-3.970880164399509527e-01
-2.784009566409962333e-01
-7.199921996086389164e-02
-9.084969171068395521e-01
-9.260716225266281132e-01
3.065659422661405342e-01
5.839093098779088997e-01
1.054759646688019081e-01
-1.477673282944272914e-01
-5.174679635377061881e-01
-4.205704854149605598e-01
-6.292162888989729641e-01
-5.578052567124976990e-01
-4.329988435212357434e-01
2.008715547504049681e-01
5.328437696864682938e-01
4.428202003352673666e-01
-2.533167455711168303e-01
-6.286125609894943622e-01
3.763779817569570252e-01
2.204511961135652010e-01
4.367256721032922728e-01
-7.907259945169310411e-01
1.495688890519960568e-01
1.530046835364242130e-01
-2.563932421412342122e-01
8.868450296135649280e-01
5.214587272543091956e-01
-5.864448347701785025e-01
2.256114767365561824e-01
4.188418136361160560e-02
1.000000000000000000e+00
-9.431220487587954615e-01
-3.559954824640769733e-01
-4.970049703220216220e-01
8.110111154595474048e-01
2.613916166715287703e-01
5.969097685100804851e-01
-1.025730537135660647e-01
-9.539197406394097634e-01
7.889291343065416573e-01
5.938393603170932789e-01
-7.668434650679822884e-02
5.742435374835496154e-01
-1.852390393632453724e-01
-2.659527634751009950e-01
3.087655308754697625e-01
8.907018546124521041e-01
-2.286658851807560899e-01
4.847871264679903258e-01
4.009607005098275168e-01
-3.792244795508699085e-01
8.055309624768832721e-01
-4.191139619643288183e-01
1.000000000000000000e+00
-4.307060163867522107e-01
-3.874162781069408479e-01
-4.778121255099514464e-01
