-1.000000000000000000e+00
8.603747698804851129e-01
8.131042716962617600e-01
5.532816647836202861e-01
-2.424682003141566677e-01
-3.482711013595277683e-01
1.749398349008150499e-01
-3.599484846481416089e-01
2.495743199216012009e-01
-1.277255410252076673e-01
6.124654450049303867e-01
-1.000000000000000000e+00
-3.112114018978169305e-01
-1.455336294273590625e-01
1.000000000000000000e+00
1.575858735144420320e-01
6.256843410249465220e-01
-8.648863956685802767e-01
2.019211021084864055e-01
7.951820081970020215e-01
4.074878552851470270e-01
6.757056093893933912e-01
1.131070538654486146e-01
9.524205983757488836e-01
-5.378090377661559618e-01
-6.096895293157695850e-01
1.293586758746840815e-01
9.042608952782925646e-01
-5.646800994799090478e-01
7.322262068997845708e-01
4.347343123937880693e-01
-9.331047814726904921e-01
-4.920562112902731045e-01
4.721997999921980771e-01
7.942480909515388099e-01
-5.610950700343174669e-01
2.741782147544565701e-02
-2.240710129641251547e-01
5.964896595045499073e-01
4.362351018808992009e-01
-2.696709343201743048e-01
9.584584608516359960e-01
-6.143304522014378932e-01
1.439552124742301542e-01
-8.162886738893596617e-01
8.656341517199762636e-01
1.000000000000000000e+00
-1.000000000000000000e+00
-4.965770798203897329e-01
7.369623691348303751e-01
5.994700242270633028e-01
5.756347213865105061e-01
8.702905685173362160e-02
-1.971458282989136113e-01
1.057658557063221316e-01
3.459133615355204361e-01
-1.000000000000000000e+00
-3.764850655099704069e-01
7.535717746191405997e-02
2.384859155818422616e-01
-1.000000000000000000e+00
2.279777941450742418e-01
2.556917142442377000e-01
7.676443234398482307e-01
1.706420643554046324e-02
-3.983779070351275986e-01
-5.942962127502907643e-01
-4.457454957694272912e-01
5.497328062630697509e-01
9.913414238194310224e-01
-4.614149871099533229e-01
4.800157298444807097e-01
2.876493310048391927e-01
-4.395271323734274427e-01
2.408161054677580015e-01
2.785839447875820829e-01
4.188203290919604305e-01
9.273749381924106805e-01
5.622503918885783936e-01
8.531530775561119162e-01
3.791366869789339900e-01
1.000000000000000000e+00
-1.740347815959392141e-01
-1.849483747775916287e-01
6.471464374840283362e-01
-6.017881283513499824e-01
-3.303658595929075403e-01
4.158787799866915380e-01
1.012064282456714287e-01
-1.784102495154530343e-01
7.991103801927994243e-02
-1.736671723627518649e-01
-4.058682067679343364e-01
-2.915346646886693982e-01
-1.573178489654928347e-01
7.948796737085587205e-01
-3.637908187701029972e-01
1.470814021055786569e-01
-3.770422973436269309e-01
3.535584195476333402e-01
2.427592484603676437e-01
1.705676386475051820e-01
-1.349457929938181477e-01
5.964333819058520447e-01
-8.111842028199641730e-01
-1.351883479942637967e-01
6.939912521972277926e-01
-1.000000000000000000e+00
3.783615582020432577e-01
-3.838036079559058456e-01
6.249233892106118016e-02
5.968284273540366835e-02
9.673239891454264994e-01
9.357921450203307567e-02
4.462035774440276659e-01
9.789940703101833730e-01
-1.000000000000000000e+00
-1.891488752823386466e-01
4.571529822947488775e-01
-9.944766217124170193e-01
-8.757660745312964012e-01
-1.560479078550358611e-01
-8.243610902288911468e-01
4.196265782767733543e-01
-2.023275107638160819e-01
-5.838447795215186975e-01
2.742388855537334913e-01
-4.817532782807097957e-01
8.656986034112158501e-01
1.000000000000000000e+00
5.736129030057677269e-01
-9.260088525662812931e-01
-3.068872189366709802e-01
2.148691540632317043e-01
6.862880837403988465e-01
-1.681781093338053923e-01
-1.896169028466496154e-01
-1.020120096160726381e-01
3.305286995746532508e-01
-7.366039599975324759e-01
5.672722456640175159e-02
-2.843848139274136044e-01
-1.250372863427575976e-01
-9.430635710876492661e-01
3.916751974547950654e-01
-1.205791586160914891e-01
-5.208397454610065314e-01
6.084348785984199370e-01
-2.017800907271719013e-01
-6.263660553175224299e-01
-2.195994121213089290e-01
6.229602875273579921e-01
9.754083417629755282e-02
3.790112042353557809e-01
1.811942641750991789e-01
-3.438871575971786942e-01
-5.955282125653188485e-02
-5.474877294861549837e-01
5.333544239373669837e-01
5.591069366572226640e-01
2.056256416112192398e-01
-9.004878706062779958e-02
5.705351745663330698e-01
-1.307025430389154586e-01
1.000000000000000000e+00
-2.645483795901810709e-01
-9.021071561257034688e-01
6.390699211386188794e-02
1.000000000000000000e+00
2.733251082953288558e-01
-7.990076250498308330e-02
-5.270090608582590486e-01
-8.164790053158353933e-01
-1.872579104368311265e-01
7.523853581112391886e-01
-2.226334789003414916e-01
7.638724722688210456e-01
7.235235240117664501e-01
-9.556642396542703866e-01
-5.729489124048763315e-01
8.406510932410568016e-01
-1.123936817769539409e-01
8.951146951521464779e-01
7.835599383955859087e-01
-9.846568280046417154e-01
1.055229720634599522e-01
6.509254437508217306e-01
-8.784474455633236589e-01
5.497228924853985177e-01
9.517833380204092641e-01
-1.709626029099120537e-02
4.635547994141548944e-01
-6.420121034992334330e-01
8.594651802438332266e-01
7.725245569258072376e-01
3.484896921274738268e-01
-2.567586607549904310e-01
-2.407512413125934281e-01
-8.924507039350748627e-01
-4.988729312638064961e-01
-2.777036751587494967e-01
4.879109230247619111e-02
-5.891079085770777324e-01
2.971575806511790874e-01
4.305094862850981086e-01
2.031971348275084521e-01
5.645923879743648399e-01
-4.548671735183017484e-01
1.538663937377887647e-01
-1.000000000000000000e+00
3.418199425339285558e-02
-4.490493056918336556e-01
5.008174195197238054e-01
-9.832950560919121452e-01
8.984775911846492047e-01
-4.704877907935559600e-01
-6.033618474495766604e-01
6.653607384121441592e-01
5.734620535259360441e-01
-7.175168413625643282e-05
-1.000000000000000000e+00
7.586718399862828477e-01
-6.524223645295076923e-02
4.880686571399228679e-03
-6.017869040370567302e-02
-8.304489109436360428e-01
-8.466945617607175567e-01
-7.244016428495572146e-01
7.583338239539292314e-01
-7.678440908877703919e-01
8.050173601604881934e-01
2.122339746860337217e-01
3.500430806896762115e-01
-1.303301258291028886e-01
-8.124278349296922830e-01
-4.064579404704460330e-01
3.406161158858889149e-03
2.228597263853475396e-01
5.689682491793880414e-01
-3.162645952030121999e-01
-1.736716436430721378e-01
-1.913787639691530429e-02
7.568951666232497377e-01
9.784191988607945367e-01
7.512532178589770293e-01
-1.822971138552817172e-01
-1.164216576443807827e-02
-2.134996549041905944e-01
-5.136407034694727702e-01
3.422026028994676339e-01
-9.242529863862084527e-01
-6.982451735845215390e-01
4.959206919528565960e-01
9.195497843603478438e-01
-3.396910229269534121e-01
-1.000000000000000000e+00
2.632055861266348051e-01
-7.476652559835545997e-01
-1.212258303891071282e-01
6.331837192091911426e-01
-6.618568425133358746e-02
-1.269785126393778441e-01
-5.748529874007120011e-01
7.717209514485665611e-01
-1.718128405797731406e-01
