1.937259165047466314e-01
-1.000000000000000000e+00
-4.279345828918817984e-01
7.387093736168492963e-01
1.000000000000000000e+00
-8.882975023689265726e-02
-1.970419459797243256e-01
1.000000000000000000e+00
1.238142728335629439e-01
5.804618009837969606e-01
4.924295553285436000e-01
2.908881341505294982e-01
-4.747576156309113449e-01
2.780483527676233524e-01
8.060602917516719312e-01
7.481581322396280154e-01
1.000000000000000000e+00
6.000217478509003444e-01
-3.643482310001975311e-01
1.000000000000000000e+00
8.716180739617950257e-01
-4.134509983041235737e-01
-6.586741256401080769e-01
-9.504824427079893168e-01
-7.467567345341474816e-01
-6.982652306859016278e-03
-1.745542035422716909e-01
-1.037710872576500520e-01
6.862856527818452790e-01
-3.005217693336748042e-02
-1.033084161599285011e-01
-2.666504543598902099e-01
-6.651628838312741987e-01
1.180627776355562819e-01
1.000000000000000000e+00
6.086898258082790170e-01
-3.609767501175862314e-01
-8.751937377831411347e-01
8.609235787902693726e-01
7.300746019397290620e-01
-8.616596607137387842e-01
4.892021347756334571e-01
8.904806040346717744e-01
-5.200397101521603282e-02
-5.888691189402316395e-01
-3.415963402566546403e-02
1.000000000000000000e+00
8.032025856441128431e-01
3.704068742734234476e-01
1.000000000000000000e+00
-6.719833091239104661e-01
5.572052270641678073e-02
6.014155898812958423e-01
8.885361371416262699e-01
-2.685329216641672012e-01
-1.000000000000000000e+00
-6.138450936269836955e-01
-1.000000000000000000e+00
4.936183190597041026e-01
6.324204686007270926e-01
7.693490685151026520e-01
1.931985652249536556e-01
4.593154120261391249e-01
-1.000000000000000000e+00
-4.833348206227312538e-01
8.187421553657847628e-01
5.645506019888446581e-02
3.706303763737900381e-01
-1.059813936157283365e-01
-7.391957096764465440e-01
-2.371883901798190752e-01
-8.960839291168629650e-01
-3.069396609596523606e-01
-4.400866326729153677e-01
-6.157531974926229446e-02
4.405352208925416013e-01
-1.000000000000000000e+00
1.000000000000000000e+00
2.912787097721759588e-01
9.741551501149348091e-01
-1.000000000000000000e+00
1.000000000000000000e+00
3.292476927990151125e-01
2.000962490135920202e-01
4.108215697812782619e-01
-1.441498039329658920e-01
1.000000000000000000e+00
8.954053173024000278e-01
-6.699388558311490938e-01
6.534062030792253672e-01
-1.000000000000000000e+00
8.207171552403191850e-01
1.930833670808114189e-01
1.000000000000000000e+00
9.203715883802447983e-01
4.755067522134512892e-01
9.828787970272525598e-01
4.573859746493108003e-01
1.873942082181230262e-01
1.678675393729496257e-01
-2.384109470310592505e-01
-6.872056096110110701e-01
-1.000000000000000000e+00
-3.588470990755939227e-01
-1.000000000000000000e+00
3.047614900331223620e-01
-1.000000000000000000e+00
-1.000000000000000000e+00
-1.865761452507069262e-01
1.180746662525389290e-02
9.134779295388888443e-01
-1.000000000000000000e+00
1.000000000000000000e+00
-1.040346218678898232e-02
7.563803366067167744e-01
-4.176309291176407701e-01
3.636014577724279717e-01
-4.384363797451351630e-02
7.157400271295262240e-01
5.686309018484478894e-01
-4.043597046680678098e-01
-8.283401500154712327e-01
7.793017295096513752e-01
3.457673905301399397e-01
1.365550328210327624e-01
-4.945125627124019596e-01
3.428763448910987499e-02
-7.584186181664900328e-01
-5.870029026621697010e-01
6.745970396983591577e-02
4.129607652587566902e-01
4.759867659969248543e-01
-4.297786717490212904e-01
-3.821035532556067427e-01
9.805025078295392937e-02
6.545459778485103186e-01
-9.815904658763336954e-01
-8.131136587640042102e-02
-1.066104113558854483e-01
2.312745283639065508e-01
1.339158288796649110e-01
-2.956153478214258445e-01
-1.000000000000000000e+00
-4.838768784589041472e-01
7.862299723600292278e-01
8.614060568145236463e-01
9.942729266926486620e-02
-6.628238952852636423e-01
-1.000000000000000000e+00
-5.630497188550632748e-01
3.919767406368097618e-01
4.903229384017397940e-01
-7.863583322553957533e-02
1.000000000000000000e+00
-3.257680853946845478e-01
-8.267163125235965637e-01
7.892606085926017201e-01
-7.907098447911198313e-02
8.583692095888495466e-02
-3.383928989941639709e-01
-1.000000000000000000e+00
-3.790857518306176566e-01
3.231343182436507422e-01
1.109429811903874519e-01
-1.000000000000000000e+00
-6.728159679902798729e-01
2.297806435206837250e-01
-7.533143070258446761e-01
3.443573519485867429e-01
-5.976011211391900613e-01
-1.000000000000000000e+00
1.000000000000000000e+00
1.703410986140627970e-01
-9.922317550628245719e-01
-1.000000000000000000e+00
-1.193077042590765802e-01
7.241882091201174987e-01
-2.765057893888941964e-01
-8.631688088056359565e-01
-8.203570396302075629e-01
-3.406829947522477808e-01
1.000000000000000000e+00
6.946009247227826755e-01
3.301336523895508357e-01
9.788700730563333341e-01
2.356083864986960874e-01
9.186429345596520690e-01
-1.752835956869738254e-01
2.676803695213829659e-01
7.433122784424242013e-01
-2.960224639383546297e-02
-9.054201713593978962e-01
7.597329087760491539e-01
6.712344120608966236e-01
8.703393910322199112e-01
-6.502508641879822804e-02
-8.500456370037506870e-01
-1.891505012610290581e-01
1.000000000000000000e+00
2.968700734569185151e-01
9.155149301272988982e-01
6.887146983811197609e-01
1.000000000000000000e+00
3.765186245395042985e-01
3.246141708233715173e-01
1.681019803916027899e-01
2.438587633652695708e-01
1.846965588127098545e-01
-1.000000000000000000e+00
-7.486431890122389188e-01
2.766092162275209931e-01
-6.859979609199644557e-01
-7.346145258127846356e-01
6.950403023122180279e-01
1.000000000000000000e+00
-1.000000000000000000e+00
-1.000000000000000000e+00
8.139395937881122034e-01
-1.156924177322125047e-01
-4.234919959238422349e-01
-4.468170719872046615e-01
1.829987493271668653e-01
-7.619353189374808988e-01
-1.086652122780729091e-01
5.992632577449679143e-01
4.231347046269684498e-02
5.203700246677294139e-01
4.251416339905913500e-01
6.871832485228690501e-02
5.714947185020557985e-01
-2.586926590336151577e-01
-3.325532111433949778e-01
1.000000000000000000e+00
1.000000000000000000e+00
-1.000000000000000000e+00
4.006747326728872238e-01
-1.000000000000000000e+00
5.463560705496428582e-02
8.077836364235910782e-01
-4.862172606582919610e-01
-1.000000000000000000e+00
-4.353613578122540462e-01
3.670102239767384367e-01
1.000000000000000000e+00
2.714932653432211573e-01
-1.593260590089530249e-01
-7.008791467820405519e-01
1.000000000000000000e+00
1.000000000000000000e+00
-1.000000000000000000e+00
7.540005789391135416e-02
4.088750107529405264e-01
-3.911088848119876893e-01
5.910774645386376314e-01
-1.042653771213070957e-01
-5.142929806556189032e-01
-5.218936826762912151e-01
-6.504597769250125561e-02
6.347876889862023031e-01
-4.891085650640052407e-01
5.750685753124868960e-01
-7.095252857640103050e-01
9.737225718430421451e-02
3.800784459507517976e-01
6.806424917986523271e-01
