-3.096478639534583355e-02
-1.711567200389201293e-01
8.363480114397258136e-01
5.281585601925034013e-01
-4.375505695807502260e-02
4.224477874211497452e-01
2.299344029684581292e-01
1.000000000000000000e+00
-2.232506763394652149e-01
3.729067839511598370e-01
1.000000000000000000e+00
1.957341719485194975e-01
-8.698156748377178227e-02
-2.211161691366064774e-01
-2.555518799546334652e-01
4.844340732200194122e-01
1.000000000000000000e+00
6.616628296992332903e-01
-5.580482813519757057e-01
1.000000000000000000e+00
-1.000000000000000000e+00
8.337520229691789408e-01
3.486388849396735434e-01
4.428426419491653387e-01
-3.787320888861698265e-01
3.374587394252568373e-01
-9.089495574757173735e-01
1.722848495522515677e-01
-4.921357184645392957e-01
7.510639021819560668e-01
3.791626757572123529e-01
-9.038614242747418093e-01
-7.299376162556975300e-02
2.908776968871562563e-01
-1.000000000000000000e+00
-1.000000000000000000e+00
-2.814134539253430045e-01
1.150929121438029334e-01
8.597940603800415804e-01
-1.000000000000000000e+00
-9.024849074203620258e-01
-2.921736738476004569e-01
-5.779961520441634359e-02
-7.732344660019725424e-01
1.000000000000000000e+00
6.698695290213370068e-01
-9.516823378019523272e-01
-8.100567926306645461e-01
-4.108100680150670869e-01
1.017989945770101379e-01
1.000000000000000000e+00
-9.494127486607026878e-01
-8.158738650554899774e-01
2.223627367739380301e-01
9.959982305621493115e-01
-5.359776282554046256e-01
3.721420921513584057e-01
3.837053068702021841e-02
-6.461413112876681630e-01
5.494620127226019779e-01
1.000000000000000000e+00
6.186185655708453801e-02
-3.982051807987899705e-01
-4.664426898815119404e-01
-4.069349247301207173e-01
8.322703644766273889e-01
2.384401194565826110e-01
4.827890761353599292e-01
1.000000000000000000e+00
-5.948109110823665002e-01
4.048657934314910944e-01
6.928574400919560450e-01
-1.000000000000000000e+00
-2.297462693368497177e-01
1.000000000000000000e+00
-1.000000000000000000e+00
-6.812708676328433910e-01
-5.721384968409890526e-01
2.769653779675468330e-01
1.723142346852601925e-02
1.000000000000000000e+00
-2.266847531101036373e-02
-1.854245097201795422e-01
-5.929963986968245226e-02
6.568497524206924343e-01
9.233519204722298035e-01
5.765239165025297652e-01
-5.806793167243002873e-01
1.677541852722887472e-01
8.798976787323653515e-01
1.735405545673547878e-01
1.000000000000000000e+00
-1.683756562334457751e-01
-1.812282375255185873e-01
4.885577572068323660e-01
2.589513451310943015e-02
1.623420728506420052e-01
-1.831665223486353966e-01
2.471902133858894235e-02
-5.084037860466814607e-01
-3.484172692401890647e-01
6.746300281178974068e-02
1.000000000000000000e+00
-1.752102802106982327e-01
1.628681953317179243e-01
-6.991499966410081868e-01
-2.991443984448394766e-01
-1.287821466651175584e-01
7.856212169518763666e-01
4.089071543655242724e-01
1.001122809369405786e-01
-9.589544763739100697e-01
3.261559642584891949e-01
-8.562312347189275918e-01
5.749956525884733494e-02
6.254962263332978223e-01
6.930546496202754092e-01
4.578096580161143958e-01
5.019781787664934214e-01
8.309313853500142066e-01
5.061986070854357367e-01
-9.559894010282399268e-01
3.319903446591195850e-01
-6.114159484636887409e-01
4.861982112119411781e-03
-3.447409295345648106e-01
-1.806397140260022072e-01
1.495474084884071964e-01
-1.000000000000000000e+00
-1.000000000000000000e+00
-1.067105924904200309e-01
-1.000000000000000000e+00
-5.427632356700196059e-01
1.000000000000000000e+00
1.000000000000000000e+00
-1.000000000000000000e+00
-9.966107129117001140e-01
-1.000000000000000000e+00
4.495850379223673698e-01
-2.210349280278204320e-01
-9.442914434249931599e-01
-2.128561033691693805e-01
4.541873358746693068e-01
1.000000000000000000e+00
9.892551077836989615e-01
-3.105088194865612827e-01
-8.684402970602744798e-01
-2.413603070043091048e-01
1.000000000000000000e+00
1.000000000000000000e+00
5.093366743064728919e-01
-1.000000000000000000e+00
-3.110761153987812722e-01
1.000000000000000000e+00
-6.890413141001034969e-01
-2.318467364767397842e-01
4.361103224363385711e-01
5.433040523891972118e-01
-1.000000000000000000e+00
-7.754437522497763524e-01
8.183733036326805710e-01
1.000000000000000000e+00
9.280868221129098261e-01
3.100195213026259444e-01
-1.000000000000000000e+00
5.989538751680610895e-01
1.000000000000000000e+00
6.444269785101468528e-01
-4.785329949134713989e-01
9.332330575088089164e-01
-2.102340467659905565e-01
9.418496541011254219e-01
-2.181213382504163523e-01
6.186666933954680925e-01
3.366663526519895200e-01
-1.572465969466623759e-01
7.949935653359145871e-01
1.000000000000000000e+00
-9.902809974910717905e-01
2.599776029211941508e-01
-1.000000000000000000e+00
2.967565153453690652e-01
7.576522669865879411e-01
8.842895719450057923e-01
-1.000000000000000000e+00
1.000000000000000000e+00
-1.000000000000000000e+00
4.086712360538120037e-01
8.246155718663119583e-01
-1.000000000000000000e+00
-3.753530582884936351e-01
3.982255727630806819e-01
-1.630796643110050681e-01
-9.229537553060711552e-01
-3.386126629704952484e-02
5.866289732488353392e-01
-5.503890662519486110e-01
2.040148709174873232e-01
-9.080585570492477610e-01
7.372360044284742564e-01
8.265692604519445652e-01
-2.245232837311767482e-01
-1.000000000000000000e+00
-1.000000000000000000e+00
6.822602587213332237e-01
-4.593535997119285730e-02
-3.140312870766924225e-01
-1.000000000000000000e+00
-3.589432401980117149e-01
1.000000000000000000e+00
-2.316066769897742184e-01
-9.391295889380540940e-01
-9.026779577725236869e-01
-1.000000000000000000e+00
8.084029399544716554e-01
-3.604039589930148058e-01
5.198884610800109662e-01
1.000000000000000000e+00
3.928845520535584335e-01
4.818134117412963824e-01
-1.000000000000000000e+00
-6.069200486987196275e-01
7.962625544628421093e-01
1.000000000000000000e+00
-2.018917268418212729e-01
1.000000000000000000e+00
-7.602298145352002212e-01
-4.156386787269730210e-01
-8.315425676465734717e-02
-1.000000000000000000e+00
-5.791790794906175321e-01
-5.116020924429967032e-01
5.895490269930367955e-01
-2.733586876710304425e-01
-5.954214602467128303e-02
1.000000000000000000e+00
-7.468195062272249274e-01
-1.000000000000000000e+00
6.127073078105985671e-01
1.000000000000000000e+00
-8.884884602167133494e-01
-1.000000000000000000e+00
1.000000000000000000e+00
2.362965527124182841e-01
3.003507426099290001e-01
5.980713763936194027e-01
2.598161757841009438e-03
1.000000000000000000e+00
1.000000000000000000e+00
9.474130911306174463e-01
-1.000000000000000000e+00
-1.539868258870972229e-01
3.833993867757629626e-01
9.246295585975737863e-01
-6.325735373865148947e-01
1.000000000000000000e+00
3.830998764557582703e-01
5.167060200110566992e-01
5.670325466671315429e-01
-8.052636232873805477e-02
-1.000000000000000000e+00
-1.684359993499696673e-01
1.000000000000000000e+00
-1.751525590348342876e-01
-6.785730665151157304e-01
