-5.239108391547447896e-01
5.797574741010167454e-01
-6.773096968212541924e-01
5.803918846963553868e-01
8.694285273446666906e-02
2.697232885314116979e-01
2.946874378713567055e-01
-2.713342340536784025e-01
4.444124753374242287e-01
-6.422101263211966726e-01
-1.000000000000000000e+00
9.850779113513470353e-01
9.867091455751104689e-01
-6.477703078847085738e-01
2.431971657127468822e-01
-9.901911372526583932e-02
-3.045128659976740204e-01
2.460659888992624555e-01
-1.000000000000000000e+00
7.190553509503341267e-01
4.547479552861872776e-01
-5.260824414594504894e-01
4.854809062932463060e-01
-3.903435305909574993e-02
-2.202163624724517987e-02
-1.469953087760906829e-01
5.749178752257788627e-01
-1.850777924584865453e-01
7.665636305753134594e-03
-6.785885339310329112e-01
-2.302043591601896644e-01
-4.270056295979617333e-01
-4.273100000521696251e-01
-7.160060512843664515e-01
-2.654944127533580556e-01
6.616993471935819215e-01
4.298244655763565625e-01
-7.347672876812363363e-01
7.009334847500556798e-01
-1.768641036091038732e-01
-9.649559999840598423e-02
7.975929139866089201e-02
-8.205748910954973052e-01
-1.000000000000000000e+00
9.696986272138581331e-01
-1.695481545843516846e-01
-9.937748013523313162e-01
-7.661487386072149963e-01
3.673184711183601903e-01
-2.811937277341787222e-01
1.365875223064103583e-01
-8.582676249474916474e-01
-4.748937024491003966e-01
7.568065929442766571e-01
2.968346667011492190e-01
-3.646650843323608338e-01
-1.854730393676028433e-01
-9.997132607617346955e-02
2.078592938440425586e-01
2.562885851595442244e-02
2.126146481233394114e-01
5.540044514164972345e-01
3.291999084456718183e-01
-7.098712701222362753e-01
3.478339457251313771e-01
-8.505602044501818781e-01
5.236092042627182863e-02
-1.175517482070137509e-01
2.567564204411214579e-01
8.837586520929066047e-01
7.586120158357525511e-01
-6.341052776619979237e-02
3.867638981458971781e-01
4.177573183231454435e-01
-6.981407223280062802e-01
4.891129271128313305e-01
2.445524271796529758e-01
4.992529193316441183e-01
-6.681425994815880509e-01
-2.754716140567439742e-01
6.690136944274505115e-02
-8.315189407317220560e-01
7.608776871984660461e-01
-4.897135468391522473e-02
-3.732072465625639324e-01
-3.525474246384725507e-01
5.388658182267396235e-01
4.715970675798190626e-01
5.301106723506476825e-01
9.150576217936805534e-01
4.529134687347885491e-02
-1.617837167309869040e-01
2.812563109270600492e-01
-9.950681404542027764e-01
2.520270416215650844e-01
2.319854208951313002e-01
7.671938106491899001e-01
-6.601377767278889808e-01
3.863267144529174413e-01
-2.896303655816884759e-01
-6.040682771534297557e-02
5.423664179135967434e-02
1.126674275177579621e-01
-3.174851433347047891e-01
-6.645246682634760038e-01
-7.395231971271180038e-01
-5.261191989778029043e-01
-6.644533867530022508e-02
8.603480672770902338e-01
5.667784454664981375e-01
8.378443260999524078e-01
3.174113213248712650e-01
1.220788353515451785e-01
-9.237049450190637501e-01
8.446610449000058196e-01
-4.998395714368177867e-01
-6.250534221457995088e-01
1.982665954352780258e-01
-4.811013468275877614e-01
-3.961890183559340084e-01
-2.656972161323842285e-02
-2.901698088836768274e-01
-7.487895463738056812e-01
3.083756621590713065e-01
4.840138037472560550e-01
1.617985220080220277e-01
1.000000000000000000e+00
9.740868576480170571e-01
4.464184020945940468e-01
6.682930337382209096e-01
-9.871854249325381359e-01
-8.922463814729916232e-01
-6.315980970495878033e-01
3.996073198917013958e-01
7.244089007521770096e-01
-1.000000000000000000e+00
-2.979002969574706117e-01
8.474014745933575732e-01
-4.557357372536184892e-01
7.506182452310368181e-01
-1.645615333763827959e-01
-5.797631903641358164e-01
-4.557684468571899794e-01
1.000000000000000000e+00
-4.731775446903356830e-01
-5.415363404427795402e-01
-4.168408149330837809e-01
-6.420437465607367056e-01
-1.000000000000000000e+00
-3.273153479478437822e-01
3.471568213445670459e-01
8.975841350760982440e-01
-2.074216951885762827e-01
5.463255304368479504e-01
-2.941539613003070208e-01
-4.995828591333487112e-01
-8.681814061766055524e-01
3.144851258481785594e-01
3.327477527306621496e-02
-5.350019765491689228e-01
-3.442047342670901400e-01
-2.865063764000104207e-01
-5.312658697807958186e-01
-3.525780740612433073e-01
3.757291723170319564e-02
-6.279675681967664680e-01
8.174785329725091643e-01
-2.237922458592201957e-01
4.887512285912181120e-01
4.542556263376907877e-01
3.673090876533080529e-01
-6.189716865670340518e-01
2.586080930971372815e-01
2.970222178232746479e-01
8.953016807279778888e-02
-9.572507820842524051e-01
8.775107424315220506e-02
-2.659128261738990529e-01
-7.678477625122985817e-01
5.675970832070933447e-01
-5.311782316135449378e-01
-2.275856866403175305e-01
8.476273760512764710e-01
1.000000000000000000e+00
4.170751987635213931e-01
3.860000019565051899e-02
7.311011460817051777e-02
-5.555994425748647103e-01
1.000000000000000000e+00
-3.418213481565617329e-01
5.565762619578566994e-01
3.573415593000861534e-02
4.972222754219547403e-01
-1.663576435254860986e-01
3.426013831536105503e-01
-1.967529429941521357e-01
8.049359767873287552e-02
8.807557144184463560e-02
-5.654976056413727470e-01
1.673769492149475013e-01
1.000000000000000000e+00
7.124073944018778359e-01
-2.196450155425688777e-02
3.407215054525987719e-01
3.262078917738953088e-02
8.476008912918304716e-01
-4.582439541285172613e-01
-7.545427310274696042e-01
-4.944314974398419937e-02
-2.817656667895060973e-01
-8.906890921815668882e-01
-5.292091569377902482e-01
4.291726981108630046e-01
4.311159482196576520e-01
-5.709197880752321375e-01
3.003504168450255030e-01
6.452316851840655954e-01
-2.121353939291368285e-01
5.357004456328415820e-01
2.147015300447726593e-01
-6.985858174101466922e-03
-3.105887110723593025e-02
6.188615306552045503e-01
5.201200740186586735e-01
-5.160098376071420301e-01
-5.149067488560982175e-01
-4.457132207831341897e-01
-5.869927434942077138e-01
3.434732061722948759e-01
-8.748051335194699796e-01
-1.000000000000000000e+00
-1.000000000000000000e+00
-1.000000000000000000e+00
3.404294623641399564e-01
-5.599351729926349552e-01
3.507549434582980519e-01
2.644344393320593664e-02
2.188703242015284378e-01
-5.009164214767465317e-01
8.074803212902836869e-01
-5.370223693980245017e-01
1.516875823784094024e-01
2.019640950856713690e-01
-7.534970949308890109e-01
3.265297474918846810e-01
7.446714960479394740e-01
5.232273057627334634e-01
9.344856687307798726e-01
6.866357667559239708e-01
-2.705719103171286832e-01
7.363840485631478749e-02
-4.949808454969842897e-01
6.139810420863276441e-01
3.104768785354922178e-01
-5.898845033615929268e-01
2.975911399954659919e-01
-7.015602121900699206e-01
-1.145419334649410148e-01
-1.122957018911500127e-01
8.035392446040534598e-01
3.096823314262908688e-02
-1.213667228987261038e-01
6.561265923715278170e-01
7.452752865521667935e-01
3.103233246385235233e-01
