-3.249871815419511645e-01
1.722035759121691711e-01
3.417069194496205609e-03
9.431024809406851617e-01
-7.681638104885354368e-01
4.136710065747392084e-01
7.208278755767794088e-03
-5.007558737862145559e-01
-8.276772041610827024e-01
7.459216785349065404e-01
4.020755582725442645e-01
1.547653876708723342e-01
1.000000000000000000e+00
-8.046045550867431118e-01
-3.095486746762169949e-01
-1.000000000000000000e+00
-4.889703176028921128e-01
5.071380404628673677e-01
7.222853876740237267e-02
1.000000000000000000e+00
1.036502394757475298e-01
-1.000000000000000000e+00
3.221591659903977334e-02
9.182021986932544788e-01
6.738411970083674207e-01
-1.000000000000000000e+00
2.900489701091236716e-01
-4.729043853849816403e-01
1.000000000000000000e+00
1.000000000000000000e+00
-1.000000000000000000e+00
4.500507949167116273e-01
-7.481610673147601753e-01
-4.299240813780654813e-01
8.082216859748091453e-01
-7.375762166876920212e-01
-4.412874098343096962e-01
-1.918038406480642721e-01
1.000000000000000000e+00
1.207251419176124385e-01
-9.135858879364795460e-01
-1.000000000000000000e+00
7.650614211947619481e-01
-9.679031934633974821e-02
2.084973695072873112e-01
-1.667338395024775544e-02
8.430380752478311424e-01
-9.994537711762239984e-02
-6.680084663785527122e-01
-5.904128120763139087e-01
-7.757926434765010093e-01
-6.420523397998308957e-01
-2.386431150963282954e-01
5.075108540021576742e-01
4.060240347731939869e-01
-9.953236200200407668e-02
-2.004866524035692210e-01
-4.469554029486906277e-01
-5.460584945183283301e-01
-7.164589652269555131e-01
1.000000000000000000e+00
-6.278610930032890725e-02
4.077487149494951613e-01
1.000000000000000000e+00
2.365771902469628318e-01
-8.689088795281096900e-01
-8.789710839904871786e-01
-1.000000000000000000e+00
2.740114507184905346e-01
3.017352515232876176e-01
-2.719741177523358755e-01
1.000000000000000000e+00
-3.343919869171008141e-02
-3.021748104979766758e-01
1.000000000000000000e+00
3.493115771841474038e-01
-1.000000000000000000e+00
5.618867981833753911e-01
1.000000000000000000e+00
-1.000000000000000000e+00
-5.476244903623464499e-02
8.131230571157078701e-01
-1.702096323088091445e-01
1.000000000000000000e+00
-9.093636884345890348e-03
-4.440062775815951102e-01
-1.000000000000000000e+00
-7.533737570884230239e-01
9.917859394225894132e-01
-1.000000000000000000e+00
-1.000000000000000000e+00
-4.652060207991173257e-01
-6.172875445789696158e-01
1.082137723587758837e-01
3.920547302325568251e-01
2.113576675835529550e-01
-3.398622655184486696e-01
-4.913721032548179490e-02
1.249696959066866064e-01
-3.231318358996324580e-01
-8.607715977924719208e-01
2.261216050272668032e-01
-5.943011678070457826e-01
-5.165053399309396109e-01
1.000000000000000000e+00
9.305290585840175765e-01
6.451984372438952509e-01
2.504822529551834487e-01
-9.350499274963193219e-01
-8.401239291921418495e-01
1.000000000000000000e+00
6.375789386759788124e-01
1.000000000000000000e+00
1.000000000000000000e+00
1.603426306668654933e-01
-5.283907587240441184e-02
-9.413910880192295494e-01
1.000000000000000000e+00
8.771451740832968413e-01
-7.338508475414337040e-01
-2.342282296657832719e-02
9.056474974842475545e-01
3.831619972978218547e-01
6.089910813440808646e-01
4.860441004603163195e-01
-8.983256569962034810e-01
5.648664653368089539e-01
-2.822930949130620926e-01
-3.729977004822550013e-01
6.804882657656317058e-01
4.199690638138871557e-01
-2.030620355753417483e-01
-1.534769168537785111e-01
6.561761441124466243e-01
4.296532568516240325e-01
-7.141070275802090528e-01
-5.101019082938683669e-01
-6.262788025821488525e-01
-5.490706159570517553e-01
-1.064777526609039793e-02
1.000000000000000000e+00
-3.276337279693520288e-01
7.685551081532513429e-01
-1.000000000000000000e+00
-3.117947445631494285e-01
-1.000000000000000000e+00
4.554514789831405341e-01
1.430735180288283948e-01
-5.871257541177716810e-01
5.157663478338946339e-01
1.224632260406875450e-01
3.057821779276470586e-01
6.636848217186743781e-01
1.000000000000000000e+00
8.900312520556220852e-02
-3.933498934601935282e-02
7.926291112853257603e-01
-2.853530465852034403e-01
7.122664149892303787e-01
-8.049368040415660897e-02
8.166737902244969316e-02
1.381077217566432092e-01
8.654218221654685905e-01
8.218862278054877013e-01
5.888522341169343255e-01
1.364881127773796832e-02
6.308284029162677387e-01
1.000000000000000000e+00
-7.232527111862514513e-01
3.023446828325374591e-01
-8.778103114869681978e-01
-8.187671399928918570e-01
6.993276293381929243e-01
-7.602685108191092889e-02
9.020389463967442012e-01
3.953228231915404955e-01
-2.910232974540361006e-01
-5.133729589358784207e-01
2.654829309855052388e-01
3.179288629470245486e-01
8.877516128705424947e-01
2.860944486110561513e-01
-7.499371302078110535e-01
-2.917385024735469345e-01
-3.015905084850810658e-01
8.058453651412571528e-01
1.000000000000000000e+00
9.690849057882479078e-01
-1.000000000000000000e+00
8.897113550060673504e-01
9.053148665602490652e-01
-1.000000000000000000e+00
-3.015220801352549995e-01
-4.160961283309252967e-01
1.000000000000000000e+00
3.425301791986662958e-01
-1.112684280139820958e-01
1.780471068860515205e-01
3.129588997893106850e-01
8.548847134785013679e-01
-1.508431393834664958e-01
4.540149024073315553e-01
-8.916090776404788087e-01
-1.000000000000000000e+00
-1.000000000000000000e+00
4.000688726050026234e-01
9.627254925186692347e-01
3.247387802866077977e-01
8.228488161463531902e-01
4.130730276234425569e-01
-1.000000000000000000e+00
-4.951484465252282141e-01
2.888154597755119291e-01
7.733544806226375634e-01
3.752949996966241097e-01
-4.530369229552755339e-02
1.000000000000000000e+00
6.517449879118907274e-01
-9.406202832645681466e-01
1.000000000000000000e+00
-8.139988700274758404e-02
-4.478093849151354444e-01
8.358365709066967186e-01
-1.000000000000000000e+00
-9.622773792561867268e-02
-1.134486786238186329e-01
-4.628328338293757338e-01
1.215312944478047635e-01
-3.615287200847465687e-01
1.000000000000000000e+00
-7.220227384992703445e-01
3.516380222436121805e-02
2.395979962099322458e-01
1.000000000000000000e+00
-5.087967892844535989e-02
-2.293129240120540535e-01
3.124964610107577867e-01
8.754559796169094632e-01
-9.460709978245479546e-01
1.000000000000000000e+00
-2.758978348188318996e-01
-9.009647004063122688e-01
1.000000000000000000e+00
9.680310256075133069e-01
2.511901918024329050e-01
-9.241860903351962753e-01
-1.163358330980007738e-02
-3.229587523119885617e-01
3.192698590460705810e-01
3.974036248328245424e-01
7.930343778736195226e-01
3.595488432084943398e-01
-6.747293683437327605e-02
4.542420321564888397e-01
-5.025367676595210442e-02
-4.915520080823754245e-02
8.894847066484830034e-01
-1.000000000000000000e+00
3.893863161828951536e-01
-2.466059353225996120e-01
-7.827399613422496572e-01
-2.610765102168915996e-01
-5.607924155508205999e-01
8.711644635607578013e-02
4.310338137782077084e-02
