3.495651915416144173e-01
8.234166341876192341e-02
-9.064313830253054594e-01
7.091708619243501932e-01
-5.657556125368430333e-01
-6.246057751949576353e-01
-9.434616448950703393e-01
5.962325450248131542e-01
7.397224627623368853e-01
9.253551277260243513e-01
2.808629748132189796e-01
-8.881371714639452186e-02
-9.001186126260563025e-01
4.678245231768589640e-01
-4.846047824456551911e-01
-1.028655567547314131e-01
7.984835127408038691e-01
1.027538196085564515e-02
9.909339850660363602e-01
7.719517602217289554e-01
-1.000000000000000000e+00
-8.172749374747168005e-02
-7.362217684278049568e-01
-7.101491870763116943e-01
6.559888056680651669e-01
3.629275064028509856e-01
-5.416921771308522704e-01
4.330552629747881355e-01
-1.427062670142524858e-01
4.540584234577926814e-02
-1.548800681399074008e-01
-3.890806667666946161e-02
-8.203010124710763407e-02
4.830110939274279147e-01
-8.185518452254367805e-01
9.852332076660206273e-01
-2.921759856806618316e-01
1.015614882585942347e-01
3.363170758001001737e-01
-2.506192471962425117e-01
1.024417420433580417e-01
-2.828374231233048430e-01
-3.105352258713498514e-01
-8.244165259093867437e-01
-4.993263306316131356e-02
-4.306065475859882086e-01
-1.149989241845950083e-01
5.830551198725946183e-01
1.365102236084642096e-01
2.175807491891431633e-01
6.636421649909798326e-01
-4.157055866690526624e-01
-8.085669156421855241e-01
-4.507263126809446518e-01
-6.589349659332474074e-01
-4.040831382975760278e-01
4.337499570719165476e-01
-7.447134933981731653e-01
5.670660451832976179e-02
-5.675291079581847864e-01
2.318453486204896663e-01
-6.076819381015965416e-01
-8.257615118857224434e-01
6.406544190089841218e-01
-1.155160926540325650e-01
-3.073266959550462474e-01
-2.570538248465128461e-01
-6.157176060364715209e-01
-7.293669290241333591e-02
4.316320049803585301e-01
5.008936129210244115e-01
-4.391125450308985267e-01
-4.723348963506253106e-01
-6.339808491354237407e-01
-9.134740635060701885e-01
4.437685148747341213e-01
9.183088482163768163e-01
-2.620038637544530591e-01
-1.476418721217438723e-01
4.521797215064968234e-01
3.206963162255647704e-01
9.630446185993157826e-01
8.306332945572474369e-01
-9.842135794343223054e-01
-8.000420479144909613e-01
-4.733073723601233240e-02
6.936575605889871987e-01
2.918961317634338748e-01
1.722783861431297636e-01
6.284481183779317970e-01
2.364899877444146536e-01
5.264503514415864727e-01
8.553749488057694750e-01
-7.668682069987453609e-01
-1.603271585174794733e-01
3.296437472632704480e-01
3.362100704234831650e-01
-8.484973530018533605e-01
-2.711568998278912623e-01
2.161194240994031013e-01
1.061013246941061583e-02
-2.191437417986366043e-01
-8.565248797673094550e-02
-1.031328756294980220e-01
-5.866105519604045693e-01
-6.692675059503545576e-01
-1.521980604846484564e-01
-7.837384861644172140e-01
-5.064366130807440580e-02
9.662212992268510714e-01
6.393548165359177471e-01
5.515787073583877653e-01
-3.899201095066637812e-01
-3.903904634436237142e-01
4.026980001744475679e-01
-2.081032657939310138e-01
-3.414146101267974132e-01
-2.796963880880714015e-01
1.722431710275100780e-01
3.349889803220507112e-02
2.758291771385930069e-01
-4.308157266534001772e-02
-1.122307806739475389e-01
7.944377144197862783e-01
-8.123883399726844479e-01
4.586392991519827600e-01
-9.570270457682721332e-01
-1.126855950588943056e-01
9.880008195114675651e-01
-3.083060481264601194e-01
9.850303897358503313e-01
-5.823099221059604425e-01
-1.462741262219835470e-01
2.010664590742221591e-01
-5.750471091314557359e-01
2.158612514908242463e-01
-1.738707145020219613e-01
8.593456480350818438e-01
-7.052320684055455313e-01
-3.974517363433149320e-01
6.740147205427453603e-01
-2.313082235058367964e-01
4.778868293290705616e-02
5.471078710347414553e-01
-8.054528066785857643e-01
3.191999059175643083e-02
-6.978864617627020817e-01
-1.000000000000000000e+00
6.563042791406654697e-01
-7.275778945288514654e-01
-6.508156704281307103e-01
-3.591787468469984645e-01
2.032705619251662377e-01
9.427091851332314310e-02
-1.000000000000000000e+00
1.957336031780883001e-01
-2.370996512009140300e-01
-1.835939503137560269e-01
7.724689366690293824e-01
5.182410580675596012e-01
-6.432049272942744755e-01
-4.190098624614644329e-01
1.797986167125952273e-01
9.733386262199771322e-01
-4.936728096535006882e-01
9.249014175883005784e-01
1.841168359696541135e-01
-5.413569012574830364e-01
-5.344176159501388135e-01
6.869911814267399830e-01
-9.015678963033116333e-02
8.906329200962139758e-01
-5.508236717611914024e-02
-8.303430410282857110e-01
2.613410513793254508e-01
-7.467414709170820952e-01
5.858148236121611951e-01
8.913037242437024665e-02
6.717962131454124908e-01
8.338257524974412860e-03
-7.676244967220240412e-01
-7.051441668541973407e-01
2.627191173601683971e-01
-1.562278203661187082e-01
-7.928524694023757480e-01
7.033983785802477851e-01
-4.495180314427635881e-01
4.390665646853419979e-01
-5.982099108715182023e-01
1.138668469762740276e-01
-6.136433206579785526e-01
-1.635825828937496063e-01
5.784619617966284544e-01
1.201746754562943997e-01
-9.770923356910186097e-01
5.054914293206325127e-01
-8.159387409638658717e-01
9.226877954110261904e-01
9.537177903554197034e-01
6.160534972617273120e-01
4.948968563738487259e-02
4.268195512202717645e-01
-9.878605644432614241e-02
1.235521756694916429e-01
-6.463671313638654770e-01
5.766676413216424990e-01
5.713644893089638854e-01
3.904650964057039264e-01
-2.685640560668767218e-01
7.017301524680485958e-01
-9.711310431028694623e-01
-3.607824036886173591e-01
5.065156049560326501e-01
2.210669736709194311e-01
4.934834642668896043e-01
-9.689343669770211775e-01
-9.982953444121830389e-01
8.162605170647716513e-01
-3.438862288916991194e-01
-1.091830993710829478e-01
2.691454207739166771e-01
5.323016458638120119e-01
3.575571203378377083e-01
-2.297868243345817518e-01
1.000000000000000000e+00
2.090686421929766059e-01
-1.654328181648536678e-01
6.274312973350293365e-01
3.634467117098618694e-01
1.000000000000000000e+00
6.172772745582801868e-01
7.023041546830155468e-01
-3.797185377797451800e-01
5.182151526355358584e-01
4.966066234831203463e-01
-5.514970488928581105e-01
-2.038661807259611880e-02
8.742681588946323856e-01
2.506155408446013588e-01
-1.441251035941117919e-01
-1.503007783388745633e-01
7.377488399537746044e-01
-5.897922997641671383e-01
-1.898770614412559343e-01
-3.347635454780628628e-01
-9.486711939288563489e-01
6.936284197662159201e-01
1.694767752059185284e-01
5.487227595738883856e-01
1.334368008221951118e-01
4.821062119936541102e-01
8.305851112536941638e-01
-6.284081799440015548e-01
-1.377671926465956487e-01
3.148853532348798723e-01
-2.372840697726585901e-02
-6.305172516353663159e-01
4.540062283844270574e-01
-4.527569309585683932e-01
3.351797939669434734e-01
-4.015940016393275691e-01
-9.342770897462737700e-02
5.736842215517945487e-01
9.147871415214829938e-01
4.046909328502232839e-01
