-8.957475561496172078e-01
-1.808879206706872078e-01
1.800431307093257050e-01
-4.915470091219249771e-02
-7.219196305738876385e-01
-3.358437635897534301e-01
2.639607775648152854e-01
-1.198634405968056205e-01
-4.227880617800769403e-01
-1.000000000000000000e+00
-3.968466351321973673e-01
-2.952413911070943531e-01
-8.400221624735935144e-01
-6.420635410315679303e-01
-1.613160665046758924e-01
-2.871376167187099648e-01
-4.995905582327944683e-01
-2.094909665538743915e-01
9.182337317778471730e-02
1.000000000000000000e+00
2.058229279761300823e-01
-8.444468018265205433e-02
3.916683535635027136e-01
-1.000000000000000000e+00
-3.346860446289387503e-01
1.000000000000000000e+00
-6.864288927970392251e-01
-2.629914728964525272e-01
1.036397642112132089e-01
-5.767214812534545709e-01
-3.637285187726814750e-01
1.000000000000000000e+00
4.949072992676218363e-01
5.589132568304521209e-01
-4.537214524949592653e-01
5.538132798488496489e-01
1.936130799951266135e-01
-5.783099906286044423e-01
-1.068089001495153845e-02
5.470057877467388030e-01
6.858973051085206496e-01
3.270382286942913330e-01
8.133427930634506975e-01
3.396268700133330265e-01
-1.000000000000000000e+00
-8.059867230304524899e-01
2.366064540646676262e-01
8.619562124763463506e-01
-4.679601874250347016e-01
-2.636271214822585307e-01
-7.265113406075709435e-01
-6.046967655966357658e-01
-1.847038405647773440e-01
-8.924903164993106541e-01
3.397489077552826586e-01
-5.770791588671508876e-01
-7.239285919919017376e-01
6.716937216599347948e-01
-2.113012888202179251e-01
-5.947279454622299566e-01
-6.310589513265700834e-01
4.744847524763982083e-01
-4.348640543748885090e-01
-6.346629285673429655e-01
-1.247616178356148048e-01
-5.672545218684066359e-02
-3.494468414021152380e-01
1.000000000000000000e+00
-6.317917335205095464e-01
-1.533720433809268868e-01
-9.580529031800637529e-01
3.013139048969379341e-02
-7.861438468164021476e-01
6.634880742311830559e-01
-1.773789021843017455e-01
-6.012211569154829460e-01
9.874399590547553451e-01
-9.129823698352355077e-01
2.599028116556618140e-01
-5.282400091760895977e-01
-3.369478327020183905e-01
-2.152193647152662037e-01
-7.925740935279137478e-01
-1.126362628094600415e-01
-2.831922123421822812e-01
-7.041439574730463669e-01
2.405458273357307664e-01
4.881612003281063927e-01
3.248576577391474873e-01
8.309629756670731116e-01
-9.238748871497930448e-01
-2.596584265575694883e-01
-9.770181275347789018e-03
-6.019156511965169098e-01
-6.706111024796934661e-02
2.264652710478749498e-01
1.538218141624236868e-02
7.569647418606627598e-01
-5.356502125661657399e-01
5.231408271785253916e-04
-1.150227290257141710e-01
8.370549819843516870e-01
4.309296845209338311e-01
-1.000000000000000000e+00
-8.091811259914409860e-01
-3.603278347081333433e-01
-2.468556328115812937e-01
-4.110026875267356883e-01
4.245108469715423993e-01
6.003351439875164175e-01
4.883258200313530528e-01
-7.417272643697724044e-02
-2.994428217656400215e-01
-6.508427917870096557e-01
9.971880403383820424e-01
3.892290116854699722e-01
3.460946334331527763e-01
1.952124101555224589e-01
1.003845854883413102e-01
7.883576852943654512e-01
-7.765184594330173384e-01
7.844309923538168583e-01
2.530533361252366720e-01
3.990193234170046344e-01
-6.705105600954837097e-01
1.601067354929964770e-01
-4.327866939775091848e-01
7.469585082582068658e-01
6.406538888302621970e-01
-4.861612231014582064e-01
-4.754055911315437088e-02
1.000000000000000000e+00
5.538744801173702825e-01
-8.401866710370438085e-01
8.818973827177905012e-01
-7.118853069710363579e-01
9.196627077557234520e-01
2.962262147046429428e-01
-3.128301515085746276e-02
-5.975713975258925004e-01
-6.263235811539731301e-01
4.924108516301900496e-03
4.602943458909740104e-01
4.508449431680533470e-01
-1.375980031497071598e-01
-5.459822904970946800e-01
-7.678897942347299166e-01
-1.051695710450035320e-01
-4.012675800873823362e-01
3.947302200738086464e-01
-3.308961818877741989e-01
-1.480202831133914376e-01
1.038175083082812089e-01
9.308322092607901332e-01
-2.397420661199190506e-01
-3.310622336750970729e-02
9.909828001573719458e-01
-1.000000000000000000e+00
8.333700145323750252e-01
-5.628650921089716208e-01
3.981280233712897187e-01
-5.957866910540866590e-01
-8.471640121055048489e-01
8.711434657562773243e-01
-4.694845687444938465e-01
-8.308461519617744706e-01
-5.449108766651957758e-01
1.346588809076509907e-02
-4.897266562791042221e-01
-6.853412408588284155e-01
2.420468082591529790e-01
4.991667266461797814e-01
3.919015900186575974e-01
-5.257695240439305140e-01
-1.142908006295260404e-01
-6.911171072310708929e-01
6.693866375707320238e-01
6.538852467028751780e-01
-2.709644831696595979e-01
-1.096690061168146685e-01
8.311214045649615301e-01
8.348255487228464222e-01
1.146425705133330697e-01
-7.448063017783448370e-01
1.790651214805483171e-01
-4.518558738808643449e-01
6.904320463302873190e-01
3.170581761214932848e-01
-9.250700712903408007e-01
-7.582944398936841690e-02
-5.201417119093058039e-01
-4.229262038858099260e-01
-7.786183584416547232e-01
1.000000000000000000e+00
-3.468646022379746618e-01
9.639110366850463241e-02
-1.419172126105057163e-01
-5.543834549577368875e-01
-1.144268682538169130e-01
7.988693504149042557e-01
7.901457949569398176e-01
2.834815200633165888e-02
-8.509501820769133085e-01
4.307610150011320083e-01
-1.573999600173688340e-01
3.296099610608139718e-01
-8.431878497637654846e-01
-4.410165319927560335e-01
5.425180615406248741e-01
1.000000000000000000e+00
-4.682380274310123935e-01
-4.430562684754561498e-01
2.939217112533490939e-01
2.600285256743675166e-01
8.070254816552070443e-01
-1.693373659942406240e-01
2.447393684652419410e-01
3.699610777817976537e-01
1.000000000000000000e+00
4.659250202844624766e-01
-9.018613775529538135e-02
-8.198007212783183784e-01
9.895326153979272510e-01
7.708949728420309011e-01
-1.074055694294073493e-01
6.445549843560153258e-01
-4.937352769801874874e-01
5.866715065175365229e-01
4.174120074945384395e-01
-1.000000000000000000e+00
-5.997299030466335390e-01
-1.000000000000000000e+00
2.022987228428848594e-01
-6.560227586289074653e-01
6.283629921831427323e-01
-1.205540099357058775e-03
3.355372742460623059e-02
-1.000000000000000000e+00
3.640210609638215300e-01
1.219674091289715823e-03
-7.502042877162639067e-01
7.253822569352373906e-01
1.703023313460270138e-01
1.045924613537121961e-01
-3.761943593120438689e-01
-5.948802681496720979e-01
8.988638974386319314e-01
3.955076328670853458e-01
-1.984586755298508587e-01
-3.005543507485120558e-01
-3.536448956516882736e-02
-1.000000000000000000e+00
-3.942280233249879640e-01
-5.415876303688910154e-01
-1.810434449993924000e-01
2.570139105021641002e-01
-2.394491577849192643e-01
3.321290186848368520e-01
-4.014494731482044498e-01
-6.328443593155099745e-01
1.418296492479652060e-01
1.000000000000000000e+00
-2.710674655900019991e-01
-2.390071524899622935e-01
3.210338255707787525e-01
