1.927039106753733466e-01
8.966997389785629213e-01
5.912857826099990888e-01
-3.441761460815173645e-02
-1.000000000000000000e+00
5.941018392641423951e-01
-1.000000000000000000e+00
-1.000000000000000000e+00
7.845846123991131460e-01
1.079179751236416518e-01
-6.490891377773009285e-01
-3.322590405809960901e-01
-3.829897496333948270e-01
-1.000000000000000000e+00
9.911738241360887880e-01
3.743093120084595160e-02
8.531429607107425817e-01
4.911359571125645251e-02
2.735776022690404874e-01
5.032944677782889009e-01
-8.816091868852879987e-01
-1.132380309255653916e-01
-3.488838475297563191e-01
2.355465365281395052e-01
2.296360576658730834e-01
1.000000000000000000e+00
9.329771693221196038e-01
2.824754838428530368e-01
1.711083974695829235e-01
-2.658586626985259271e-01
4.590331516802551581e-01
-1.389538462778640016e-01
-6.857852285680967608e-01
-1.008498524874029689e-02
-2.869846217563308821e-01
7.402779752043417427e-02
2.255092403861100880e-01
6.500694664300642467e-01
-3.436263639070036846e-01
-2.646894583644836541e-01
-3.244490324765232914e-01
1.069619667968404741e-01
-1.000000000000000000e+00
1.838317882232609612e-02
9.747266315426620364e-01
-6.911666750218728450e-02
2.938905974571236479e-01
1.000000000000000000e+00
-1.078988922659993577e-01
2.235647261992228518e-01
-1.000000000000000000e+00
3.857290534089081735e-01
-1.000000000000000000e+00
5.403881097284783941e-01
4.677821128806847195e-01
-1.000000000000000000e+00
-2.192756746167930648e-01
1.000000000000000000e+00
-4.578701155533008160e-01
6.974232357657733639e-01
1.000000000000000000e+00
8.830582416464378692e-01
-8.432959276813717375e-01
-5.504825957057852825e-01
3.785555321270799300e-01
1.000000000000000000e+00
6.841908979137549807e-01
-1.000000000000000000e+00
-1.000000000000000000e+00
8.697845738584092379e-02
7.793328428702459565e-01
-3.490371325525301605e-01
-4.013038183087175303e-01
-1.313828265034506226e-01
7.767813447319910081e-01
-7.012588012295517537e-02
-1.000000000000000000e+00
-8.735972780475722566e-01
4.754027413593870932e-01
9.341275886830289199e-01
-1.743450523492109383e-01
9.472834378260713839e-01
-7.877765985579892050e-01
-1.000000000000000000e+00
2.234139395784855431e-01
8.839829318137381042e-01
2.074846642253100892e-01
1.000000000000000000e+00
1.706019561170711019e-01
4.545353027367809995e-01
9.086560619565711150e-01
-1.230341133696884470e-01
-1.000000000000000000e+00
2.211883757619770297e-01
-9.841971913481258882e-01
-3.104755701320224826e-01
6.555088341148684883e-02
1.664033500650512754e-01
-2.241681611702772692e-02
8.571448327977093662e-01
2.588135020191907887e-01
-7.849014300491891083e-01
3.767368883502238974e-01
-7.352940683081368167e-01
1.000000000000000000e+00
5.379974097803184030e-01
2.747268708688363481e-01
1.000000000000000000e+00
-3.732224196108185343e-01
-2.157134587757706390e-01
1.000000000000000000e+00
-2.660630658076999500e-01
-4.680945430104878069e-01
7.694597979390571663e-01
-4.136134389465460637e-01
6.744086897617953547e-01
-4.846423061172410174e-01
2.004379104708964299e-01
-8.799228249788351164e-01
5.077770303426127896e-01
-3.756151258518320990e-01
-9.594371987632279719e-01
-1.000000000000000000e+00
8.298244371796845709e-01
-8.082647042617169264e-02
-4.756357381765190517e-01
7.098879815227360224e-02
7.749964892643329550e-01
-5.264217421404413511e-01
3.007002232731882385e-01
1.927162404606927448e-01
7.182537051684297902e-01
-6.552862645073052050e-01
-3.370864544061535906e-01
-7.210406071879995604e-01
-1.637550506728501776e-01
-1.000000000000000000e+00
-3.758288883230437860e-01
1.000000000000000000e+00
5.585538294856909891e-01
8.274071421223032630e-01
-4.384305735782264429e-02
5.165920213629322522e-01
-7.656709120858068429e-02
8.333908607128485135e-01
1.360473644623367839e-01
7.058523941329445384e-01
-6.017921326953388217e-01
6.174670974218904318e-01
2.219718491588010545e-01
-1.000000000000000000e+00
1.827806818543858958e-01
6.505479768923603245e-01
-3.012009528476267683e-01
-1.000000000000000000e+00
-3.111526666628520732e-01
4.234835289397720359e-02
-6.898897191756334646e-01
4.361503282179129415e-01
2.729190284490712326e-01
-2.601103184470843210e-01
-9.349474540843022430e-02
-3.159598460155917110e-02
-9.888402115246410773e-01
3.074397286391643558e-01
5.757494284337645318e-01
-8.819679310718220311e-01
-5.953846490932004354e-01
-6.091485742167634942e-02
6.926990689262513268e-01
4.492678535017480268e-02
-7.047190303120165478e-01
8.049147932551201645e-01
-7.867995768571983684e-01
-9.432337988839269993e-01
1.000000000000000000e+00
-4.914376533632165978e-01
5.611725743792708165e-01
1.000000000000000000e+00
5.096803509321682357e-01
-8.426693462321597217e-01
4.117104723386272314e-02
2.404106179323802495e-01
1.355252688425105934e-01
2.027040262241505131e-01
-7.215552252600087035e-01
-2.297775536317057110e-01
-3.976438708393539856e-02
-8.640385580080645056e-01
1.705101933395185565e-01
-1.000000000000000000e+00
-9.510228483917915199e-01
3.511477603749518783e-01
-3.476398731858735824e-01
8.681568542425039947e-01
-2.936979933007866084e-01
9.744027825744852045e-01
1.000000000000000000e+00
4.434005375847072106e-01
7.301277344546613923e-02
-8.614217755549388178e-01
-6.578214593997211423e-01
-9.877245387303994484e-01
-7.600445311721816255e-01
-8.240082751557067375e-01
1.000000000000000000e+00
5.070821938033875931e-03
1.873597122098656920e-01
-8.394505527461135763e-01
-3.100511060355789494e-01
-5.706308912190608540e-01
-6.764572028573350160e-01
2.446613825759221261e-01
1.000000000000000000e+00
-7.482746116800746972e-01
1.000000000000000000e+00
-6.176373822421270532e-01
4.390899318078277380e-01
-3.593252572373223375e-01
-2.864747148057257831e-01
7.616509920068814665e-01
-3.117991584123172011e-01
5.112832219179326287e-01
-5.573983169814877847e-02
-9.249152224716048476e-01
-3.709248893565665339e-01
1.000000000000000000e+00
-4.620653204021264449e-01
-4.895607811081079119e-01
8.106628369099346809e-01
-1.000000000000000000e+00
1.435460428661648469e-01
1.000000000000000000e+00
2.138562866132904250e-01
1.000000000000000000e+00
5.281619244981592409e-01
-9.814215959290464308e-01
-7.257401316041994788e-01
1.000000000000000000e+00
8.769279391634865473e-01
-3.333917639433991997e-01
5.526391089066704509e-01
4.439267028140643223e-01
-8.376682358944841367e-01
4.773571783837654570e-01
-6.871261013428683340e-01
-1.450859978002792816e-01
1.000000000000000000e+00
7.316987034749263819e-01
-2.734526311295253920e-01
1.091448849433377527e-01
-9.607555310696038742e-01
4.472799135098932122e-01
6.960554288070353035e-01
7.888655932409466276e-01
3.322091755882707886e-01
-2.279553684570235772e-01
-7.364669095157290180e-01
-1.000000000000000000e+00
7.120396346884819150e-02
-6.766546257224060890e-01
-1.000000000000000000e+00
-4.112716611310424097e-01
1.383213582960551857e-02
-1.157509356628120128e-01
