-1.933449499416310391e-01
-4.495753276779952401e-01
-5.722292216218796135e-01
5.943275499203570789e-01
1.000000000000000000e+00
-4.858467788575306923e-01
6.849323266769102858e-02
9.690980246864311365e-01
-7.031109338493756189e-01
-7.889949441804433583e-01
1.000000000000000000e+00
-9.453242625508179175e-01
-6.305623798772794775e-01
3.182419001591546004e-01
-9.252553898438988789e-01
-6.236934205519500951e-01
5.063096275110265942e-01
-1.511293813352262705e-01
-2.268758642402004533e-01
-5.702867258678028239e-01
-1.075045297146225431e-01
-4.797758594194467818e-01
-1.000000000000000000e+00
7.619314270980224180e-01
4.239131092363797038e-01
-2.368088902791374295e-01
3.731034375432356054e-01
-9.680879319956832152e-01
-5.039352861724244459e-01
-2.318471203120282126e-02
6.097027901290077989e-02
2.898912298788083319e-01
-7.904383575028002262e-01
-1.085731023569020404e-01
3.479485953255978536e-01
-3.242010955427276908e-01
6.188368456826991437e-01
-5.536865443499991990e-01
-1.000000000000000000e+00
7.904373068016379289e-01
-9.444042403971266708e-01
-5.568167261513425892e-01
2.644251619040562384e-01
2.684313751076627952e-02
1.650972126435357179e-01
-3.068725247415623469e-01
5.965760322267702476e-01
-1.000000000000000000e+00
1.771363934165104403e-02
-7.151756822824790749e-01
1.000000000000000000e+00
3.780437774077252122e-01
1.000000000000000000e+00
2.944345986781591318e-01
-2.437319372976734233e-01
-2.085642746741011022e-01
3.246175919451088632e-03
2.738768521151502267e-01
1.000000000000000000e+00
-5.601434709803341239e-01
-4.900260366539030965e-01
2.262364752723652894e-01
-2.221112871785198006e-01
-5.997189602590263791e-01
1.000000000000000000e+00
8.962182357822598977e-01
-6.673619714446565876e-02
-5.713995984083279911e-01
4.319316628324768592e-01
4.474062875329011257e-01
7.587742113309736691e-01
8.993654176666030509e-01
-5.572874759145296508e-02
-8.020494490011141897e-01
3.343339080987799417e-01
-1.000000000000000000e+00
3.672175526845045113e-01
1.374824628185880027e-01
-9.125138915582842181e-02
-7.432303408284981483e-01
-9.832620179772022517e-02
-3.235325397283629334e-01
-2.641921511140761236e-01
4.504971349566132544e-01
-1.387193256421568321e-01
1.000000000000000000e+00
8.931928417367485107e-01
-1.712309493126940030e-01
1.784959444969418385e-01
8.589218349417047094e-01
-1.776044214759080475e-01
-8.164485595930687234e-01
1.680884006511045303e-01
-7.694223941525546451e-01
-1.000000000000000000e+00
1.157182133139488811e-01
7.640188662460827285e-01
8.345146741889296615e-01
4.544657868659706113e-01
4.504652445254644366e-01
-7.090449534359586359e-01
3.197022820425701184e-01
-3.616494888763692739e-01
8.159055132566417345e-01
4.642975769497650340e-01
-6.873966919895535543e-01
-1.000000000000000000e+00
-1.000000000000000000e+00
6.274567432025610625e-01
2.547946378502301545e-01
6.551697638520876943e-01
-7.058601891251680138e-01
2.007644610761623316e-01
-6.289125538457633890e-01
-1.000000000000000000e+00
-7.696097691781605965e-02
1.000000000000000000e+00
-3.450828589061307738e-01
-1.835127830687177664e-01
1.613298257213957587e-01
8.882182561343978655e-01
2.241084586229411535e-01
-9.060028034819145315e-01
-6.817614077550129270e-01
7.504556033880591670e-01
-2.476928173805864331e-01
-4.174946598709075585e-01
4.975200602792229088e-01
3.693127693650782861e-01
7.301518074768698074e-01
2.770594478095663726e-01
1.933453117995503207e-02
-6.194318756367225287e-01
-9.711804135220002132e-02
3.437881768091828327e-01
-6.288826160629596984e-01
8.210393034355842889e-01
9.299009674258695846e-02
-7.330081650605335675e-02
-7.748681889886244178e-02
-3.385937704398304104e-01
1.000000000000000000e+00
1.000000000000000000e+00
2.739197470718214289e-01
7.629218136396607175e-01
-4.699819605146203783e-01
2.006466614844681917e-01
-1.508730582968591527e-01
3.271383242399657221e-02
2.097124414001976245e-01
7.532602407660136112e-01
-1.000000000000000000e+00
9.915737520214618073e-02
1.000000000000000000e+00
7.674936045197542356e-01
7.792952885882228897e-02
1.000000000000000000e+00
-1.458043093938412305e-01
8.321249180792269495e-01
1.000000000000000000e+00
9.393237440046398046e-01
9.494321316244191955e-02
4.098321481607578587e-01
-2.695836040168644310e-01
5.809962672888175916e-01
-2.641730739450391940e-01
8.776742257562042404e-02
8.325254528358843054e-01
6.567544622615464345e-01
1.152845968170099766e-01
1.000000000000000000e+00
8.774610398866311556e-01
1.077592057061518283e-01
3.202839397460343629e-01
2.009949337350673826e-01
5.846656671007273154e-01
1.325727251653114336e-01
-6.579869095883248420e-01
5.360073824147524313e-01
-3.363506343276241872e-01
2.956586912644338927e-01
2.157745810277094112e-01
-4.133972825808083229e-01
7.890459821811016683e-01
5.268236845834848303e-01
-8.016622747032036145e-01
-5.087716853518882143e-01
8.819399425858525099e-01
4.590645004029094700e-01
9.905723352537987303e-02
-1.737595436177649111e-01
2.563330227260547378e-01
-5.582996803899966665e-01
4.771114078028619865e-01
2.483172369178636707e-01
2.411237308841500115e-01
1.000000000000000000e+00
-2.006982410562374586e-01
6.554452793773180019e-01
8.130884263794184719e-01
-5.395388266307973302e-01
-9.808078025152158208e-01
-8.459750232237847056e-01
-6.150509178142695710e-01
3.934309200913480575e-01
-7.686411571470246340e-01
-2.638105445260654491e-01
8.437690859602472448e-01
-6.236358593050246313e-01
-9.947221207388965425e-01
1.896499531220066093e-01
-9.324080995515218184e-01
5.687534235015268003e-01
3.868370771569008548e-01
4.706142751085042875e-01
-4.106233640012434960e-01
-8.138435074898270338e-01
4.857338523136917607e-01
-1.174024571601954836e-01
-2.514393951284801254e-01
-5.585572715093130025e-01
-4.548237926450920954e-01
-7.667743974603775658e-01
-8.866291011682703171e-01
-9.368026365503647757e-01
-5.176048745006451846e-01
2.154511734976033988e-01
-6.836805953947691084e-01
-1.524524370648034921e-01
1.280477733167790788e-01
-1.287808227839537523e-01
3.217513553264979009e-01
6.475919552556128611e-01
2.221240831300456686e-01
-5.899267826704905904e-01
-7.953792350584625304e-01
-7.071850593306208133e-01
1.000000000000000000e+00
-3.304030637640111012e-02
1.092744541243322320e-01
-9.861148007519378034e-01
-1.319168816020361845e-01
2.856582402786717045e-01
7.160415849976057290e-01
6.539244428055429603e-02
-9.133585013950711318e-01
-1.377165823458473271e-01
-1.349664168183941637e-01
1.000000000000000000e+00
7.801887391167730001e-01
-3.568662214141894440e-01
-3.974220335242133473e-01
7.222142025901658879e-01
2.400043683396482219e-01
9.344008471216409539e-01
4.226234573556613694e-01
6.407876645093948387e-01
4.489922218893116490e-01
7.778844976934244926e-01
-9.945546020728618375e-01
-1.000000000000000000e+00
8.023296935172292699e-01
8.300100606769740264e-01
-3.729954412577811684e-01
4.249938938023887225e-01
