8.050834372736512812e-01
-8.419781910351008536e-01
4.033309836343953458e-01
-6.047754960233411858e-02
-3.234935468298675842e-01
-8.539401370901990029e-01
-4.894038114316338617e-01
6.825134758356597997e-01
-2.176612826479395468e-01
-2.243655407932942936e-01
5.715865068096245283e-01
-1.019270470543794382e-01
3.655046290755116223e-01
-8.616239677165047350e-01
6.256371224077073023e-03
-1.460318960775677799e-02
6.209111206494460911e-01
-7.813823924145202326e-01
-1.000000000000000000e+00
-7.361968457995512471e-01
-2.625809282076129736e-01
-1.864639620107445273e-01
6.202283433107094179e-01
-1.000000000000000000e+00
-3.735030416451550761e-01
5.029597399530753021e-01
1.000000000000000000e+00
1.867665426729640810e-02
-1.109703080787842328e-01
-1.000000000000000000e+00
4.344024394185823090e-01
-4.165700598276788069e-01
-9.892521635756093001e-01
5.477466146720638696e-01
-2.520834944075994732e-01
-1.303013977173174687e-01
-4.659872211992671653e-01
1.252072565501957668e-02
-8.373916226027665610e-01
5.256781803951128262e-01
-1.000000000000000000e+00
-3.885421069138565442e-01
-2.861749518482584187e-01
-1.000000000000000000e+00
-7.303387623180170873e-01
7.056213897739060936e-01
-7.445604728249343163e-01
-7.344954466438058382e-01
9.250012389160491288e-01
-2.910095616139721231e-01
-7.128502895711412712e-01
-8.363618824463057155e-01
-4.187039799906883131e-01
8.009953965941761789e-01
-1.000000000000000000e+00
-6.881718877262248402e-01
-7.549271697824098126e-01
-5.452228438966348900e-01
2.281603512424179581e-01
9.045178803359755770e-01
3.717913770644688531e-01
4.355498356753439992e-02
3.391556305894480317e-03
3.270002731938805307e-01
4.600307191804156037e-01
-2.077983023891588621e-01
7.884683439055157894e-01
-1.000000000000000000e+00
1.716120211648518024e-01
-1.000000000000000000e+00
3.591119605499673573e-01
-7.671621661217666865e-01
-8.921968620624279867e-01
-3.162350510304889895e-01
-4.019481306713156843e-01
-3.182476214685666105e-01
-1.676627502776883716e-01
-7.861274842810401786e-01
-2.528170040366009563e-02
-4.954906446450383362e-01
-6.293532944951901742e-01
-4.250785988929600134e-01
-4.518303592170641036e-01
8.942048341614834417e-01
4.964372260903997525e-01
8.343649084970232721e-01
-9.826333043847800264e-01
-9.671327039672388270e-01
-3.445145341929645166e-01
-7.484328418856033005e-02
-6.169986989544947731e-01
-9.310238318120290790e-01
1.000000000000000000e+00
-2.655228476253971848e-01
-5.967072173961823767e-02
1.762415606171567339e-01
9.017439143316440253e-01
-1.000000000000000000e+00
8.962186476612352681e-01
-1.327987243481108803e-01
1.000000000000000000e+00
-4.524093577334764027e-01
-5.336634895216485486e-01
-3.266712876831515122e-02
-4.256723497790234068e-01
9.040079835554244436e-01
-4.330493666148685916e-01
5.118642362527957568e-01
7.131824407503331575e-02
-4.316920764769567320e-01
1.582317709444039378e-01
2.955197699212206985e-01
6.000123566869958180e-01
-6.899759958360672796e-01
-1.000000000000000000e+00
-2.722577931024787179e-01
-5.809726581170772119e-01
-7.199686610930856878e-02
-2.091587361965166758e-01
-4.029166334348452949e-01
2.205710084849316077e-02
1.987192153542433615e-01
-6.631558298789891337e-01
3.722166744519602166e-01
-2.595147821864082216e-01
-7.895513592613450093e-01
-1.952377502775328733e-01
7.124258388089949046e-01
-8.882354416675872222e-02
-9.783887934749484483e-01
1.971596798214050039e-01
8.274320875204278503e-01
-1.000000000000000000e+00
-3.223105915160208168e-01
1.000000000000000000e+00
-3.538820810262675587e-01
-3.619203749999790887e-01
6.531702101588668929e-01
-9.123084746921441557e-01
4.996348895987395289e-01
-1.793709404486974190e-01
-5.912940203758968449e-01
-6.897054674244124106e-01
8.009138842108214362e-01
6.521727563863738419e-01
7.932226362403979047e-01
1.824501374790510333e-03
8.780117882123997797e-01
-4.224527245833220590e-01
9.847351879840009481e-01
2.278966200192714675e-01
-3.001918889311853134e-01
-5.812763398683284954e-01
2.520601794046844479e-01
4.347869543572156492e-01
-9.344415243387820258e-01
7.373578986783635436e-01
-9.390912355060460071e-01
7.847046991694694995e-01
2.478355606884436735e-01
-3.015244976972504265e-01
-4.521869937266562722e-01
7.984265363013648420e-01
4.234084844200746711e-01
6.305665591433483597e-01
6.088534564481917766e-01
5.811639434598891985e-01
-1.959029853476805527e-02
-1.987749743713622397e-01
-2.138281313990638144e-01
7.046469789164315767e-01
-1.131274841206558190e-01
-9.691493662465877623e-01
1.862244169484708889e-01
-2.502102072242591291e-01
-7.259459221134040297e-01
-7.688164622231374867e-01
8.140892719626822149e-01
8.575586453234067541e-01
2.115070006709413031e-02
1.000000000000000000e+00
-2.526335759733743802e-01
2.241868430279192193e-01
3.823889481010298019e-01
5.714583121897423013e-01
6.275649691432276800e-01
-2.096355303863164099e-01
-5.028583513076798628e-01
-3.309451584100792099e-01
-5.745538369004117574e-02
-4.182582949984554044e-01
-8.701589273156226101e-01
2.949705565370817073e-01
1.685838464211925625e-01
-4.925079656750763757e-01
-9.186902691896148276e-02
5.312159766953112872e-01
1.094498127569260848e-01
9.080052006800229947e-01
-7.162087943246672195e-01
-6.385247701223306649e-01
-3.984612666559940175e-01
1.577593495202493923e-01
-1.924208878182308638e-02
-1.049406339950351708e-01
-4.355504238018451102e-01
-6.426819053787897751e-01
6.751582791385271065e-01
9.193065454586664131e-01
1.831084431823552239e-01
7.391145420064448857e-01
-5.256515685958407236e-01
2.536710997747286811e-01
-9.950500459271963138e-02
1.713543222206014571e-01
-5.072104397106247387e-01
-4.700026136955574030e-01
-5.078688161218778419e-01
-9.254912661148940733e-01
5.024559294584697300e-01
-8.954720434392611228e-01
-2.007526035714247425e-01
1.000000000000000000e+00
-1.000000000000000000e+00
7.486608187825117833e-01
-1.000000000000000000e+00
5.310893706678487813e-02
3.065393693807692554e-01
4.131549598933180190e-01
-5.315375221433625841e-01
-8.676097830422371260e-01
-1.000000000000000000e+00
1.807533785913409130e-01
4.947541779722063326e-01
5.450487143931825873e-02
-9.171075288881680443e-01
-7.190971460397624915e-01
-3.687935411852419909e-01
2.478064841999766399e-02
-1.705942186075142808e-01
7.159244320885526092e-01
-7.540407390714176650e-01
1.452940300040841959e-01
-3.935185914001271962e-02
-5.890350401311170159e-02
1.114932060006876557e-01
-7.152377013788955296e-01
-1.981009031188651903e-02
4.688559092356728297e-02
-6.475660387510430160e-01
-7.679140782313393920e-01
-4.406316357175026344e-01
-4.939239356621294430e-02
7.552183606783767766e-01
-2.698126098895163305e-01
-2.453625398405154534e-01
1.000000000000000000e+00
8.029990677089925422e-01
5.628663133749085556e-01
-1.078821239952604261e-02
-1.000000000000000000e+00
-6.342265967423936779e-01
1.815621941381648785e-01
7.627604313618517873e-01
-3.241459118370664250e-01
