1.998828005834275834e-02
-8.865009616434085249e-01
-5.103588943194415917e-01
-5.351470138382958819e-01
-4.715054204098012569e-01
1.000000000000000000e+00
-3.605553273097526490e-01
4.058950263609095721e-02
-4.242961484539897743e-01
1.000000000000000000e+00
-8.446942378399306950e-01
8.021263031806906696e-01
-1.000000000000000000e+00
9.132883635281374701e-01
6.817784345805391055e-01
8.230672394876179521e-01
-7.992434546256701466e-01
1.460511293549064393e-01
1.000000000000000000e+00
1.000000000000000000e+00
-8.632989440854377250e-01
8.723779318369296876e-01
-1.172797410312327315e-01
4.291070527442448768e-01
7.172083934771019686e-01
-1.324328953346802784e-01
8.353421041116346757e-01
9.364183673144810260e-01
1.042582665224593974e-01
3.531272765803710190e-01
-1.000000000000000000e+00
1.000000000000000000e+00
3.153064124710835969e-03
5.874340783028808577e-01
3.377157954512179927e-01
-1.850850267412689210e-01
-5.007211017984323220e-01
1.000000000000000000e+00
-1.000000000000000000e+00
-8.465523866817323828e-01
2.267306946572567039e-01
3.943784582635394553e-01
-7.089336161942205727e-02
5.982748319309263429e-01
-4.407556968317074553e-01
-8.746736816937131231e-02
1.000000000000000000e+00
5.368711402181693959e-01
-3.887108014038576087e-02
4.472175230625503595e-01
-1.652775884321371347e-01
-8.837118448410252736e-01
-5.346071033832947572e-01
-7.851555998233114009e-01
-9.028461990054241770e-01
8.476084482970207556e-01
-4.686475505756917403e-01
-9.489974738381888875e-01
4.305993045159171029e-01
9.254406486810560217e-01
6.938122517904468101e-01
-1.248678516498906710e-01
-7.820506247845588899e-01
-4.248489448490959663e-01
-7.810469643371982240e-01
-6.716969380397489475e-01
7.844677634226804308e-01
1.000000000000000000e+00
1.877099477908834579e-01
4.092103968934167058e-01
-6.308272058336927834e-02
-1.175316728817026313e-01
-1.818442032946621101e-01
2.202975522384207907e-01
-2.421686302196337515e-01
-5.413512526714019391e-01
1.890118339912394418e-02
1.216906124513282006e-01
6.761425719992844030e-01
1.000000000000000000e+00
9.957134392239086473e-01
-9.724446571235494385e-01
4.836978659719037843e-01
-1.000000000000000000e+00
1.303957218694342668e-01
-6.707351615349578244e-01
-8.351409116312780156e-02
-8.699902621501678368e-01
4.771044620022115712e-01
2.120018397589240600e-01
-1.000000000000000000e+00
1.000000000000000000e+00
1.974637159446288592e-01
5.536363563639723484e-01
5.592511796676002955e-01
1.000000000000000000e+00
-1.378877828946125650e-01
3.616345170636617867e-01
2.158682704339409675e-01
-3.659175407297172722e-01
1.497792712100505241e-01
6.417042461117257179e-01
8.685189230357892587e-01
1.000000000000000000e+00
-5.601318357848199536e-01
-5.854441886113135318e-01
-5.526062795900963387e-01
1.544491714835430352e-01
-4.808153729491062567e-01
-8.332883726127087165e-01
-3.090246566861718502e-01
-6.885493701409731715e-01
-6.220001704743303161e-01
-5.829470289667449956e-01
-3.075689162186907577e-01
-2.425351320565489188e-01
-1.000000000000000000e+00
-2.480660782574277690e-01
-2.785826342191008997e-01
-8.172372859012561053e-01
-3.874559540678185199e-01
-2.681562412328710732e-01
-8.667556999057206557e-01
-3.351232024248496089e-02
-9.905125722038321534e-01
-1.000000000000000000e+00
-4.557911884034631100e-01
1.495326434056549747e-01
-1.000000000000000000e+00
-1.741913994971127089e-01
4.641289413004496822e-01
-1.000000000000000000e+00
1.741238466565777077e-01
8.870474419641376507e-01
5.406302986537894206e-01
-1.000000000000000000e+00
-6.205905709333514597e-01
1.737769071184314118e-01
5.274436752301228104e-01
9.405342213325433853e-01
8.181494988375808131e-01
-6.940260870552175110e-01
-1.000000000000000000e+00
6.004718175355072685e-01
-7.739741091478622437e-01
2.178429019002118827e-01
2.367707695817333757e-01
2.248785102692147930e-01
2.864618048528937422e-01
-2.637011161263566605e-02
1.000000000000000000e+00
6.205161857952464777e-01
-6.524285039819788246e-02
3.081445995055622777e-01
-7.776091862647331876e-01
6.301164299858952322e-02
6.063431478078502579e-01
-2.555996325415275106e-01
8.887343284102950935e-01
-8.364233628073911575e-01
5.900021220563469448e-01
5.931726904603622508e-01
-8.917259009489100219e-01
-5.109168938020132167e-01
7.209597222856565235e-01
1.000000000000000000e+00
-7.239526300349046206e-01
1.852936507281091050e-01
2.197551490260086782e-01
-3.764006435811195761e-01
-6.403609331653983272e-01
-7.763487188802420391e-01
-7.797660995914575954e-01
-1.794973010375319200e-01
-8.450149853492461283e-01
9.213908353706092846e-01
-5.877921810582718010e-01
1.769183879834226869e-01
2.138862871028397450e-01
-3.736533099373644529e-01
-1.000000000000000000e+00
-2.490409623338269984e-01
-4.457746518722105478e-03
3.818116487981590423e-01
1.000000000000000000e+00
4.271115408220925724e-01
-5.067204949817143422e-01
1.000000000000000000e+00
-4.088861894409832054e-01
-4.787206673658914724e-01
3.843075953816574852e-01
-1.457335782680053704e-01
4.825894152011207527e-01
-1.000000000000000000e+00
3.583001413843608374e-01
-5.567239021139528399e-01
5.270819632585832526e-01
4.239385106422632887e-01
2.523385434345508660e-01
-7.283854741599583571e-01
3.761153664752026060e-01
-4.365555721357461394e-02
7.484021930040445358e-01
9.318231639137803946e-01
9.360744844664532494e-01
6.590677140116187882e-01
-6.122375497721896931e-01
-4.616304719760477848e-02
8.623935659493083827e-01
-8.161697910653715748e-01
-6.677581630161508741e-01
-4.541116553845934156e-01
-8.565377712839321589e-01
4.491009479618741640e-01
3.364903888595186660e-02
-5.923450585964593618e-01
3.992689670169627392e-01
-9.102558153439337385e-01
1.643259339949991737e-01
-4.575340030858330298e-01
5.653424965051714324e-01
-1.209628778841055213e-01
5.013276213759618738e-01
-6.109796963818173721e-01
-7.224134833917468246e-01
-5.125038665590616604e-01
-7.685522629378647164e-01
-5.144057607353591521e-05
-3.169493429459221412e-01
2.286726245878898389e-01
-1.543388258000504276e-01
1.000000000000000000e+00
-3.043057848868713222e-01
2.930691100624376322e-01
-4.807940872297285506e-01
8.009522748005455384e-01
6.236599041613424266e-01
3.332540701977196873e-01
-1.000000000000000000e+00
2.749166909373865764e-01
2.671396992496042344e-01
-5.592626148494272975e-02
5.327212772599292379e-01
-7.013980621770117274e-01
-6.710664162167552238e-01
8.363638776554918053e-01
-1.698353446438294334e-01
-7.632257682152789879e-01
1.898693069662545363e-01
4.688651772369678561e-01
-2.864067744933340709e-01
9.464374714755716678e-01
7.105465593626303367e-02
9.070539483037811657e-01
4.469688785180923052e-01
8.692765803672551916e-01
-7.195895182992497752e-01
1.040655840048612113e-01
7.175194144248315808e-01
3.581168233084426333e-01
-8.328965105861452223e-02
-6.715203467265948856e-01
-6.839859293080311486e-01
3.751711120645273567e-01
3.307969946545682438e-01
