5.774435373391522547e-02
2.638324482743983346e-01
-6.524286440535636000e-01
-7.753221106154661868e-02
3.375349309244344842e-01
-9.665891411379615716e-01
1.658374405787148564e-01
8.288821390416758472e-01
-2.157796101801784106e-01
7.803404028714457930e-01
-5.586559448088572744e-01
7.890694108120878125e-01
4.751043031333207489e-01
-6.872857836515211538e-01
3.584128308194216572e-01
-8.198220337398598456e-01
5.918075692623560036e-01
8.048029373770154704e-01
1.000000000000000000e+00
-1.000000000000000000e+00
4.498847575280906508e-02
-1.000000000000000000e+00
-2.685460319298806908e-01
5.357558655258587432e-01
5.824379579970659915e-01
1.886373695047801613e-01
9.875673550930024192e-01
8.278143294266990804e-01
3.167404749782851692e-01
6.642296971862833299e-01
3.774477636913422529e-01
-9.668972370580124487e-01
-9.991435974733817726e-01
6.666064229017402143e-01
-2.729223744613093472e-01
6.023000650456741267e-01
-1.000000000000000000e+00
1.476870783829417610e-01
3.789614506052300102e-01
3.969752226420294461e-01
-4.203071005860242182e-01
-1.000000000000000000e+00
1.180261890921183721e-01
5.567160827121422351e-01
-2.398414378250745826e-01
8.872430792294626611e-01
-4.564704801649832611e-01
-7.527041100251176120e-01
-7.520724340833994104e-01
4.507137546424209162e-01
1.972539734980540693e-01
7.509484514679872769e-01
-4.734022745290451528e-01
4.529610205590650640e-01
-3.897468631179756837e-01
-4.817729160148894185e-01
-8.432926835845012681e-01
-5.441621294910503615e-02
-4.846787491735885522e-01
-5.559376856492945773e-01
7.196496432159134038e-01
2.735444774906579668e-01
5.480665265548813059e-01
2.516587246444724202e-01
7.066430568002706192e-01
-5.212465651374095232e-01
-9.089206830032651174e-01
5.007935997280841267e-01
-2.726762482059358339e-02
-5.895471251013375547e-01
9.168455792473018118e-01
9.846815169022873349e-01
-1.491278727227596246e-03
5.556074875262356771e-03
5.545114320842904343e-01
-2.022627149740240105e-01
4.145134726065088926e-01
-9.585844135276609945e-01
-9.933421076078560175e-01
-3.069846263141655651e-01
7.549801220365168763e-01
-8.418328308058027343e-01
-2.364356671398586407e-01
7.165092825513940111e-01
3.399926973994460977e-01
-1.346156806678369677e-01
-1.466070089354700734e-01
-7.863238983823753192e-02
-8.690350031842568601e-01
1.527120419741853086e-01
5.627618011283975763e-01
-2.013640614013902930e-01
-4.213254563867951941e-03
-4.149515444630352823e-02
1.894311459914831686e-01
3.462675533195334054e-01
7.847874412281208301e-02
-1.000000000000000000e+00
8.053764917129651035e-01
-4.465902944446993317e-01
4.546643799165022148e-01
-1.000000000000000000e+00
1.842464473947189874e-01
-2.853427921218052998e-01
1.309811447583475452e-01
2.088105888738567284e-01
3.073848707164084093e-01
9.998597242047311262e-01
-2.025669583930028717e-02
4.153946640669277102e-01
-7.861381439333489651e-02
6.158037259088129378e-01
-7.301583705871039776e-02
2.705780472874816378e-02
-1.000000000000000000e+00
-9.961776500576378091e-01
6.358557279011716190e-01
-2.760505517371368844e-01
6.772487801277943253e-01
-6.508415302304559891e-01
3.977153677631918294e-01
-9.215007860654970129e-01
3.242592454367025923e-01
-9.028184518114081847e-01
9.262726303491619628e-01
1.000000000000000000e+00
-9.886606578877834561e-01
-3.147325354899840194e-02
3.896232217841961165e-01
-2.207942364285854220e-01
1.079722428738638662e-02
2.182213716967877359e-01
3.010008026586824537e-01
8.389108400486164907e-01
-5.946471984512680109e-02
6.460923037358795584e-01
1.069352549123834678e-01
-1.000000000000000000e+00
6.902154742042836411e-01
-1.818735594336807759e-01
-4.154594926073948979e-01
-1.693692417570647757e-01
-4.009438000935599544e-01
6.107356792120370859e-01
-1.000000000000000000e+00
5.385738365559423757e-01
2.495384099526665733e-01
5.577688445222632740e-01
6.107372867789173654e-01
8.738391446604162338e-01
4.170039872280010829e-01
-2.095934631962170780e-03
-5.247912181764065043e-01
-8.507868799778339763e-01
-7.610103789097251159e-01
4.552437021071136236e-01
-3.830737536108731467e-01
8.987709581559980565e-01
8.195475807399630330e-01
9.851624193672234853e-01
-2.312030332477407191e-01
9.951113419241469638e-01
-1.732671608676728536e-01
-6.821451726323157772e-02
6.097725547136233215e-02
-6.892760750487038068e-01
-3.367268920653388453e-01
7.854695905997940431e-01
1.625848919727049258e-01
-6.804389870253726436e-01
-7.892863569202130947e-01
-6.121744494322521601e-02
4.103776153518303715e-01
1.895355985178128755e-01
-1.000000000000000000e+00
2.714847014032573114e-01
4.778276352874630817e-01
8.310147126898492775e-02
3.604567401170404306e-01
-4.494363812844071049e-02
5.399963695463335656e-01
-4.905407992780877469e-02
4.277531966274779052e-01
-1.000000000000000000e+00
-3.816543799468160025e-01
-1.000000000000000000e+00
-4.872116675130991892e-01
-5.561188440942091971e-01
-3.718283313564128556e-01
-1.230935415581503323e-01
1.614042821324130628e-01
9.928430353854528212e-02
-9.922595633925596070e-01
-3.836858162503213876e-01
-2.308721245932566779e-01
9.522096131312836054e-01
-2.802605093957658000e-01
-2.674694552284492266e-01
5.614851501795823374e-01
3.233713866142445825e-02
-9.795603539537416360e-01
-1.000000000000000000e+00
3.325757516210506859e-01
-9.292242680084812356e-01
-7.359676059311173191e-01
1.010986095622951469e-01
-1.045964814057315367e-01
-9.544970682670368411e-01
2.086158667872926309e-01
8.088121271478185825e-01
-1.203649505469104319e-01
-6.152497346274318213e-01
4.568046992862427880e-01
1.000000000000000000e+00
-1.000000000000000000e+00
-3.686522935811391566e-01
2.484456616676407881e-01
6.675786081075369971e-01
5.159096194651726641e-01
7.872035798196750367e-01
-7.516596370375024094e-02
9.127562064832357436e-01
6.849535829035228174e-01
7.177700031373993594e-01
6.635070509953280293e-01
-4.527202703105868142e-01
-1.128676497975159010e-01
6.062483756893868314e-01
-3.991415869959733520e-01
-1.000000000000000000e+00
-1.875789321347125505e-01
-3.984999470144417466e-01
-1.732261401217453645e-01
-6.794525037538442502e-01
-1.850681000367375706e-01
-1.244936116917676749e-01
5.581563258469971478e-01
2.871645186687936668e-01
-8.902607607508461474e-01
-3.091235292036162430e-02
-1.000000000000000000e+00
6.980852700558972668e-01
8.045654708195468796e-01
9.783841662514032311e-01
9.383364596351316811e-01
-3.508957454779286222e-01
9.382969276602035613e-01
1.000000000000000000e+00
2.987389277153964517e-01
1.337518827669850474e-01
6.700221935873434953e-01
3.121041854734569743e-01
-9.513062983939174488e-02
2.805385414143256595e-01
8.633087200099966996e-01
1.000000000000000000e+00
-9.165563446030428052e-01
-1.306514903971517372e-02
6.481103752842785060e-01
-4.349626186512122739e-01
-3.919206274359616771e-01
-2.017626295184352936e-01
8.384754803543392754e-02
-2.441289061170771879e-01
9.413315987510239014e-01
