6.126118278910690496e-01
-3.357042763343425218e-01
-4.170946422463666092e-01
-5.027915122516344315e-01
-4.307240362413367052e-03
1.797473488469789604e-01
8.597629658776042572e-01
-9.809322724467519627e-01
1.201741372902902505e-01
5.703567642784250769e-01
-3.609614965799810005e-01
-1.375728307890256852e-01
-6.257641176550363671e-01
9.462041725700309769e-01
7.817219673885718034e-01
-9.119815213378898999e-01
2.361736784871171224e-01
1.356079695551271058e-02
2.246461171229220677e-01
5.235464363906505714e-01
3.886232433939817987e-01
2.900858463783975161e-01
3.440698689241439290e-02
-5.952305744613548555e-01
-1.283039471100135831e-01
2.550792742718338557e-01
1.024966277204786280e-02
-1.800797681357247937e-01
8.846985650353564878e-01
-4.352520036966078809e-01
-1.735538695231397810e-02
6.611391664406789381e-01
1.041908021552338803e-01
3.065822321265686545e-01
4.643330260102043194e-01
9.826700747365328947e-01
9.477728489624455133e-01
6.561245181123408488e-01
5.538114235748681224e-02
1.047529410277825979e-01
-3.608990003469969565e-02
-6.031534534433231620e-01
-6.482166602738774763e-01
-4.017807088697509244e-01
-7.588748274210199707e-01
-3.043201295650455052e-02
-6.683840504723495002e-01
7.680220487606559399e-02
-9.189136436725340307e-01
-7.535209901669773780e-01
-3.192976817973987025e-01
-5.243095478276114108e-01
-4.770072685411701485e-01
-8.871197787323032991e-01
-8.021193762125851112e-01
2.493578052530021072e-01
-9.611356180420984607e-01
-9.688386173424898828e-01
-7.625293809185662575e-01
7.442782607100240089e-03
6.409322533791428356e-02
8.870190234104935456e-02
9.537495299789884307e-01
-7.277074874326592280e-01
-2.887311272039011500e-01
-4.290084093177692903e-01
2.218071239561394403e-01
-7.902471648719213704e-01
-9.851471276586218906e-01
-2.937011836905192297e-01
9.330241516392558943e-01
-8.296505990608391556e-01
-5.280696630233956412e-01
8.783489018771886148e-01
4.146773375564127839e-02
6.292341605332966159e-01
-3.754824033829102792e-01
3.406721969992190235e-01
-9.464787440723336776e-01
-9.646831771855832738e-01
2.742668723305662359e-01
-1.667726177298061163e-01
8.110790386142001651e-01
9.212143667217709275e-01
5.722716084740618880e-01
-2.264529168077911159e-01
6.849219961996025896e-01
-3.632975817483141689e-01
-2.073747680619433265e-01
-7.107567328036310528e-01
2.839631499126464842e-01
-5.943783775965493232e-01
-1.260018530555675476e-01
-5.454329124886543312e-01
-4.857207158851524209e-01
8.776488075173988213e-01
-1.482942724354626707e-01
-1.627850387066323012e-01
9.983082530758520257e-01
-8.692806617691650750e-01
-7.896008387043698118e-01
-7.206476456047750112e-01
-8.911789605353044319e-01
7.654812631358662856e-01
7.912016957529072192e-02
1.336726955454754506e-01
-3.978999503642810520e-01
6.210422672328195226e-01
1.630960848920765816e-01
1.838819874814583422e-01
1.821453145802509610e-03
7.501664396408345148e-01
-1.230549564879060975e-01
-6.870517643749636250e-01
-3.158993298644703351e-01
8.422990699163121486e-02
-6.805304155357883023e-01
-2.032866597756599614e-02
-2.875026449325936984e-01
-1.810876396657556953e-01
2.472518819122769274e-01
1.760313249829380533e-01
9.872895972851301050e-01
-3.648307430153436837e-01
-6.553717292297267516e-01
-4.522504034562957465e-02
4.546169347425942919e-01
-9.826309399492518803e-01
5.434987213781177218e-01
-5.816417877501556255e-01
-5.231882504212721496e-01
9.946202113960657398e-02
-8.227678885074563020e-02
3.148377535575113129e-01
2.431501851106550038e-01
-7.985067876290847799e-01
3.870074107335984559e-01
-4.905003784086987562e-01
6.494299488897365968e-01
4.854538482872370886e-01
1.390882774691091783e-01
-6.813157999261447717e-01
8.354757572801750909e-01
-8.767428084678098310e-01
9.386478326113063542e-01
3.665562083746585209e-01
3.832524981145213339e-01
2.301971729266072408e-02
3.068578394240304430e-01
-5.924305240150289364e-01
6.247719975886008026e-01
-5.780920927991890501e-01
-8.025305762699364021e-01
-3.968329346211318942e-02
9.341147240071563385e-01
2.299936393312496108e-01
6.434829516021862705e-01
2.076208401433983219e-01
5.330373781477080186e-01
9.076271019791797290e-01
2.443771066582880458e-01
-1.414159405238769873e-01
1.652659933198934450e-01
4.767601715784448579e-01
-3.079623926619572405e-01
-4.927681092921805117e-01
-7.198947152735057919e-01
7.540008282830090725e-01
2.880141803429119296e-01
-8.001560080644134487e-01
5.359650075981674533e-01
3.178906982768429090e-01
-9.092653924600835325e-01
8.534258240111431970e-01
-4.495334110877009515e-01
5.075136376181696996e-01
-1.230995202782267928e-01
3.427458193723497137e-01
5.101513905213408417e-01
-7.202091052547245908e-01
-7.773245691674874891e-01
-4.938161359454085186e-02
-7.000742794832945926e-01
-6.411127501461797440e-01
-1.530379932880576721e-01
-7.984681040018253295e-01
-6.700039759154615693e-01
5.454669776837697270e-01
-4.635627802944111142e-01
-1.538096428671757443e-01
-8.055458495424465681e-01
-2.710655506168415663e-01
2.267495648335102754e-01
5.615414050556435388e-01
-3.174706934385873591e-01
9.579202715115777700e-01
5.225617426471733662e-01
6.318670074628298661e-01
5.975305338738596816e-01
2.130393495131084336e-01
2.327357156990677023e-01
-9.481092349990218882e-01
8.829182476157908521e-01
-9.698218345175619870e-01
-9.281581748077050165e-01
6.802866560739647683e-01
-9.691541206669731512e-01
-4.250062851095526284e-04
-9.245128010294156873e-02
-7.836693145872746236e-01
-3.964003703204751483e-01
-8.558202077322059065e-01
7.436869775230916524e-01
1.292368305197146849e-01
2.214008413673660414e-01
-2.848530707976058007e-01
3.998520660778002167e-01
-7.649166826084936588e-01
4.173372943781410438e-01
9.192421810893961487e-01
6.652352062287347767e-02
8.629987529809384217e-01
5.380240065049968212e-01
-5.265646246034452194e-01
3.550464847917221833e-01
-2.047091149315161118e-02
-2.351437763057742103e-01
-4.594298715145617162e-01
4.461098373528180616e-01
8.345978654403050090e-01
1.444023859420986433e-01
5.916389636746127723e-01
4.539441331629170406e-01
9.262400813143460976e-01
-7.219021404933390063e-01
9.343708600089786209e-01
-8.637045292049287948e-01
4.427173892017666201e-02
1.215099936158686861e-01
8.411534281648087585e-01
3.173942129411915225e-01
7.277135304403272720e-01
3.494452903167162283e-01
-2.428546813855465558e-01
8.515885819847341942e-01
-8.419681153022318121e-02
5.481376802788253677e-01
5.894453715787988379e-01
-6.221933393449277094e-01
-1.968833097589254288e-01
-6.197611587639524355e-01
3.105031741960866398e-01
7.925003090406104178e-01
5.204930810381942496e-01
9.836801405412161081e-01
-2.753777233829428628e-01
-1.952186344056322520e-01
1.276287905389398014e-01
-1.256371675668011001e-01
5.907237908233509138e-02
4.574279643569951759e-01
-9.237269850614304723e-01
-3.678864256935753252e-01
9.928535434504690560e-01
6.610778273675235184e-01
