-1.340231447452510105e-01
-9.333444360617377811e-01
-3.498126340012996938e-01
1.000000000000000000e+00
5.945511279604771548e-01
5.988298526194777427e-01
5.780572201129726695e-01
6.604408795320712011e-01
-2.360162797401066381e-01
1.963894017575050777e-01
2.624202869801272042e-01
2.695619075076640669e-01
1.244002348375428113e-02
5.706474446251792454e-01
9.377803721520846514e-01
4.582382226594592933e-01
7.844741744987111520e-01
-5.760147586950123966e-01
6.934519655660537074e-02
-1.891605913399058425e-01
5.519479243148683878e-02
2.373713099692896233e-01
-2.901874047147999860e-02
-6.697104018992167118e-02
-6.362669122677380162e-01
-2.734850985943725055e-02
-2.110749000354811555e-01
-2.207100984751226846e-01
2.024564897179707834e-01
-5.651344864234136844e-01
2.927426796792478303e-01
1.532497319630774513e-01
3.386729785682467408e-01
-7.268824427722087034e-02
5.426627817896243489e-01
-3.437934664132388796e-01
-8.090104807468448955e-01
-2.366007647848844542e-01
1.000000000000000000e+00
-3.690025695783116788e-01
9.221571692640759821e-01
-4.768441853288717391e-01
-8.602489394111874355e-02
7.909612712935527590e-01
1.165966854513098283e-01
8.394296295971761523e-01
1.000000000000000000e+00
-5.575522167574465948e-01
-6.981533660682204268e-01
-3.300107530468803230e-01
-2.979273941396098913e-01
-6.741262730376891277e-01
1.657273851259106756e-01
-8.699692102612650579e-01
-1.813483293279649633e-02
-5.326212083153660792e-01
-3.691498424326088990e-01
9.004906293462525135e-02
4.930584168688208202e-02
1.456598899139779912e-02
9.033479479333836881e-01
-3.060592525281182752e-01
1.054380781006993839e-01
2.099847586480314554e-01
-3.602664988302628490e-02
-9.182260736647063215e-01
7.490711148712202172e-02
-7.476667159697163445e-01
3.337193134996305766e-01
-4.957665059446600964e-01
6.275311146697168385e-02
-6.026338877358411450e-02
-9.300310204902875189e-01
-5.266487627729833365e-01
6.971937671224490707e-01
2.227265036777921203e-01
2.166085442977887798e-01
-1.594257416807315364e-01
3.986725634150540265e-01
-1.000000000000000000e+00
-7.805888786210866126e-01
1.022340889399536157e-01
-1.857064245324058227e-03
-5.993994110498834793e-02
-7.147473060110569598e-01
3.770390202276938663e-01
-7.901779793064221957e-01
7.173366960113112256e-01
-4.953819705119716366e-01
-8.405423778271380320e-01
4.046051982161685823e-02
3.624432226391763878e-01
5.034984962612154558e-01
2.711458812469794699e-01
-2.408648485190240940e-01
8.063788481900442395e-01
-7.438044724305753475e-01
-1.000000000000000000e+00
1.000000000000000000e+00
2.385955844793526126e-01
7.023174532906864553e-02
-1.519542880572476717e-01
8.801859989305762522e-01
8.660434090153154019e-01
-9.621309711053156466e-01
5.607518533542108496e-01
6.601232803601214671e-02
-1.517841989015334958e-01
-3.346964173522430364e-01
7.955654026265204237e-01
6.064654919175900272e-01
3.011414436940416106e-01
9.988001509177584225e-01
2.187339239265129187e-01
-9.709020413304624286e-01
-1.000000000000000000e+00
9.877708106158252788e-01
2.109959387579521117e-01
6.146673737033675478e-01
-8.416547038497301791e-01
6.702055852827014659e-01
2.750678599574032379e-01
6.720287078985882623e-01
2.960495195937045687e-01
-2.768343432165448204e-01
4.000970875409601279e-01
8.727621768319044904e-01
7.250819155141285943e-01
5.413589822754311109e-01
-7.951927343628149014e-01
3.730190235817594235e-01
3.279849525464255122e-01
-6.043509168831440181e-02
-3.399184915552728725e-01
7.382197185497738623e-01
2.579483429249425086e-01
2.461916742446817671e-02
-7.964871735256279228e-01
2.335459186575775392e-01
4.684816506073654629e-01
6.973207399955358432e-02
-9.147646885477764833e-01
-8.840217755355254114e-01
-4.093930475122118384e-01
5.674648213117539086e-01
1.534693886768284943e-01
9.588386898683540771e-01
-1.113001573875453537e-01
3.300896621416538057e-01
9.181143622488155409e-02
-1.862252655174314597e-01
-9.471599660954858058e-01
8.089311732989444836e-01
1.901988958845102218e-02
-4.742102651151827164e-01
1.749579500988616143e-01
-8.819185571202827756e-01
-6.291485264452069126e-01
6.260801530003407001e-01
1.921912995615913111e-01
-2.583941587640188331e-01
-7.650848911740978364e-01
-1.219396846796738099e-01
-4.045147905016348022e-01
9.406692234165403566e-01
-1.000000000000000000e+00
-9.066479580443431718e-01
2.412738222778448849e-02
-1.628882330509669463e-01
-4.190216973172209425e-01
-3.278082312015266342e-01
3.779075153428259060e-01
-1.613895861717298263e-01
3.752293081559119337e-01
3.588340637258897181e-01
-2.702854526812799030e-01
-1.985349834089722432e-02
1.044068922013345890e-01
3.586044402610203963e-01
-1.163772859573634078e-01
-5.779762840207670616e-01
-1.000000000000000000e+00
-6.860889465197224091e-01
5.034581090844379991e-01
5.602682777942784575e-01
4.848700134490837033e-01
-4.247004154009437205e-01
-8.022261062923696784e-01
-6.013725097642115269e-01
4.447663116071731149e-01
2.577762401761644062e-01
-1.288901092341226962e-01
8.879203201604344287e-01
-1.000000000000000000e+00
5.223278282326124788e-01
2.882507484696159028e-01
-9.663761585790779929e-01
-5.028761051187673470e-01
-6.120990780887074489e-01
-1.000000000000000000e+00
1.062962602433213666e-01
-9.645614531254786961e-02
7.660769260432040983e-01
3.247169465856924453e-01
-9.784353866427624169e-01
-1.543078621055727906e-01
1.661974013625560076e-01
3.664398494625453750e-02
2.046171766210427290e-01
8.872879425202288006e-01
-9.032552898437660183e-01
-4.255630936457377445e-01
-7.915857254888252204e-01
9.365635912301790711e-01
4.832343693847592769e-01
-8.562850204754934857e-02
-1.244609163226791937e-01
1.528154663242041814e-02
4.354705078028313636e-01
9.946023806933569356e-01
-3.156513005889437506e-01
-9.232642482405197804e-01
1.110914350963576602e-01
8.730797787348486549e-01
2.683399902999830111e-01
-6.009987441341345660e-01
-2.854226236033734487e-01
4.682220340585827034e-02
6.279883766921278143e-01
3.627325918361969936e-01
7.889178500748819101e-01
8.871101019521018261e-01
6.199861682378072780e-01
4.971351052376223323e-01
-1.429060763056848593e-01
7.212746011740018837e-01
9.302086280959103171e-01
-4.667740726618019309e-01
-3.906129868855769405e-01
9.479203236736819527e-01
-7.823647565858852237e-01
-1.603990066869900311e-01
8.350292957177591902e-01
3.202608431566975056e-01
-7.151495255388671257e-01
8.011690605875658733e-01
8.011394293322166016e-01
-2.210520168246593309e-01
5.631213921728486227e-01
2.701686442860965487e-01
-5.843906857743729200e-01
7.170960265893038255e-01
5.024502329103933684e-01
-2.574974500223605745e-01
-4.362574408247517077e-01
7.306467347921721256e-01
-2.733951095925288843e-01
-1.766625830045235601e-01
-9.883113317777725282e-01
1.000000000000000000e+00
7.276247464866036907e-01
-4.434450876283123621e-01
-1.000000000000000000e+00
-5.562468759293450749e-01
3.126642042929633214e-01
