1.614596188606716165e-01
8.789032711976604850e-02
-7.938659780418780287e-02
-8.102172531885298845e-02
9.680705362828159188e-01
-3.437454434043025753e-01
7.500263830121464137e-01
-5.478435121320539558e-01
-8.349528201077773826e-01
-4.770490341361904307e-01
7.734909053594063444e-02
2.519379985194449834e-01
4.428482282095012046e-01
7.889138468544425464e-01
1.258098297074814464e-01
8.711795445179533193e-01
9.187772293609537400e-01
7.654482204781283272e-01
7.247484428053725392e-01
1.633148736783263111e-01
6.127310948780206878e-01
-6.428616469686576629e-02
5.858071356358800497e-01
-9.895607762298344046e-01
7.989918615243882805e-01
-6.007360504477161633e-01
-5.764880347499419244e-01
-1.337901783464416905e-01
-4.027963781634946727e-03
8.358498057413354942e-01
5.724654144870904293e-01
4.349057793528061655e-01
6.677953828798655067e-01
6.541129927074280648e-01
7.488203766406997808e-01
-8.696128968503213930e-01
-9.386541993454442512e-01
7.985373034110634372e-01
-8.642749288313911205e-01
2.663183804111064479e-01
5.189954455201444272e-01
3.485310271404629123e-01
1.000000000000000000e+00
-8.462359511070081108e-01
5.694168724194015319e-02
2.202757206376462218e-01
-3.569858865593398267e-01
7.474360727942896965e-02
-4.344539056790724385e-01
-7.821033405963475627e-01
-3.062349589582695208e-01
-7.435077128747802355e-02
-2.115720082198137564e-01
1.000000000000000000e+00
2.525289054479717965e-01
-2.470151839383440961e-01
-4.032411377902389571e-01
1.508277149606562784e-01
-1.969195888472594635e-01
1.198735472412620628e-01
8.106354691042276794e-01
-3.672786058915795682e-01
5.846231523547456010e-01
7.116811129169069439e-01
-3.294335467671651863e-01
-7.273186799767337174e-01
1.098006308114951590e-01
6.606930145760099293e-01
6.848608383317622561e-01
-8.913423639356148342e-01
-4.833194600969102639e-02
-3.833336953499513200e-01
1.547824864806943701e-01
-2.287248534497167141e-01
-2.311189167486840113e-01
-4.764848944983948176e-01
2.394896596582400949e-01
1.000000000000000000e+00
3.217016215696819059e-02
6.045050480403635351e-01
-9.117057506373595910e-01
8.390903585174006585e-01
-3.644289797010118459e-01
8.737083670360994425e-01
-5.891159002723506122e-01
6.587001315494367404e-02
-4.766193249907983986e-01
-6.897308581828749396e-01
8.809056699424751002e-01
-6.953255473271942044e-01
3.063234321168080143e-01
2.903909307584653376e-01
-9.052491158339217581e-01
6.411665327275499759e-01
3.866627756348739453e-02
4.982142355277638934e-01
4.821878142384150578e-02
8.223502338450818794e-01
8.682498624936363374e-01
8.322722070019159535e-01
5.526458728327992009e-01
-8.280048027187969506e-02
4.479788398259075821e-01
4.248985479265738330e-01
-7.202070217415079689e-01
7.833102129113802548e-01
-8.966064725296289950e-01
-4.793903014849032473e-02
1.762766182085413469e-01
-7.876902316944818239e-01
-4.342450401226782830e-01
-4.003526889711406245e-01
-7.487358910211998619e-01
-1.525122534774814298e-01
-1.914686599570734060e-01
4.301722936277134757e-01
2.535348074292231857e-03
-1.603570520537722643e-01
-7.524563921736746597e-01
-3.504542509072106071e-02
-2.057679353255916777e-01
1.068876637543492158e-01
-3.776728116368672783e-01
3.423729261928145640e-01
-1.596590636941443986e-01
-6.702970184265049092e-01
7.507279516613607484e-02
-6.711786139922404359e-01
3.471789312521242898e-01
8.605629377432174598e-01
8.868934963349650591e-01
-9.818697718018369880e-01
1.383099955045219431e-01
-2.399010963578461775e-01
7.580781053821219473e-01
-6.360309201972795812e-01
9.291785645299033281e-01
-8.106591240451543889e-01
-6.458986253623929530e-01
4.792116560200574416e-01
8.550723185577155938e-01
-3.708597502662696055e-01
3.048013625438135143e-01
5.967934400771641723e-01
-2.102827379166840593e-01
-9.769373294304115607e-01
1.807353076250128865e-03
3.492708424976431747e-01
-1.655667817429485322e-01
8.615064923082556003e-01
2.296109842207709750e-01
2.278369983951197553e-01
3.987389514643477906e-01
6.948083878006350300e-01
-2.631215071048323417e-01
6.010913977433591793e-01
-3.351160156375708743e-01
-3.329624964265898157e-01
2.859190663406738775e-01
2.662537043979298357e-01
5.935019339041271991e-01
-2.065992485949181834e-01
3.913322758142787627e-01
-5.897717593220324073e-01
-7.936818655779060983e-01
1.104535553536569736e-01
9.086553000548551751e-01
7.123095707920967801e-01
6.930711569852627818e-01
6.098804685796443970e-01
2.774164002092784909e-01
-3.693977586464880503e-02
6.984159462075645308e-02
-6.306401304955815412e-01
-7.131740590811210811e-01
3.160476200057320550e-01
-2.017541810891920750e-01
5.603719899129719906e-01
8.343646966163333900e-01
3.225091450516506253e-01
-2.081594048438815125e-01
1.000000000000000000e+00
-5.556591015897515140e-01
8.249847990886727267e-02
8.329225788378564754e-01
-7.304780054478394735e-01
-7.326141458445460941e-01
1.320042994127326175e-01
1.948115772916447774e-01
8.508903594114586300e-01
9.533877807526023318e-01
-9.976061867597807442e-02
8.307822106202376045e-01
-3.643806125367921034e-01
-1.839152243171135181e-01
-6.644167702326773117e-01
6.996082974104080865e-01
6.225482854573520797e-01
-6.018046216783967672e-02
-5.805601166161127313e-01
-9.878947903540957753e-02
8.209647573042564428e-01
3.852991133510808019e-02
2.721888183984810805e-01
-4.236268291575352729e-02
2.183326165912842232e-01
3.781356494754697373e-01
4.318370930666246554e-01
7.319564388586952131e-01
6.016773107519535202e-02
-4.780140997882165177e-01
1.125392078176525867e-01
8.418097816360422536e-01
6.399879749026824438e-01
-1.835014444719914040e-01
-2.431048909268147540e-01
9.749511409406768081e-01
-5.684054749578544286e-01
-3.755423792783668113e-01
3.242389029466512529e-01
-9.033923477230374477e-01
-1.205392355408201333e-01
5.701423734773192198e-01
-7.347696792639561991e-01
1.545039975591722126e-01
-6.648158164660022962e-03
-6.537128612822555862e-01
8.059270367410793501e-01
8.306320891407126261e-01
4.667118028683698849e-01
-2.744454678738832420e-01
-9.621832198908887301e-01
-9.300888954132737751e-01
8.264013368915135160e-03
6.442487584195328854e-01
-4.849990417959066935e-01
8.036710867262155666e-01
-4.316206612246169527e-01
-8.706753856126063784e-01
-6.820388079481511934e-01
5.331255283078790708e-01
4.467967869619441923e-01
2.067091588378300315e-01
4.578996360960671530e-01
4.724184280591301466e-01
-4.149181630112390717e-01
-8.505340131878624810e-01
3.922017185181569943e-02
9.531662194368214491e-01
3.891269545894893156e-02
6.616010106810854552e-02
3.423036775298058387e-01
1.226685649322489802e-01
8.305527038402618079e-01
-5.653036117371745828e-01
-3.874095883108725769e-01
-4.678139280525290822e-01
-2.581422175598497848e-01
-2.425415456793011959e-01
5.750699308071283156e-02
-2.569292178346294087e-02
-7.885922279670611879e-01
2.607799077143950761e-01
3.391623502209559771e-01
-2.481264843140813525e-01
