7.733052911293680776e-01
-1.000000000000000000e+00
-1.024234442634539000e-01
9.168637708566909628e-02
-4.947085954718316581e-01
-8.382939954027532892e-01
-1.000000000000000000e+00
1.000000000000000000e+00
-1.229987581281026532e-01
3.731429093847938860e-01
8.055897638363285207e-01
-1.000000000000000000e+00
-7.348348367736565190e-02
7.658955972903235265e-01
-3.242739741882194049e-01
3.504673863741768480e-01
-2.419687465347306610e-01
3.896016312924150959e-01
-2.321084781398825847e-01
-3.110423218169506288e-01
-6.985327336375450891e-01
9.083909085360558633e-01
6.753945451663031507e-01
-4.879264343860470476e-01
8.548952410522572265e-01
3.794112966405126519e-01
4.411654358161567480e-01
-7.699175899634886910e-01
5.756310966159495779e-01
-1.000000000000000000e+00
-1.000000000000000000e+00
-5.657815197605596813e-01
-5.816734092203673656e-01
-2.785189877575033890e-03
8.482875141343018122e-01
-1.433492397475286395e-01
9.551150033675160911e-01
-2.728020744711155687e-02
6.472075459444601719e-01
-7.171467762723664485e-01
1.411799164419426378e-01
3.944691019584758984e-01
-2.773474720725946918e-01
-6.275166284356570312e-01
-2.755191965152626876e-01
4.438051672141597459e-01
-2.044130027728692511e-01
4.902094038456005776e-01
-2.088243053568338281e-01
-4.482702572845712607e-01
7.686899444141062077e-01
-5.623839754152268888e-01
-4.612087953592451939e-01
-4.658073463434788675e-01
1.000000000000000000e+00
6.069809997083422948e-01
-3.601935482792662513e-01
-6.601069203146958664e-01
-8.329603554837827772e-01
-5.757286965967443049e-01
-3.541172365744103545e-01
-4.516544164442617970e-01
-1.672742494666961677e-01
9.086909147519744989e-01
2.492111602351558541e-02
9.487479972686252427e-01
5.655637391532331026e-01
7.681083372996806435e-01
1.903653292248529971e-01
2.671627882477115579e-01
-1.780078261843147380e-01
-3.522451158279720218e-01
-1.940483621044837848e-01
-9.192684372213446586e-01
9.079129248392308060e-01
5.765038736630202498e-01
-3.491930795728983572e-01
-5.751009046118913393e-01
2.216136739083707785e-01
3.563212579103372524e-02
-4.181621961818700606e-01
6.445480732764810039e-01
6.522048399239589456e-01
5.217058340036911934e-01
4.916529260665278844e-01
-3.098399315271532783e-01
-9.007556120438123815e-01
4.803332960251136541e-01
3.292146053290915253e-01
-3.661049641106606800e-01
-5.802824332768158344e-01
8.289355508758634583e-01
-2.162233732505816075e-01
-4.283933078203886607e-02
-2.652802783644007678e-01
-1.600544858228051537e-01
-4.797433979118993497e-01
4.224029460349958964e-01
-8.981150602057406118e-01
-7.749939485015036045e-01
-7.000093777865242783e-01
-6.639409424477586974e-01
7.803998728061429802e-01
-8.288710113884982800e-01
8.001339426887337236e-01
-2.379508355523723973e-01
-7.938371063569581443e-01
6.569396107481781932e-01
1.000000000000000000e+00
-1.000000000000000000e+00
8.774194630136566975e-01
-9.770939666714009153e-01
7.526002571893143367e-01
6.754624721591194758e-01
5.052633689813589291e-01
5.485082992559321691e-02
-9.989387016543762599e-01
-8.336436586686206685e-01
-1.009227764064675736e-01
1.000000000000000000e+00
-8.370649170379198534e-01
3.509509206081219412e-01
1.335365355625216244e-01
-1.134305314096956813e-01
1.047808386537534969e-01
-1.851035455096783355e-02
-6.003276568963518134e-01
2.421448703946803560e-01
1.811789526887164770e-01
8.978331657987212999e-01
-1.213204136159948821e-01
5.791849774088436709e-02
-5.985921006890646545e-01
9.221659829251932505e-02
-2.748113471442428235e-01
6.114687025007061738e-01
-2.252904467141175204e-01
1.446032736480252212e-01
-3.375056464776979293e-01
-4.268706191961678664e-01
8.523954845272925240e-01
8.003638239315031822e-01
5.323277211359467298e-01
4.522368468262764063e-01
9.669157319869092770e-01
9.883624051141479683e-01
-7.188779434024477055e-01
4.318898431463731591e-02
1.000000000000000000e+00
-8.131591756720328856e-01
-1.000000000000000000e+00
-3.052410392954743590e-01
4.659095942111112221e-01
5.620101348770586425e-01
4.885736083484878423e-01
-7.182924790074307619e-01
7.636522449688789571e-01
8.196300558642442002e-01
4.520236542916760691e-01
-3.265037402400831068e-01
-5.439363203224485410e-01
1.000000000000000000e+00
2.895868724267040561e-01
6.883320454787055231e-01
6.594018634642488941e-01
1.475228023625314300e-01
6.441026030207274156e-01
9.811219314990670126e-01
-1.572476713758050315e-01
-1.000000000000000000e+00
-1.000000000000000000e+00
1.525079433201692591e-02
-9.686614680493652596e-01
-5.436228361696532341e-01
7.652282741570533009e-01
2.555124721904302176e-01
-4.893011528993601034e-01
-1.000000000000000000e+00
-9.860499799808994936e-01
1.043786458698074404e-01
3.556254773181914408e-01
-4.332775930117030994e-01
-8.982464720471038389e-01
7.876994250225801686e-01
-7.606083579983542453e-01
2.779512430083448948e-01
3.531944627361129074e-02
2.741485201598499732e-01
-5.758448223992306270e-01
-1.788546039236326157e-01
4.039521112419407201e-02
3.599175829153558048e-01
3.147547915424910303e-01
-6.129402222969977387e-01
1.000000000000000000e+00
9.430883516605135242e-01
-1.233182646847986175e-01
9.616140038906140219e-01
-8.173688694576022318e-01
8.594513108778056854e-02
-5.267668824653518600e-01
-3.864544305279497133e-02
-6.368888037494929710e-01
5.873748849492607116e-01
1.696355110323877757e-01
6.211475795527467980e-01
1.000000000000000000e+00
2.067585167677424562e-01
1.612979920246514487e-01
5.676469037157344522e-01
-2.997618934368414534e-01
-5.916299185225917245e-01
-6.045014152998194890e-01
7.178593287020091918e-01
1.000000000000000000e+00
1.000000000000000000e+00
-6.632520007080492386e-01
3.837571756833065839e-01
-6.574795046559843426e-02
-6.351394992318597499e-01
-7.892060815349468683e-01
7.122430670523409724e-01
-2.702549972086338848e-01
1.000000000000000000e+00
-1.000000000000000000e+00
-1.000000000000000000e+00
-8.106215526804702032e-01
-7.381708419313597336e-01
9.814622270625306122e-01
1.000000000000000000e+00
-8.905674455180234705e-02
6.409315995993346560e-01
-8.152242800072340145e-01
5.461784556709078364e-01
3.899940998248976332e-01
4.165417727274013937e-01
-5.080428756797255030e-01
9.740630467042515894e-01
3.674003135459504299e-01
7.158136288694136318e-02
-6.599019449077463406e-01
2.346368395556621689e-01
-6.761159254260296070e-01
-1.842957630534720614e-01
1.000000000000000000e+00
-9.779676380543036451e-01
-2.207782210252045851e-01
-9.123292339133147744e-01
2.681866556420358094e-01
-1.000000000000000000e+00
4.718649757821555824e-01
1.000000000000000000e+00
8.760617926318313708e-01
5.321198245517512193e-01
2.009955575903116520e-01
8.992947162210316314e-01
1.903132948922520162e-02
9.356896063539108521e-01
-1.000000000000000000e+00
6.463212346204648684e-01
-9.372769048007251191e-01
3.339388460138011938e-01
7.109242504755612924e-01
-6.046992827261646886e-01
-4.343628954641779449e-01
