6.075831283757122669e-01
9.652899946844597512e-01
1.000000000000000000e+00
1.000000000000000000e+00
1.000000000000000000e+00
4.993516416061519192e-01
-1.182207246077117690e-01
-6.067288481739541162e-03
1.174175643946815950e-01
3.188636646113889306e-01
8.871307766359406433e-01
-8.837561464022316571e-01
7.596514264237953507e-01
-3.282388712042760837e-01
2.146872775769776975e-01
-6.050129353209898753e-01
-4.991221857590668054e-01
5.577188566744682996e-01
1.000000000000000000e+00
7.303634332407481500e-01
-3.169234110112023051e-01
1.000000000000000000e+00
-1.000000000000000000e+00
6.136140497738630240e-01
5.421146616368519577e-01
5.471535593101222172e-01
-2.756988952700414330e-01
-1.216765083334705455e-01
-6.656943869113485235e-02
1.000000000000000000e+00
-8.101314230014871054e-01
-1.000000000000000000e+00
-2.920882323244533563e-02
-3.351663973839776878e-01
-1.489177150936557559e-01
4.228259685500394549e-01
7.971820692092146388e-02
-1.000000000000000000e+00
-2.668140718856514826e-01
-7.273529798033620541e-02
-1.000000000000000000e+00
-4.604106721594850571e-01
4.005457126395889356e-01
2.205264360678682867e-01
8.999166974385728324e-01
1.000000000000000000e+00
5.473081887533972623e-01
-4.015386191932231175e-02
1.000000000000000000e+00
-4.330730945098687501e-01
1.000000000000000000e+00
-7.448582602380957596e-01
5.974174201910439908e-02
1.000000000000000000e+00
-5.367100763128163088e-02
-8.086804085832214328e-01
2.558571671069472808e-01
-6.266645886398544141e-01
-1.000000000000000000e+00
5.782971157599403611e-01
-1.698820042857126511e-01
3.174745048185645402e-01
7.605668543541592719e-01
-4.399332292324868998e-01
-6.961644876904573565e-01
-1.000000000000000000e+00
8.234563396127700940e-01
-1.980337877249738199e-01
-5.683501028537178978e-01
-5.072527180784022205e-01
-4.640975268855899172e-01
8.034747741507498597e-01
9.154777940120764068e-01
6.651448970811821848e-01
-5.827794334629019524e-01
1.494925343403182283e-01
1.000000000000000000e+00
-5.149503978089288170e-01
1.764600951351993352e-01
-3.024513815644136461e-02
6.934165900527186621e-02
-5.139111558664041235e-01
-1.000000000000000000e+00
3.406610363449731338e-01
-5.763129851541999304e-01
7.111565227627918429e-01
1.000000000000000000e+00
-1.000000000000000000e+00
-1.000000000000000000e+00
1.000000000000000000e+00
-4.090812500744031022e-01
1.000000000000000000e+00
1.000000000000000000e+00
1.000000000000000000e+00
4.585311577916775794e-01
7.713560247876936060e-01
-6.549918025543859379e-01
-3.230105410135000743e-02
-5.359381740053579257e-01
3.002972944057524796e-01
-4.219845103681896248e-02
1.000000000000000000e+00
-4.978321128017965669e-01
-1.000000000000000000e+00
3.096209588708386251e-01
1.000000000000000000e+00
9.243332159812995830e-01
4.402878270162502439e-02
-1.000000000000000000e+00
-4.431608717434988853e-01
7.380121740873224478e-01
3.198648941849322469e-01
1.414531771790850101e-03
5.239117446733242422e-01
6.954509647457274291e-01
-4.801209053564404750e-01
1.000000000000000000e+00
-6.785802894634329618e-01
-3.120102232413968779e-01
-7.785316135067381627e-01
-3.974840500749791117e-01
1.000000000000000000e+00
-1.000000000000000000e+00
-9.244777561265193899e-02
-8.736706688801498810e-01
-1.240562787482142604e-01
1.000000000000000000e+00
-1.634721786516507569e-01
4.626554003071103871e-01
4.142794734940690171e-01
-4.971720415913658542e-01
-1.283762501074857121e-01
8.124877834258955600e-01
-5.343799098925763325e-01
-1.000000000000000000e+00
-2.333930002541672044e-01
1.834209016710466322e-01
1.000000000000000000e+00
8.465089636705761533e-01
-1.000000000000000000e+00
-4.920474760871870190e-01
-9.857461864811599694e-01
4.557268243409799968e-01
-2.355838390512681180e-01
-1.000000000000000000e+00
9.817206620134178996e-01
-6.806803970447725671e-01
-7.234011621209718301e-01
9.268984457815367950e-01
-1.000000000000000000e+00
-4.155240591693724062e-01
7.273943539609546427e-01
4.799574676539309914e-01
-6.145078256237088699e-01
6.536629583036750457e-01
2.583742421797980970e-01
1.737156747709528437e-01
3.302145920929254186e-01
7.932945847988811527e-01
9.866585472765434517e-01
1.000000000000000000e+00
-8.138597154725258909e-01
2.417573707022361018e-01
-4.610699810543360533e-01
2.167350997260852896e-01
-1.000000000000000000e+00
7.938307696143896974e-01
-3.784546218517944038e-01
-8.742512151259480557e-01
-1.484483398450363034e-01
1.271027763114725151e-01
1.000000000000000000e+00
-6.688722863751922487e-01
-6.569082116975231145e-01
-3.610589358755329492e-01
1.000000000000000000e+00
3.836151784069932735e-01
1.000000000000000000e+00
-5.206804587762394743e-01
9.937469157900331584e-01
-1.000000000000000000e+00
-1.000000000000000000e+00
-1.000000000000000000e+00
7.358499571329973898e-01
1.000000000000000000e+00
1.000000000000000000e+00
-1.000000000000000000e+00
-1.773224042909180009e-01
-1.000000000000000000e+00
-3.698192715962864141e-01
-1.000000000000000000e+00
8.804270236335981492e-02
-1.091811086329719238e-01
-1.412773981831215442e-01
-7.727468747557442175e-01
-9.451355924958797505e-01
8.456442919825504778e-02
3.703460142268508726e-01
-1.600043328606832460e-01
-7.798644762420627874e-01
3.209039590440004308e-01
-1.000000000000000000e+00
-9.859381922466107229e-01
1.000000000000000000e+00
1.803586990020463465e-01
-1.000000000000000000e+00
-9.468008600625776872e-01
-2.215077571473693108e-01
1.074245074904658370e-01
1.000000000000000000e+00
-1.000000000000000000e+00
-1.000000000000000000e+00
7.222059343841096268e-01
1.000000000000000000e+00
8.010588342521223204e-01
7.722244572596665968e-01
-7.881113736041789330e-01
-2.457033373292134837e-01
1.000000000000000000e+00
-1.000000000000000000e+00
9.762513096986294436e-03
-9.362642326262047288e-01
1.000000000000000000e+00
-2.817882312839825043e-01
-1.000000000000000000e+00
4.977040189743517362e-01
7.706922230699714271e-01
-7.797012943054648648e-01
7.347388433706645294e-01
-1.000000000000000000e+00
2.791244632734994902e-01
-4.204382646626186881e-01
1.000000000000000000e+00
-5.787107347379834010e-01
-1.000000000000000000e+00
-6.331882700366899819e-01
-5.944318857403476652e-01
6.468039357298462910e-01
2.124162148773846570e-01
-1.000000000000000000e+00
-4.258815481280442405e-01
1.000000000000000000e+00
2.046027714320929891e-01
-8.509440607529966671e-01
1.000000000000000000e+00
-1.000000000000000000e+00
-4.680389367101331910e-01
7.831843651069475554e-02
-1.542217329888806443e-02
1.000000000000000000e+00
-6.062060832463813664e-01
5.240222910572774895e-01
1.459930414860232117e-01
1.000000000000000000e+00
-2.074020967446639774e-01
3.185178194839544119e-01
4.940856723097453163e-02
4.536099874427609313e-01
1.922834352012903480e-01
-1.000000000000000000e+00
-1.000000000000000000e+00
-4.996662283464681914e-02
-4.128666352653742599e-02
1.406272066552097244e-01
1.000000000000000000e+00
