9.934837099967470664e-01
3.221368981523757558e-02
8.768065321308391447e-01
-2.847767032807004828e-01
-3.542326402505222571e-01
-1.041278109127167228e-01
-6.488486616364774751e-01
-2.112006841847654803e-01
7.863620576500685022e-02
8.499754334031419667e-01
-8.505140405583189178e-01
6.402766918808431296e-01
-9.888192729340703480e-01
2.447949801285991267e-01
-1.000000000000000000e+00
5.135146653259332616e-01
8.175132029017155855e-01
7.467133577101474629e-01
6.136469361367727915e-01
-1.092741661823615207e-01
-1.000000000000000000e+00
-4.708847791870336419e-01
1.121715016931927322e-01
-1.000000000000000000e+00
6.427158279433262678e-01
-4.387658859501384345e-01
8.763479777480660537e-01
-9.981215924034536613e-02
4.805619200205961117e-01
6.930098436960019370e-01
-2.458132845592833071e-01
8.669416802392233556e-01
9.155999736615031415e-01
-8.397263223455730952e-02
-8.569312691758326217e-01
-4.500019263455865559e-01
-1.239419388322035021e-01
1.468454640065814942e-01
2.614656039859912795e-01
3.594779689777362064e-01
-3.743723715349909775e-01
2.300536995492887815e-01
-2.108076200092880992e-01
-2.796533877244022914e-01
1.999574244355956099e-01
-9.044936268709822258e-01
-6.256463461531591719e-02
-1.624751652836431415e-01
-5.374303370473746400e-01
-4.439753456130964837e-01
-5.623728305171846742e-01
-5.573192713054329062e-01
-5.936410693601376076e-01
-6.355846570810310681e-01
3.125271031476536399e-01
3.366529629128955925e-02
-7.583193392623718276e-01
-3.441305928118563173e-01
-3.667340491594087148e-01
5.917439172572473982e-01
-6.378018314972443426e-01
2.872310836483880081e-01
-1.416205823009619724e-01
2.196659306308105242e-01
3.477499145628001886e-01
-8.506110786817020486e-01
-1.000000000000000000e+00
-1.584183399307352857e-01
4.956431223769768302e-01
3.097774214588960850e-01
-5.306645028708349976e-01
-7.683368830953218875e-03
9.489557663554175626e-01
-5.354379040194349182e-01
2.117681819076122629e-01
-2.445882349840018399e-01
5.797003637975407520e-01
-8.994697890274541141e-01
4.003349712949748618e-01
-1.000000000000000000e+00
6.301588696950553015e-01
8.561100519780524554e-01
-2.814911403189317429e-01
-2.153450891653369004e-01
-8.663516718440599229e-01
8.172602823541907924e-02
4.721646293639851777e-01
4.339945211199365271e-01
-5.647690728254179948e-01
-2.640050007848848690e-01
-2.331647756745891531e-01
2.057913796452639499e-01
7.349519446410426315e-01
-5.473077517482680676e-01
6.432815342316722251e-02
-1.000000000000000000e+00
-1.000000000000000000e+00
9.928993802724528361e-01
2.253024527895353124e-02
5.982510499345410349e-01
-5.278505437437552850e-01
4.190021768007232694e-01
8.623598385500816921e-01
9.705401980816079632e-01
-5.991651294117809057e-01
-1.839368053201173581e-01
-5.790816466138049012e-01
-5.492892598507463919e-01
-2.032959471967363818e-01
-3.973115781629288357e-02
-1.000000000000000000e+00
5.005051074218167528e-01
-9.487641085254574502e-01
-1.434461373537833095e-01
-1.000000000000000000e+00
-5.929689955970592896e-01
-5.651187445238201601e-01
-1.000000000000000000e+00
4.148875267469958050e-01
-2.320000889536990574e-01
-3.790018767169296421e-01
7.141335796068848385e-01
9.674366424720237667e-02
1.000000000000000000e+00
5.312293718825586986e-01
6.660321633363214255e-01
-1.000000000000000000e+00
6.266965621251100460e-01
-2.833052183353248488e-01
-3.858607734350536500e-01
-1.054481949030514620e-01
7.984187255819878981e-01
4.004461391518878699e-01
-5.111645053093449853e-02
6.352087808057527152e-01
3.074096615888708417e-01
-6.477293342676280208e-01
-6.377144933150389328e-01
4.833663097334642833e-01
6.828888868802608370e-01
-8.994100734276188058e-01
-5.929419213196621685e-01
-6.219927668378644192e-03
2.862649115932334176e-01
-4.318905396450318790e-01
7.310023176222846253e-01
8.689078601711882621e-01
3.899389220678630696e-01
4.372498553361940932e-01
-7.073624605382837771e-01
-1.000000000000000000e+00
-2.518184963179987967e-01
-6.383004785740200582e-01
6.811379547590097339e-01
8.562686012929701107e-01
3.754117503121896515e-01
4.580286725572598194e-01
-5.329895255413722444e-01
3.891361309556451431e-02
1.595886969421256296e-01
-7.764334680870037531e-01
4.886758621293794125e-01
8.646322104486868776e-01
1.370597867359468758e-01
4.859693971127581058e-01
-1.413294111928604657e-01
-1.671593451527337848e-01
1.000000000000000000e+00
-6.605230606480001487e-01
2.671649398546621645e-02
9.236820777217673584e-01
8.313320765502270060e-01
-4.574304167807231591e-01
8.558928428463130622e-02
-9.015903702707370737e-01
-3.606338381657250292e-01
3.026223395649109693e-01
-9.709117912203699685e-01
1.000000000000000000e+00
4.516105459789061527e-01
3.677027568596851204e-01
-1.367886673313009338e-01
3.626402739548441612e-01
-4.601196754281269286e-01
-4.797066726083789590e-01
-3.907557794577495858e-01
5.133542214582107466e-01
-7.996468036255617307e-01
9.079610923063223815e-01
-1.172304831667458913e-01
3.064087680223204213e-01
5.119086198480224947e-01
-5.194779908610592800e-01
-3.537615799329925648e-01
-4.909819959661989586e-01
4.171097650452182393e-01
-1.000000000000000000e+00
7.254891726335712665e-01
-5.807234014885884754e-01
-6.429434582417481447e-01
-6.365056126005508297e-02
-2.780736138273141589e-01
4.837166668589416574e-01
-7.891943524708482371e-01
8.690193496521172456e-01
-3.850495626301966290e-01
8.309166272554445731e-01
-9.067200663564822793e-01
-2.194325036933846840e-01
7.974260998959166180e-01
2.011229839690291676e-01
-2.009575747051523809e-01
1.000000000000000000e+00
4.623909569998722047e-01
-2.926502111272650808e-01
1.380889960824954743e-01
8.615953583115993908e-01
-5.959170619703162419e-01
9.769197110076368595e-01
6.462026425497856552e-01
6.317554369543674220e-01
-1.000000000000000000e+00
2.069805529458569604e-01
1.000000000000000000e+00
1.129383524244796932e-01
-7.280430979111183198e-01
5.656003813349816944e-01
4.371544447662785160e-01
-2.143208633335904612e-01
8.399527089516667377e-01
-5.631973948601017854e-01
-1.717422064331236564e-01
2.026514396788692274e-01
6.234023463172108648e-02
1.273946990779228905e-01
-8.190756868915438638e-01
1.280371606255742423e-01
-1.325584732400350574e-01
7.650973576817039490e-01
-7.565397739213448602e-01
-8.878039505305479473e-01
6.744787730686985228e-01
5.610250204711364486e-01
5.533343989285784137e-02
-1.409995088767252158e-01
6.727336219467479062e-01
-9.290384749654954089e-01
-4.874283940014492167e-01
-1.943334106137624140e-01
-7.796950275162338739e-01
-2.210858760523211064e-01
1.044886615527071960e-01
1.797592393247227083e-02
4.396918600534416299e-02
-2.047458047509509438e-01
-5.616077358866908842e-01
5.272042724749028686e-01
-4.299556946678944613e-01
1.078788923335045058e-01
-3.437110621826500179e-02
-4.541462172136534470e-02
-8.495667883309448998e-01
6.942452826424394541e-02
-8.321158024604775605e-01
-1.659145242080542204e-01
