-5.119407032754508258e-01
2.369802314406679877e-01
6.760272299347297453e-01
-4.755754853488927125e-01
1.000000000000000000e+00
-1.000000000000000000e+00
2.046810874967758265e-01
6.668730278169487935e-01
3.765251482503468305e-01
5.454897407458224601e-01
3.089228506857670808e-01
4.804912291724779960e-01
-4.507143249879482783e-01
-4.195047737227163287e-01
-1.000000000000000000e+00
5.889761743259951388e-01
8.242698903114056286e-01
-4.087531750212861636e-01
1.486288190068978388e-01
-5.353375453351730817e-01
3.217041508169954378e-02
-3.483676662900097032e-01
4.676147796428223868e-01
1.000000000000000000e+00
4.101453603955604321e-01
-9.717127771502909184e-02
-8.836121842091659850e-01
7.856649500864124058e-02
7.194353781796628544e-01
3.196028693854418568e-01
-6.548965547804898035e-01
8.084870677717634901e-01
1.422866372333318474e-01
-5.217968450518684076e-01
3.889039122383872726e-01
8.727597479995632956e-02
-3.616796966006433633e-01
-4.337019012481357905e-01
1.000000000000000000e+00
-4.554670643296026000e-01
5.836325695972042205e-01
-9.629278328181573032e-01
1.554123813327013548e-01
-2.806052414714014231e-01
7.240264647175774781e-01
-9.216597710814147248e-01
1.000000000000000000e+00
-8.818816237678839265e-01
-5.360998678840772635e-01
5.335186735664713131e-01
-1.000000000000000000e+00
-9.534716810715812008e-01
-5.033544491326515935e-01
3.747340344765721643e-01
9.521179102517007831e-01
8.070092474956689355e-01
5.990555337379916967e-01
-7.806715406654461953e-01
3.583060899614436967e-01
2.766783744724223837e-01
3.140567596379608695e-01
-7.524009223707193161e-01
1.000000000000000000e+00
5.276218177682171495e-01
-1.000000000000000000e+00
3.874676095405685250e-01
-7.393064448232358199e-01
-5.970606654222383458e-01
1.000000000000000000e+00
1.744245786693282563e-01
-1.396736027045084594e-01
6.636166494762156809e-01
-1.000000000000000000e+00
-3.097334633249175240e-01
-1.353377280631886670e-01
-9.928900698642439959e-01
-4.627702389279524375e-01
6.088011437625070466e-01
9.191581233898848957e-02
9.953145220177734842e-01
-7.829052961232780827e-01
1.025274189411518044e-02
3.738950376472082726e-01
-6.360025119510053226e-01
-1.311001774716352708e-01
8.655865382918763729e-01
-7.971455170047102579e-01
2.251045545307665541e-01
-7.511695162972457096e-01
2.469363645052948808e-01
-3.356415865817802269e-01
5.915550205470860856e-01
-4.725794809703249832e-01
4.915240896901101886e-01
-4.359645608614650669e-01
1.756412205482482669e-01
-4.180689563863506653e-01
-1.878060519542575912e-01
-8.034332288552613610e-01
5.777636799445582394e-01
6.600342882003418232e-02
1.809574325138596507e-01
8.279185956060528540e-01
2.995696235120181017e-01
-6.512706665224829994e-01
7.431513640734354054e-01
-4.800270326741693516e-01
1.000000000000000000e+00
6.753107304953130940e-01
-4.771058774093637211e-01
8.350290119189851534e-01
8.150810769696881231e-01
-1.739926475479043333e-01
3.161157243471110490e-02
-1.451740699085045661e-01
-1.000000000000000000e+00
4.489396877661757657e-01
-1.000000000000000000e+00
-5.769290325493184879e-01
-5.153016202118552158e-01
7.702392513202427349e-01
1.084730588099976356e-01
9.292137829121644987e-01
1.109730203474721399e-01
6.758381566895568238e-01
4.078251047692969533e-01
-6.561423543059009544e-01
8.656689950011324797e-01
-8.859206863042917712e-01
-8.812828191505290842e-01
4.321845327148237659e-01
3.097092710883231348e-01
-3.511111630432686148e-01
1.000000000000000000e+00
1.462399578116089227e-01
3.341236587693765525e-01
-5.001517401509736338e-02
5.356965473133312727e-02
-2.690803525638971738e-01
4.794534134377228529e-01
1.000000000000000000e+00
-5.729453092186278518e-01
-4.488536568603124777e-01
-2.124522288872568998e-01
-4.077538447726431481e-01
6.395501923367250541e-01
-3.906911746298824539e-01
-6.609375373421492172e-01
-9.387086272358891037e-02
5.408574092914020248e-02
-5.312322306557928364e-01
9.962509224665305752e-01
4.549677316806955418e-01
4.731558618724793774e-01
4.180122457069984643e-01
7.415032120113236314e-01
-1.000000000000000000e+00
-2.817522078112537076e-01
-1.332487320079966953e-01
-4.819617350920810117e-01
-1.102578454907087169e-01
9.395240414887249258e-01
-2.359796157712779063e-02
6.335977925455081872e-01
2.364507454705506301e-02
-6.609100862328463055e-01
7.449848491451791510e-01
1.233472405652523279e-01
5.201762760424757381e-01
-9.231767751860846527e-01
-7.273346997859779783e-01
4.930690280907986112e-01
6.984421539404761514e-02
7.841823926547593082e-01
2.244356254534936035e-01
5.548098328602379947e-01
-2.207637110605117359e-01
2.408226682269307695e-01
-7.225948834867357284e-02
5.926759434336481558e-01
-1.000000000000000000e+00
1.000000000000000000e+00
5.188920010728426124e-02
6.042011091938872536e-01
8.734026797285161514e-01
8.457605783642605513e-01
3.536054582418413084e-01
-2.750478896728587030e-01
3.511618091169470546e-01
2.783903282139894853e-02
9.300812899352981500e-01
9.348794086500722411e-01
3.195103045668603037e-01
-7.205670937544543797e-01
-1.000000000000000000e+00
2.108104636279341249e-01
6.049913957902062212e-01
6.319616995177197438e-01
-1.524741786191405324e-01
1.000000000000000000e+00
4.750898368983791364e-01
-8.280262974798748843e-01
-5.951200178206129676e-01
5.261573455744839034e-01
-5.067256622962381662e-01
-8.760688321670339063e-01
-6.364424911823273190e-01
9.606867960698244335e-01
-4.544225331783471322e-01
-7.046011922011746753e-02
3.595396514913460351e-01
-1.304664817845166414e-01
6.539151445816786534e-01
1.099994819305250005e-01
4.358454987326640939e-01
-4.274358010211032344e-01
3.109152672941009055e-01
3.251621282103156485e-01
6.004674195388057800e-01
6.691185376120909467e-01
1.000000000000000000e+00
-1.854525606211268607e-02
1.000000000000000000e+00
-4.965091346816221107e-01
8.504778019569957381e-01
-9.645071354196983471e-01
-8.051424932437862836e-01
1.515973460015436203e-01
9.787366592734652038e-01
-2.860592303925612589e-01
-9.341835202965462770e-01
7.407590710750922014e-03
-1.952108076025852457e-01
9.916067673598614185e-01
1.521321104946460334e-01
-5.335885404433077239e-01
-2.048820186253512698e-01
-8.422150841554421064e-02
1.000000000000000000e+00
-4.358756042911814954e-01
6.236014635829993935e-01
-9.679393584798745565e-01
1.866039929629310090e-01
4.311638284821017741e-02
-4.818688125497390118e-01
-9.071363584468435937e-01
1.000000000000000000e+00
-8.696371233329767136e-01
-1.000000000000000000e+00
4.860835154104716782e-01
-7.413967355817829841e-01
7.538861278908197683e-01
4.439941676956411509e-01
1.000000000000000000e+00
3.859540376479849710e-01
-3.961703083706083484e-02
1.000000000000000000e+00
-1.086650140723506297e-01
1.000000000000000000e+00
-1.000000000000000000e+00
1.046572823595902091e-01
-1.000000000000000000e+00
-1.635352344886490394e-01
5.122571342334443223e-01
-3.721360379609980340e-01
