9.840772318089239246e-01
-1.000000000000000000e+00
-1.275213367957860056e-01
5.141781072309559164e-01
3.565788620386459717e-01
-4.062592858808787843e-01
6.168754085506766849e-01
-3.970466657907035790e-01
8.319882681069545871e-02
-3.369652305819906823e-01
-7.164280758219330192e-01
-9.109048732247362334e-01
-1.000000000000000000e+00
-8.260178466958149057e-01
2.056153757894422784e-01
-1.000000000000000000e+00
-2.963178556469837632e-01
-1.284333179379996137e-01
-4.132514803856685570e-01
2.274618938789315370e-01
-5.881109212356311344e-01
-2.920043122368917166e-01
-5.391680132307838935e-01
3.389799064260877737e-01
-1.776296431737819925e-01
5.997340283708522124e-01
-1.463137401538200377e-01
-5.526776538464708288e-01
-5.396893220418965686e-01
-3.906940414250119620e-01
3.668882575741549967e-01
-1.000000000000000000e+00
-6.511363404934530363e-01
1.628361633404161180e-01
9.847114187789679507e-01
1.000000000000000000e+00
7.571622124283053368e-02
6.153146499605132158e-01
5.164312745410148953e-01
-6.794621612091020779e-01
6.045977964747006883e-01
-3.040343649169272022e-01
4.451098670273196528e-02
-2.987705491059833296e-02
-9.995468250570123114e-01
3.076847337357641599e-01
5.028579543368758564e-01
9.224650201355585333e-01
1.416807699667921860e-01
-1.000000000000000000e+00
5.668520794441890276e-01
-7.144119693548020011e-01
-3.550314320232804688e-01
-8.186014013652891386e-01
1.523610615348414132e-02
2.035467419110474907e-01
3.038577010363652242e-01
1.205556739862306270e-01
3.296759257670811571e-02
1.000000000000000000e+00
5.497969573358384432e-01
4.049102523029907696e-01
5.876781223504708995e-01
-5.852363967397411493e-04
-2.603024126975707064e-01
-5.542388184971828169e-01
-1.257782355113519143e-02
1.000000000000000000e+00
5.673384614388099489e-01
-4.646604067539799598e-01
2.993941354114356690e-01
-4.365498666015021900e-01
1.000000000000000000e+00
1.266929524798660750e-02
4.826010429105318522e-01
-6.030704453304175372e-01
-1.000000000000000000e+00
-1.594327464367532587e-01
1.683862117925251645e-01
4.640406592713263167e-01
1.000000000000000000e+00
-8.134920999229006133e-01
-3.112267394677699639e-01
-8.087975840229847391e-01
-1.000000000000000000e+00
1.000000000000000000e+00
1.000000000000000000e+00
3.000433113078109226e-01
-4.286482403387147921e-01
1.000000000000000000e+00
2.462385742492893548e-01
4.336810463959689943e-01
-4.584792849991387031e-01
-3.237598012695532823e-01
-7.226930380202780668e-01
-5.678186683455610506e-01
1.182337636723501673e-02
1.891871404554851532e-01
-1.000000000000000000e+00
-8.797925324955174764e-01
-1.804956817359566479e-01
-1.000000000000000000e+00
-1.000000000000000000e+00
6.069793406911915268e-01
-1.000000000000000000e+00
-1.475748467220070470e-01
9.033827122489253014e-01
-2.678140476876764708e-01
1.000000000000000000e+00
3.367836293450227059e-01
7.984500161148553321e-01
2.924172432427345480e-01
-1.000000000000000000e+00
-5.982704959727900285e-01
-5.250985860455923415e-01
-3.461416817605330598e-01
1.000000000000000000e+00
1.714547898925880831e-01
-6.869533256253501641e-02
3.888312606835552243e-01
-2.731365859574802490e-01
-6.444747424540364644e-01
2.894696945364172436e-02
-1.429576125118583452e-01
-5.898727049974900050e-02
2.129855012871887388e-01
1.425533013475089317e-01
9.387692848682127611e-02
-7.050883937328937812e-01
7.861081669595589849e-01
-6.096895869115329103e-02
1.000000000000000000e+00
9.980855869171869621e-01
1.000000000000000000e+00
-3.372424562190815545e-01
-1.000000000000000000e+00
8.083189928062779472e-01
3.803410428662123977e-01
-6.507587005673820535e-02
2.052620582286033835e-01
5.084749132038017816e-01
4.395890982031650518e-01
-2.731153665487482951e-01
-3.230356453412230877e-01
4.448441760950199164e-01
-3.767011596690859609e-01
-4.487647879909972826e-01
-8.984885008331006118e-01
-6.669700041063411078e-01
-2.448729253637803027e-01
6.816573815189137520e-01
-5.567196088123433917e-01
-1.062731115778080548e-01
4.944882753314531754e-01
1.000000000000000000e+00
-1.815291723527823475e-01
6.293424345290534738e-01
-1.000000000000000000e+00
-1.075457979551942694e-01
-1.440654602149590291e-01
-5.146411454914658901e-01
9.500172879614002808e-01
6.788249352481378063e-01
1.000000000000000000e+00
-5.777361099796776145e-01
3.185051033147865418e-01
8.256699324575643428e-02
-5.206355290973285754e-01
5.442441366681942672e-01
-3.970087197679813551e-01
1.537886215296196679e-01
-7.889021746913720268e-01
2.776591229125591198e-01
9.382406726276213416e-01
9.384370237322281483e-02
9.155704188056059678e-01
5.030384774322231856e-01
9.624507624264908023e-02
-8.721843433916988131e-01
-1.369049642652820364e-01
5.858131165166269305e-01
-1.565916018323290082e-01
-6.824279195143736487e-01
-2.780325781272593999e-01
6.887490779800503615e-02
7.151028732671447230e-01
1.979045206229965159e-01
-8.492494410088486934e-01
-5.887481286735511965e-01
2.043416015487251602e-01
6.304217433585748154e-01
-8.501890935588859999e-02
2.414126700593659525e-01
-3.847326023432627862e-01
-8.774503546887089112e-01
1.000000000000000000e+00
-5.441431629027154715e-02
3.994982467958460015e-01
-1.000000000000000000e+00
1.338132213670570336e-02
4.472279636689186488e-01
-4.281837282559414204e-01
-1.000000000000000000e+00
-6.714157884550413513e-01
-1.000000000000000000e+00
4.526954443312914411e-01
1.000000000000000000e+00
5.437873262084060855e-01
9.553853138680079571e-01
9.625600247718053559e-01
-9.316804507772844524e-01
6.090635923967074872e-01
1.000000000000000000e+00
-4.377063292641490966e-01
-4.163516028483909420e-02
-2.318080909248306232e-01
-4.983399012505430048e-01
1.000000000000000000e+00
1.793941501328980004e-01
2.174474930394262318e-01
-2.617490262191405348e-01
-1.000000000000000000e+00
-6.138446497826685055e-01
-2.778248653855350248e-01
9.021975717795895910e-01
-1.000000000000000000e+00
2.789858656073280763e-01
8.467207025279259724e-01
7.869329365421933176e-01
-8.494493634502890966e-01
-4.491027287826536707e-01
-3.533061222593557593e-01
-1.432289188365158672e-01
3.798913228467025172e-01
-7.861051455755601047e-01
2.296141941297860090e-01
5.661152216489201416e-01
1.000000000000000000e+00
-8.443750778527983059e-01
-8.035588493319140158e-01
-1.000000000000000000e+00
-2.874374278402975769e-01
5.360617451434170899e-01
2.023210406532383043e-01
1.000000000000000000e+00
1.000000000000000000e+00
2.078849772973221377e-01
-8.864752695218527379e-01
5.424450159453101383e-01
-8.128055045639392961e-01
-8.114163245765778631e-01
-9.743858481112845915e-01
9.602660290283854261e-01
5.749343309975527561e-01
5.685259141504535041e-01
1.000000000000000000e+00
1.701651841470313009e-01
1.000000000000000000e+00
4.747549046799826034e-02
-4.077629400417539518e-01
-4.961442200714030748e-02
4.285272218303901037e-01
-9.399595099126389908e-01
1.000000000000000000e+00
1.000000000000000000e+00
