-3.170680182234417721e-01
1.595733451441931905e-01
1.231554695335308480e-01
2.575889891962512834e-01
5.592943915228441032e-01
4.640044312881816957e-01
-7.540618738860924708e-01
-3.925928807248813546e-01
-1.639091232910285800e-01
9.295239205470728905e-02
-3.357055599445248895e-01
-1.449149629439296927e-01
5.801910557998275486e-01
8.443087679189629213e-01
1.730730895391621171e-01
-4.323230816962877476e-01
4.644974941168584781e-01
-7.349861655124023674e-01
1.841722959001594884e-01
-6.801678906871075903e-01
7.513229902202440691e-01
7.244864186959618646e-01
2.579080672558755616e-01
-9.303563575252438156e-01
1.020142175385470029e-01
4.097781815377201653e-01
-1.370233105317211209e-01
7.967017724357960962e-01
-7.864807478236501836e-02
9.687878313369473471e-01
-6.605181345038415586e-01
9.259412658170558252e-01
-4.918298023551466169e-01
9.483159223649615388e-01
5.627510583501089680e-01
3.628160222356058284e-01
-8.571986011710868159e-01
7.907717334852639723e-01
-1.814341143227804487e-01
-6.039483882483347443e-01
1.710985125416930597e-01
-4.685703123693181205e-01
2.868859908758130128e-01
8.594739276552745277e-01
-4.108575114855528287e-01
5.299136375338813210e-01
3.289362039258070247e-02
8.840600270220404511e-01
2.863589289288563933e-01
-3.718267310570626538e-01
3.423888889770632105e-02
4.782538007033667604e-01
2.902018781263924208e-01
-9.778456495351726119e-01
8.383153884712639670e-01
7.091099423435591742e-01
-9.097872413285879034e-02
8.323399326128790854e-01
2.448322968050571369e-01
-1.067371733076569740e-01
1.258861522523291310e-01
-1.900580288718980437e-01
-2.203554968608924525e-01
7.905264006911889574e-01
-4.852844507210416491e-01
1.133407093042479996e-01
5.812059421777489021e-01
5.939800124476217746e-01
-3.343790289688408635e-01
5.981823745730114883e-01
4.835852557280533315e-01
9.880218730545673456e-01
-7.984793430654704149e-01
9.741770358543622166e-01
-1.000000000000000000e+00
-4.474946518036153620e-01
-8.730174610725962570e-01
2.714332039757894055e-01
2.361561999305834547e-01
-8.653352537629954710e-01
-3.036776323561933832e-01
-5.495389003478938772e-01
9.241513666468983423e-01
9.502555293195100727e-01
3.814939466450881778e-01
8.458128066657013555e-01
3.743468068842426000e-02
2.795881415105851975e-01
-8.336690433856674964e-01
2.609833181899561261e-01
7.506538542397835911e-01
1.434240320057995621e-01
-5.556642835859417762e-01
-2.668680365618205652e-01
4.994392479086058323e-01
-1.984418069536451057e-01
-2.929415773204711027e-01
-7.890878790577271484e-01
5.169470947879126754e-01
3.627369348428829965e-01
8.274612160584338127e-03
-7.339135948619077698e-01
-6.749550733028892857e-01
4.579442823616310942e-01
-8.555952591814341979e-01
3.925875380443630824e-01
3.966547039262195984e-01
6.570767940564941068e-01
-2.378185782327404407e-01
6.522719863439694343e-01
-1.055519703740694926e-01
3.548786217583559388e-01
6.683769299854538382e-01
2.752864338028970792e-01
7.321688455548658325e-02
-2.816704946252599484e-01
7.898890302834404853e-01
3.563317568672386138e-01
-8.053014316625253244e-01
-8.268733209102869797e-01
-4.464970399139447377e-01
-7.834704926676618886e-01
-2.916393708875246737e-01
9.192719963806805783e-01
9.851041727066180975e-01
1.000000000000000000e+00
-9.619860371428758938e-01
-5.688870508458423458e-01
6.922902252218059438e-01
8.062892588681338513e-01
1.209860768832133893e-01
6.983512441328612042e-01
8.566671522178530562e-01
-4.782928219876674270e-01
-9.390823466623505755e-01
-4.076938043688325686e-01
-4.387775746641726649e-01
8.217412140188398162e-01
-1.047503514785131373e-01
3.396703846246729164e-02
-2.460344043179503171e-01
-4.356373835887019652e-01
-5.127590025363135684e-01
4.313143192769237633e-01
-5.671272983116333322e-01
6.681564359021743282e-01
-5.652657897550554811e-01
4.644392115474469396e-01
3.778471455204839291e-01
1.465994966722594661e-01
-8.750986178583415320e-01
1.943163940796992506e-01
-4.742601035877134219e-01
-7.569633253973748754e-01
5.497981036941191890e-01
1.550149328001193538e-02
-7.594865851419116964e-01
7.592733241458036186e-01
3.447304115150244819e-01
3.684746359363717527e-01
-4.467779643136957635e-01
7.002362217692970070e-01
3.227769102244051336e-01
2.735301671510120824e-01
-9.344603376666320571e-01
8.921976547551151437e-01
8.158392104206302342e-02
-9.987794330879236071e-01
-9.113922804113405718e-02
6.170267615959401653e-03
-9.927093081970699284e-01
-8.499872315445125004e-01
2.287460466262232206e-01
6.179532254266206781e-01
6.116761671730275296e-02
4.449968760552396319e-01
-4.316862628902760068e-01
9.698055477817928427e-01
-6.878543459440729091e-01
5.118077305899613183e-01
-1.165451574282583280e-01
-9.582665953131646042e-01
1.363614992803960924e-01
-3.420880360344447091e-02
1.291989220129168281e-01
1.388506260789505731e-01
-9.267594784367174654e-01
-2.712901704512200585e-01
3.854760146935261034e-01
-7.335832412920595402e-02
4.672666993768181953e-02
-4.143157558582161171e-01
4.344278925766553723e-01
-2.745553813061032411e-01
-4.952173643054813557e-01
8.389879081868527599e-01
8.033547925184081340e-01
2.011038577307251440e-01
8.731481411540551463e-01
8.736947563843988629e-01
-2.854415220660770913e-01
-1.427445491043628500e-01
-7.154813129753667678e-01
6.104831404598093370e-02
-3.898117386741506429e-01
-9.055418634595184812e-01
-6.894173112766452949e-01
-1.828834620019850199e-01
-7.494513305785346358e-01
-1.295529640862605469e-01
5.980880357884681420e-01
8.590487030252551559e-01
-2.029823661340552921e-01
5.914011501577614016e-01
6.712981636428086984e-01
-8.742671868992475392e-01
9.661509648204062994e-01
-9.310627906468165182e-01
-1.000000000000000000e+00
6.116996756238681776e-01
8.778600978887396433e-01
-1.238481927609649258e-01
3.112638867119958963e-01
5.513639634818428004e-01
-9.087487184545000041e-01
-7.080225511899265189e-01
-1.461082541602420903e-01
3.737152719860414862e-02
-5.579186048303659273e-01
-6.710948384627992702e-01
2.294805764852745344e-01
8.273499543483580076e-01
8.752040143947890094e-01
9.038086644989269391e-01
-7.564724879522757295e-01
3.531342129147829745e-01
4.179770571108381017e-01
5.672536468592381809e-02
-2.697886945403102921e-01
2.476271666262497284e-01
-7.595289209959135146e-01
9.919355739259405613e-01
5.683085022025009536e-01
8.244999314271836965e-01
2.835221580805411534e-01
4.468380101399893611e-02
9.118608415406803669e-01
3.582189151578574204e-02
-5.947651106524631803e-01
-3.685672280105837806e-01
-3.534506054254540341e-01
8.279875659782347519e-01
-2.338160109879190429e-01
3.372728810503502483e-01
6.896440408080631856e-01
3.516389911905901666e-01
4.318770328409440307e-01
1.212085879828752599e-01
-2.340867996161717368e-01
-3.810360800724195141e-01
-6.212180061210867965e-01
-6.418382925603838274e-02
-3.733339474012628001e-01
-5.303619837194866182e-01
8.611935832173578387e-01
