6.470570605394496688e-01
-8.615382442639111238e-01
1.572282589698374977e-01
-4.416978731907226230e-01
1.507993458071155146e-01
-6.290080535132256401e-01
9.819181672713586106e-01
-3.381938989652422123e-01
8.601921740488509549e-01
1.684088558108145506e-01
6.513170983662537328e-01
-7.244070015477431790e-01
-6.463162314333237290e-01
3.129260432222871202e-01
2.966465071163635336e-01
-1.000000000000000000e+00
-7.941623757567752850e-01
4.549307361259817828e-01
3.044395717928346373e-02
-4.822183797448320597e-01
1.000000000000000000e+00
5.714362830242172286e-01
6.917616223153886246e-01
6.347486702427820315e-01
3.502304170988010945e-01
-9.848736809364244671e-02
-5.819087129907465350e-01
-2.785737117703046550e-02
-1.928823054910488999e-01
-6.759807771078718552e-02
1.020694199368030741e-01
-1.333531468244257834e-01
8.844477235799381720e-01
-6.699598477768897720e-01
-8.187371216242838035e-01
7.775843768213535068e-01
4.386542889055260463e-01
3.369515279349255543e-01
-1.000000000000000000e+00
5.123258731404909394e-01
-5.947803149515762389e-02
-7.180648006469501077e-01
-5.557002476887704656e-01
-6.387452719770785325e-01
-7.971379795365094445e-01
-7.312108514522928093e-01
7.316032028320653691e-01
-1.906339346749714725e-01
1.339275200724454329e-01
4.111197152452450432e-02
8.436203195812173039e-01
4.952983482417832040e-01
8.089620885388697502e-01
7.537682001155567857e-01
-2.190021376512931717e-01
8.905980611885881970e-01
4.236709666702154209e-02
-7.909804958984130163e-01
8.842951768444495819e-01
3.327272375880929722e-02
-7.487027336797720256e-01
6.673558526751732778e-01
2.031128040041478844e-01
-3.619544883866337992e-01
8.493155028008609886e-01
-5.513857049913775121e-01
-1.000000000000000000e+00
-5.285164871326173408e-01
1.000000000000000000e+00
9.072168006281657870e-01
9.969411018259493051e-01
-7.106832327040535358e-01
-1.673457288917792329e-01
2.660306242304112390e-01
2.800328006451124896e-01
1.000000000000000000e+00
9.919672369832421843e-01
3.700526701157290654e-01
6.334678921483860581e-01
1.678268420670270267e-02
-2.827143966916922935e-01
2.693362075048990611e-01
-1.000000000000000000e+00
-6.929451160319548553e-01
1.756206146678771507e-01
-1.000000000000000000e+00
-2.160802798499468214e-01
-9.819751671426056872e-01
5.131748497375122620e-01
9.913438483730585560e-02
-1.323853643026229321e-01
-9.408806992014138171e-01
-2.117575462343093129e-01
-1.923216534011343848e-01
-4.820386502483036129e-01
-3.638852582516074463e-01
1.437040383917493891e-01
-1.461665105831089218e-01
4.392942727017492555e-01
8.256102535592853009e-01
3.935542804162228681e-01
-5.555210537730480569e-01
4.439150087959060631e-01
9.613657781164978988e-02
8.725822633266142603e-01
-1.230119026009559580e-01
-7.250771203758199501e-01
1.809638947548912746e-01
1.735611122030361608e-01
-4.385441331441446433e-01
-5.704267349920879582e-01
9.747993561802081874e-01
-5.392020011305049820e-01
-7.264244296969872838e-01
-3.003208761361451096e-01
-8.582827939568093978e-01
-1.670885410090294787e-01
-2.392618164853468343e-01
6.121240533492919855e-01
3.474976534797291627e-02
-5.155181222986106038e-01
9.121428566266134297e-01
-8.517908733475154648e-01
9.170207866417148246e-01
-7.817930872348672899e-01
4.116165527622628328e-01
7.273230853324850198e-01
4.750924737642157059e-01
7.853081909165100516e-01
7.772442615376773389e-01
2.631885806930336358e-01
3.142006076380721158e-01
-4.620514567830624753e-01
-8.899928066324377385e-01
3.802680101702685667e-01
4.757414271906080794e-01
1.000000000000000000e+00
-9.589543794158441603e-01
3.159687782496887198e-01
-5.634630164049927448e-01
-1.826552822592708569e-01
-9.546702443078942668e-01
1.139481989374495630e-01
7.217355916294566631e-01
6.487590179247322286e-01
-5.243444482697756648e-02
-7.234641954296046062e-01
-3.963501688192727634e-01
-8.092483954953917369e-01
-1.867545015556011379e-01
-8.045752300100063037e-01
-9.155909351963014142e-01
-3.568706413671662858e-01
7.363820646923124880e-01
6.359004529153120533e-01
6.771984259583399002e-01
-7.768856744736074571e-01
4.102317376330733012e-02
5.695924957572406910e-01
-2.900318370274563851e-01
2.513856715086861815e-01
-3.074071302913068404e-01
3.169554103450482607e-01
3.818803823359238070e-01
9.573413173049512004e-01
1.000000000000000000e+00
4.376073044800270484e-01
3.574844287410070542e-01
-5.748730564913333563e-01
-3.312245039385534051e-01
-5.660552189059415706e-01
-1.000000000000000000e+00
3.306560235540172421e-01
-9.666691165805332275e-01
-7.955764439603520977e-01
9.398599570073853937e-02
2.147402402825888679e-01
1.005911449744419373e-01
-8.035772687801447933e-01
7.527384008686188732e-01
1.224011441822885349e-01
-9.282875834446830954e-01
-9.202581832275185114e-01
7.295039035013206608e-01
8.762957651464644560e-01
4.158440251145003597e-01
-4.176438955025285615e-01
-4.511244129493821031e-01
9.534699623629965259e-01
-8.722786674946253482e-02
-1.000000000000000000e+00
-4.376162929051927719e-01
2.679953258835909846e-01
5.857275496486011868e-01
4.221705889915281507e-01
-7.242955666779684609e-01
7.098625633970263582e-01
7.219354450161186154e-01
5.401767967463342313e-01
5.293416296523429931e-01
1.333969315044587489e-01
-8.013207236405750500e-02
-1.000000000000000000e+00
-9.963657832076977527e-03
6.681394347186510041e-01
-8.531296251523904361e-01
-1.000000000000000000e+00
-1.388841082345433353e-01
7.096551534357098401e-01
3.187673302001412523e-01
-9.833079945859166671e-01
-9.240395659253662908e-01
2.992052535325724349e-01
-1.824223969638425480e-01
3.409488396311051162e-01
-6.033805967695058392e-01
2.906053260110286196e-02
4.048518969406840196e-01
-5.340171075633715070e-02
-4.588536566399197270e-01
3.888719241456444209e-01
2.788087734085070157e-01
8.803868125645211151e-01
7.012025592920496653e-01
7.224056583670295240e-01
-3.610117160340546860e-01
-7.453371025803587901e-01
2.273252303431136934e-01
7.948788819312511134e-01
8.782782526908614606e-01
-4.824610126244417985e-01
-7.611351050297483489e-01
8.082545267054841442e-01
4.438344915388459100e-02
-8.896559745371712680e-02
5.748578704015969709e-01
7.031072580629234015e-01
-9.104909238995304577e-01
9.563539741004236650e-01
-2.623412024125855169e-01
-3.029579200783008575e-01
-2.346330885849783332e-01
5.246687399191891643e-01
6.828263401677432398e-01
-5.496975058182016483e-01
-3.398170829492392908e-01
1.000000000000000000e+00
5.394435148806178137e-01
6.702522160631594339e-01
-2.462198830049606435e-01
-8.476908365524482569e-01
-9.531095705261178885e-01
-2.491152983082058903e-01
-2.823757529362977969e-01
6.924693317912697932e-01
3.200080139063037343e-01
-5.126786463635610303e-03
-1.024995790124011985e-01
3.304362940005018956e-01
5.091300467950607977e-01
-5.906658320208950652e-01
5.169996738894432342e-01
6.859788116339164965e-01
8.926600775143698208e-01
4.436664282195388331e-01
