6.994877415446597579e-01
4.265642141703840373e-02
3.752342344194414814e-01
-2.720221403164646556e-01
3.889221461569272731e-02
9.881499358501921737e-02
-3.359059120135755583e-01
4.571348024611446847e-01
1.489039918945508911e-01
2.234425705572203325e-01
-5.479174305786974064e-02
1.999904390721150005e-01
-2.732087285964155954e-01
-9.904953775614024902e-01
3.371002401715849084e-01
-5.543016506603191118e-01
3.495100643896735804e-01
1.206311402569702484e-01
-3.784954308373157383e-01
4.676831238616204200e-01
4.272322190721526691e-02
-9.883252238813207136e-01
6.032877207643392303e-01
-1.143220998868715865e-01
-8.291102852210747720e-01
-5.647788273756271238e-01
-2.131911132149225119e-01
-3.130693086763328137e-02
5.428756282808036016e-01
7.330281878751007119e-01
-8.947083925042451091e-02
1.733273345336453775e-01
8.649050465306000468e-03
5.358106055683307112e-01
-3.336481326369172828e-02
7.581973531114688525e-01
-2.219723474214460868e-01
-4.766828944079101738e-01
-4.849581666703657312e-01
-3.718146523045445795e-01
-4.441743717290639326e-01
-6.472154549903422205e-02
6.899730586198548066e-01
-2.196717075688214837e-02
-1.418230293886217630e-01
-4.670924624683338577e-01
-1.565669094110955228e-01
7.310951257686898463e-01
-4.474500126849783044e-01
4.985589079073272645e-01
3.170123399543184894e-01
3.697587954819525624e-01
-4.529778676736619936e-01
6.201077544624297028e-02
2.650145120883997674e-01
-9.423502456027145202e-01
3.081212337475710550e-01
6.036718919757111390e-01
8.289300209057838265e-01
1.738925563578653799e-01
-2.936951987234140971e-01
-1.717309589354691912e-01
1.554790450981266003e-01
3.232649234041589104e-01
-1.661869683321741953e-01
7.344248452432029506e-01
-9.053845986380124611e-01
-1.342025464715604355e-01
-2.531014078500022912e-01
8.939874271952227280e-01
4.217645458468660680e-02
-3.889012449378907998e-01
4.095790123704380892e-01
8.578378727415292282e-02
3.910716735638715413e-02
-1.016170537255917106e-01
5.547214336055892314e-01
-3.936077635691329069e-01
-5.123830104765094706e-01
-1.543405548305876451e-01
-7.115236341491638639e-01
-4.002087433408030859e-01
1.459291334410128260e-01
5.034070143581282908e-01
-4.966231803476076623e-01
5.418111075955571454e-02
-7.105215783992488987e-01
-9.002443280782057577e-02
-2.425831477192490759e-01
-1.725217054872350275e-01
9.577501888161291110e-02
-2.681727626935159203e-01
4.339286488515054496e-01
9.081727564486542503e-01
3.820837181083387990e-01
-1.189980018492326347e-01
-5.109591117105287683e-01
3.784850687398981783e-01
5.562075492226596918e-01
6.584399291963989320e-01
-2.015235700009095354e-01
-1.658238928396879031e-01
1.641613484256435052e-02
4.144824523968543284e-01
-7.855108625185995841e-01
-4.078099013397661343e-01
2.823286040147075515e-01
8.170498564951407250e-01
6.566039495341297050e-02
-5.640699888675031470e-01
-6.054851935651667239e-01
-8.057534773900950631e-01
-4.174552968995966507e-01
4.975616849069122716e-01
-2.178354273476225678e-01
7.784112817224749792e-01
1.882064972854474993e-01
-4.641534841094832609e-01
-4.616145373018319398e-01
-2.434867391953493276e-01
-2.779328432810665439e-02
4.788619294825327555e-01
7.611977893540613493e-01
4.130480304372128875e-01
-1.464390543907408415e-01
-6.367376972821401360e-01
5.344155593936683601e-01
2.351129511343010847e-01
1.733888081362937039e-01
-1.272119322671953490e-01
8.377493616564993251e-02
-6.190145720914732586e-01
-2.824227980826422568e-01
-1.320232646196893567e-02
4.238286533209205675e-01
-2.801126281940735652e-01
-5.396714227505460260e-01
3.501603320264587982e-01
-7.171764056879956772e-01
3.542621167504729218e-01
-1.247719988105470690e-01
2.826027743482651955e-01
2.678157291877791835e-02
-1.621267004282206936e-01
-6.035851707274552114e-01
-3.422929697571593932e-01
5.851391062472782734e-02
8.069625308836940736e-01
2.264380758013345707e-01
8.757363785336096107e-02
1.531146446297290131e-01
-7.590502087579840129e-01
6.524040513325332080e-01
-4.914989232229691196e-01
-5.907444000375223769e-01
-2.542666233979651302e-01
-2.856153126049923441e-01
6.884322735561661244e-02
-2.072618013970280448e-01
7.485822506399956167e-01
4.810711174748375507e-01
3.334132774432586599e-01
3.206617856601231553e-01
-4.696780049416341418e-01
-8.685660505663532760e-01
2.794011859300746248e-01
-3.995901517129164526e-01
4.299327897048874081e-02
2.773525725028057609e-01
1.064024353160588493e-01
-4.325881137681895638e-01
4.605374455957762792e-02
-1.288646149369122029e-01
2.602128158555430115e-01
2.843920042547558591e-01
-2.841458162521498521e-01
4.513906775737664967e-01
5.800126901905127141e-01
3.995945460385773584e-01
-5.162923105975056881e-01
2.759066053761597415e-01
-2.426506109573560166e-01
-6.261530992915017579e-01
6.664881009275036572e-01
-8.991976573990689836e-02
-9.016354759524229934e-01
-3.573042578830303295e-01
8.599928422267366646e-02
-1.288664414140196224e-02
3.657877412252603100e-01
4.578664573305361030e-01
9.001003518620821486e-01
3.681412089009907795e-01
3.262809277332314739e-01
4.883010819022870486e-02
4.686701787348358517e-01
-6.476436891408077212e-02
-1.526443133628163917e-01
-3.529817192870848275e-01
-3.007433815908132080e-01
3.597251710567537231e-01
-5.267793822900430634e-01
4.951216854081677554e-01
9.364508056432001570e-01
3.608682046667995857e-01
9.434918461819039037e-02
-3.158328505868572833e-01
5.655953063215162224e-01
1.117675719909216742e-01
-3.715896606789877432e-01
3.199621231936128907e-01
2.023364851055633462e-01
-9.128655926203611826e-02
4.683968397608244127e-01
4.982544742072222421e-01
7.029905777333249617e-01
-5.011325216221178547e-01
2.403202577069741275e-01
5.087756448699749523e-01
4.064411570160020304e-03
5.918129731256227544e-01
-1.617536079427167039e-01
6.324036550057332562e-01
-2.475204013077090259e-01
3.700572018857190004e-01
-4.363176376619490870e-01
2.248254309813878804e-01
-5.751257980809804105e-01
-1.376772370660800104e-01
3.290425346409200369e-01
-7.259100615125997358e-01
4.674462718955715301e-01
5.040063052119272413e-01
-5.656179414264737026e-01
3.718486546865802378e-01
5.211824748060371881e-01
-7.726799245955966455e-01
-4.948565441630886630e-01
-3.199930983407721086e-01
-2.245802375096214720e-01
-6.862982313566996506e-01
-8.846560588008973713e-01
-7.690574969450308940e-01
6.786917393237194007e-01
4.637362879645354763e-01
-4.569291799319531444e-01
-2.013345994715967924e-01
7.511500268424997628e-01
9.827010958842956612e-01
-6.507670377303931275e-01
-9.943570409483670769e-02
2.306451043596034478e-01
3.260915793761539616e-01
6.054147000579345184e-01
4.989935432107627244e-01
-6.225158894716281699e-01
9.834161803589638873e-02
-2.633948235422451933e-01
4.594200863473249519e-01
8.761660468476706320e-02
1.505437326922675345e-01
-2.595281977910333659e-01
-9.854053629070168296e-02
-5.033326089020774274e-01
-1.715323955271627065e-01
