-2.308802883491118951e-01
1.187045941354969436e-02
-7.400755109205161553e-01
7.371560100628324896e-01
-3.631411397641384209e-01
-4.663671694352410357e-01
-3.668087069475232109e-01
9.949297140726214295e-01
5.052249378289195292e-01
-5.225844782240902653e-01
3.088525723231949627e-01
2.315780883511882049e-01
-8.389332576295358557e-01
4.594326133850881178e-01
8.611689513983025179e-01
-5.635350650106119019e-02
-1.480899654301068846e-01
-2.214129278589844763e-01
-8.988530240072756250e-01
8.952181595058943397e-01
3.490069318027926304e-01
1.184138841756203764e-01
9.344985048090921342e-01
-8.965731953431494983e-01
3.163298557962495039e-01
-3.521975263454502070e-01
-6.701612220838371048e-01
9.760360609493621276e-01
7.803969606987031238e-01
-3.105432040441100661e-01
-1.000000000000000000e+00
-2.871681321675167986e-01
-1.407587375039089927e-01
-9.643571460716782173e-01
-5.638340250222557692e-01
-1.816370497713855059e-01
-2.761645984551752697e-01
6.473927903072824730e-01
-4.770675070075163227e-01
-5.755248627859943511e-02
6.141777876660408086e-01
-4.246937244500395003e-01
6.310018274539170857e-01
-6.331852598481106931e-01
1.546967454337617731e-01
-2.821763149049110186e-01
2.167317175297929222e-01
-2.364025125625603962e-01
-5.605741615254761223e-01
-8.071737804621796908e-01
-6.082418035409500323e-01
8.272840793881037769e-01
-8.031858978486503542e-01
1.124354870402246576e-01
5.225436414157422771e-01
1.058626285732423566e-01
3.063017195137197612e-01
2.090284023748335551e-01
-8.334428321812852314e-01
1.055394549927721748e-01
9.423799312827474406e-01
2.579032416229809499e-02
3.600190766333160042e-01
4.335070498494807412e-01
8.210493853523201935e-01
-4.760721956691393864e-01
8.698854855369231309e-01
-5.739525509999354735e-01
-3.373351947791181082e-02
6.465343409588037993e-01
1.365447027386078593e-01
-4.861942256377080884e-01
2.944223704246904383e-01
-1.770064994895936827e-01
8.459876133537103104e-02
2.887056391555531398e-02
-1.000000000000000000e+00
-4.653019996567977490e-01
-4.986484139542317617e-01
-8.076821898919712694e-01
1.000000000000000000e+00
8.482215391588954212e-01
1.000000000000000000e+00
2.622514403846987197e-01
4.055074681418830984e-01
9.055942178796860809e-02
-1.167614722384620329e-01
3.084475157026710379e-01
-2.389634148576416095e-01
-2.691626715193679020e-01
4.793906822319602412e-01
-1.000000000000000000e+00
1.329317298525580782e-01
-3.664348056216392147e-01
-3.696002508100455497e-01
2.585263143733809166e-01
1.000000000000000000e+00
-8.699976257968595750e-01
1.476413038906163600e-01
-6.841160304894626787e-01
-7.800590891067691324e-01
7.741718855181090042e-01
4.077647691887564818e-02
1.000000000000000000e+00
7.343576174563425374e-01
-2.873764299752945561e-02
4.576679048716685294e-01
9.704700007420408170e-01
-9.446985169996247045e-02
3.968642178496462058e-01
3.982536695425977769e-01
-6.122799243581948936e-01
-8.762573444515189269e-01
-3.439167806956999751e-01
-1.590034396038297881e-01
-3.971686293819376434e-01
1.000000000000000000e+00
-5.823252689262572446e-01
5.559941647518040764e-01
-1.689344966252865898e-01
1.114040519990393552e-01
2.302022956832560086e-01
3.991750978759107671e-01
-2.604511448969923926e-01
5.480910502650182536e-01
-3.068074336676961944e-01
-8.047685469229882704e-01
-2.868978629947804837e-01
3.012515152559496201e-01
4.248724703739930053e-01
8.160714959213888342e-01
-9.908643872517320927e-01
6.924175870889086593e-01
-4.500150696106817172e-01
-9.427294886841155463e-01
-1.000000000000000000e+00
9.691964605162057822e-01
8.514249448733388625e-01
-9.777288734645732671e-01
6.009323383983833367e-01
4.038779330166311077e-01
-2.604443381400289859e-01
-5.941612241243254822e-02
4.903488295937044050e-01
-8.727103906714648307e-01
2.527561503022468514e-02
4.065853526922189043e-02
1.753294240404441595e-01
1.690438859539742378e-01
-6.510580585978547052e-01
-1.178969813419228352e-01
-1.784987050858783952e-01
5.959134893741514505e-01
8.927769873593753847e-01
1.102061359424895137e-01
1.000000000000000000e+00
6.596927537471994896e-01
-6.028563662374426535e-01
4.972979230230221148e-01
1.607454634768186175e-01
8.247653000938113266e-01
-8.263521415223531452e-01
-8.208267168479759235e-01
-2.150320802070394555e-01
-7.048217705015356049e-01
-1.667220597554484041e-01
-7.699000767026022984e-01
6.135438855779697942e-01
-3.173658942610807498e-01
-2.421137984082832872e-02
7.597064902388388496e-01
1.261292248641228131e-01
-8.798614467836467501e-01
-1.000000000000000000e+00
-6.382985561735509128e-01
-7.561192751657375144e-01
-8.905925768142481935e-01
-7.967468453997141875e-01
-1.000000000000000000e+00
-1.567563666645477860e-01
1.356621681926724055e-01
3.217154425318515809e-01
-4.101096019504628654e-01
2.260757330113909447e-01
-8.865959207888272076e-01
-1.041693596594918114e-01
6.854514995503739883e-01
9.167096532578244972e-01
9.099011787451165567e-01
9.469703856459583680e-01
3.082576916239989639e-01
-1.736042048508952274e-01
6.200297610422933481e-02
5.395595368178871531e-01
-6.083406098659860373e-01
-9.031408501872453254e-01
-2.593757331261776766e-01
-9.032256069597051074e-01
9.616893953468574896e-02
5.922926516662174734e-01
-2.736601100005697784e-01
-8.764989055038472365e-01
1.443707648634791063e-01
8.778852335058755507e-01
-7.492467255340855559e-01
5.871738080973862850e-01
-3.936007453615535390e-01
-1.219387703683003643e-01
-4.366251015796086543e-01
6.770325656245554935e-01
8.107554855706611274e-01
-7.610875908757253061e-01
1.261973146240833454e-01
-2.454386729489195229e-01
2.863104332089672077e-02
-8.586245992951140327e-01
2.369351113607600645e-01
8.918903291347044515e-01
1.000000000000000000e+00
-3.086740905429825599e-01
-4.307817895388503793e-01
9.916508293111234718e-01
5.789455701244260455e-01
-6.481627649517802681e-01
9.292077906110634000e-01
3.898186778438168520e-01
8.710997677093716973e-01
5.394812679823766111e-01
5.342110997038587161e-01
1.124393312949697465e-01
6.811182331808116608e-01
-1.000000000000000000e+00
5.142051807368508420e-01
-4.061279921349347788e-02
6.788723175902413587e-01
1.304525481998293213e-01
9.778073154552338053e-01
-6.550834007608050680e-01
-3.317589990746450113e-01
6.176146683432515161e-02
-4.962232714438947756e-01
-4.151161069398914827e-01
-5.371904292310081264e-01
3.353062010193466058e-01
6.025047200734801045e-01
-9.328243393885320422e-01
9.668308213775900217e-01
3.303477562141772239e-01
8.996757017358565367e-01
4.429394470252803195e-01
-3.058601693742315497e-01
-1.000000000000000000e+00
2.442433593738346786e-01
5.061240926438268506e-01
-4.463879665334611335e-01
4.414508544488486841e-01
5.993336111512302944e-01
-9.927682810229958577e-01
6.606216163733474867e-02
-1.000000000000000000e+00
-9.166363414556701894e-01
8.680752063669516794e-02
5.867896270246102386e-01
-2.790060436942076727e-02
6.940264712231982713e-01
