-1.497380197576114735e-01
1.000000000000000000e+00
-3.992128016675055568e-01
2.982685603979106093e-01
1.792959995658417460e-01
-1.245222619606966841e-01
-5.963682167276984636e-01
4.861757782428026142e-01
1.000000000000000000e+00
8.980588804772040579e-01
9.263672753967224782e-01
-1.960555922877905421e-01
9.202911021636159816e-01
-9.710960731553452963e-01
6.952700767573850582e-01
-5.358981360964514273e-01
-6.254857743307783435e-01
5.221169153054738832e-01
-7.592745464213290774e-04
-8.739057132124365967e-01
5.698786527566308546e-01
1.000000000000000000e+00
-5.233811142670491412e-01
5.597054725937540276e-01
-1.000000000000000000e+00
4.661555239586149257e-01
5.956142976089693342e-01
4.616957382946027533e-01
-7.615645717198999964e-01
-5.753734681821743857e-01
-1.528650485999702713e-01
7.215362635002977587e-01
-2.751739720407324619e-01
5.610607238594708113e-01
-1.058551635040922978e-01
9.537798411887322692e-01
7.861741828313126845e-01
1.000000000000000000e+00
7.610809325673055792e-01
-1.546027048448364027e-01
-1.442240267756771943e-01
-3.887048604413185782e-01
-2.932599737079747970e-01
-1.989558719956402155e-01
-2.480973484110364780e-01
4.005598229101124952e-01
1.000000000000000000e+00
1.000000000000000000e+00
8.329300637584230449e-01
-5.712359088099359106e-01
-2.446917414869909102e-01
7.092069622077749047e-01
2.034154357717593564e-01
5.060281641779587058e-01
-5.156736579845596635e-01
-8.050419620780457919e-03
8.317306358477680739e-01
-4.887633660480167341e-01
6.699857636474444433e-01
-6.333238557815467074e-01
-8.337171288963038940e-01
1.000000000000000000e+00
-1.000000000000000000e+00
1.621055692738600784e-01
-9.236907830899180327e-01
-6.159235987477877927e-01
-1.607604699979849894e-01
-1.000000000000000000e+00
4.630228686651645109e-01
8.974290511959047700e-01
-1.683689650924090619e-01
1.241375921254430637e-01
5.814789405535224220e-03
8.934624647747643200e-01
8.866607978248569610e-01
-9.538107807369038404e-01
-7.149623927844094284e-01
6.293251718324049948e-01
7.194118330731857913e-01
-5.965197438679150643e-01
6.795437433610420630e-01
8.471687446199434035e-01
-7.150684785123034848e-01
-1.476230865929878677e-01
-1.000000000000000000e+00
-1.785225719946376688e-01
-5.105676496712813206e-01
6.430552279987955533e-01
-3.018130125532721419e-01
1.000000000000000000e+00
-9.686340840043358158e-01
-3.758288664283289116e-01
-2.192299882858389226e-01
8.196013376904640602e-01
6.570212397314978414e-01
-8.172446250188949435e-01
-6.275007281633024903e-01
-8.111682624560133392e-02
5.122698565287754358e-01
6.786826858394974238e-01
-4.576823067472259310e-01
8.001942526660522637e-01
-3.408349985571841878e-01
4.011057546739389412e-01
-8.218479262736655411e-01
1.118528325592377110e-01
5.204677007837712477e-01
6.909888809996852510e-01
-2.527615001059783095e-01
4.433473466216633074e-01
-7.781789251605060187e-01
3.248600892313373012e-01
-1.479254360897811760e-01
-4.398017522643635768e-01
3.158579247838364523e-01
-6.057271224256897124e-01
4.302716391449417643e-01
-2.685225887560381830e-01
1.138948729494885376e-01
2.234163059928209183e-01
1.000000000000000000e+00
-3.121045006102188824e-01
-6.274867012478515527e-01
6.633791669320986406e-01
5.183231986570772110e-01
-4.580745460742191577e-02
-7.523571939750786086e-01
-6.689611811866955637e-01
6.131348017473350342e-01
-4.052001873877608684e-01
-4.832258236872805646e-01
5.328936969891266973e-01
-3.115090650627014290e-01
-4.570401237855447052e-01
-1.286605079494607395e-01
-3.520722584857093329e-01
4.636596534429263672e-01
-2.402182461223211496e-01
6.874602717439908250e-01
-6.331751611619148568e-01
-2.108261994033217013e-01
-3.600582589036260828e-01
1.030981173508171422e-01
-1.689310506919911581e-01
-3.673526606535442163e-01
-7.837475044103237032e-01
-3.566881526277954628e-01
3.413248163685307368e-01
-1.424139865879110178e-01
9.048828206577241851e-01
1.397079931951523135e-01
-5.917998580913643725e-01
-2.392371475610497178e-01
-6.157943958963846276e-01
-7.999769791017630194e-02
8.232702770815932825e-01
1.000000000000000000e+00
-5.738849604348075228e-01
3.596901185062455486e-01
-9.636354558748636556e-01
5.494845703856384711e-01
3.610879806586957397e-01
-7.524525735011955430e-01
-1.000000000000000000e+00
-7.821043225527644083e-01
6.592977351245590811e-02
4.407357199277148196e-02
-8.739321344589494611e-01
-4.157111908953648460e-01
-3.022168991917439929e-01
-9.503802820754908565e-01
1.000000000000000000e+00
7.886371518241903633e-01
3.458391142123266038e-01
-1.475413093313333035e-01
9.738416096523093701e-01
1.000000000000000000e+00
-9.025486222275347359e-01
-2.765073095370887968e-01
9.075137863095966706e-03
2.285601332781017625e-02
-4.308202117054332758e-01
-8.777508304748371515e-02
8.045349815819573258e-02
2.582067903327704972e-01
3.852522567330270986e-01
7.607497014968160887e-01
9.512758461083978268e-02
1.000000000000000000e+00
7.420055255609847578e-01
7.619967085348247071e-01
-6.524106527769677477e-01
-7.741459741551061091e-01
-2.132416971603945388e-01
-6.040461609207125049e-01
6.178206195644440069e-01
-7.077482521909294055e-01
-5.257620015185381357e-01
-1.839600249587024228e-01
-1.329764679196670032e-02
7.172957439380169831e-01
4.156853200117434088e-01
9.332006485480472957e-01
3.723629674666920630e-01
-8.295885777508841263e-01
-6.663829100150706619e-01
-4.482582311489189397e-01
-1.542644849419017583e-01
1.000000000000000000e+00
4.498572825685923648e-01
-5.866697069904127648e-01
-9.992479363236550505e-02
5.568685086978713006e-01
-2.728022011211191367e-01
8.700036763575108578e-01
-5.083165088889073369e-01
3.942726050992075848e-01
-1.935283710309491090e-01
-2.351115968004324763e-02
-6.011883462154807845e-01
-7.317521735291521168e-01
-6.057638447327663433e-01
8.219048508136403974e-01
5.958785426892645454e-01
2.892755281650933319e-01
-5.148794114057018145e-01
-2.930595198589793227e-01
9.235598221458836132e-01
-7.312842085969704087e-01
-2.368035461365775030e-02
-8.220733986567518858e-01
1.000000000000000000e+00
5.549510151411426451e-01
3.700321405809823827e-01
-8.836747507949432867e-01
-7.440425325172876914e-01
7.176151719971437526e-01
8.386541374664535642e-01
2.904935707842293269e-01
7.951321476954904544e-01
-1.000000000000000000e+00
-2.077778330437559939e-01
-2.711934630983782180e-01
-2.086489173667353259e-01
-6.665598487993221744e-01
8.050282862219368951e-01
-5.285478418992084482e-01
2.171530743545407316e-01
3.202066252332196328e-01
1.000000000000000000e+00
-6.462801093510345263e-01
1.783097129930773239e-01
3.362396375484788535e-01
-3.044901363426789076e-01
3.438471642051271759e-02
-2.881103287362493104e-01
7.798844663913906405e-01
-8.965818272508944142e-01
8.597610379902789202e-01
3.739904331882586419e-01
-6.706216314182475990e-01
-9.809116658682275336e-01
1.000000000000000000e+00
7.549608104867693292e-01
-8.497041020716090687e-01
