-9.950163005579215625e-01
5.135434995748309195e-01
-6.348516601250975278e-01
7.767575767155315836e-01
5.849266704866769029e-01
-4.946105907345563768e-01
5.457118819576965985e-01
1.000000000000000000e+00
1.008775917926818533e-01
-2.037826316489548262e-01
-7.068422638231193211e-01
-1.497192832416031905e-01
4.532326731199298742e-01
-9.198189840839494646e-01
6.541416417319778631e-02
-7.255588420242877756e-01
9.986169842940295638e-01
-5.628125290032328643e-01
5.069535368367208417e-01
-1.274865872452926041e-01
-7.792891663910546107e-01
6.646177325997670859e-01
-8.215916181826623532e-01
-6.527424819171754322e-01
-7.608770724234326099e-01
9.287503459332118183e-01
-8.347007070963311515e-01
-6.213351854487747516e-02
-5.379565436588775729e-01
6.493926039370037095e-01
6.702359890285587429e-01
6.027602108883709509e-01
3.761912245326757276e-01
6.807258300330487621e-02
-9.173779492974107885e-01
-6.628017905851646407e-01
-1.000000000000000000e+00
8.330936115141387432e-01
2.889104224839489365e-01
-3.319065121713549171e-01
-2.063987706095105068e-01
4.927279576363461366e-01
-6.405182148797881059e-01
8.410522017225907643e-01
-3.868114221055183322e-01
5.103294116655650026e-01
-1.000000000000000000e+00
7.430975856660861911e-01
-1.000000000000000000e+00
-3.464468783957406206e-01
5.180233786894556935e-01
2.095051644652314859e-01
-1.310468348220632517e-01
-4.163980034087864102e-01
-4.405006386896708204e-01
-3.129856811947080986e-01
-2.964723269427604890e-01
4.880637968946595073e-01
-9.502928590012915677e-02
7.510278886594804471e-01
-2.214131797383516176e-01
9.804619896527826395e-01
1.328512573869262692e-01
-6.579238499539136198e-01
-2.517517613229269813e-01
3.749474894946971393e-01
-2.202672355540229443e-01
7.375063853467276331e-01
-4.505756062807302342e-01
-1.096071130209959055e-01
-4.676861619231882372e-01
-2.221894018965129280e-01
7.775239185573843415e-01
1.304506490188999113e-01
9.686473927096619363e-01
-9.772205000904303773e-01
8.299011435934882108e-01
-5.585083675323676555e-01
4.273345655731199955e-01
7.119412598083472155e-01
7.786276141318415611e-01
7.734797068633793293e-02
1.593200642992993465e-01
-8.324905753225644300e-01
-4.505098122553028439e-01
4.717970521945418216e-01
-1.528697259547846521e-01
-1.232033108097116969e-01
-1.989483085594354050e-02
9.205141405083085981e-01
-8.727709133114793794e-01
-1.110680837540789501e-01
-1.080724973771354236e-01
8.683727785850581249e-01
-3.413097573748757885e-01
9.151039737359067949e-02
2.171303730484777095e-01
5.870516350070429379e-01
1.892379203298100721e-01
-4.013097048417344631e-02
3.378327470944251232e-01
-2.471415270486414240e-01
-8.730536918239286681e-01
-3.295068373606160339e-01
6.467807041140267721e-01
-7.223332685655345919e-01
5.855815719888530779e-01
-4.601803890769851080e-02
-8.960061177159646117e-01
4.921650779814427112e-01
-9.721562307266072844e-01
4.037163910801637723e-01
6.972031094073989355e-01
4.439170032813982147e-01
-7.308855629911392704e-02
-2.512211623818664252e-01
-5.625704622702789592e-01
-1.000000000000000000e+00
-5.595387920210903587e-02
-3.152258584323648360e-01
-3.784374183655865309e-01
1.297988850312286058e-01
-3.131375924869304050e-01
-3.578969432819851804e-01
-5.274463051937510194e-01
4.269034691241389012e-01
-9.979105496181217561e-01
-5.500137314658939958e-02
8.642100654002644600e-01
-4.943792413708352207e-01
7.570731952204856618e-01
5.718853528465862590e-01
-4.328874694077355922e-01
1.000000000000000000e+00
7.174249971378500179e-01
-5.220800581169715571e-02
9.856247889743994239e-01
1.174974948176279455e-01
1.947677431882914867e-01
-1.540743663836267874e-02
-4.874408330361672537e-01
-4.328889630276993028e-01
-5.173872593749145876e-01
6.241890781604741978e-01
6.382287667280799326e-01
1.000000000000000000e+00
-4.444205539813512740e-01
5.794156912329471165e-01
-1.000000000000000000e+00
-9.946083701162928836e-01
1.000000000000000000e+00
4.654471819603360760e-01
-8.192841728525992462e-01
-7.598259601521160089e-01
-9.423973370966831631e-01
-1.035718897198605326e-01
-2.607188562681125310e-01
-9.216764353379025554e-01
1.473289752809938680e-01
9.678771155665437664e-01
8.857797967561855668e-01
-3.338454713377422278e-01
3.402571340284241685e-01
-2.693190061879464636e-01
7.939898764016428689e-01
2.250832670981859351e-01
4.752933233934861779e-01
3.939426583006859772e-01
-2.926591942355862841e-01
-1.154324240822779402e-01
-8.658379513400515926e-02
9.019364560311680101e-01
5.012687193065928914e-01
2.057003637273250862e-01
-9.872230659199268121e-01
2.485604758587098839e-01
3.594437552758029675e-01
8.912360804345174081e-01
-6.966020317725929445e-02
9.724597420363818578e-01
7.792827270474909085e-01
9.111402367227152688e-01
8.740318020692865453e-01
5.782427511984269408e-01
6.082561536387203205e-01
5.784689268346907554e-01
4.576798366271845886e-01
-3.870037980687764390e-01
7.374753411706451711e-01
1.000000000000000000e+00
3.935822343979531457e-01
-6.772019996388189966e-01
-4.411885173975768071e-01
-1.000000000000000000e+00
-1.000000000000000000e+00
2.685564605313829900e-01
-2.063963841772388785e-01
-1.247208139819216965e-02
-6.141043596376281055e-01
-6.579292743497644480e-01
6.555949565566256965e-01
4.806943479829695054e-01
-1.000000000000000000e+00
6.164590180102387240e-01
7.401272933839009305e-02
-4.206111933604541608e-01
3.609207632340520888e-01
4.230276130032608606e-01
-3.117422413450190444e-01
-5.684734223284881871e-01
-9.068167788351109149e-01
-5.026698659067472263e-01
-7.016281299054560883e-02
9.169690713196637644e-02
8.756575715701451212e-01
-2.052971016156346362e-01
-3.889687872022902226e-01
6.738152459547557260e-01
-1.000000000000000000e+00
4.764174795542190921e-01
1.271701527010582478e-01
-6.593930506496326061e-01
-1.900171280603021873e-02
8.857226726539104700e-01
-8.671778997617729523e-01
-4.975245936907626843e-01
1.571929560701366135e-01
-2.277211472030943318e-03
-5.865911594098354581e-02
1.000000000000000000e+00
-7.354426367953463828e-01
-1.000000000000000000e+00
-7.849915664489777178e-01
6.381517600621013919e-01
-5.030209885202956421e-01
3.254369998792991936e-01
7.488972991271737323e-01
3.436446508454613635e-01
3.087272149598475623e-01
-7.027550829458848458e-01
1.028255051579840540e-01
-1.758862743199407497e-01
4.631238564192705631e-01
-6.851977240685392934e-01
-5.535538683608851596e-01
4.134181695620746666e-01
-2.915431951579912084e-01
1.000000000000000000e+00
7.162073294779983668e-01
5.845969333179934502e-01
-3.777067144583147185e-01
-5.851215368932272121e-01
-6.389645084708495126e-02
5.967852044541719359e-01
7.262602154477810767e-01
3.479530542338455379e-01
1.393578407878925951e-02
-8.523888241428946300e-01
2.988542004983285594e-01
3.732266630695266763e-01
-4.003874286352541723e-01
-2.525761967875761460e-01
3.495375215692109183e-01
-3.923897363908164238e-01
-5.033890106775036344e-01
