8.363372732579317237e-01
6.635392276084632890e-01
7.813941667865968999e-01
4.634431847229218970e-01
4.466393240649859653e-01
-8.960012851275480639e-01
-5.679687984110837196e-02
-5.687925563436813103e-01
1.000000000000000000e+00
3.647823923622938724e-01
4.396489416710787079e-01
-2.971086336242441117e-01
-1.906113450732085379e-01
5.525406734115543284e-01
-7.463280433235275346e-01
-4.828530462734015316e-02
5.483315703245994488e-01
-6.220599738735426154e-01
5.450958252315676322e-01
-8.280354218113481490e-01
3.351494059167055006e-01
7.076044069920308655e-01
1.138579621903963446e-01
3.519312346335075059e-01
-9.378859727390707057e-01
-1.000311584886578453e-01
8.637155599656112237e-01
-1.622972263871595988e-01
-8.831844255135743449e-01
-8.864372236317650255e-01
-3.954398830951191268e-01
7.343523046321946968e-01
-8.887775368950314725e-01
-7.819375835188502322e-02
-3.310010578703139750e-01
-9.667894717014233752e-01
-3.649704703285256979e-01
-2.548673214760468486e-01
2.404556032677969135e-01
7.281431422269091236e-01
-2.334629290729139939e-03
-9.604009875533816576e-01
-3.334191055056292541e-01
5.644952251347017391e-01
-9.408703192825604855e-01
-8.302885607634311604e-01
-9.658113712420168806e-01
-8.433315514771611010e-01
3.194882474289544305e-01
1.556097585036702036e-01
-3.797252566595132883e-02
7.262271959631847462e-01
-6.771654753980091423e-02
9.427881374084140509e-02
-2.473944305048705328e-01
1.350590829097906287e-01
-3.126863209835963886e-01
1.119197739341516451e-01
-1.329917539344742661e-01
-2.437100712674287184e-01
-8.839536260746310159e-01
-5.639320739327084997e-01
-5.436030805993959936e-01
-3.697152288736582637e-01
-3.956735474870476388e-02
8.255824748975899574e-01
1.000000000000000000e+00
8.222363524558675696e-01
-8.181520858617089553e-01
8.229309248411864619e-01
2.887086010756962917e-01
-3.435394323839378039e-01
9.019092923009429386e-02
-8.459944398789926989e-01
1.838525363697496307e-01
-8.653058461214884201e-01
-1.000000000000000000e+00
-4.600521589723800542e-01
9.328747573033582263e-01
8.660283341981922511e-01
-4.682300577194944968e-01
2.836724709906355280e-01
6.740873655383377017e-01
6.721561920599088413e-01
-7.974843250097229941e-03
6.235742043109655519e-01
1.786097296201876183e-01
4.651568497836293670e-01
-3.329812523848929562e-01
-5.097951430112468429e-02
7.239709362825974548e-01
-9.641426599113855911e-01
7.484762249010613600e-01
1.613437415800333952e-03
1.906339358013150465e-01
6.703531865844005733e-01
5.104759919126347079e-01
-7.106956555471679593e-01
1.105765512766621050e-02
-2.023598314137751153e-01
7.958621757195636359e-01
-7.183776262248267042e-01
-5.500152513879903449e-01
2.400020924661271926e-01
4.666383108105882638e-01
-9.207438544564410243e-01
1.324751179906558107e-01
-6.770607933042407378e-01
-1.419665601247941389e-01
7.734751864148119438e-01
-2.716460059348919653e-01
3.398478603062571324e-01
-7.383068703037114489e-01
2.288473697653281569e-01
4.085903534902981526e-01
1.215438197408802434e-01
8.819565947088525704e-01
-7.480853388551211847e-01
-8.437456539715619819e-01
-5.961024576261411134e-01
9.932145465718060784e-01
-1.120991504235191449e-01
2.561100248578562777e-01
2.479913491322585095e-01
9.323212210240472420e-01
6.084342628211036885e-01
6.673400936913556070e-01
8.930582856674612602e-01
-8.107361993333728201e-01
-5.650384347633430338e-02
7.525719813281739334e-01
-8.154177508876887526e-01
5.215652093465708017e-01
1.000000000000000000e+00
2.066195033230518729e-01
8.711555625238487366e-01
-2.236380420284893589e-01
-9.271747234598521903e-01
9.594065372645217415e-01
3.989390392632754523e-01
-6.344402538959421634e-01
-1.719576905186990246e-01
1.270247622211124749e-01
2.062616756331454859e-01
-1.493454754013501251e-02
-6.133395988898067142e-01
-9.872145959179883246e-01
-3.187446185815845379e-01
9.516505657398839357e-01
-1.000000000000000000e+00
-4.680643677318605533e-01
-4.516716553848317273e-01
8.312826324389724353e-02
9.825312652826361237e-01
5.758138983301448466e-01
-5.231111934519486750e-01
-2.991999426618914271e-01
-8.311794688805873577e-01
-2.284873628818887004e-02
-6.811646837980189773e-01
-4.721936236485955174e-01
-9.357601943280200452e-01
7.763545062933649987e-01
6.087158531038778797e-01
-9.425125252209989313e-01
-7.586881244439260819e-01
8.873833292619219826e-01
7.265781685695309466e-01
-9.455510820125301308e-02
-6.238306570282486918e-01
6.847910767007363564e-01
-7.593215912092916575e-01
7.381514609364643320e-01
5.542363297058838789e-01
-2.066202506665515415e-01
-4.343425469100283820e-01
2.422107109579841877e-01
-8.703272596073995393e-01
-5.956537298444151141e-01
4.226848869308135193e-01
6.573944871230237297e-01
-5.767848275776950029e-01
-1.829000228604498179e-01
3.679825028821548383e-01
-7.243909582972782868e-01
9.732511791379867550e-01
5.107202595022375391e-02
1.568589662287873665e-01
5.437027973376256096e-01
-7.668566934953557901e-02
2.404041702179768869e-01
4.246007024579397937e-01
-2.475885126779919787e-02
7.427102565674470469e-01
4.717848359868375141e-01
8.094596993021108133e-01
4.274093349440890588e-01
4.171731312892925647e-01
-6.767597048936158100e-01
6.756155754179264949e-01
1.000000000000000000e+00
-9.289043907735683447e-02
3.507276269464310037e-01
-1.259368941952498933e-01
-9.270993314625413095e-01
-3.166479403973401219e-01
-6.171967909149262965e-01
-7.993385785164078827e-01
2.068643910176530820e-01
1.000000000000000000e+00
9.868754450707217796e-02
-2.816485752360295969e-01
-1.424069177456102064e-01
-5.136382382208666275e-01
-3.822598186226244810e-01
7.215169976718991407e-01
-7.776544606536728299e-01
8.536721435548957349e-01
7.998435171780863273e-01
8.276567936231233880e-01
-4.723441492066711156e-01
7.634796875882003953e-01
9.435673308576906226e-01
-6.329709255785780364e-01
7.842732872718394255e-02
4.502552498615239873e-01
7.861277621418949479e-02
4.137669046618750457e-01
8.901121070254314205e-01
-2.629227105907716022e-01
-5.176538329268147720e-01
-8.588649105647343518e-01
4.909711539321581775e-02
-4.404074786857414825e-01
-9.597818977126413298e-01
8.713057906038625955e-01
-4.287904077281352588e-01
8.683412931745571051e-02
-5.295616094830668530e-02
-2.161237500889474639e-01
3.516914840418370325e-01
-9.555608979807815873e-01
-1.544162768903778460e-01
5.796377736436466588e-01
8.405316296247675734e-01
-7.673431739853853184e-01
1.754660349310893652e-01
-1.724508009309881906e-01
-5.763909521759951193e-01
6.236697628063248011e-01
-8.982081890892628095e-01
-7.088208416197463446e-01
-1.145592182397269648e-01
4.219573876887372510e-01
-6.998219175134434700e-01
-4.617313656711850012e-01
5.470241292002331335e-02
-1.297615604788608934e-01
-7.030625986717036202e-01
-4.455180612874785062e-01
-7.772963684661560180e-01
-5.326758229462560390e-01
-4.640367009513732821e-01
8.306914203904003369e-01
6.730262842980480054e-01
