-1.942870995032117687e-01
-8.755414280597877408e-01
-4.377491984581194373e-02
-7.960410842229184158e-01
-6.716441445014993405e-01
3.659792650541624504e-01
2.630006981422627899e-02
3.622094142616205659e-02
5.615061503262455123e-01
1.000000000000000000e+00
-8.907807401138916337e-01
9.059917148087828220e-01
-8.680247002916490207e-01
2.313627686538739514e-01
-1.258846051269979505e-01
-2.226545461487238198e-01
8.799025613626385578e-01
-1.818858654881350123e-01
-1.263492489738389235e-01
-1.219923967449679791e-01
2.950175073326087305e-01
8.912627272872231110e-03
-1.905528238866158741e-01
-7.668502629381503954e-01
7.947214983866796034e-01
4.464172058140251642e-01
-8.935313473320984912e-01
8.901704843999942440e-01
4.860871630388059472e-01
5.692085759277671908e-01
9.700027531988684171e-01
-4.633917479063792144e-01
5.705061028061158002e-01
-5.884210345407738796e-01
-1.170202637769273135e-01
7.528969467084225542e-01
-5.101485271371634100e-01
1.000000000000000000e+00
-9.481551407151996014e-02
6.906395507063730621e-01
3.432783151728202586e-01
-1.394430652456450925e-01
9.090118004552583120e-01
-4.805477474476878008e-01
2.217120604464168365e-01
-8.192574367540450542e-01
-5.415327485384269224e-01
3.502203372723009522e-01
-7.956010316459845022e-01
-5.681426754546350377e-01
-7.203328673955162742e-01
1.011127411794892073e-01
-7.661220461271951443e-01
3.239557026067784590e-02
-4.053692089693622380e-01
-3.745147353743800700e-01
6.087247314044645918e-01
9.624829343916567748e-01
5.526620335423633457e-02
-6.660939929979432517e-01
2.783766816107814401e-01
5.735404702750024342e-01
-3.319595918528075451e-01
4.117536775017334172e-01
8.873332936231226320e-01
6.670080271742587774e-01
-2.970041017937601335e-01
7.158112686417950066e-02
-4.302479299541630553e-01
7.882204667183949631e-01
5.065841848940558778e-01
1.155602489655012111e-01
-7.176891764098254356e-01
2.726904538886198992e-02
5.434759326202629470e-01
-5.318538272703898784e-03
2.922888199493363093e-01
1.003476433501782061e-01
6.035955035623856713e-01
-8.526086802969310430e-01
9.675779153455303927e-01
-3.730826655919059487e-01
2.933116253997565259e-01
4.079831122111137187e-01
2.324860863616159679e-01
-1.614218234868822766e-01
-2.029599394971670911e-01
-7.556235160201969503e-01
-5.329678929121587361e-01
1.421083289379263537e-01
-8.703154777036709033e-01
-6.197386022553712515e-01
-9.249566441278695983e-01
3.873323570203079935e-01
7.297213251496319497e-01
-4.407757593381673722e-01
-6.427111025510579001e-01
3.167953980695172866e-01
1.180710944281011254e-01
5.881689399157707943e-01
-4.639190055038537874e-01
3.763632485193662003e-01
-8.107471689298579864e-01
4.406173883281336856e-01
-8.430220295472510283e-01
2.240961870077321783e-01
1.000000000000000000e+00
7.526075477287554882e-01
2.524436196605905902e-01
-9.282197689565244714e-01
-1.737435883914567880e-01
8.724238477812288339e-01
-4.696611025215442492e-01
-9.915294921806343531e-01
-2.560534502199764972e-01
-5.186158279646895242e-01
8.503938629091316315e-02
-4.153460003831410674e-02
3.264056015470411243e-01
5.088457047171673908e-02
9.443460882247833865e-02
6.735335758490761382e-01
-8.389044219835871674e-01
-5.079808501705127544e-01
-4.122953308227801372e-01
7.866943877495812254e-01
-1.819163797618350564e-02
-6.736442323251796704e-01
2.828538179380619688e-01
7.506508341890454350e-01
2.012295178484826419e-01
-4.959346831555495605e-01
9.960947550799401640e-01
-9.225813305550067955e-01
5.777012789843107843e-01
-2.228016588972989709e-01
-3.317286755568624734e-01
5.755598166133351068e-01
7.376252056024923398e-02
6.129960284767475009e-01
3.906306419149356834e-01
-3.275725535692290968e-01
8.095538101147065069e-02
-6.782319829973035841e-01
-6.235893442423084965e-01
-4.633351683333559734e-01
4.914221251120187151e-01
6.740841050715444815e-01
-3.737990575881473543e-01
3.404740229943601371e-01
6.231783640660603085e-01
-4.881801873287100468e-01
-8.575536039493438789e-01
1.661604842249286840e-02
-7.324732019932729543e-02
-7.073028948392430237e-01
-1.158112396540791345e-01
-5.598146251281919117e-01
-9.757818115952375804e-01
8.074557827758594986e-01
5.874227235208255848e-01
1.039565054948288214e-01
5.633662344400245381e-01
1.000000000000000000e+00
5.778596363011696546e-01
4.763366573624092659e-01
7.378956569567436397e-01
-6.198391588633680449e-01
-7.370385369084351268e-01
4.667054458370687442e-01
-5.968424172441577635e-01
-2.092744192539535142e-01
-4.269451632795212559e-01
2.009860219145108151e-01
-6.691381292997171659e-01
-7.645578721767772867e-01
-5.976472247714528230e-01
-4.387534872973177791e-01
-3.435070974560644474e-02
8.701781209686174634e-01
-1.093529059644213763e-01
-5.001512525740292592e-01
-2.046623444049138207e-01
-1.000000000000000000e+00
-6.116884940636280188e-01
-2.097382491839527852e-02
-8.823113007708465183e-01
-5.295990056241248745e-01
2.638466563031504064e-01
8.039971510909533770e-01
-5.866426898350141084e-01
2.439913054202824672e-01
-8.310733905578620018e-01
-6.663885532524317368e-01
6.176007672947074756e-01
5.465568679178582912e-01
-5.991812464262435967e-02
-8.495831099065231928e-01
3.147321424369076137e-01
2.818833099067052927e-03
1.738327815063269721e-01
2.022996859634560440e-01
2.235255473627402734e-01
-6.897979040297812503e-01
-4.027996611593913645e-01
9.933408919437235474e-01
2.499924742333995975e-01
-8.901952477947707720e-01
-6.882332388172529569e-01
6.220405896000700263e-01
-6.745764898358560524e-01
7.565790046415283854e-01
-9.682104020862292160e-02
-4.767399429331333760e-01
3.352490751374723188e-01
-4.721566544999260540e-01
-9.428930924489312693e-01
1.171037731822911210e-01
5.130898924184382759e-01
5.507260428803606445e-02
9.495535146242002345e-01
-8.975250406327424102e-01
-6.812770252831308326e-01
6.289891948129637811e-01
-7.832302472003644933e-01
3.163071491379152445e-01
3.963494182451785530e-01
7.530547646707108633e-01
-4.844036931762141229e-01
1.441756497205548548e-02
8.402142293343015655e-01
1.038363280515075537e-01
-2.362016037151241366e-01
4.084484146182794095e-01
1.000000000000000000e+00
6.595460831378405775e-01
-1.971713349083548117e-02
8.150612469019473671e-01
-8.879025732967615880e-02
-5.706100541672107784e-01
-1.350975854873610604e-01
-6.113089035814094352e-01
-7.597561158098473655e-01
5.068582938188788134e-01
7.821406724052115678e-02
8.982412073538841302e-01
-5.344482685622279350e-01
1.651722147981147804e-01
-3.455345912741025760e-01
-8.805516586071950869e-01
-6.787984717567991932e-01
6.944955462893476206e-01
-7.386755210716580144e-01
1.807551839516196024e-01
-6.941445760068783999e-01
-8.514487764623566157e-01
9.568614078043655713e-01
-3.200871561979869995e-01
4.412807080899310286e-01
-3.715090088366019283e-01
7.208828499061435968e-01
5.173124270594076091e-01
-3.383520858822315347e-01
4.734684161490358978e-01
-2.653146549221276906e-01
