-7.330930285507744060e-01
2.003057463390629511e-01
-6.647931478727298060e-01
8.744554860243969330e-01
7.502313467954957460e-01
1.690787106480127200e-01
-6.476769308108871748e-01
4.658654087408917732e-01
4.577247723283510705e-01
1.244221785519461498e-01
6.814084963524842387e-01
-4.862953924989217303e-01
-1.026037949962632645e-02
-7.392530882108256929e-01
-5.525065526212518119e-01
-4.255996014570300190e-01
-7.693721095057819426e-01
-7.702385848491526410e-01
5.241959076010569429e-01
-2.320883475246764416e-01
8.029247204058069798e-01
5.641429351596267683e-01
2.942944024320968133e-01
3.138293520153907501e-01
-6.367706846760918804e-01
-4.131576111067056800e-01
-3.774859077157999288e-02
5.579630891648137414e-01
2.040559455800325939e-01
-4.655126834822960191e-01
-4.761848505336976345e-01
-6.731138154150138053e-01
6.156312320155341578e-01
-4.418781027889921997e-01
6.089362680330978606e-01
-1.175028002424685081e-01
-2.943923342076468774e-01
-8.342987056957216208e-01
-7.701621225421040329e-01
2.407531235188862251e-01
6.144290030258994229e-01
7.138024338255191115e-01
-5.737046004091603812e-01
-6.451495373265951905e-01
5.808694700507701647e-01
-9.701707425122654271e-01
5.111672196932908196e-01
-5.524273173739395748e-01
-3.859043643877024810e-01
-2.074375404026693737e-01
-2.966604886495212146e-01
-4.565589175520372578e-01
-4.967231334498645179e-01
-4.304625707134241974e-01
7.828609539037365561e-01
6.977422847145438034e-01
5.863356249100972750e-01
1.546200379857511908e-01
7.825693009341758710e-01
7.113446988405702776e-02
9.105113478060222754e-02
-8.477492342947845483e-01
-3.586013517088648683e-01
9.704934942489986671e-01
-9.522255756672646232e-01
9.957192127035439100e-01
-2.279632580328021518e-01
-4.974830243677774710e-02
-9.220364961228875167e-01
-3.668534465107213816e-01
9.395977594710032132e-01
-6.736867545457030371e-01
1.942436767716593238e-01
-3.907647730755932081e-01
5.919547138055385460e-01
-2.916296741119381863e-01
8.905776409913943592e-01
3.401910224968556218e-01
-5.272144972522303519e-01
-6.305655875328810556e-01
7.435433524605528088e-01
-8.588104783703416345e-01
-3.984308130836484718e-01
-2.710503121490792644e-02
7.673766614764576666e-02
-7.781093768325115789e-01
8.638871626756936539e-01
-7.255112664596596872e-01
-2.710381947081199616e-01
-4.332436169888891353e-01
4.374905921634884010e-01
8.262784597663652697e-02
1.952686781815606842e-01
5.381585160824546854e-01
-2.904362921219096894e-01
6.424220222754826182e-01
-2.800368014941823080e-01
2.653587399354466747e-01
-1.970358893879271545e-01
-4.846549077078912138e-01
6.757512376897523154e-01
3.010466751074434288e-01
-7.095277061936202667e-01
1.435716083516931363e-01
8.297879897442399511e-01
-9.993769609209641747e-01
2.313903517352211558e-01
6.472198804024638097e-01
3.933150888153575941e-01
6.676777817321055686e-02
-7.918205795317982965e-01
9.609547541060954323e-01
-5.766447836497228252e-01
-8.253930025192681708e-01
6.014491496232226009e-01
-3.486003432146134173e-01
7.686383443428594919e-01
9.770302992328523395e-01
-7.195987857023429246e-01
2.391694053276705034e-02
-4.035219745136049418e-01
-1.427845055795853302e-01
-2.710857420864662970e-01
-3.819793158198736549e-02
1.040586820123639011e-01
-1.521272267807329825e-01
-3.226597561451236551e-01
7.100523269270742066e-01
6.398813503357785315e-01
-2.405063825298925373e-01
1.570937868694401995e-01
-6.951184551005704648e-01
3.345289610691568605e-01
-1.889785609996583737e-01
6.966330740949906453e-01
-9.058524950460369318e-01
-3.463193016889216658e-01
1.349089889705470391e-01
9.449054058882810914e-01
4.432650134670512720e-02
8.856992269063366230e-01
-9.814691039029324049e-01
2.603100317886182236e-01
4.111963340315634152e-01
-7.940766927654989704e-01
2.810627900736903939e-01
-7.554896052472073187e-01
6.983309816572313977e-02
-6.555844128347518840e-01
-7.812525298765182757e-01
-3.279031413925426186e-01
-5.958051628064242600e-01
-2.478790078941293107e-01
-2.629878836876200499e-01
-7.949532380698116629e-01
4.530739735323081607e-01
-5.485597853383283873e-01
-1.204792298839523212e-01
1.649314572614095642e-01
6.654270166748181836e-01
-6.862745327806378803e-01
3.465749966391076242e-01
4.818310994113805812e-02
9.943524586993506276e-01
1.717684166149733294e-01
9.192320068569483915e-01
2.539673939907796107e-01
7.844466129698017820e-01
-9.660110449405712174e-01
3.022583136572252194e-01
8.537353479971221404e-01
6.966064558190943057e-01
-1.454496487734868726e-01
1.461061698868104664e-01
2.660504963552290381e-01
2.679327662711210589e-01
4.336208355643600409e-01
3.078662169590027364e-01
4.522947346579830885e-01
-1.441113276451602143e-01
6.381685059486532641e-01
-8.501886952676596110e-01
1.369102110352182766e-01
-2.544809748751220013e-01
-6.259416038404497229e-01
7.463761815959921719e-01
7.381174612961820536e-01
-4.573953709195230921e-01
6.119140829168037143e-01
-6.563731973408213349e-01
4.711675056575670428e-01
-2.494336096340334930e-01
7.805345581337999050e-01
2.117765266496047794e-01
-4.888909739313354041e-01
1.446571381666066358e-01
-6.401128504843900391e-01
-1.311087245219644259e-02
5.042191649155625122e-02
7.002313974132845509e-02
-2.990272977034609259e-01
1.674381624602925278e-01
-6.256550484759526576e-02
-9.739245122760340490e-01
7.906710185548910808e-01
-1.210429915015953650e-01
9.350922353362336459e-01
6.180452562146363515e-01
5.787355785172552114e-01
-7.739392350184064462e-01
4.576770088200188269e-01
9.201630363219548414e-02
-9.246854492506888512e-01
4.983258502592378125e-01
-3.601312764440347536e-01
4.035566255943388025e-01
2.368784313403491382e-01
4.736798250571003788e-01
8.896365387777609435e-01
4.254891277474051048e-01
-7.869731192054023605e-01
7.446867786615163354e-02
6.931081729171717498e-01
-5.230048636084292379e-01
1.975745642595632123e-01
5.180856119352210687e-01
-6.985599850925394705e-01
-9.986104215734370460e-01
7.534970223334744865e-01
-8.879892614421582842e-01
-3.365303902279224157e-01
-7.425514941651234491e-01
-3.057092943154371412e-03
-8.964189051102344763e-01
-3.178924701326846236e-01
8.432595193374747833e-01
5.380340586710508077e-01
-9.115020534262476826e-01
-7.378367578723730169e-01
-2.553415896845006028e-01
-5.956629945648943547e-01
8.105872892567027588e-01
8.415176030319744260e-01
8.374722191879513389e-04
1.930588151261085628e-01
3.137084583952398642e-01
-9.169884808242791951e-01
8.725680793080572428e-01
6.477637877957449497e-01
6.674467878835845802e-01
5.675729000381597444e-01
5.218008778163003569e-01
3.297259306023492265e-02
-4.813985421921893604e-01
8.625384146617505188e-01
-1.175776449637340182e-01
7.313701773864755840e-01
9.914659520569453210e-01
8.661416765624214698e-01
6.778185595941534913e-01
7.261069304704728111e-01
4.300940909022188396e-01
6.358269785522607798e-01
9.554621280892381385e-01
-9.880916325134401212e-01
