-7.032217438046775015e-01
9.424171069413088686e-01
4.276918273908794088e-01
1.000000000000000000e+00
1.000000000000000000e+00
-1.000000000000000000e+00
1.000000000000000000e+00
-6.862217240104990790e-01
7.801984462706312851e-01
1.000000000000000000e+00
1.000000000000000000e+00
-5.443787840167482184e-01
-3.285850708537494391e-01
2.828109752542493638e-01
9.423238955876466205e-01
6.087281845113379219e-01
9.276969243658143016e-01
9.101424340703010429e-01
3.114376745546325598e-01
-7.872058914527888529e-01
-6.134416979222278021e-01
8.231475382319997092e-01
-1.000000000000000000e+00
1.000000000000000000e+00
-1.669674986693706065e-01
2.217604229107852098e-01
1.000000000000000000e+00
-3.264079499307070975e-02
-6.841512796876959568e-01
-9.094185214248057259e-01
-7.303115374316372366e-01
1.000000000000000000e+00
-5.368027370400343390e-01
3.095462271440344582e-01
1.000000000000000000e+00
4.695657370673611553e-01
5.438392147594870440e-01
-5.569145064725975480e-01
1.531578851873321434e-01
1.453944113463566112e-01
-2.163909199418295737e-01
-8.417954592732328489e-01
7.026016905546937918e-01
-4.830062911919147939e-01
7.190263715265854394e-01
6.627067692298149737e-02
-1.788805043531365158e-01
2.125656112476769777e-01
-1.000000000000000000e+00
1.000000000000000000e+00
1.918958093149033539e-01
1.855873453626614156e-01
-8.262011170818684969e-01
4.574479626835781243e-02
-3.531237386519552324e-01
-4.544969014630431126e-01
7.891182562332882400e-01
-3.887811865776409359e-01
-1.000000000000000000e+00
-4.096333322154088741e-02
-1.492283843152387712e-01
8.367220435855655669e-01
-1.000000000000000000e+00
-4.522419668617229105e-01
1.287960637153754140e-01
1.000000000000000000e+00
-9.277918801612727862e-01
3.508910468545730632e-01
-1.000000000000000000e+00
5.840983535766189894e-01
1.000000000000000000e+00
7.154240117882482153e-01
-2.365327347725415530e-01
-3.215157081974541753e-01
-7.970795538739693376e-01
-4.368957468354617291e-01
7.921610781450241223e-01
-2.792512501976023298e-01
4.887985040345316223e-01
7.134866106873277714e-01
-9.960991401025652558e-02
9.235171386704391638e-01
2.139738861793242242e-01
6.510080119902006413e-02
6.273973309545404220e-01
-9.294594987908462169e-01
1.303392046600104215e-01
-1.762402947210613413e-01
6.907553068602969581e-01
3.772286202207578709e-01
1.000000000000000000e+00
8.635182026750877204e-01
-3.409535338010653005e-01
-5.712002846998098793e-01
-5.678044270030382368e-01
8.754932898975453792e-02
3.862760634449076136e-01
1.859754432657840795e-01
8.176095213283395280e-01
3.175056993680923090e-01
-1.000000000000000000e+00
-3.226232882691054682e-02
4.519869691296140024e-01
4.277779629861738764e-01
9.330675508956812747e-01
-5.568465683440609187e-02
2.825778254879982576e-01
-5.361846098197877719e-01
-1.292541754723527392e-01
-8.623913804002713013e-01
-3.176556804811042634e-02
-6.477076700742184778e-01
1.000000000000000000e+00
1.000000000000000000e+00
6.149954719884787036e-01
-3.401699692529328578e-01
-4.082207873335030324e-01
-1.000000000000000000e+00
-1.420459069966049648e-01
1.012992998987357618e-01
-1.593718184710857244e-01
-1.884724832640998216e-01
1.430757996381009090e-01
7.530439302349040132e-01
-1.000000000000000000e+00
-1.000000000000000000e+00
-1.000000000000000000e+00
-9.331659964441361144e-01
-4.368045468240794316e-01
4.128269939638908315e-01
2.145567989576967205e-01
-9.864560408861728913e-01
5.857032111367077576e-01
7.948986167428899741e-01
-4.948419780754949593e-01
-8.328353711651657054e-01
-2.879931692777917829e-01
-3.906565678500736882e-01
-1.000000000000000000e+00
-1.000000000000000000e+00
-7.075795575658059278e-01
8.461476131826306535e-01
6.706535769432315774e-01
-1.433066024025450858e-01
-1.000000000000000000e+00
1.000000000000000000e+00
4.002136345932990613e-01
-9.359393939908401405e-01
7.757965934669059926e-01
2.966268583316352681e-01
-7.277018284013428984e-01
-7.211611255495765649e-01
-4.099810028928819738e-01
8.057064095075110455e-01
-1.000000000000000000e+00
1.181515957183595922e-01
3.267372430348757240e-01
1.000000000000000000e+00
2.469107967226658040e-03
1.000000000000000000e+00
1.000000000000000000e+00
-1.000000000000000000e+00
-3.617265796231327601e-01
-1.569620911921187911e-01
-8.560829157863832917e-01
-4.698106896956512069e-01
-2.697734053869205173e-01
9.833641871763378894e-01
-6.085730488795380033e-01
-7.958487824134400368e-01
4.813762328136831359e-01
-1.000000000000000000e+00
1.000000000000000000e+00
-5.860804594662386569e-01
-7.272659725127934571e-01
-1.389364056549166615e-02
-1.000000000000000000e+00
-1.005097273451096007e-01
-4.832776653875998918e-02
-1.189032937047495575e-01
7.307497884360534268e-01
7.477166321753510037e-01
1.445679517796319979e-01
1.000000000000000000e+00
-6.433349604685947298e-01
-3.595525008082726126e-01
2.946437974660325865e-01
-1.000000000000000000e+00
5.693523593317983966e-03
2.523650674592555210e-01
-3.330972484062156291e-01
3.144349656058372244e-01
-1.000000000000000000e+00
1.661994081369282394e-01
6.065343964468082605e-02
8.777802458052663681e-01
-7.954589146998082283e-01
4.779571660753645368e-01
-7.305500413443372087e-02
-5.325195554889361471e-01
-7.126714656061602926e-02
-2.343202824485449698e-01
2.065566883331906300e-01
3.412661697143712369e-02
8.071149305422192777e-01
2.693379362495490481e-01
-4.199256354423657189e-01
-5.767523788892531256e-01
1.000000000000000000e+00
-4.917322652776738301e-01
-3.452976546322884532e-01
-1.000000000000000000e+00
8.397312459253398753e-01
1.517923193043221319e-01
7.340397295941678557e-01
-1.949517451351727715e-01
8.007727719480691730e-01
1.000000000000000000e+00
-4.222682360439954929e-01
-2.533506856142773156e-01
-5.399225662691966576e-01
-5.254624152233574597e-01
-4.078826081546353954e-01
1.064225538916940272e-01
3.295987548844933612e-02
3.575484604571263492e-01
-9.009160153756612388e-01
-4.719705447398268028e-01
2.504021693229474543e-01
1.220180304068492205e-01
8.283660361153091234e-01
-4.072278710599019913e-01
1.000000000000000000e+00
-2.102555315591517759e-01
-4.531792053687013766e-01
8.971257576989399851e-02
1.000000000000000000e+00
-5.379986493779849166e-01
-2.513237180668815296e-01
-3.389607943130826806e-01
-6.922241403321767184e-01
-1.000000000000000000e+00
6.786625642486275867e-01
-1.794878326902765719e-01
4.088550768814484537e-01
-6.779589113716883997e-01
9.548742750912144750e-01
5.796693317366761189e-01
6.770744713823986238e-01
-1.000000000000000000e+00
-1.000000000000000000e+00
-1.000000000000000000e+00
3.545652924097261183e-01
-2.995065853512211551e-01
8.304912118552498779e-03
-4.256988907887671036e-02
5.804294159057921121e-01
8.995614120030489547e-01
5.539957752437405514e-01
-2.336846666229170089e-01
-3.888758467737479796e-01
-1.403049213290596953e-02
-2.793365379888811950e-01
2.255502947332412300e-01
1.000000000000000000e+00
