-1.000000000000000000e+00
-3.471901554469729589e-01
-8.579108551335431487e-01
-5.843589443261985039e-01
-3.245942118328820625e-03
5.682507611488090138e-01
2.477660614565331543e-02
-3.432798058289239229e-01
1.000000000000000000e+00
-3.308217935550880062e-01
-4.850238655068734861e-01
-6.153147404860080938e-01
1.000000000000000000e+00
-6.101344858405701732e-01
3.076461096934636208e-01
-4.373973842940030443e-01
-2.282196572966140868e-01
-8.095661614121342220e-01
-2.182182140526178760e-01
2.959883757611031507e-02
1.531944248849341772e-01
-1.167090477733613296e-01
5.828265271372552458e-01
3.420125610590961096e-01
5.594889845599584355e-01
6.462962760523882633e-03
-9.082947807981867072e-02
-3.308041815594888746e-01
1.314225907893825651e-01
-4.632329786779649794e-01
6.787145153162987832e-02
-3.687721995981114165e-01
-6.703738450982639208e-01
-4.839733982312520721e-01
-8.104879180884225764e-01
-1.000000000000000000e+00
3.800036377563764112e-01
-5.896026802872988970e-01
-6.070664797191300810e-01
-1.578054882043173901e-01
1.000000000000000000e+00
-5.621436410752025381e-01
2.656336542216670704e-01
6.038357793789931316e-01
-6.836670158509630113e-01
-2.436259287371266569e-01
-6.889404727201721146e-01
5.055389385481605657e-01
-1.533601824044885098e-01
-3.664841714072191170e-01
-9.464717233007414743e-01
6.531002417146269945e-01
-2.115143397741721110e-01
-8.559662993341368153e-01
-9.088063542864159849e-01
5.923511780945729388e-01
1.000000000000000000e+00
-4.311489381598654358e-01
-1.000000000000000000e+00
-6.273844117636317996e-02
7.521757188991515797e-01
-5.697817591029523676e-01
-1.000000000000000000e+00
8.023875034569589726e-01
-1.687172655422559675e-01
-6.510502434573048891e-01
8.828873918162642997e-01
7.477990602391126895e-02
1.762001125141023361e-01
-5.700635144132976118e-02
-4.418257568724521800e-01
6.528201571909515444e-01
8.990678211848223134e-01
-1.093716231113079917e-01
2.791344933229185088e-01
-5.593462618922986351e-01
-8.955054817790811805e-01
4.866395817582805927e-01
-9.233704390292465369e-01
5.750122172047410496e-01
-1.864250127109258193e-01
3.763041430147188171e-01
-8.726389196001355097e-01
-5.932336518144206705e-01
3.509624164561324644e-01
-1.000000000000000000e+00
-5.579763970215978475e-02
-4.968810119933565472e-01
2.441175884938074359e-01
6.296485142052177242e-01
6.460002847919243951e-01
4.547235205349533516e-01
6.326787953553619781e-01
8.926210160693102136e-01
1.233969937486512070e-01
-6.019141791982074441e-01
-8.684030461691927272e-01
3.373703233099185628e-01
3.090481792551402762e-01
-1.979199114736932552e-01
6.926337374354334386e-01
-3.445003190242820201e-01
-1.000000000000000000e+00
3.738525254788529484e-01
-6.891658559698052855e-01
2.586512508278039912e-01
1.613046847071353262e-01
-1.381400390757000496e-01
-3.997426836809187534e-01
1.451375388664852828e-01
-3.336709772161979282e-01
-8.529244325985898545e-01
8.495765924945514191e-01
-4.163680154575706283e-01
5.135926136180490875e-01
-1.000000000000000000e+00
-8.260442900266971866e-02
-5.630819911136155653e-01
1.096338606216820111e-01
-2.193846256429315134e-01
-1.302631754663561570e-01
-6.168530027140894934e-01
-3.866245971864640807e-01
6.401215217584543815e-02
8.757160609125617112e-01
2.066929115849955867e-01
7.150462065596639993e-01
1.000000000000000000e+00
7.485716992938350467e-01
-1.000000000000000000e+00
2.139430004091312232e-01
9.473084085926020137e-01
9.082890524972534463e-01
5.495458181755390470e-01
1.453486589660263339e-01
8.060815941325492062e-01
1.000000000000000000e+00
-7.592674140286759243e-01
7.781256928026747399e-01
-7.381833784348559302e-01
-1.834583672059575399e-02
-6.356713777681874400e-02
-5.244136535087651207e-02
-5.667929018943307362e-02
7.633444608567543366e-01
-6.240426301807070475e-01
7.253932791484229980e-01
1.425001767034024258e-01
5.056790574952609862e-01
-8.070753369921543907e-01
1.000000000000000000e+00
9.764682034030957025e-01
-5.574349971236093326e-01
8.358733224180847632e-01
-7.636187672500482915e-01
-9.390368108206370579e-04
3.541319640848809014e-01
7.340365733819036453e-01
-1.000000000000000000e+00
-2.298948220540462106e-01
-8.250565476011951782e-01
-2.512599822751621081e-03
1.063375787716647203e-03
-2.376054038531343338e-01
-4.308096408709555791e-01
-4.956191305150334236e-03
-7.616398460221192046e-01
2.939712617094853986e-01
-2.697130898489561446e-01
-5.992700364625787035e-01
9.336312819608822977e-01
-4.144115213654172014e-01
-8.400043493782070048e-01
3.627101852273149074e-01
6.561947692096156137e-01
-6.603326742779431768e-01
-4.658838424068998396e-01
-7.724156768324776934e-01
-9.810183381045516349e-01
-4.974878958053230993e-01
7.299419693499415995e-01
8.705771159168975704e-01
2.562462290003311161e-01
-7.813266806870302617e-01
9.144176653475797334e-01
1.000000000000000000e+00
5.571745643620468202e-01
1.699340458941858700e-01
-1.000000000000000000e+00
6.652818694532207644e-01
-1.398602566397902369e-01
-5.891345511886689756e-01
-1.000000000000000000e+00
-6.979969912696834533e-02
-5.825823885813348202e-01
-4.831181311426013814e-02
5.202832827889063427e-01
-3.157983159007876628e-01
3.921179681929285454e-01
1.974947772816952052e-01
-5.785110350501457832e-01
7.710857575341256709e-01
-9.319578689879254307e-01
-4.445855171758417712e-01
-2.069589535875767106e-01
4.191717429650018700e-01
-5.357097146103572127e-01
-6.521183367589292734e-01
9.911754776078817164e-01
-6.013288622091875757e-01
-7.362595152075348537e-01
2.629584532244491069e-01
-5.028056298731417573e-03
8.736229652448155303e-01
3.328557837870285141e-01
-4.431199743219356169e-01
-1.000000000000000000e+00
9.682070288194359886e-01
-1.885040278993110885e-01
-3.813890588896584610e-02
-1.000000000000000000e+00
-4.311951397371113770e-01
-5.525191042879212810e-01
8.709075163007744536e-01
-6.982925024620418863e-01
3.370797103075112156e-01
6.018273744491786648e-01
-2.161243104313577690e-01
-2.004668622875652173e-02
1.427041745015515395e-01
5.586582384379390476e-02
-8.621196145815671619e-01
1.000000000000000000e+00
4.512474264492847276e-01
9.140588449080382372e-01
-4.056553059316092558e-01
-2.493634765934473474e-01
-4.492813791619676422e-02
1.922843891678807371e-01
-7.671352354872541524e-01
-6.863772616838967333e-02
5.171212498444408556e-01
-9.236042954643858272e-01
7.582132008559153702e-01
-4.275642469238101206e-01
-8.117279046072189974e-01
5.350669263423299959e-01
-2.246450497194099616e-02
7.457067753822048672e-01
5.457871629822543813e-01
4.186161176203789247e-01
4.962374269487320744e-01
-5.244035967646715202e-01
9.819042758218954337e-02
2.696283591947632452e-01
7.943368383493293328e-01
2.679512580130383181e-02
2.717374785041879459e-01
-6.757832979666422712e-02
-4.782641287937188790e-01
-1.000000000000000000e+00
5.224039838459733076e-01
-5.034940927094376795e-01
7.758202530609974445e-01
-1.845081776725009670e-01
