-5.362275558182629798e-01
6.962755393881441268e-01
7.210817496183543618e-01
9.423788978513625292e-01
9.346184449229686386e-01
5.708758128534694443e-01
9.821156011340892444e-01
4.012751725629750688e-01
7.915664468604235449e-01
9.399281315517371560e-01
1.709927202036809479e-01
1.000000000000000000e+00
7.389904431616219904e-01
-9.153019191357658624e-01
-7.252718289069599589e-01
5.087724991396362917e-01
-2.011993921849535294e-01
-2.050158166057125531e-01
8.521134314332081683e-01
-7.019898970796889515e-02
-8.905364565229205720e-01
-3.390525895438265547e-01
-4.118301218336386516e-01
2.576668523506404629e-01
-6.271264495339123890e-01
-8.652394868374910786e-01
5.506920504390850901e-01
-9.120775570270011068e-01
-6.527654634402413336e-02
9.693829532765820822e-01
3.475685893454447672e-01
7.686125581292095887e-01
1.000000000000000000e+00
1.000000000000000000e+00
-9.013234350150622909e-02
-6.423806874361079888e-01
-5.766078517535544457e-01
-4.988920891148722614e-01
6.598522945760976199e-01
1.251003987156775743e-01
5.784401242457040127e-01
7.624595072160373910e-01
9.682712805552251556e-01
-3.560767126300771745e-01
-9.256525327608235987e-01
-8.131360909644769208e-01
-2.376199858831444800e-01
-4.174670823257804475e-01
-1.466191847302877882e-02
-4.232105742602820797e-02
-1.519138201179597303e-01
7.296322790690372706e-01
-4.841444087415116559e-01
9.722660850158004742e-02
6.048067272378054859e-01
4.551766310868180510e-01
1.496153342824626531e-01
-3.627467654302061195e-01
-3.616390516832712620e-03
-8.085655794982260502e-01
-2.026518267560224462e-01
7.475012291698095446e-01
5.897900986363646680e-01
7.016784539792553232e-02
-2.328750244396644575e-01
1.301968831510584568e-01
9.827179417539890771e-01
1.000000000000000000e+00
7.950650152804124016e-01
-8.447189364873450845e-01
-1.215643853889665227e-01
-2.592912463405350199e-01
9.941272756994545823e-02
-5.571215854177742344e-01
-7.091987894622679978e-01
-7.741652614480405425e-01
-8.540550940952906789e-01
-3.546227007030336442e-01
9.990706486806082420e-01
-8.767903143106077213e-01
3.287783887200963484e-01
4.342944472627330299e-02
-3.463835981437315414e-01
9.627357723503808806e-01
1.000000000000000000e+00
8.502580519170128692e-01
-8.800669820548114863e-01
-8.681538094624698942e-01
2.781940510304393155e-01
9.745178515792540797e-01
-1.405898296883263399e-01
2.113272016562526279e-01
-4.661315470995126553e-01
-4.385545162714241663e-01
4.573869305792878093e-01
-6.071988449359821960e-01
-1.502221081828706839e-01
-9.832588211125228295e-01
1.722867767814253437e-01
7.997872606524492056e-01
-4.838757422019719368e-01
-4.687154980318399833e-01
2.909159367957347975e-01
2.250831128512278401e-01
-9.528069003115792190e-01
2.216000862596714249e-01
-3.033544181961749242e-01
9.555506849950443637e-01
6.199003705528320918e-01
-4.166286955193558850e-01
2.194719722821460994e-01
1.396111051673929460e-01
2.415983623057194052e-02
-1.000000000000000000e+00
-8.498150363377365846e-02
6.239725003254779079e-01
1.075443055526950076e-01
1.000000000000000000e+00
8.157218655331557322e-01
-1.677721339539064438e-01
-9.788746823487621818e-01
1.380536265286531616e-01
-8.889210059792671537e-01
5.039657219096570495e-01
-3.277959119134918886e-01
5.472868200564127150e-01
3.452545847138623891e-01
6.817987823150686300e-01
-7.669688112292571969e-01
-8.869362314649829049e-01
-2.709902133517663181e-01
-9.372121079713711111e-01
6.145429929919207779e-02
4.358313984531041463e-01
2.006278806399031112e-01
4.168258183159714303e-01
-9.280499849580778893e-01
-4.145058201180472635e-01
-8.810917837019098808e-01
5.741021026637402880e-01
-8.950534565482430871e-01
4.838275788221554352e-01
-4.342425603076476293e-01
-7.953503361721248055e-01
8.312540089874393967e-01
2.903859909739865408e-01
-4.313126745009592256e-01
9.984726117399351786e-01
-6.620251362110816107e-01
2.245791824956855365e-02
-7.961297266199184319e-01
9.384500527332528819e-03
6.762552576422864448e-02
-1.000000000000000000e+00
4.182389583502696961e-01
-4.291612833480586975e-01
6.191656059004828627e-01
6.659855024450025418e-01
1.691007844127596638e-01
-8.890636824644045921e-01
-2.108484067313245447e-01
-6.751353179490027223e-02
-7.892314215372581154e-02
-8.559640378856494536e-01
-2.360257929562958878e-02
-8.672421479906344821e-01
-1.669101958424980825e-01
7.153195890583194938e-01
8.894632660882511033e-01
4.371498438972358791e-01
7.863338994576130059e-01
-2.216688684540799592e-01
-3.971201593960639320e-01
-1.301906531012997914e-01
6.767340876286315199e-02
-2.757145128511881982e-01
3.836431115923086832e-01
4.506024474763890009e-01
8.424681533317839310e-01
-4.837231253297891165e-01
-7.145371316941183659e-01
-6.848077398670632254e-01
-7.201295040278772319e-01
-5.537673582454489818e-01
-4.014591161227267779e-01
8.676286328224522837e-01
-8.141502706204548079e-02
4.140627524244925306e-01
-1.000000000000000000e+00
-6.603565309086055768e-01
4.073765826701566950e-01
-5.658819243849000369e-01
-5.663304303697329622e-01
1.902487829505118688e-01
-7.392148441275258053e-01
2.090851034340326375e-01
-1.705138768658194248e-01
-7.042203868715246617e-01
5.819361945819139237e-01
-6.975817306761888936e-02
-2.182976258229596400e-01
6.072864875076822155e-01
8.170258281968976188e-01
-9.596538517471693286e-01
-8.527048227447875384e-02
-7.819605972715191200e-01
-6.027201555692076607e-01
7.013714466230873690e-01
-7.515114274413292605e-02
7.934632895645092610e-02
-7.113946769515293589e-01
7.567970789221740713e-01
-3.164156399177309176e-01
1.494219226221340513e-01
1.902053034060793568e-01
7.978212475511003987e-02
-8.821171316987856947e-01
1.000000000000000000e+00
7.852755471294554646e-01
8.876186910030712252e-01
-4.862781081224155644e-01
-7.184663143885433589e-01
7.155622311847789074e-01
-4.496759907142484636e-01
-6.110207170909228713e-01
5.360860837356813402e-01
2.061127422333844383e-01
1.435829903690959419e-01
6.040251646655974138e-01
-8.746138686491833347e-02
-3.327122935679203142e-01
-8.567535318695995716e-02
-7.408691979269914629e-01
5.375205941645282426e-01
7.235281816501860641e-01
-7.411435836579682856e-02
-6.263028945354849331e-01
7.604040289106168693e-01
4.972131651707512034e-01
7.240926008212930642e-02
-5.546223984218754399e-01
-7.108691676850792396e-01
3.889845923946486650e-01
5.726078851441600559e-01
2.535868971460970567e-01
8.988968846259364209e-01
-7.444045565863715019e-01
-1.292353989424257499e-01
-2.462755847427577915e-01
3.187845305670224949e-01
-8.792241163411935734e-01
1.437640670426345579e-01
-3.440967080057955041e-01
-4.524891988030549372e-01
9.240161378963691607e-01
-9.714192279135346331e-01
6.332235471348218736e-01
-7.955038240066032440e-01
9.419914816709509253e-01
6.891232163802580857e-01
-4.581900807566281486e-01
4.326377306542905643e-02
6.528877393356471437e-01
6.578930581235364894e-01
4.599053629977019053e-01
