8.996806207552635049e-02
-7.877480557194993516e-01
6.193178755325660922e-02
7.304389912847393251e-01
6.520377312663863112e-01
4.369558121894057123e-01
-2.839096312471163230e-01
4.221158534672058149e-01
-2.606518199169811645e-01
-4.863246825067935042e-01
-5.841790340342105647e-01
-2.914776090414848003e-02
1.963592154141261814e-01
1.131852850504108249e-01
1.118441455351691372e-01
-5.012749480035364469e-01
9.130521028020237573e-01
2.545606278277664503e-01
-1.000000000000000000e+00
7.189924933747082747e-01
-6.679629567786106170e-01
3.104147222331291589e-01
-3.128546019427816405e-01
-8.581449376359323589e-01
3.064184589215053212e-01
-4.037807408359418426e-01
3.855300521452310059e-01
-7.941042567180227607e-01
2.180184011354969753e-01
5.966362214682426890e-01
8.666302921380055757e-01
-1.000000000000000000e+00
-6.835399204151735297e-01
9.751746649991683835e-01
6.419218078380558579e-01
-1.750142114914300384e-01
4.835361311962179665e-01
-4.996048902339613740e-01
4.635089586600479317e-01
2.284171834525685618e-01
-3.130951389876999169e-01
-1.442416769826910250e-01
-5.474997071211733513e-01
4.817256598798296263e-01
-3.054894514405730455e-01
-1.870768776678763956e-01
5.772744368012103777e-01
7.867018697926679849e-01
-9.732976280196956598e-01
1.000000000000000000e+00
-1.041118562327718149e-02
-9.051387121691469861e-01
8.863493556848770494e-01
7.366624445841581936e-01
-8.366843447140390744e-01
-6.340523064876071313e-01
-7.814176042760950791e-02
-9.193098169232798433e-01
-2.426842113110858623e-01
-9.969699518736688804e-01
-5.120088102161373111e-01
-8.006755543494339378e-01
3.976171177038800852e-01
-7.655235723151675442e-01
4.259300628271935896e-01
-7.850143905578835790e-01
-6.922988671658381055e-01
-2.221330606176940003e-01
7.090338374243638775e-01
5.736658676625654429e-01
6.411820778278611854e-01
-5.295926842203166895e-01
-4.451921135825460119e-01
5.128262585786733663e-01
2.019384738994529915e-01
8.230100689448972551e-01
4.695559780535337180e-01
8.118865164714518246e-01
-5.601125558435873231e-01
5.745596421502996431e-01
-3.934496223296061190e-01
5.585933651562184910e-01
-3.229545586665845680e-01
1.000000000000000000e+00
8.863384483356977483e-01
5.289344953789474335e-01
-1.928811261246378417e-01
-2.988048198342152517e-01
8.923963354666412107e-01
-1.000000000000000000e+00
-2.575703511118502820e-01
-1.879604605376729853e-01
3.273518728568113323e-01
-8.856855889502601720e-01
1.000000000000000000e+00
-1.116947471485552901e-01
-3.184569464307597797e-01
1.000000000000000000e+00
3.964496481566243125e-01
-6.345360778402840962e-01
-3.468186811304385664e-02
-1.000000000000000000e+00
-1.712801894963813520e-01
-9.642246159409466610e-01
-3.442769313540233744e-01
-6.223318493761287318e-01
1.104908775392153264e-01
4.094288774447673029e-01
-1.652187752328953818e-01
7.806730515828477213e-01
-5.671687729191168259e-01
-7.790197619308092403e-01
-9.544638224549417682e-01
-8.354181250524573832e-01
-6.299390936776805283e-01
8.875003171444739714e-03
1.000000000000000000e+00
1.000000000000000000e+00
-4.936466423669282344e-01
-1.000000000000000000e+00
-7.876290786557965662e-01
7.845429306737233821e-03
1.000000000000000000e+00
-8.302607346636916574e-01
7.001657506579904711e-01
1.000000000000000000e+00
-7.047263237702573457e-01
-9.717919815519929783e-01
1.000000000000000000e+00
7.324327586829585401e-01
2.031327854598229954e-01
-1.000000000000000000e+00
7.457968375030947783e-01
1.350511355408495762e-02
-1.662203929350847265e-03
2.000186854367670963e-01
-1.000000000000000000e+00
-3.569637234564904116e-01
-3.565588683669965731e-01
-1.799562983790017889e-02
7.416987323467773285e-02
9.450041399755793048e-01
1.000000000000000000e+00
-4.477772591648782607e-01
8.176411217233019446e-01
-3.764002503799088739e-01
4.264852930019737975e-01
1.554247982340715151e-01
7.582694405267711435e-01
8.936916366745592533e-02
-2.074822432575333386e-01
-3.668228869262234459e-01
6.719866320229083145e-01
-3.540270185928839908e-02
2.695993465150025026e-01
-1.000000000000000000e+00
-1.183839384445755788e-01
-6.362028414391407427e-01
-2.197615753053474286e-01
2.705685857150422757e-01
-1.000000000000000000e+00
6.101942098429384842e-01
-1.491894268797788747e-01
-5.507918355688323775e-01
7.178240609010370088e-01
5.839773339341478575e-01
-9.192049627017951918e-01
4.691742238108017049e-01
2.073397010602867629e-01
2.835306796011973773e-01
-9.215947508927728737e-01
-8.869243445085133182e-01
1.000000000000000000e+00
6.107359901419976422e-01
-1.000000000000000000e+00
-7.094463270683409872e-02
2.529354158274433328e-01
-4.600913813649973871e-01
-6.765774148162142509e-01
5.768078869152684085e-01
-5.470680380793168096e-01
-4.903556910658197765e-01
5.522021474935859264e-02
3.130276427940929529e-01
-1.000000000000000000e+00
5.454817563416272108e-01
-7.234672828947235068e-01
-1.514642565418913567e-01
5.076670802503920887e-01
-1.000000000000000000e+00
-9.626875764400026902e-01
1.976474364421750007e-01
3.886183109030637572e-01
-9.412591603748868829e-01
-1.059895385889570441e-01
-4.129754177916298841e-01
2.513159103956396079e-01
-7.589669031436121482e-01
-7.509660716347596465e-02
1.194900983346167539e-01
-1.546095957500526197e-01
4.386861306818837236e-01
-4.292519776043027258e-02
1.142905569298117985e-01
4.772104669966062973e-01
2.468632555582584709e-01
-1.583092802660377441e-01
-1.000000000000000000e+00
4.211083874237251945e-01
5.291335417941223085e-01
4.293392502362181062e-02
1.818139452761442509e-01
-5.423719993017136476e-01
4.665096198626740298e-01
-3.997495731319891110e-01
-5.890878685355583899e-01
-2.702597413835165496e-01
-1.229865472838640450e-01
1.000000000000000000e+00
7.046767123537757138e-01
1.196801276720364099e-01
-2.592377421376085844e-01
-3.801325827633686982e-01
8.271440925654399701e-02
3.004005022042536277e-01
-5.505800103933508050e-01
-5.735717391447947566e-01
6.821010368349867958e-01
1.900633947547400449e-01
1.037187630747834904e-01
7.258976023205716555e-01
-8.221242688090018014e-01
8.283609177888721087e-01
-1.308163093338324534e-01
-3.342173593531919673e-01
-1.595970197847873251e-01
3.261709761384646855e-01
8.443701552293725321e-02
8.221811819322760728e-01
4.627215562233356616e-01
-3.990368502654699223e-01
-1.000000000000000000e+00
-8.350327085660322890e-01
-7.737083358274132738e-01
3.967280817633866974e-01
2.334441181138141586e-01
-1.159420018722825269e-01
3.026351791417951631e-01
1.622449455308221655e-01
-2.379561969491976181e-01
1.000000000000000000e+00
8.702228697961594817e-02
-1.000000000000000000e+00
1.653751894244405163e-01
4.984277034367775583e-01
-5.447142123862764862e-01
2.018519996582708864e-01
-7.741470114826638493e-01
3.450461505676118978e-01
-5.116092279841566448e-02
-5.636880715512183615e-01
7.427726543461832254e-01
8.098662364190052365e-01
-5.149563555212566257e-02
4.693592144895220031e-01
