4.144682714110003996e-01
8.330585012136937362e-01
-5.797094733162311275e-01
6.512624081903513051e-01
9.544990304139799875e-02
-1.000000000000000000e+00
-5.084336278084718996e-01
6.600187645656496738e-01
-5.606940596640308527e-02
-1.528833525672774474e-01
7.681410284366915198e-01
-9.740223564863357275e-01
-5.322852870478395060e-01
-8.184505057904047920e-01
-6.986895790954794627e-02
-9.571227695333981433e-01
4.256371589012810652e-01
8.087746226923866466e-01
6.691100593212928604e-01
-7.557544295779394794e-01
4.549204832108699748e-02
1.000000000000000000e+00
9.293396169703058707e-01
8.569013256991941940e-01
-7.412414381808429820e-01
-7.811294385064386780e-01
-6.456055844078529837e-01
2.696984734632397185e-01
4.851346597011542139e-01
1.393306306971611175e-01
3.269667733452940039e-01
8.515244667845529580e-01
-5.764952292291882774e-01
-7.337782823697752699e-02
-7.415550388006986182e-01
-5.274692437566431691e-01
-4.543471985302178773e-01
5.396086076191400904e-01
3.476502300634076725e-02
-5.968989926951465685e-01
-4.663971135901374687e-01
-4.335552598292502502e-02
-9.204283434743485426e-01
-1.000000000000000000e+00
4.149417629773108906e-01
-1.663966223376764919e-01
-2.105679554944106524e-02
-8.816723642412982453e-03
-3.821439367872312420e-01
-9.364345802063427371e-01
9.280744255778763385e-01
-9.870199835395014609e-02
7.066283097358905252e-03
-1.954090466235967050e-01
-4.247002748546435114e-01
4.608377196020023714e-01
-3.434458348953943752e-01
-3.377370546363656079e-02
-3.393477501039221522e-01
-6.167631561490508618e-01
-6.078926505974178301e-02
-7.930060845530495506e-02
-1.893442147473224368e-01
4.813226686490801320e-01
5.914707304871064109e-01
-9.723385271277765751e-01
1.678919445591686710e-01
-9.272909356173122397e-01
-1.000000000000000000e+00
-4.488333387179224698e-01
9.663712852071792980e-03
5.684450290304958742e-01
-9.134855636292231740e-01
-1.000000000000000000e+00
6.211687169183743862e-03
-1.256445960525146566e-01
5.424840652489701931e-01
-2.330749219069268019e-01
1.000000000000000000e+00
3.661319235874867517e-01
-1.000000000000000000e+00
1.233137175584484435e-01
-2.701363241167697993e-01
5.874205294945047395e-01
-8.391596275542351213e-01
5.068415584086852776e-01
1.000000000000000000e+00
-8.019100098765958862e-01
3.464710545430079724e-01
4.969206813986460913e-01
-3.419118001664933626e-01
9.813783054186925314e-02
-3.812671228544358693e-01
-6.792038280303698272e-01
-2.117466360823314908e-01
2.697651033274883758e-02
-5.112696367736320191e-01
3.934498198525239188e-01
2.765250301026495050e-01
2.565931022336696010e-01
7.099860318931852099e-01
-9.983035946963558782e-01
-3.669036517414694387e-01
6.186829859692867251e-01
6.595475704454012433e-01
4.680188041254296216e-01
1.267529447825066491e-01
-4.359958066843780955e-01
-7.237605009130554379e-02
9.253906628417740698e-01
-1.000000000000000000e+00
1.273153615094510804e-01
-5.239557425821115277e-01
6.182705682646949530e-01
-9.368912253739676288e-01
1.000000000000000000e+00
1.000000000000000000e+00
6.083450705887492038e-01
-9.639249665078315488e-01
-3.213134302161702038e-02
6.026818809053740011e-01
1.000000000000000000e+00
-5.926179017403528926e-01
7.001966499573430980e-02
8.714536226620996917e-01
-7.146281826492404399e-01
-1.966147780741486217e-01
1.000000000000000000e+00
-4.835409474150274001e-01
-9.883500292786471242e-01
3.570848574953222609e-02
1.000000000000000000e+00
-7.958935691210694552e-01
3.180844766088690712e-01
6.828488778999945996e-01
-3.146010606514491048e-01
-4.393498568173683783e-01
-5.703905538273934539e-01
-7.666227093969073536e-01
-4.996321107034260578e-01
-2.459587329596926164e-01
4.274111395673980685e-01
3.067804405994700723e-02
3.562236889748165436e-01
3.726495544576308161e-01
-9.099069949330648166e-01
3.717584255756757605e-02
-3.304503152300788393e-01
-5.239379943311790466e-01
-7.230390361828217261e-01
1.000000000000000000e+00
3.753433772012181313e-01
-5.634439705489336925e-01
5.835669111875363413e-02
4.585507933826140636e-01
-8.528540539377953422e-01
2.744468605943212736e-01
1.000000000000000000e+00
5.953494755816588491e-01
1.000000000000000000e+00
-3.009745296733778996e-01
-2.304330991917395988e-01
-2.825388654315198478e-01
1.000000000000000000e+00
1.000000000000000000e+00
1.172084750550597132e-01
6.688580465524036622e-01
-1.000000000000000000e+00
-9.185169710310692182e-04
5.042425754465408305e-01
1.096427122485166272e-02
3.140243035037446617e-01
-3.610664531255856069e-01
1.661686371909043558e-02
-2.751783483865479774e-01
-9.957720599272208428e-01
-1.000000000000000000e+00
8.581294445888304478e-01
1.000000000000000000e+00
-3.202666899483028740e-01
6.938701851913435803e-01
-8.198472034206469861e-01
-5.067873323565090793e-01
5.902046342818871860e-01
-1.000000000000000000e+00
2.477466703675641480e-01
6.839531656324864262e-01
-8.784725179087684577e-01
2.265453334344383340e-01
-8.592700826485177856e-02
9.473748360331419871e-01
1.153670875287231556e-01
5.129176969927820018e-01
6.140727606517301096e-01
9.999783230961596381e-01
-8.711792235850339683e-01
1.469658828533515482e-01
9.785359311933847781e-01
-7.836611814290582734e-01
3.439437911053288555e-01
-9.436056160359901357e-02
1.000000000000000000e+00
4.437395844957787716e-01
-7.049223452655044575e-01
-5.478659599784008183e-01
-1.318417206453189605e-01
4.871273585873240330e-01
6.310217642988966702e-01
5.054150897883616933e-01
-7.403030481075826286e-01
3.343853789139386024e-01
-1.000000000000000000e+00
1.010557169953352208e-01
-3.768532778478510537e-01
4.928460601458859447e-01
-7.236846244825080321e-01
2.486270116697133492e-01
2.379338181226177129e-01
1.390707269250990308e-02
-8.185480754036736917e-01
-5.286260107718412371e-01
-1.000000000000000000e+00
1.000000000000000000e+00
5.094688737105839138e-01
5.925141423821682629e-01
8.289865363573416523e-01
-5.350470647397570501e-02
-3.109104947268043762e-01
-1.000000000000000000e+00
-5.019774210528136216e-01
1.010134173629273491e-01
6.667841873167258404e-01
-3.133386468390517710e-01
-5.664237107777314595e-02
-1.333054775672310177e-01
-1.000000000000000000e+00
-4.737532804617452520e-01
1.000000000000000000e+00
-5.160387418389836833e-01
-1.624117575585350415e-01
-1.061611060448852673e-01
-6.127942207249486017e-01
-8.697996088078207011e-01
-4.716154708658978900e-01
-9.170043385188675344e-01
-4.853379179741279525e-01
2.228923858507849687e-01
2.986129076120692116e-01
5.904583018204775935e-03
4.562173452935436302e-01
-7.641317486688457006e-01
-1.000000000000000000e+00
1.209224006611755442e-01
1.000000000000000000e+00
1.608970057447426660e-01
9.233600557434717970e-02
6.778724586136941621e-01
1.000000000000000000e+00
9.889200427569898588e-01
-7.595133853984854522e-01
-8.489264857124239061e-01
-5.106626843174137953e-01
-9.435259094495784815e-01
6.402066845185293564e-01
-9.461253863710222811e-01
