-3.091606628541807567e-01
4.988267155022101385e-01
-1.301246133255418713e-01
1.446653014673258131e-01
8.133341359890869926e-01
6.014902609183608861e-02
7.025040247540830229e-01
-4.499033034435825917e-01
9.882954476545564582e-01
3.922266925096675738e-01
-1.742727001482534677e-01
3.988252803775117483e-01
-9.073414971770903392e-01
7.800916309031205031e-01
-6.114061612957746306e-01
7.744048334345210449e-02
1.398955387979592402e-01
-1.000000000000000000e+00
4.214769874963262275e-01
2.262279861582315865e-01
-2.899479755085183075e-01
9.000942543088946701e-02
-7.831370974922251538e-01
9.075939193065929445e-03
5.207941280620775881e-01
-4.324949671138862417e-01
4.436584641366982940e-01
-4.261679929893636976e-01
-6.246307062352792761e-01
6.842057740383398201e-01
-4.003446194558217819e-01
-4.873373756167924675e-01
9.260336892387184271e-01
-7.634271453672627494e-01
1.800574897042793165e-01
5.026233448170769336e-03
1.000000000000000000e+00
1.482030257146505492e-01
8.261018756757734227e-01
5.329067351535202723e-01
-8.413912253059711022e-01
1.879758321785192088e-01
-6.014703536519229177e-01
8.984411311908984121e-01
3.305491266720528287e-02
7.466419561304852293e-01
9.941741424330133858e-01
-2.910553010082950753e-01
6.497905306215199239e-01
-1.286202957435823857e-01
-1.000000000000000000e+00
-8.481332011352926692e-02
5.137333962403198839e-01
5.509304758572810545e-01
-6.347514878369409086e-01
6.740155455648060290e-01
7.007342284541072663e-01
1.000000000000000000e+00
7.476238742359948564e-01
7.288956354874083221e-01
-4.444063066430430364e-01
3.929924097496750868e-02
2.269539779839292726e-01
-6.659421893946373405e-01
-1.000000000000000000e+00
-5.459789602854729917e-01
1.000000000000000000e+00
2.127418898453090623e-01
-4.139736440371376558e-01
4.667104598411240257e-01
8.924005081991580601e-01
4.658456550019630105e-01
-7.189812103010504440e-01
-3.344566276390076309e-01
9.386859264653635293e-01
-7.029273744141634195e-01
6.497123219876115297e-01
9.897623147468453952e-01
4.265770507252144572e-01
3.114176766564176191e-01
7.347673188190029236e-01
1.000000000000000000e+00
3.155121465604078246e-01
2.861026875051990714e-01
-4.513905300839615720e-03
5.764104327490450208e-01
5.371791424046123975e-01
5.513674918408186798e-01
5.835609298070448814e-01
-1.715518414304872952e-01
-8.710935033091522506e-01
3.952097444391865916e-02
-2.432809496637218238e-01
3.950810828643198658e-01
-6.052247086504780604e-01
-7.906421321703247518e-01
-5.832035148034928618e-01
-3.161457446257992521e-01
1.500028209697689408e-01
4.926641391439945394e-01
-8.768982541381342699e-01
7.877320034229426948e-01
-5.669706605125011123e-01
1.118808481172961500e-02
-6.977776178395558304e-01
-9.574286969086251986e-01
-2.623782567754268102e-02
4.408786552606004383e-01
-2.906456323299282385e-01
3.459725186434181587e-02
3.091849189779072304e-01
-1.000000000000000000e+00
-5.590912635060881763e-01
4.884476409765907690e-01
2.885586197793864605e-01
-6.699207924127523195e-02
1.718562700288421285e-01
-2.021845246831894816e-01
-7.668926086227434435e-01
-2.368981698212546672e-01
2.339425776399558510e-01
-1.000000000000000000e+00
1.000000000000000000e+00
6.218779693696401267e-01
-1.000000000000000000e+00
5.445948775659470442e-01
-2.333629980469951459e-01
6.046271801766559539e-01
-2.988079456271937051e-01
-2.339595172077979512e-01
9.792677861866103672e-01
7.213734060272560811e-01
3.771701874010248146e-01
-4.208947702946826408e-01
1.593142612637612754e-01
8.130563877306802301e-01
7.247511997774769288e-01
-4.476618557924806896e-01
-6.703840949270436500e-01
-1.418189718339051275e-01
-7.657516334085494591e-01
-9.782053600702501628e-01
-1.000000000000000000e+00
5.864962432768772160e-01
8.194468885440397976e-03
1.234708266554037925e-01
-1.000000000000000000e+00
-2.540838211297650334e-02
-8.493664955972153319e-01
-6.700978318784618359e-01
6.217336639919470720e-01
2.698054740669704743e-01
3.638840174281630091e-01
7.659370268588699959e-02
2.181974770472531466e-01
-3.601847528692893041e-01
-3.380584500103084866e-01
-4.438854577109556665e-01
-2.334647170590121168e-01
-5.120606088424137781e-01
1.000000000000000000e+00
-3.584217069895594410e-01
-4.992456632778110581e-01
1.979644616689242298e-01
-5.658071571605953753e-01
-9.993751786926221570e-01
-2.734173307677936204e-01
-8.523843398571397945e-01
-3.973262184260739627e-01
-1.563631426750090592e-01
2.269170070037418441e-02
7.184005663852590651e-01
8.726660790510065713e-02
1.279118237712908446e-01
1.000000000000000000e+00
2.671226879036991964e-01
-1.567338730922213097e-02
6.969785580268736958e-01
-3.548164062757750425e-01
7.015015880696344741e-01
-1.788324844899308319e-01
-9.488987532372071820e-01
7.947525994251447568e-01
2.263093071179675952e-01
1.463797021292405909e-01
-2.400706954496649170e-01
-4.113244317158423202e-01
4.168190226752132022e-01
-8.663455669084156874e-01
9.537828510082144717e-01
3.577889433345041170e-01
-1.985002506328782390e-01
-7.072640646096448602e-01
7.130514129502034670e-01
2.945146257963882075e-02
1.220889659344173150e-01
-8.685862301351825465e-01
-6.570439340561888830e-01
7.789803491079059228e-01
1.527968941504187494e-02
-8.610122171981908767e-01
2.199112440235577726e-01
3.774236534502966589e-01
1.090745375049044785e-01
3.010131022333786266e-01
-8.654066242988933677e-01
-1.549854174983225086e-01
-1.000000000000000000e+00
-2.122945715374811027e-01
-7.811277910075384856e-01
2.436517605457901858e-01
3.992469735179234314e-01
-7.713108350303279348e-01
1.000000000000000000e+00
-1.599951767408996639e-01
-7.141857545290613007e-01
6.860078475394864039e-01
-7.585373059293938347e-01
-5.386939570626175788e-02
-8.830806928668690770e-01
-5.713025942710198146e-02
2.812443293642155617e-01
1.264312279522150639e-02
2.456670672151157753e-01
5.067391339282967255e-01
9.347619137723759408e-01
-5.995154286244179787e-01
-3.588735217703559188e-01
4.181727352798760844e-01
2.613743428632104848e-01
-5.883145253721748791e-01
1.000000000000000000e+00
2.457230050655406783e-01
7.803846806986047824e-01
-8.612181373374718785e-01
-6.154230409072429797e-01
-3.412103776486041795e-03
-3.438739824556250602e-01
1.000000000000000000e+00
-3.832200954287112715e-02
-3.556178640932494694e-01
-6.438816027770897232e-01
-1.000000000000000000e+00
4.733544477214938762e-01
-1.113809938445338155e-01
-9.044301752324128696e-01
-6.169971466719761377e-01
5.375319266326090695e-01
-6.674244886800757559e-01
-9.489818996331829126e-01
-2.162555200779145981e-01
-2.272651001880610089e-02
2.925151177869004804e-01
-8.382092025468765861e-01
-5.137519876216950498e-02
8.686875501971627056e-01
-9.143964414384472272e-01
-6.850937347979595415e-01
-2.987919583314118110e-01
9.279126331862248556e-01
-9.410048178384560202e-01
-2.861134918899481128e-01
-5.319042717774589146e-01
-5.155214059824966277e-01
-2.332162972382325616e-01
