3.164795563649736021e-02
-1.382656176058827402e-01
-6.831391060674427695e-01
-3.228910659083832346e-01
-1.555210663151640471e-01
-3.742806264146880668e-01
-1.852061556386865870e-01
-5.285849618347215895e-01
1.409481189358469666e-01
4.930447909533091089e-01
-8.203143942713625458e-01
6.158719786693007681e-01
6.238581062719985582e-01
-8.738985031121861979e-01
-5.616963074388108268e-01
9.387855735966763593e-01
4.717307443735545558e-01
9.609074235415422383e-01
1.165239334013461470e-01
-6.756034340609682332e-01
-9.052824703834427833e-01
-5.606708661649291159e-01
6.833402116189857267e-02
-8.633010465947295042e-01
-7.167312961771540314e-01
-7.008286074439857849e-01
2.063679953325132654e-01
9.092101609120530892e-01
-7.044612231868949692e-01
-5.139616368766448673e-01
-7.804594561184980961e-01
8.179474726055375733e-01
-3.204725318548755642e-01
-6.881000314847398602e-01
5.863008087063802387e-01
-8.964183225674822175e-01
-9.777770965185810237e-01
-8.299541290937697546e-01
1.986633596231330845e-01
4.331165773832366117e-01
-6.705200284946155609e-01
1.195398283520878735e-01
-9.033762236576963200e-01
1.000000000000000000e+00
-6.890412202330455926e-01
-4.325202244387671424e-01
1.495967878002064655e-01
9.247831840981701745e-01
2.408182860412404480e-01
-6.855843895463675786e-02
4.233288068397160209e-01
9.681087063789255431e-01
8.462597462688952188e-01
5.958475836882952681e-01
-3.018470674861916114e-01
1.361258838122911818e-01
3.982776528051996667e-01
-4.940347226110559653e-01
5.371113053861993336e-01
-2.427863922714876832e-01
-5.610542637887383499e-02
6.417387652996449088e-01
6.642907577513036399e-01
-6.064325217805699442e-01
-1.391854290547167583e-01
5.286286222957041758e-01
-6.858461680078491440e-01
-1.533743346031452015e-01
5.925325972230607308e-01
4.645523303791459502e-01
-2.587752391412176944e-01
-5.990281013279755706e-01
8.994781196481409502e-01
5.518957149523331385e-01
3.429731381314823357e-01
2.071148825471907928e-02
-7.351210402441695768e-01
-4.675393546361015229e-01
-6.878330151913429891e-01
-9.853658192657790416e-01
9.926654618410446496e-02
-4.075374121496229685e-01
-5.094842487532573738e-01
-1.715176306146617979e-02
2.512147986271575650e-01
-5.858508255289338607e-01
-6.311328075850495267e-01
9.916572353173698229e-01
-6.944654707262511995e-01
-4.695706991958992216e-01
-5.061059159033458599e-01
-5.529855738900026907e-01
2.071440221738445331e-01
4.482244443781064347e-01
-8.561819022535959167e-01
1.230189419013825169e-01
-9.160487646364967596e-01
2.024489958258435252e-02
6.304100221541946159e-01
9.157853791985062220e-01
-5.277094143079061883e-01
3.844136917684617405e-01
1.750078050751240344e-01
3.441431540705817138e-01
-1.676578076278607554e-01
-3.976600008526708363e-01
4.937063795250815623e-01
-6.583465015068464821e-01
-1.817005332108515558e-01
-1.883785997278944746e-01
-4.628774158763711011e-01
-6.684011999812984328e-01
9.097774921041705820e-01
-1.000000000000000000e+00
-4.624199943294764470e-01
9.467184501049761280e-01
6.381568776326788095e-01
-9.669305987287923898e-02
-5.967985523173435780e-02
-8.290839780687773164e-01
4.328446761887539407e-01
-8.779963593892581297e-01
9.419976785417008003e-01
-7.311068967673879371e-01
-4.661738171161617927e-01
1.583710720899886570e-01
-8.076921428394059355e-01
9.030969910155572933e-02
-1.629301864951759882e-02
3.599173208758259523e-01
-4.080986830635954798e-01
5.319053547814625027e-01
9.047031250671138114e-01
6.893747165989139170e-01
-3.563420054272743442e-01
-7.287600605259192399e-02
-9.118851256208639899e-01
-9.139730919723660918e-01
-7.507299368304010123e-02
-4.177173156533640075e-01
5.275023397055855767e-01
-3.254847211257103634e-01
-1.474455150929114833e-01
9.154858254822089147e-01
1.439236081462440531e-01
4.440960775938607163e-01
-1.887050913608494529e-01
8.045534299797303390e-01
-9.346378528697569799e-01
7.966767481531646933e-01
-9.118328763420047167e-02
-8.557750226353848522e-01
4.143812356817968001e-01
1.993290967612098008e-01
4.356869318851308570e-02
4.543276248468504086e-01
-6.982154221287280027e-01
9.056915874481390460e-01
-7.020720612838988739e-01
-6.667505862411329254e-01
-4.160841123833125543e-01
-9.820893855178132181e-01
-2.364804400823730113e-01
-3.308281610679653095e-01
-5.710376757024338001e-01
-2.783343755056624236e-01
1.876183296378314269e-01
-5.754534474700794267e-01
-2.673072472104909281e-02
5.859255100283732032e-02
-8.466837114502965278e-01
-6.063249528558152246e-01
1.410223416285285580e-01
-2.939731655918529363e-01
4.957484340722193572e-01
9.774524394881392020e-01
-3.160665997770237823e-01
-1.000000000000000000e+00
-8.597654454856280548e-01
7.400338593886643945e-01
-9.087333836405682153e-01
9.556032662040858661e-03
-6.375510773773199746e-01
4.368569434383134942e-02
9.180724346263917646e-01
8.893282905729784638e-01
8.441085600975777037e-03
2.611435404425894724e-01
-8.420811947861517321e-01
6.512008507436477522e-01
-4.549849720986008927e-01
-3.302028353868100563e-01
1.109812349074252857e-01
4.685674470186005358e-01
8.657540153952574258e-01
-8.219547489350453873e-02
-2.810095300793471473e-01
-1.956825473517675995e-02
-1.487904757946085788e-01
9.753484751998631186e-02
-4.343925869576177323e-01
5.639898588207216124e-01
7.502138783288070378e-02
-2.487915676131517984e-01
-9.165872140800180867e-01
-7.683265341484317723e-01
-5.965919011063525179e-01
3.289802422933030268e-02
7.385837804021613273e-01
-7.393995997060326397e-01
-8.651952899239785388e-01
1.632690231254596558e-01
-2.781740013885060092e-01
3.192734251832567427e-01
6.966942061225267491e-01
1.870493521741847243e-01
7.677087774334541148e-01
5.229157193489590849e-01
-8.739635857592320534e-02
-5.230580428762983125e-01
7.566185874547866064e-01
-4.220380830505940928e-01
2.231344315634216646e-01
-6.332924450409067596e-01
-2.266513605084843341e-01
3.679480350693855595e-01
1.868916077430665124e-01
-4.760156089775235966e-01
5.022915985397402583e-01
2.185199534445412262e-01
8.613712909089863423e-01
-3.026735646843921046e-01
6.729200184026604692e-01
2.867697191604849927e-01
-7.472627915923482078e-01
-4.732209361220962585e-01
9.179083725031506047e-02
-4.006046056192437699e-01
9.660461640204898170e-01
-4.241043038286018696e-01
-5.660207486483903594e-02
-9.112014461434391199e-01
4.868782136971855912e-01
8.412371109591800789e-01
-4.461415019209793442e-01
2.715728863845012775e-01
4.091632872185859693e-01
3.705417879664645309e-01
9.390287791580060883e-01
-3.001684613288576609e-01
2.760933230389781556e-01
-3.217409211915995826e-01
-9.928340505279922290e-01
-1.656424831922325147e-01
1.000000000000000000e+00
5.763570720092325850e-02
-4.184317930863585833e-01
-1.718164757407572019e-01
6.481907381266256429e-01
-1.615541213212134952e-01
-9.181876543080622621e-01
9.139072941784751603e-01
4.133666829572726353e-01
-5.546534188673555299e-01
-1.980550281248709688e-01
