-1.700183047332400887e-01
-1.000000000000000000e+00
2.679327844253281965e-01
1.000000000000000000e+00
1.000000000000000000e+00
-6.901846866064579311e-01
5.361215580382946433e-01
-2.889511972301282428e-01
-1.000000000000000000e+00
-4.846442013073625210e-01
7.140563150955225868e-01
1.327405437699433755e-01
-3.845599959688192904e-01
-7.739615751746289352e-01
-1.286047420112671272e-02
-4.624468060695297034e-02
-3.887413037952003325e-02
4.987267761262941246e-01
-3.040838423929731471e-02
-8.366849559971536454e-01
7.240041354746106217e-01
-9.494960463969165376e-03
-1.000000000000000000e+00
-7.511871088474044722e-01
5.837961166719806139e-01
9.407574760574348438e-02
4.997041237254706836e-01
4.129566069739254441e-01
-2.410039971452568874e-01
6.926400769788916278e-01
3.316206251159777851e-01
2.356327982428154111e-01
2.896768310746967168e-01
-2.697271602458594097e-01
4.014177691529704495e-01
1.696687104244937461e-01
-1.000000000000000000e+00
4.777919699832403611e-01
3.978332928639272126e-02
-7.877905916871483782e-01
-2.053773142772750138e-01
-8.484257404751464060e-01
5.418146930552032448e-01
1.664776824259613375e-01
-8.972538632516436907e-01
-7.076739277517174465e-01
-2.834809525543817710e-01
-6.299076483113066338e-01
-8.873679109465928971e-02
5.780574270013771887e-03
1.675805820163945858e-01
-1.000000000000000000e+00
5.692648670654223420e-01
-1.000000000000000000e+00
-1.000000000000000000e+00
-5.691810245584690842e-01
-3.022699237777248804e-02
5.583045194099169883e-01
-9.850378889162454688e-02
-3.203914221074984359e-01
9.301512281233317303e-01
-3.398651140969706497e-02
1.000000000000000000e+00
-1.000000000000000000e+00
7.131708990726668418e-01
6.269091783804550677e-02
-9.218533184693823435e-01
-8.500820639384722988e-01
-9.506492524568552760e-01
3.621518990576896302e-01
-3.244374457508235610e-01
-7.621985530379382645e-01
-9.320900645867373768e-01
4.364829624044337664e-02
-4.152096750982183782e-01
3.303124131052894152e-01
5.880668601429711595e-01
4.327588592293956649e-01
-8.038550083847305627e-01
4.488342897956332234e-01
-3.524126855201104580e-01
-3.450526991434632595e-01
7.798884441295794723e-02
1.000000000000000000e+00
1.000000000000000000e+00
-1.000000000000000000e+00
-1.642355194384215178e-02
1.000000000000000000e+00
-8.107131834706526874e-02
-1.000000000000000000e+00
1.000000000000000000e+00
-6.015522095063586816e-01
2.154983377021992275e-01
1.854849813811972892e-01
-1.000000000000000000e+00
2.791720392252654559e-01
-1.047900741021754734e-01
-7.624754745188903060e-01
-5.372533285759415467e-01
-5.764936481961940862e-02
-8.077232225592645420e-01
3.910053578404881769e-02
-3.050217071988402529e-01
-1.509698333130881087e-01
-6.997771597415849421e-01
1.000000000000000000e+00
-2.962579751170728581e-01
-6.362414768779625085e-01
9.998673152682071574e-01
4.743334659274942577e-01
-8.148604326532793429e-01
1.000000000000000000e+00
-1.286598308388851031e-01
-6.724595967285738052e-01
6.658483584516239340e-01
1.554269089709157114e-01
-1.000000000000000000e+00
-1.000000000000000000e+00
-3.080505953641544670e-01
-6.934405656528168649e-01
-4.859172666835291921e-01
-5.215198307719405291e-01
9.743418756203947595e-01
-2.253985724817829939e-01
-1.599317789637183240e-01
6.981420828236015730e-01
8.718792744491006275e-01
-7.316696146183386817e-01
5.549407140902675728e-01
-3.776828526822010312e-01
7.137950461803244107e-01
-7.858190359810558467e-01
-1.325268739326148637e-01
3.832637775412744419e-01
-1.000000000000000000e+00
-3.939929448041111226e-01
6.074994317233310959e-01
3.794335532443530168e-01
-4.101241700384546385e-01
-9.033077031908809396e-02
-4.028749827036959275e-02
8.675219275908174765e-02
-1.000000000000000000e+00
3.420726472206705449e-01
1.130434242396483047e-02
1.000000000000000000e+00
8.281493814739138148e-01
-5.139748125726212313e-01
1.865066209729343838e-01
4.018500435606794374e-01
8.587195567010497133e-01
-2.048504802228440225e-02
1.000000000000000000e+00
3.351131298847065954e-01
4.836497726861170576e-02
-3.799351960670324657e-02
-3.053051350645665796e-01
1.913236040329812093e-01
-5.051640242401211900e-01
-6.319483799847980254e-01
-8.450308051946464616e-01
-1.000000000000000000e+00
1.259959348857409012e-01
6.056405414763283979e-01
6.802334279840294151e-01
3.622381194909278790e-01
1.034832461621404409e-01
4.844189673119036477e-01
-8.889322615848787024e-01
-6.705259749246629264e-01
1.333094295270420282e-01
-4.466400689749061570e-01
3.098569650378124596e-01
2.955755557782770993e-01
-9.880140159904380326e-01
2.496468924459593342e-01
-4.240599380778638516e-01
-6.416759727985581474e-01
-1.000000000000000000e+00
-9.784331308666091020e-01
-3.389992542198580483e-02
1.000000000000000000e+00
9.120507152561214692e-01
-2.151567257318221238e-01
-3.184776463977848637e-01
-8.092345136944073536e-01
8.966284014188791174e-01
-1.000000000000000000e+00
5.377306067044784754e-01
-3.183893424444618758e-01
1.948187800213421750e-01
-1.000000000000000000e+00
6.762741839819339518e-01
3.702577276883405877e-01
-7.627347585858816892e-01
8.880699509797934654e-01
8.588751929154143649e-01
-1.120381715603425699e-01
4.282093027501827631e-01
-1.628595845458008506e-02
1.853810960584423850e-01
1.000000000000000000e+00
-3.085995193594047725e-01
-2.545699733992693448e-01
3.700007838227344359e-01
4.187283973230921941e-01
9.431376518839638123e-01
-2.706890843172580219e-01
3.422889865970547008e-01
8.079833542751591047e-01
2.001649648291832229e-01
-8.244494547339755730e-01
-1.810168095505498842e-01
1.347451867802148540e-01
9.156317212686533313e-01
-1.000000000000000000e+00
4.982351804502705983e-01
2.450170401159660338e-01
2.365746432007525546e-01
1.783975798887187381e-01
-1.000000000000000000e+00
-8.384981421415904634e-01
-2.544163384820732343e-01
-5.795825636898904731e-02
5.615829272743129152e-01
1.196080234523647645e-01
-9.683272005157435303e-02
1.000000000000000000e+00
7.929713970051659455e-01
-2.563983368304055266e-01
4.662902780111433665e-01
1.831093211285521605e-01
1.000000000000000000e+00
7.024732719541306736e-01
8.453602456852149505e-01
-1.000000000000000000e+00
3.478325398580892069e-01
-2.740982301274826893e-01
7.471393561109702652e-01
-7.046482743513713398e-01
-8.958648727884724883e-01
-9.252000174847878622e-01
-5.372606682676177581e-01
5.789364103340610690e-02
-3.155769339695476683e-01
1.000000000000000000e+00
-9.834168793228814653e-02
-5.238140694018276200e-01
1.000000000000000000e+00
-8.358850607014206568e-01
8.576800868239464748e-02
1.000000000000000000e+00
-7.933688458730403514e-01
1.000000000000000000e+00
6.382939404294283303e-01
-6.688036596206592410e-02
-3.808023824556721060e-01
5.710930566022081045e-01
-9.780572374546976366e-01
5.060340142601829072e-01
-1.000000000000000000e+00
-3.999885982355873004e-01
-1.000000000000000000e+00
7.373363675415247620e-01
-1.311145926335293144e-01
