-6.681369132871743943e-01
-8.341964545060218672e-01
9.858063052735391851e-01
-2.748950457124892388e-01
-9.337671724793361605e-01
2.389354378186556715e-01
-2.379935569652213978e-02
6.914646260864225624e-01
1.320623088294536895e-02
-7.288321819538654545e-01
5.943739187012937464e-01
-8.050414197320100440e-01
-6.838909577779801463e-01
1.000000000000000000e+00
-6.684243099746028927e-02
9.442312986332705993e-01
3.890227552253791021e-01
-6.861741443525275486e-01
7.861469733543926530e-01
-1.000000000000000000e+00
-4.879808040052502349e-04
-6.347804383597063782e-02
1.000000000000000000e+00
-8.979722921217589970e-01
5.939424126251564573e-01
2.680160646681383763e-01
1.000000000000000000e+00
-1.000000000000000000e+00
6.738164087544047387e-01
-2.767203844137793300e-01
7.431871405744745473e-01
-2.843040451394907020e-02
3.190471092258246877e-01
-5.615506577620745787e-01
7.814201869382222387e-01
4.534508787703290800e-01
7.627821991085639297e-01
-1.421014434562359874e-01
9.943250021145431106e-01
1.000000000000000000e+00
-2.237975980057400061e-01
4.364905007826121452e-01
1.000000000000000000e+00
3.288532167786766269e-01
-9.839236165570410808e-01
6.264535948591130055e-01
8.311855432014310097e-01
1.000000000000000000e+00
-6.101844594841611402e-02
5.809451476806073433e-01
-6.926323587983846952e-01
-1.506907547648239643e-01
1.000000000000000000e+00
-4.202468278368975962e-02
-7.870180148691657829e-01
8.398610835574513711e-01
-3.518888091297516230e-01
-8.288264485208727272e-01
-1.560281617213962191e-01
6.716114798531973573e-01
-5.970542753293539562e-02
2.723666502321879790e-01
-1.250854083673283712e-01
6.760891948600931123e-01
9.466997453307988142e-01
3.568281175295385799e-01
1.643752266117093352e-02
-6.865594602590161522e-01
-3.588699685277763063e-01
-9.527895512716295645e-01
-1.000000000000000000e+00
1.325221255734230219e-01
-5.623391201258011174e-01
2.943349110475574903e-01
6.989956376894486123e-01
-2.473449796256252664e-01
-6.143205267165596783e-02
6.076360365097694949e-01
8.960470186349626109e-01
3.589981428403032915e-01
-1.000000000000000000e+00
1.000000000000000000e+00
8.099618787193934022e-01
-4.666650220765545254e-01
3.659783672156837753e-01
3.956682543293896792e-01
7.869764907922212060e-01
5.878196590997826210e-01
6.929486977701597716e-01
6.156446733371623292e-01
-6.070079784323414440e-01
-3.288111370212767337e-01
-3.350386304955046413e-01
-2.604504168232371075e-01
1.763736423717705559e-01
2.502683887072487678e-02
-3.366202622315670467e-01
8.280880474654448431e-01
-8.251240513817319489e-01
1.000000000000000000e+00
-6.424668217346405363e-01
-3.275866841044111633e-01
6.130119779443475858e-01
9.153564784237118168e-01
4.995081015738036534e-01
-9.670281132314815231e-01
-4.000181448291620367e-01
-6.465993025702498898e-01
7.167026219260147490e-01
-4.988986789320815074e-01
-7.341395214466073238e-02
5.137504449589079814e-01
-4.645528386232766760e-01
-7.619014805770278898e-01
-1.415868887305875012e-01
-1.602529905096727880e-02
-2.007503528482259547e-01
5.148577360902200084e-01
6.398431551240973958e-01
4.381593687839857587e-02
9.705587184385973121e-01
3.085701067258694863e-03
1.515144299540207573e-01
1.000000000000000000e+00
5.897161395632380954e-01
-2.111507420104685728e-02
8.222637671917569779e-01
-1.000000000000000000e+00
5.854465713949374983e-01
5.372764235344866801e-01
1.623815042006533371e-01
-5.462605075061253146e-01
-1.156382464344869465e-01
3.311062292551392172e-01
2.782340265322430506e-01
1.902058144990562971e-01
9.499310573548938041e-01
1.172199246627911862e-01
-5.239787705878582447e-01
-8.784594332697177599e-01
-3.888024998097445728e-01
-9.866700302247057852e-01
6.202236564543736064e-01
-4.326457843739226483e-01
-7.551333595587716996e-02
7.746073555673600453e-01
-3.089009101066471086e-01
-8.584394197503689705e-01
6.691924469740428982e-01
-9.787536068951117052e-01
6.313715593232929191e-01
8.368599250179142857e-02
-5.776232961720741965e-01
3.984769069231669514e-02
-2.341959864761675725e-01
-1.000000000000000000e+00
6.439083599047141782e-01
6.375578030467818902e-01
7.309426179931677314e-01
6.054831046899331604e-01
-4.381559455367634026e-01
-7.874361040402265699e-01
3.297156311244846538e-01
2.167016898911757750e-01
4.513458358895920952e-01
-2.657620028525979894e-01
3.470311089660261805e-01
-2.179120618385406161e-01
2.882439364655198233e-01
4.155570739710829908e-01
4.266021228784582231e-01
1.328544498222816728e-01
3.383784585678741852e-01
-5.052465594695573214e-01
2.764425482824559577e-01
-7.412684639711346613e-01
8.342276347040595841e-01
-6.510867313941435253e-01
-7.541899854943376891e-01
-6.759644208454280712e-01
-9.872276563317767817e-01
-1.211389187066314044e-01
-5.118789283932880796e-01
1.000000000000000000e+00
-9.502874675408210514e-01
1.000000000000000000e+00
-1.000000000000000000e+00
-3.814224371762747756e-01
9.423362927985018400e-01
-8.333719340602495640e-01
-9.343599586126414280e-01
-4.935925403777337017e-01
5.885321738886371001e-01
-9.315572222688994763e-02
5.407331162505173427e-01
-3.535564701050935010e-01
6.004131799677048242e-02
7.624476875432051326e-03
-9.905418205823517397e-01
1.000000000000000000e+00
5.584512380267497855e-02
9.087426181294839811e-01
-1.000000000000000000e+00
-2.207303083905782781e-01
5.123927612679813892e-01
-1.000000000000000000e+00
1.000000000000000000e+00
5.282343905319164534e-01
4.716842161236569630e-01
3.418609927575742002e-01
3.586505239930504185e-01
-3.399239860115830236e-01
-5.785570900473459011e-01
6.435847791452160571e-01
-1.232351514857932262e-01
-2.583861499412114515e-01
-6.053879975667209035e-01
-9.808427148269700524e-01
-6.762532550014893618e-01
2.204460076222351100e-02
-1.217556900265651665e-01
1.000000000000000000e+00
7.777851050112156717e-01
1.000000000000000000e+00
-8.263984329978179000e-01
-7.121346200215650235e-03
8.119666998611663189e-02
9.370071524276751829e-01
4.486848749434175776e-01
-8.565040835967012711e-01
-7.726231765903923687e-03
-1.870300714138215525e-01
1.097732566453385877e-01
-4.716336254384945192e-03
-6.656234231640576482e-01
-5.936349887757976784e-01
3.841942440835203754e-01
-6.282179904416267391e-01
-8.505860057957845832e-01
1.246609043057809174e-01
-1.274655267276223469e-01
-7.782537258092148136e-02
-9.866087620232739663e-01
1.722253399977314858e-01
-7.789168035107099097e-01
-7.339335973781768718e-01
4.108105486790802896e-01
9.694477898024564944e-01
8.471159915992947376e-01
9.984840417446267935e-01
-9.968089508809350185e-01
2.311539369934458854e-01
8.957603294100839886e-01
1.633093827539218168e-01
9.635632600765271505e-01
-3.552390188587603581e-01
-5.553040248686174074e-01
-2.690749827672034300e-02
1.000000000000000000e+00
9.214910144401358139e-01
1.071111706319645140e-01
-5.215986290062348818e-01
-4.114807368828705680e-01
-8.189110972738176120e-01
-1.543726444498014563e-02
