1.977691653108590852e-01
-1.705675710872265327e-01
1.725321575831213483e-01
-5.060094454683710108e-01
3.404592050184815921e-01
1.710447856215899787e-01
3.648543174511307274e-01
-6.869356173577108038e-01
3.517578943750727660e-01
4.058592887551815132e-01
-6.404210504539462612e-01
-1.535744855606175907e-01
-2.234963334135846580e-01
6.240413514441114362e-01
7.397711159312745366e-01
-3.728417831760617585e-01
-9.975167966525024799e-01
7.063452684421156480e-01
-3.907805419493801669e-01
8.436468859283903221e-01
4.048584814857026370e-01
-4.144881687800019421e-01
3.456441686887905540e-01
9.200703349462078240e-01
2.326233346007106351e-01
-1.657798369545768757e-01
-9.919868808243899050e-01
-5.466551979941414174e-01
6.085038936471653948e-01
1.301486143810997032e-01
-9.906420571103597972e-01
-2.649747477283934116e-01
5.167052300946077814e-01
7.180908353866848337e-01
-2.009747172156073347e-02
6.791306916191230947e-02
3.617639224661199915e-01
-8.575036307469837693e-01
-4.917354749012720072e-01
2.281805595794923480e-01
-8.353262281946838286e-01
-8.869014899541942665e-01
-9.123245215297164368e-01
-8.763063902821170981e-01
7.924870663612186839e-01
7.892172987903844916e-01
9.326612847780344495e-01
5.950071105736420840e-01
3.809133820987145036e-01
-9.105844145015349334e-01
6.564681204764628575e-01
8.547067423205851888e-01
3.723500068395702023e-02
-3.104305980011390353e-01
-2.118025288279794943e-02
2.928655777188964304e-01
6.500943591434507063e-01
7.121486949130040323e-02
4.685634537584209003e-01
5.046503400189383814e-01
-8.983940792523159580e-01
-1.698278115120475107e-01
-7.974890427238509050e-01
-9.754317355852688554e-01
-5.991175414164311430e-01
5.530646825078697759e-01
-9.108617608405760180e-01
1.298463962844826902e-01
3.958944308538998591e-01
-1.061007005207639242e-01
4.306628614691214718e-01
9.927545343047439186e-01
6.383874995319662737e-01
7.097866294974173318e-01
6.411231386106052144e-01
2.575194596486842791e-01
2.301772040967674793e-01
-1.554624001059707883e-01
-2.191860875910269513e-01
-5.025284341114821807e-02
4.671044688480328055e-01
-2.939338712414225618e-01
2.354273041803933708e-01
-5.040840472597400979e-01
-8.339577290997852721e-01
-7.552632355411614817e-01
-1.435595010087562517e-01
6.197171244239525478e-01
-6.492264291311158342e-01
-5.429130584321086861e-01
-8.223630138988948790e-01
2.593080966224809991e-01
-7.380948419934270088e-01
2.193441658317176746e-01
8.972163026752286719e-01
6.271132101663867697e-01
5.959552011457540655e-01
-7.001319289492442532e-01
-6.186453255649291272e-01
9.553261813576459094e-01
-2.810971219018441186e-03
-8.609139539565577870e-01
-4.229406101522839023e-01
-9.505497285170432242e-01
-3.408206945734629789e-01
1.928377479158476238e-01
-7.288009747469097466e-01
3.662645999052687174e-01
-5.141707015258170088e-01
-3.768570129682669023e-01
6.441532338579802897e-02
6.567197116452216932e-02
-2.497437213338269402e-01
-2.736869763473783745e-01
-4.985390442467931837e-01
5.456277234396567088e-01
-1.353890376501165616e-01
6.523826987079694995e-01
-3.986206059069103969e-01
8.796552361217631066e-01
-6.019091853998492780e-02
-8.585927676117822704e-01
-2.567343618039032993e-01
-6.986443664547703492e-02
3.780838380404949461e-01
8.339860870831601325e-01
-3.450530414523280687e-01
-1.406305102555185371e-01
-3.996512205367540038e-01
9.421720674581062216e-01
-4.511091050812675030e-01
4.439988052228096560e-01
-8.737960348073547934e-01
5.653475973823560707e-01
1.693060683775580166e-01
2.498598445764270704e-01
9.983563891015938552e-01
2.655920720855093897e-01
-6.812043272710239794e-01
6.966059289631876261e-01
8.477130020432728230e-01
-3.016904142539609257e-01
1.325624739898867421e-01
8.967727714270345984e-03
2.983935570419840588e-01
4.477080963658393031e-01
2.474139268526965862e-01
6.817803156595813041e-01
-2.466828536631382462e-04
-7.554163798279975861e-01
-1.796251183151542641e-01
-2.058433295313080169e-01
4.294927474545033874e-01
-4.632768372730367012e-02
4.005372335896419944e-01
7.414939075090816178e-01
-3.876909079746280185e-01
-1.937760456811692400e-01
-1.691747338767142228e-01
-7.746104252110996846e-02
3.349290779474756174e-01
-6.589329494957758548e-01
-3.055884333328751090e-01
-2.432334074545043912e-01
-9.484839994219793624e-01
4.132647342879354202e-01
-9.569584506818131775e-01
7.704634593882415672e-01
8.096550996807749812e-01
7.848138686716545909e-01
9.444104646188609120e-01
-9.916691392333492061e-01
-8.989116632695064446e-01
7.259046219510558728e-01
-6.107619979584222314e-01
1.459893108308247811e-01
-9.441573374085255876e-01
-7.082797264018605432e-01
2.370279753089332697e-01
4.480626180333084907e-01
7.664760816011126909e-01
6.628439406244146515e-01
5.011206718751253231e-01
5.058889478629491343e-01
9.419896966547500750e-01
-7.141451645207588239e-01
8.527777762573036657e-01
2.658061940719600447e-01
7.280994271756479064e-01
-1.989328310517037846e-01
-2.094467497515044574e-01
6.741673836781414408e-02
5.042023499575014611e-01
-3.074763121140677846e-01
3.613589391678573293e-02
2.020993239505783912e-01
-2.733074511277699958e-01
7.509776555680356402e-01
3.946550035241025989e-01
3.945710303001350727e-01
-4.188871909109832536e-01
5.931571468373892930e-01
-3.282447030755990536e-01
5.021408748967377544e-01
5.563879494534922365e-01
3.102760532578894281e-01
-4.043956309231571122e-01
-6.398077669356738717e-01
3.573869610377755635e-02
4.825520897605002357e-01
5.756580899053360678e-01
-1.423604577009256467e-01
9.754437593238611814e-01
1.492622440304176568e-01
5.156740746396766273e-01
-5.931514546126928078e-01
3.627263861802223488e-01
-9.483499040270346736e-01
6.939738091029992173e-01
2.579073718385041514e-01
1.498912090678223286e-01
-1.322284878563599886e-01
1.000000000000000000e+00
6.508069009596137988e-01
8.442616881640339077e-01
-8.504441941851070830e-01
-3.511489620375576326e-01
-2.829940468981453905e-01
-8.848557125681819624e-01
1.209266728547222502e-01
-8.442682791753464144e-02
-8.836564850329280407e-01
-6.542003043430324460e-01
-7.954820083419644750e-01
-9.621892752749732214e-01
-3.015682004277469019e-01
2.892965150497313065e-01
-8.019953240771773295e-01
5.471451324402840655e-01
6.621794886736172003e-01
-7.601547406050852551e-01
1.809785484222733443e-01
-3.768805916039638659e-01
-3.509340609079708018e-01
6.513547677675763925e-01
7.905061254388774383e-01
7.600996354160751700e-01
7.818660547243510006e-01
1.802698668300761753e-01
7.305730020268688119e-01
6.158457149557381438e-01
5.208078431263096775e-01
2.860407386282031172e-01
8.565580885239338915e-01
7.664995160491675508e-01
-9.217018124035138982e-01
-1.209586182915738384e-01
3.821262875957758265e-01
2.162603824491191595e-01
6.917822845774888874e-02
3.898826219524271774e-01
-3.459999171762293546e-01
3.350578932762564577e-01
-2.512953628625975711e-01
-4.655361216382898348e-01
