-5.944475441676633221e-01
-7.995876465886510021e-01
-2.037769338813147924e-01
-8.022664078526061671e-01
-1.900937720814391829e-01
7.618277386959494413e-01
5.739788203026273683e-01
-9.772093927792594448e-01
-3.673447396076225946e-01
1.000000000000000000e+00
8.185196525839982806e-01
3.589404232689439866e-01
2.932740604751688518e-01
9.039893228734912078e-01
-1.000000000000000000e+00
2.517987410329997622e-01
-3.634097355089727088e-01
1.456963393030917264e-01
-2.586317071744695939e-01
3.328907479989282603e-01
-7.185033464867064401e-01
-1.000000000000000000e+00
-1.000000000000000000e+00
-3.740826778711260348e-01
-2.633645285657313928e-01
2.931125455680720915e-01
1.497243779593193935e-01
-1.000000000000000000e+00
8.704529099244570078e-01
-4.514972397379016789e-01
3.153073540212796289e-01
-1.000000000000000000e+00
-6.291397383926176090e-01
1.000000000000000000e+00
3.329235818610041253e-01
-1.000000000000000000e+00
-5.487502423126739970e-01
-6.977292936006237456e-01
9.426143650458864709e-01
-1.000000000000000000e+00
1.000000000000000000e+00
-1.591326945363063516e-01
-9.398041100866161290e-02
8.689970654211039980e-01
1.000000000000000000e+00
6.242094684777725888e-01
-3.778736126169233295e-02
9.494247201657077806e-01
-1.900735131361965258e-01
-6.922817634258032760e-01
7.673145128739158327e-01
3.825574291274783656e-01
5.992038126078881588e-03
9.972477222574216427e-01
6.876396666282637016e-01
-4.229879881139184117e-01
-2.254531709869573852e-01
-7.961876524685561618e-01
5.000952209739288890e-01
-7.497480962414427852e-01
2.515198280227882721e-01
1.959892769123472434e-01
4.329585899538209715e-01
-1.000000000000000000e+00
-8.862556198266947627e-01
-6.035140478569200884e-02
-2.221736636290274625e-01
1.816792286326674444e-01
-3.528242791449331950e-01
-2.320141208785780895e-01
-1.113970188450559839e-01
-1.000000000000000000e+00
3.184153627075457793e-01
-1.876918479712382792e-01
-4.763376875095611807e-01
-1.730001361401344306e-01
1.821270774451891339e-02
-2.857108366786971221e-01
4.519561538277802604e-01
7.078995555298144282e-01
6.120841090758832870e-03
-7.687288984222440114e-02
4.266325288753068934e-01
9.368984091824830163e-01
7.292282327454637780e-01
1.000000000000000000e+00
-1.207343366189335132e-01
-1.000000000000000000e+00
-7.850505598637025351e-01
1.000000000000000000e+00
1.946098424677653038e-02
2.016718575695370941e-01
3.707994041455722201e-01
5.350596750419683856e-01
4.407750289587056836e-01
-8.985770004985947912e-01
-1.000000000000000000e+00
-3.562766438674467850e-01
7.407993750581365333e-02
-2.343139138089495033e-02
5.129854828573161551e-01
7.643990392531407885e-02
5.970626191149613904e-02
-3.556211303181436856e-01
-1.040022168926271195e-01
6.973669558652552114e-01
4.147474255900888696e-01
-4.199194962336494363e-01
4.851199821777386623e-01
2.609455992519027490e-01
-4.793827694282736807e-01
3.025206051156295040e-01
7.196507880227663856e-01
7.619069260412356659e-01
1.000000000000000000e+00
3.839350082541775344e-01
-1.000000000000000000e+00
6.283611829732091980e-01
1.000000000000000000e+00
1.263908666036179795e-01
-1.614417435960573410e-01
7.614083011377317245e-01
3.450502771555279402e-01
9.935581312590959779e-01
-3.837694425760173611e-01
-2.363631465467156689e-01
9.041078324477115347e-01
-8.486214404773484432e-01
1.235972652368445557e-01
-4.897470307891893526e-02
-2.945499885753382063e-01
-1.000000000000000000e+00
-1.184271084195555046e-01
-1.000000000000000000e+00
7.395379691233423536e-01
1.000000000000000000e+00
-1.000000000000000000e+00
8.052251668102069493e-01
-4.137002822541252511e-01
-3.767072239815520002e-02
4.156356613930808352e-01
-1.000000000000000000e+00
-9.175524609093462791e-01
5.160379459896289323e-01
-6.091741813555063834e-01
6.382882712492711219e-01
1.633980230326786964e-01
8.569009223482125792e-01
-1.302228025778218168e-01
3.434506119944127356e-01
-1.784406348651478291e-01
-5.268627852872076467e-02
-1.000000000000000000e+00
-9.977466635670488859e-01
-3.955196011631989528e-02
7.854402094453845073e-01
-2.605619706870401231e-01
-4.791399269773010672e-01
2.168014133011908484e-01
-4.532839751309569731e-02
6.360284283331145705e-01
-6.358799056129246230e-01
7.154251869718918355e-01
9.951322630781894718e-01
-1.200333961737234389e-01
1.565566828003644995e-01
9.801130551848875605e-01
2.372274056036698109e-01
8.405337530231333787e-01
5.641191542262733449e-01
3.572565804155347635e-01
3.728134433385135726e-01
5.831384387883664644e-02
-1.614832236633567675e-02
5.794555879206870763e-01
-8.958621456705041508e-01
9.114133137918247751e-01
-9.374473098884261724e-01
1.000000000000000000e+00
1.000000000000000000e+00
9.804649882101124092e-01
-2.843770143023182095e-01
6.584573971208755871e-01
3.981285665457945377e-01
8.965619817191177177e-01
5.923585755413384168e-01
3.028541615300057166e-01
2.560702202433995933e-01
1.773314485508559191e-01
3.452157897205170856e-01
7.379706523620183090e-01
-9.834348212681100210e-02
3.198897192827669378e-01
1.000000000000000000e+00
1.486760971360254757e-01
5.082381577806613926e-01
1.000000000000000000e+00
3.253848534654851798e-01
-2.574269662461481367e-01
-6.354243490768012315e-01
7.163646740036144767e-01
6.766125691403062081e-01
-1.895278773285688223e-01
1.676950405390831567e-01
-3.677641283594729193e-01
5.062219225044110038e-01
6.701663685584923202e-01
-7.357423122221811163e-01
-9.932380916326222220e-01
2.459056484122284503e-01
7.845758163923621797e-01
-7.962156121812814513e-01
-7.340570085723248095e-01
5.969318309596474137e-01
-6.900585276761486142e-01
-4.210951064154864198e-01
-9.005529964237619645e-01
1.034470236744100408e-01
3.837632933782418876e-01
1.000000000000000000e+00
1.000000000000000000e+00
1.000000000000000000e+00
5.263105676106039077e-01
2.366444506481771015e-01
1.528596292125860012e-01
1.191968776218826354e-01
1.000000000000000000e+00
-6.184077433709012084e-02
-1.000000000000000000e+00
7.142032193998294476e-01
-6.620931717894125157e-01
-1.000000000000000000e+00
3.620004325961728719e-01
9.614871251786604178e-01
3.476672496384539124e-01
-7.055801578913697414e-01
-3.713298394638019362e-01
-6.201813809170487746e-01
-1.000000000000000000e+00
-2.772142827274043375e-02
-7.382980477226218641e-01
-7.345949111533711662e-02
4.510257545227399634e-01
6.301428975285781053e-01
-4.737312092282865983e-01
6.050369636402825879e-01
6.726373364823354795e-01
9.713385556454234848e-01
4.393745004516351749e-01
-4.479428913057104111e-01
-1.000000000000000000e+00
-8.066625378743137731e-02
-9.977106154422128448e-01
6.686237743828106206e-01
6.841348426843291142e-01
-3.830140274170477088e-01
-5.820594003114782922e-01
3.690850820808504462e-01
2.398573637591622232e-01
-3.381914747737604365e-01
-2.620760617506325829e-01
9.814744201604278517e-01
-4.266463535140028740e-01
1.000000000000000000e+00
3.588980774355186032e-01
