-1.091366338243844325e-01
9.076233972601606137e-01
-3.840365490813602012e-01
-3.638638406629752797e-01
5.916538235095618603e-01
7.952259202253110226e-01
7.749876287399817265e-01
8.615255939255219708e-01
6.242027585552303304e-01
7.710413620300311521e-01
7.594378930967859986e-01
-7.252901680673087270e-01
8.155327186706469167e-01
-7.462483622590067034e-01
9.176332590507338960e-01
-3.187077726876799133e-01
1.642586973319030141e-01
4.186436392843403964e-02
5.931429697444166038e-01
-1.000000000000000000e+00
6.709516153402983463e-02
3.729111649370495662e-01
8.381830016755162927e-01
-1.558818003427087928e-01
-1.000000000000000000e+00
8.512697328812079967e-02
-2.374469175038151914e-01
4.365721966731110903e-01
3.415942792014622365e-01
-4.712999468586185348e-01
9.122399256558388903e-01
-6.302487592607217692e-01
-9.196098828465161246e-01
2.046878069175142034e-01
7.706215394789407702e-02
6.274093061212776545e-01
-6.435574176915137556e-02
-3.738448469856350265e-01
5.984673536397993043e-01
3.421535223838712003e-01
1.845742020805615780e-01
-5.343178118502089902e-02
9.972527433108520079e-01
3.209481951213524198e-01
2.867826248741955908e-01
-1.094048624918317891e-01
-4.927576519132303989e-01
-2.596343847908721414e-01
-7.597132764234382218e-01
-1.000000000000000000e+00
9.623700755724344802e-01
5.497661612059245861e-01
9.701516543930756020e-01
3.562120797021328666e-01
-9.569203744508848475e-01
-3.629622517464903275e-02
-5.526471134117432182e-01
-1.500161918191356136e-01
-1.000000000000000000e+00
-6.240341196838898874e-01
6.664727951242350734e-01
-7.702780148344894329e-01
-8.210252982763992513e-01
5.150238036133691910e-01
-6.821095801704306627e-01
8.823488135203052529e-01
-6.110337453638787775e-01
-7.731204239746056750e-01
2.829223908079613325e-01
8.467132711614944185e-01
1.346233903942655186e-01
-1.000000000000000000e+00
-8.403128529418135706e-01
-5.122160412616403313e-01
-1.000000000000000000e+00
5.856924609947162796e-01
-1.000000000000000000e+00
-6.944894882594447871e-01
2.707755180420993169e-01
5.105387672890113748e-01
4.429059155092089917e-01
1.000000000000000000e+00
1.199327354137107449e-01
-1.885181647785966197e-01
8.736311908865426190e-01
-5.467675206498967544e-01
-9.191110922736207556e-01
6.586946352749487588e-01
9.732766687306440012e-01
9.583386167959975221e-01
-3.226276410793573191e-01
-4.212060154739298845e-01
6.011971519354323279e-01
6.200437843976569496e-01
2.840176831606977537e-02
3.386504610258713743e-01
-8.228781890446277281e-01
-4.561275350490023861e-02
-1.378140839873920331e-01
-1.000000000000000000e+00
-7.589176005705930983e-01
-3.525944711410559096e-01
7.614901740599570035e-01
-9.741327149905076865e-01
4.211181434984582195e-01
-5.502413991995200870e-01
9.479704160919719680e-01
4.176248404503856149e-01
4.199666621283346668e-01
9.321643891112509905e-01
-2.161207090947960818e-01
-3.686524548645604415e-01
5.671045320875383045e-01
2.014671363235868706e-01
-6.658168276324775148e-01
3.171189866639840815e-01
-1.250456471744436637e-01
-3.441843326664442149e-01
-6.722748786483478955e-02
-1.859787541083949280e-01
4.783817369505583006e-01
6.600282880206302938e-01
-6.349209288741934909e-01
4.116512268221388382e-01
-3.065686422274866985e-01
-8.244120215622134928e-01
-7.474676209196609578e-02
-2.416104787293618661e-01
6.828231676237754844e-01
9.881386883279053013e-01
-2.909340048044086746e-01
6.127023564671520983e-01
3.695406907740523272e-01
-1.558474406248373523e-01
2.385552033699777086e-01
-7.806390115846737476e-01
5.038378627472417381e-01
-7.459727106234581573e-01
-3.109772967021067203e-01
-4.444166220619921726e-01
-1.713221477263360271e-02
-8.399047638621706113e-01
6.587426007158584396e-01
-5.166553429603926162e-02
-7.826966542862581200e-01
-2.776398517891598416e-01
-7.711338014849385136e-02
-1.000000000000000000e+00
4.733697500483919907e-01
-1.504525318011520341e-01
-1.748071456623466746e-01
-2.375541237427327701e-01
-8.776894107612576157e-02
-2.790214654856628673e-01
-7.659067861617805395e-01
6.604952542253408332e-01
-9.459597046448368074e-01
-2.960713136753946872e-01
-5.314403057140754116e-01
-2.141579659873218411e-01
1.072249414749141538e-01
3.872199093179253815e-01
-5.019191829652209780e-01
9.453317904739622080e-02
9.348688948599561677e-01
-2.881275095707132028e-01
5.789452095457336966e-01
1.010361505060988208e-01
1.148053525950729625e-01
-1.676108816289353237e-02
-1.000000000000000000e+00
3.304404575742885264e-01
8.814525761871596643e-01
-4.740338613089436492e-01
6.399564264751125275e-01
3.066998766007760224e-01
6.094436415115027650e-01
-8.889153922867454316e-01
6.054868460855031831e-01
-1.246011675554246079e-01
-7.203893259035816232e-01
7.253673773693463112e-01
1.925006128051918175e-01
8.805725271886322147e-02
4.672053910202813576e-01
-3.178846885926804866e-01
7.291710214143076740e-02
-9.514772273758083099e-01
-2.767633619828497871e-01
6.289576694407805757e-01
-8.305750617689706683e-01
5.227485543115049094e-01
-7.586491454626198561e-02
3.293913155734018439e-01
8.100296286575396909e-01
4.114747942657354662e-01
5.029476351241159993e-01
3.448022675452360186e-01
5.107852459046429150e-01
1.883149711401423954e-01
-1.647310856140269397e-01
9.743708015659948707e-01
2.250466177466168838e-01
-6.879136365997583491e-01
3.345502386054710620e-01
-2.157338540644339608e-01
-5.557711449450140062e-01
-7.814550601492431525e-02
-7.360810856773681854e-01
1.000000000000000000e+00
3.154732837423881442e-01
7.416361921132323953e-01
3.851437840237375010e-01
4.394388291170392424e-01
7.317377727536333865e-02
8.191447879777280505e-02
1.000000000000000000e+00
2.400434180977089049e-01
3.865639510606888596e-01
-6.964180455865049968e-01
-7.628953478949894729e-01
4.879343323642644226e-01
-6.724766610322001625e-01
6.797814930855852200e-01
1.217521318843464151e-01
2.850096036688314349e-01
-4.903980478843936175e-01
2.635632934234677371e-02
-1.302195000382078138e-01
2.743844296266095828e-01
2.752678800451191510e-01
2.271680634995743020e-01
6.004888511120265449e-02
2.821729652416162804e-01
5.970023489314550957e-01
7.114951402039171313e-02
-7.768325085026230870e-01
5.271381862414075137e-01
2.364437116291299157e-01
5.965789181688692100e-01
-2.822228632298970918e-01
-8.474514021775556571e-01
2.780530295161649512e-01
2.475618991867458707e-01
-6.359343560656045558e-01
5.664854570366535391e-01
1.000000000000000000e+00
-9.613929293508214347e-01
-5.109761766271547767e-01
-7.004275481620030330e-01
-3.903320981304059245e-01
-6.957315402307213681e-01
-3.964146911371499993e-01
1.828254682735617753e-01
6.790861490182602545e-01
6.371085050942739691e-01
6.881051870724682606e-01
-9.378684690847542971e-01
3.945772827782487724e-01
3.245807164884131346e-01
-7.367973485206673612e-01
1.120392165303518706e-01
-9.844791584458505440e-01
-4.183215089388672148e-01
1.000000000000000000e+00
