2.413736530829426741e-01
1.475524113316766250e-01
6.637286931590122840e-01
9.538150632244239979e-01
3.824364626338595530e-01
5.322864349577671739e-01
3.175220797209838963e-01
-3.400567937973097976e-01
7.885997875005310576e-01
3.535361107367365752e-01
-3.900416542741746984e-01
1.000000000000000000e+00
-1.378153311807572834e-03
5.493111430009058882e-01
-3.169470221890687278e-01
-6.026843757238722343e-01
1.000000000000000000e+00
-7.121060177584042084e-01
-6.274476713004504269e-01
5.326444936713002898e-01
-8.982768181829449139e-01
7.145735092656693155e-01
1.000000000000000000e+00
1.000000000000000000e+00
2.612412726821018438e-01
-7.612686110937643136e-01
-9.214643735858922824e-01
7.677287909152534784e-01
-5.290530929633463497e-01
-2.725926878287767696e-01
9.270316179620818886e-03
-3.727945784125735740e-01
8.315371559368776033e-01
7.894728302566295097e-01
-1.600427766529444185e-01
-7.157694906632643406e-01
3.231699385682764158e-01
-2.375193222650215930e-01
-9.035875703158472438e-01
4.472184136334498294e-01
1.000000000000000000e+00
-9.724521542538354657e-01
6.153399525417466709e-01
-4.252306220213255550e-01
5.031315875785632441e-01
-7.859252728445800251e-01
-6.044941163046217980e-01
-7.537137358481337257e-01
3.115348040579872801e-01
-9.640293265650115018e-01
9.872472030674168675e-01
8.079863829364837269e-01
-8.807989583458872840e-01
7.019208106797487634e-01
2.932879933157862551e-01
4.286623251609525953e-01
3.939833283590691848e-01
-4.401217931659040516e-01
1.000000000000000000e+00
7.465675624729772863e-03
5.773578913828958381e-01
-7.867335714629457577e-01
-5.448584287695841244e-01
6.777851920676782882e-01
6.175771765432203075e-02
-4.512838920898478712e-01
5.515818960916747393e-01
9.684699406727247384e-01
-2.754130279177433582e-01
-8.964229187590043724e-01
-2.918396349237237786e-01
9.422176781046784910e-01
2.169056806462499321e-01
-1.618090886677730766e-01
1.799909434469533220e-01
1.985976708276560032e-02
8.051929540798961060e-01
3.370265309649864705e-01
-4.906047594073446039e-01
-9.605091543790216235e-01
2.635098488365414937e-01
1.000000000000000000e+00
-7.043292916880039556e-01
1.000000000000000000e+00
-3.194309336295184654e-01
6.344813730805201057e-01
-1.000000000000000000e+00
-8.153902835994766285e-01
2.221686850221389342e-01
-1.813264791319386671e-01
2.124155811818160822e-01
-1.563514093200923938e-02
5.232546308783541100e-01
-8.553863288782017626e-01
-7.779261313192487037e-02
-2.009927934648021441e-01
-3.484480881117345552e-01
9.453619722231709765e-01
-8.764363323654309479e-01
-8.771661014828535663e-01
-3.343452949764837978e-01
-6.652808805937771020e-01
-7.664389542362595176e-01
-9.555177333875866097e-01
-5.112405913828548254e-01
-1.072292252745714602e-01
4.067870167878488985e-01
5.992672577302815551e-01
-4.907959022535588467e-01
4.724656550211108197e-01
-8.688117129404187011e-01
7.649085631966201504e-01
-1.409149916982040951e-01
-2.257482075592882609e-01
-3.004280971576881454e-01
3.718263538807056179e-01
-1.000000000000000000e+00
1.000000000000000000e+00
-7.570410655309964820e-01
3.056064325072077592e-01
5.040931927825322845e-01
4.307476153247185024e-01
-6.091916160774839550e-01
-4.952067226176590786e-01
-5.832047346402852162e-02
-7.308089838563611718e-01
-6.841014666490976559e-01
-8.529648022948794761e-01
3.063921798993802792e-01
5.721492995438091089e-01
7.563479024530184169e-02
-9.956096130493696794e-01
1.000000000000000000e+00
-3.351364605799107554e-01
1.508973247962608344e-01
4.442044012268278053e-01
5.979172731473496594e-01
-3.795156282606663156e-01
2.149214498522574734e-01
-9.908962017447549009e-01
2.143390746126456747e-01
-1.000000000000000000e+00
-3.486078952030182698e-01
-6.542829334800019936e-01
-5.154262621401139999e-01
-2.709154738655517036e-02
2.691261737549550670e-01
-7.661163344406594078e-01
6.798521042565555117e-01
7.477956536598151516e-02
7.630949050997217764e-01
-2.607539717268163582e-01
-1.000000000000000000e+00
3.015091817717203693e-01
-1.946968802152231337e-01
-4.846026955506795020e-02
2.391056781052785518e-01
5.627810499308233405e-01
-3.021163891103344490e-01
-3.851210791799224431e-01
1.493412665685986962e-01
-1.000000000000000000e+00
7.032034353976954755e-01
-1.000000000000000000e+00
3.045294625091434781e-01
-2.145945077484834318e-01
-1.598110363656121413e-01
4.377232075600152594e-01
7.607242012530409658e-01
8.756484121502428053e-01
-3.642797815532536898e-01
-9.959965431569648420e-01
7.842218762574317825e-01
3.426817390806968788e-01
-5.401062679193686655e-01
8.429498679295950314e-01
8.444812006570237006e-01
-6.580548172288556152e-01
4.882879630615066802e-02
-9.167651501742890563e-01
1.448970444670059088e-01
3.400779900412836398e-01
-4.530338952846268974e-02
-4.954426848080220047e-01
-6.638635888615709302e-01
3.251350200984507444e-01
1.000000000000000000e+00
1.000000000000000000e+00
5.001110195551892179e-01
-9.344843326532510375e-01
1.791949724423067547e-01
-2.114152462800784060e-01
-8.882065468353359527e-01
8.996447502344162572e-01
3.297632205145435424e-01
3.605687681605147521e-01
-9.123992655555218656e-01
-2.214799504643588657e-02
4.142037690787425674e-01
7.565961886407919224e-01
4.587545628755371752e-01
-3.331924921803808282e-02
-4.833549703966667499e-01
-5.866055579001518971e-01
-8.194914915096931374e-01
-8.819870482303707737e-01
1.825974216792454197e-01
1.000000000000000000e+00
6.800638842638997428e-01
-2.596782960115784356e-02
-5.929863660166195816e-01
8.133184349276825209e-01
5.492672166980286930e-01
2.764775970829974616e-02
1.544261443743808471e-01
-3.112791268627446151e-02
-2.368026554708264619e-01
-1.768672857096136308e-01
-1.821139418736152926e-01
4.006213096453345446e-02
-5.655704926025912904e-01
-1.000000000000000000e+00
1.544298001819789934e-01
-1.036544365359066688e-01
5.455270505642149104e-01
1.000000000000000000e+00
-7.770171857858223508e-01
-6.293871475613526112e-01
7.279478607102336518e-01
-8.892092213123209410e-01
8.054577649674907747e-01
8.748051013384687824e-01
-5.152361455026122083e-01
7.458773305695520772e-01
2.195252972333399111e-01
-3.960131815308842729e-01
-4.308293863669200308e-01
9.680493719293759014e-01
3.055994095216534312e-01
4.438622128634180930e-01
-1.357344395648807933e-01
-1.000000000000000000e+00
-1.513047369439395329e-01
-6.643744496487906659e-01
-4.703237669193107706e-01
-3.896342637353977789e-01
-1.023308105246973909e-01
1.807707824231394866e-01
6.595104255125043835e-01
1.916146314938338424e-01
-5.129851498961643941e-01
8.484524178347971901e-01
5.414757040607685035e-01
6.235549396536501643e-01
7.802274320915626449e-01
-6.489997170462824538e-01
-1.000000000000000000e+00
-2.130576611819907096e-01
1.042148358260597263e-01
2.904320275668093032e-01
2.975179433934742046e-01
-6.763032641562645164e-01
-6.248574073373518445e-01
-5.454733037311161326e-01
-5.936965578991978409e-01
