5.290667053630053740e-01
-2.741425290142155413e-01
-3.445687924788678469e-01
-2.125226163626063314e-01
-1.699694276380532276e-01
-8.428373546089416024e-01
-5.736926980317919034e-01
2.446548815976037905e-01
7.196070029875846208e-01
1.000000000000000000e+00
7.396929040775623854e-02
1.013500405005698379e-01
3.922103390231943543e-01
-4.910086207144084836e-01
5.694519375350000079e-01
-7.374326818412004769e-01
-1.617239102479929302e-01
2.522579003086185545e-01
7.914524814615819803e-01
4.987316610173930798e-01
-2.438517398531641067e-01
6.328612442742780342e-01
-4.352715831169141625e-01
6.542442790461695523e-01
4.031032830238151510e-02
-8.452380403091251937e-01
6.309771532025161278e-01
-7.585657088582818952e-01
8.046547396265850693e-01
-5.412437160579196549e-01
5.436248893529932458e-01
5.255239868231371680e-01
-1.084174734919428618e-01
-8.017797092290426253e-01
-4.644261593769881125e-01
2.168896908797792178e-01
3.147067675075666537e-01
9.107229987131761906e-01
1.592455983460585034e-01
2.535722020972712709e-01
-6.874589535390484007e-01
-6.887794515544110041e-01
-4.824317266002440263e-01
9.524190313878807546e-01
-9.213768652745786270e-01
7.977000035142031709e-02
5.812941647128786471e-01
1.724561657167109630e-01
-3.935180404776648100e-01
-2.966412739391773856e-01
8.580044643090322110e-01
-3.667137540725282641e-01
-5.805731413233446991e-01
-8.005465446743771363e-01
5.151732350380813230e-01
6.883439879566766173e-01
3.807260174975835021e-01
8.300189053387464766e-02
5.424770982652542539e-01
-7.937852779592255992e-01
-7.356350718641970765e-01
5.275743828497962973e-01
-1.000000000000000000e+00
-8.076051906232044331e-02
2.025863401447274281e-01
8.693036852329595332e-01
5.752745032382442503e-01
1.536809774784440030e-01
-1.000000000000000000e+00
1.204879356955292913e-01
9.016011430053377795e-01
-1.995706852357196082e-01
2.600733151811459587e-01
1.000000000000000000e+00
-5.040016491746861504e-01
1.912417317616723067e-01
-5.077173840287323436e-01
-9.647202656201653292e-01
-2.705845839448536849e-01
5.671645142661037031e-01
5.191786671313523005e-01
-1.077954366577429379e-01
1.708292417939687446e-01
5.684281482179260880e-01
-5.327804162318322545e-02
-4.708595335264231796e-02
7.873746497656317622e-01
2.216399436646693255e-01
5.038005303083081809e-01
-4.876754913804089986e-01
-3.408959843436170090e-01
2.713761585866445447e-01
-6.546153797598963653e-01
1.740749398491110156e-01
-2.356977239110759070e-01
5.240385981550075289e-01
2.681638436865804165e-01
7.489412316999405350e-01
2.376660180449239879e-01
-1.112460948365566193e-01
-3.922635885121495969e-01
-5.221501656808621439e-01
-9.362648374210902347e-02
2.110314087545481776e-01
-4.909035169119335684e-01
2.584658783285971317e-01
1.430985488300748898e-01
-6.168639672108364724e-01
-6.420337205520129098e-01
-1.064465167903917431e-01
-6.525970681317863065e-01
5.228305089470076661e-01
-1.545430665056402586e-01
-7.777711526452917301e-01
-4.012385336023296389e-01
-9.139556598144590316e-01
-2.180592716132063735e-01
2.681946856573897975e-01
-1.649373795249378105e-01
-2.934590746477270806e-01
9.437634907013292551e-02
6.436931299451913446e-01
-3.177585948802648108e-01
2.516279995712461526e-01
7.206645205751630590e-01
-1.009465676928990585e-01
-8.938771897855023463e-01
2.467042958445686551e-02
3.852875858098407380e-01
-8.675862163301846230e-01
-6.906608522476698209e-01
6.323373329565080692e-01
3.051767258422510287e-01
1.983009241501270115e-01
-3.966186967226102977e-01
-2.732509533675906432e-01
9.225837492405608575e-01
-1.223050505631670948e-01
5.027318465852559370e-01
2.960722095563264045e-01
1.000000000000000000e+00
4.456351684136415914e-01
-6.071808539125607140e-01
-3.083212573777606158e-01
-2.441411184894062003e-01
-8.246796820628271574e-01
4.416886961472235029e-01
9.112759833442463098e-02
-1.559653021480406909e-01
9.394244446406696536e-02
-4.808953927727912525e-01
-1.000000000000000000e+00
3.993841219874000315e-01
9.713456950855714478e-01
-6.743179181242402453e-01
-1.535796721605142690e-01
-3.130944124949683327e-02
-2.329892858282146539e-01
8.719710453264826189e-01
1.000000000000000000e+00
4.452866093670668768e-01
-3.097575999554973980e-01
-1.279874615308410624e-01
1.730436876924710266e-01
-1.379599489582514771e-01
9.236449082619075934e-01
6.032374024208662089e-01
1.925246975125342042e-01
-5.102232811081292008e-01
-4.229595308197769965e-01
-9.988745644940066892e-02
-7.918396727779664079e-01
6.357669646148371712e-01
-7.980248396367793928e-01
-6.122262546588159715e-01
8.350853288151943721e-02
5.567654296440627260e-01
1.000000000000000000e+00
-6.558473170055999502e-01
-4.977633634116719330e-01
5.120268390171027750e-01
-7.976351730741852997e-01
-4.047260943838559832e-01
-9.003742711286328859e-01
-9.027783178984629675e-01
1.055969949519783846e-01
7.227792533677146469e-01
3.677905706417862741e-01
1.000000000000000000e+00
-8.002221408302446770e-01
3.421360177040586592e-01
2.488991521123148920e-01
8.667605124583304121e-01
4.857076524726748334e-01
-1.978923153560894210e-01
8.001428330983932913e-01
-4.307183012481144435e-02
2.458268419273109129e-01
4.285829613754859047e-01
6.798589029697792441e-01
7.325881404432111887e-01
9.697165598401311648e-01
6.575154275886982980e-01
-5.611045670101555416e-02
1.920901698589233542e-01
-2.495019831067659122e-01
2.938310673197941369e-02
-3.371159279881007498e-01
-1.085905036335885199e-02
-1.653669507090759216e-01
-1.000000000000000000e+00
2.626866699219765344e-02
9.051563192728684371e-02
9.240574319290087990e-01
9.240016778086124205e-02
1.000000000000000000e+00
8.690487338907773029e-01
-1.739378746346131321e-01
6.110279263406406258e-01
2.252859703364945565e-01
-7.788336681967673591e-01
-7.451002266711068689e-01
8.762454747834573787e-01
-1.753292673539241786e-01
-8.992562741816574334e-01
-2.007726697339859145e-01
-3.506439928921138982e-01
-6.246452830245028398e-01
2.568267545050062495e-02
-3.230489639293295800e-01
-7.871140795407727264e-01
4.835251106629718798e-01
7.114724730781877282e-01
1.000000000000000000e+00
7.180162881193812296e-01
-6.403778580140132570e-01
-3.876794492003518555e-01
-2.681056382305414543e-01
-2.577796536403568206e-01
-5.935417164616922925e-01
7.091507870854439899e-01
9.475408687211217540e-02
5.656650728224166258e-01
-1.134432022662587580e-01
2.650783294752359076e-01
8.220743466866330396e-01
-3.850138397173611393e-01
-1.544513015659287891e-02
4.142274933171272155e-02
5.441143959724772383e-01
-3.029110228423442797e-01
4.223486854861602247e-01
-8.803871884786066415e-01
-5.987600486753057449e-01
-2.452517862530734227e-01
-4.433095136321845708e-01
-3.392692428133928795e-01
2.139863723998150502e-01
-5.441735628552346604e-01
-6.203165457885573275e-02
-9.256683529850442405e-01
-8.578366296193470353e-01
-8.157123774526757742e-01
-1.000000000000000000e+00
-9.049355085113837127e-01
