1.844655533357047461e-01
8.210935361207837291e-01
9.579763949571467041e-01
2.972802189499650360e-01
-1.772885596581477430e-01
7.527760224368024167e-01
-8.489569811655601761e-01
-4.714657241271707488e-01
-8.021860620629132077e-01
7.781598112367715814e-01
1.000000000000000000e+00
-8.160451063239015923e-01
8.207615872580007466e-01
1.000000000000000000e+00
-1.000000000000000000e+00
9.793565191531330427e-01
-1.897487870779748509e-01
4.840219096839142310e-01
-8.601166381955068774e-01
1.000000000000000000e+00
-1.000000000000000000e+00
3.706081544014779294e-01
-1.659972418995777632e-01
4.797546991162640051e-01
-1.000000000000000000e+00
-7.544582423313338504e-01
-1.000000000000000000e+00
6.008994126361560939e-02
-1.724822994333918835e-01
1.000000000000000000e+00
1.204867390732695664e-01
-6.480257701407188264e-02
1.000000000000000000e+00
-2.267722129098907052e-02
-3.326880887179123336e-01
1.000000000000000000e+00
6.973576324151281591e-01
1.000000000000000000e+00
-6.553589599033103619e-02
5.090744887170717270e-01
-1.000000000000000000e+00
-3.223196116033262282e-01
-2.838717803474604673e-01
3.543926254630028749e-01
-7.957380866811104569e-01
-1.000000000000000000e+00
-5.859970386229671480e-01
-2.763803398002817602e-01
1.000000000000000000e+00
1.706045877181641135e-01
-5.425623206562196765e-01
1.000000000000000000e+00
8.853284694046893444e-01
5.725840206814627464e-01
2.127306173580789661e-01
6.468248629391964988e-02
-8.924247780498298921e-01
2.278312738471143239e-01
1.000000000000000000e+00
-7.360116233300759703e-01
1.000000000000000000e+00
-2.186507114794448148e-01
-2.582871573219236438e-01
-6.494492700928642392e-01
8.343675073313904234e-01
-3.417180417028996553e-01
-1.000000000000000000e+00
5.752793136122726914e-01
6.715781257810528038e-01
1.089903252782080945e-01
6.293915957072272749e-02
-1.000000000000000000e+00
-4.342790862041998046e-01
-1.000000000000000000e+00
4.541758082966415033e-01
6.908747465610505234e-01
4.445519150444769696e-02
1.000000000000000000e+00
7.952662015946032614e-01
2.081893177306847753e-01
-1.877452105403767391e-01
9.279148611335289454e-01
-1.000000000000000000e+00
7.350779164772116570e-01
-8.684527775574307773e-01
7.198820494192214037e-01
-7.719916988807842273e-01
1.000000000000000000e+00
1.822949850013147188e-01
-1.000000000000000000e+00
-3.385281387205207881e-01
-4.677444242236385996e-01
-6.913560911873443127e-01
-6.403971919913946653e-01
-1.000000000000000000e+00
-1.000000000000000000e+00
-8.193001008596491053e-01
-8.015249236534819355e-01
5.411872344653807509e-01
2.223911928892717826e-01
1.000000000000000000e+00
-4.715545056632426957e-01
-5.795250992130374090e-01
4.508871669746518651e-01
-2.159375247077295890e-01
-1.000000000000000000e+00
-1.000000000000000000e+00
6.535446335409308416e-01
1.000000000000000000e+00
-3.016112371727459052e-01
5.376865126703755937e-01
5.791014341720530645e-01
-1.733689666083396419e-01
-2.422930904877757807e-01
1.000000000000000000e+00
-6.624766937111384868e-01
-1.570936623943652855e-02
1.000000000000000000e+00
1.275890355014095423e-01
1.000000000000000000e+00
1.000000000000000000e+00
1.039381093406724355e-01
1.985405014346466324e-01
1.000000000000000000e+00
7.816539994554194681e-01
-5.867794008677709172e-01
2.089561140230367098e-01
6.619028921352387851e-01
7.858229048939157080e-01
5.917858088568445085e-01
1.000000000000000000e+00
-7.949539926445149396e-01
5.869712299239734365e-01
1.000000000000000000e+00
1.000000000000000000e+00
1.000000000000000000e+00
-5.621277478283823736e-01
1.394650522300443785e-01
4.143803898237656269e-01
1.844553450040253839e-01
-4.121395429478006411e-01
-1.000000000000000000e+00
-8.484530053663684734e-01
7.615140570568796896e-01
7.194130674284124893e-01
1.000000000000000000e+00
2.910797162160955742e-01
1.000000000000000000e+00
9.900155765165707944e-02
-1.000000000000000000e+00
-1.000000000000000000e+00
-9.858080504597961369e-01
-1.000000000000000000e+00
3.870793501203075859e-01
-9.692423484898337049e-01
6.499675202713315336e-01
-9.080822918035366120e-01
1.000000000000000000e+00
1.000000000000000000e+00
4.468055653606940458e-01
8.517040806204492220e-01
1.000000000000000000e+00
-7.368789668597701681e-01
1.000000000000000000e+00
1.000000000000000000e+00
-9.295197848325486012e-01
-4.609193258534228788e-01
-8.414712146630894951e-01
9.485962249913688638e-01
1.000000000000000000e+00
-4.372739834284158911e-01
-5.431803431667451276e-01
1.000000000000000000e+00
6.021325948041434950e-01
1.000000000000000000e+00
-6.158427606856828884e-01
-8.074336236888450813e-01
5.754264318766635355e-01
-1.000000000000000000e+00
-3.726111340118197224e-01
-5.045477769696193882e-02
-7.703132275029744847e-01
7.971684702890691199e-01
2.274455831116575233e-01
-1.068351732111305491e-01
-5.147369874537236489e-01
8.457290799252840108e-01
1.000000000000000000e+00
-4.931045022403038880e-01
9.317907931785744946e-01
-7.459466902389734200e-01
6.919302054573595040e-01
3.714776982673347883e-01
-1.000000000000000000e+00
-8.493256077751093480e-01
-7.322239798149645651e-01
-1.313573504813936310e-01
-7.124667884831801246e-01
2.340523381426560523e-01
-8.807422295400080259e-02
4.051520215676761572e-01
-7.118944384678372872e-01
-6.035053443145222962e-01
-1.000000000000000000e+00
-4.418774283017584681e-01
-7.171736105667427807e-01
5.530186321921168879e-01
4.186920544031824676e-02
2.903718771052363756e-01
-5.445591758849706032e-01
-3.621616216980243497e-01
2.522798581809049256e-01
-8.110421944398876759e-01
3.457537170288215167e-01
7.960230306219580054e-01
1.000000000000000000e+00
7.333558137908913199e-01
2.561304757154483358e-01
1.725939037113373709e-01
1.000000000000000000e+00
-3.956981370900669592e-02
5.526152607215808477e-01
8.392950851268837775e-01
-3.594876269529367896e-02
3.940221905090304233e-01
6.324087044286886838e-01
1.000000000000000000e+00
1.876198849981448036e-01
5.697949860113262766e-01
-1.000000000000000000e+00
-9.091190343850416022e-01
8.466937117138796376e-01
-1.000000000000000000e+00
-5.938812338449672712e-01
2.915725062077886287e-01
-8.574615599526971277e-01
-1.000000000000000000e+00
-1.140452594248886342e-03
7.119534138923128141e-01
1.431973036958553436e-01
1.000000000000000000e+00
-1.000000000000000000e+00
-3.357797794447867634e-01
-1.000000000000000000e+00
1.973235543582915752e-02
-7.850093476918220681e-01
-8.271353244840973229e-02
-5.515846189923844234e-01
-1.000000000000000000e+00
9.210599700064782125e-01
3.331384744967679223e-01
-1.000000000000000000e+00
6.775166313429459297e-01
8.510670841549073939e-01
1.000000000000000000e+00
5.942098188254232860e-02
-1.991159358140643654e-01
-1.303936119435045171e-02
7.111036091687498173e-01
-4.955309659825915536e-02
-2.680698314595063025e-01
4.438417846797672039e-01
7.814421442336210166e-01
-4.602912672361308966e-01
8.980989695900787328e-01
