8.710888339252087498e-01
4.207423646958168284e-01
-4.239643518823041912e-01
-5.579664431899922228e-02
-4.184770313098185035e-01
3.468075299058653305e-01
5.493291062716310069e-01
-3.877310293357680848e-01
8.916715524216083377e-01
6.084304399234881089e-01
9.405103781216079817e-01
1.342737317257187701e-01
-9.540957573182918816e-01
-4.165610664491961046e-01
9.420747555340283075e-01
-4.922524226450759599e-01
-3.915659185192781333e-01
-3.062402729266728851e-01
2.867777906336035354e-01
-5.222857590956446749e-01
-5.225207446145915813e-02
-7.190537912444822100e-01
9.837870518603608616e-01
3.672427977418417644e-01
-5.549373919452998960e-01
9.879148217288193923e-01
2.888993441399183570e-01
-4.371045681464935662e-01
-2.144661838294892320e-01
-2.744012745494830430e-01
-2.875203531131220736e-01
4.927895009606271248e-01
6.223192123899945472e-02
8.344659439248733879e-01
2.980018708199538846e-01
2.738672917104785220e-01
8.291318807948770964e-01
9.240409017039041828e-02
-1.000000000000000000e+00
-7.221895776492242014e-01
-4.656434881419359018e-01
4.031255160717409636e-01
5.450961973735740651e-01
8.100240595401810850e-01
5.251231976167247684e-01
-3.043065370351782928e-01
-8.979120716207464881e-01
-7.213601040091395245e-01
-8.667677580629059575e-01
3.361671240712211794e-01
7.026412403465469581e-01
9.064315070466616442e-01
2.118084286024597418e-01
7.498110573448941718e-01
7.135060883743438165e-01
-2.043245485715701470e-01
-4.177040137890652982e-01
4.069861183922676151e-01
-1.156194010571920394e-01
-1.901776190879367334e-01
6.888310039840259136e-02
4.625348717545327837e-01
6.063925286265845482e-01
6.873250437732156826e-01
1.303224430337059925e-01
8.765924782687039007e-01
4.458589426581296422e-01
-3.710870341878007572e-01
5.248872707220586520e-01
-2.476798120186463059e-01
1.324605103547324969e-01
3.501825126166239199e-01
-7.682135712766504643e-01
-8.888957794959131409e-01
-3.784676211437225102e-01
-3.151553764628725607e-02
6.908493693891479825e-01
6.770291177916116787e-01
-1.000000000000000000e+00
-9.294473802789293693e-02
3.556479225265034572e-01
-7.853887695253531920e-01
-3.089582701499590245e-01
5.065479271808424055e-01
9.709877545969789470e-01
2.689662430562859696e-01
-1.024676562682573788e-01
8.798567239338559443e-01
6.548447913154800126e-01
-6.740548508299890607e-01
-7.087781768189463927e-01
-9.112194768602097650e-01
-2.204132512116155074e-01
9.580920278378445287e-01
-9.685795287025258382e-01
-9.494506707087957409e-03
-4.582501980491349158e-01
4.763806505207386355e-01
-1.656969474651474872e-01
-3.270582132325220437e-01
-7.062860470385370348e-01
6.044534630013946863e-01
-3.992052720573238123e-01
2.694137854831908374e-01
-1.008140160729358303e-01
-9.605464998958495038e-01
8.636088747371932772e-01
2.756863292822222533e-01
-5.423266901404355522e-02
-9.245675513567771509e-01
-4.719216561852197511e-01
5.524271863008920480e-01
-5.873608563666388171e-01
-7.672636379928208239e-01
8.996762659101811277e-01
9.580794239540197932e-01
-3.864765719259314336e-01
-6.712330041133243164e-01
-7.142647767149972182e-01
4.854584990503760800e-01
-7.418232275592041847e-02
6.710465503719875713e-02
-8.982599095765697594e-01
-2.047954604339644047e-01
-5.738149523501245852e-01
9.339631867668414245e-01
-5.140999753531323435e-01
-5.921065054989975707e-01
-7.864818555286716695e-01
-9.541023366258057914e-01
-8.464954835938671707e-01
-9.438241039121317844e-01
-9.216181569291526099e-02
1.992638527917021118e-01
-5.718904681922876154e-01
-5.197592092938165820e-01
1.108967431031937512e-01
9.704889639931442158e-01
-5.826335945333627198e-01
3.499874959540103525e-01
-2.019768628393179832e-01
4.087830718663649776e-01
-5.820334385885139739e-03
-7.425236328406987774e-01
3.935620216394323245e-01
-6.413619047786038863e-01
8.340544642992262503e-01
9.878136352756290428e-01
-3.538284824529405181e-01
-8.609876520430457258e-01
3.830370550040731459e-01
6.298568383682483507e-01
-1.484448623254490673e-01
-3.791923041719631460e-01
-1.858383657790716459e-01
8.469048420843487968e-01
-9.407399556466284896e-01
-1.797432807670391597e-01
-5.448558195772006396e-01
-2.454528890624567694e-01
-8.720607070186190413e-01
-1.181967004382205033e-01
1.535139988161040581e-01
-1.844461232487628610e-01
8.026620662610246537e-01
4.842067034942412196e-01
-7.609538841623555427e-01
2.120416370471993606e-01
-6.024946008569982414e-01
-9.015212888771690913e-01
-4.263105352838960638e-01
6.653048225314300845e-01
-3.389712153934703043e-01
8.475323656469058164e-02
1.901370200209329120e-01
5.018534809387735773e-01
-4.403625915746056663e-03
-6.826426966657261897e-01
1.840354146681251191e-01
5.285479448971985850e-01
-9.802812395899789255e-01
5.051554616999336389e-01
-9.790641680900984412e-01
-1.745621668622560074e-01
-1.030795940428169410e-01
-9.504023961701546508e-01
-1.662305764074629710e-01
8.317579076969292551e-01
2.660535252427584929e-01
1.210633505160632062e-01
-8.713222011632015818e-01
5.969526520849246509e-01
1.306366593023879086e-01
-3.465030454110773483e-02
-4.726146440628931078e-01
-5.979177133860131832e-01
5.976732378950291302e-01
4.328776101599631776e-01
-1.950994151644593888e-01
-2.171355291238787899e-01
4.078285638063552376e-01
-3.915083621959809523e-01
-2.148248676586133055e-01
-6.606273530374147107e-01
-6.807316284719489019e-02
-6.206816385546227721e-01
7.046355455483206409e-01
-3.251201873652769248e-01
-5.705055830014678087e-01
5.947790402946351307e-02
-5.625710854376022585e-01
2.652471180127227157e-01
-3.753923177370109832e-01
5.686087298151398794e-01
-3.977703333249538176e-01
-3.850675547426394285e-01
6.989881799627133407e-01
-8.083537505894515807e-01
1.000000000000000000e+00
-7.697647920072914207e-01
2.136635332906426932e-01
-8.638584593644649257e-01
7.601117049015824190e-01
9.145321478771475388e-01
-2.798217215455185425e-01
-3.123808514881556420e-01
-1.174763235048197352e-01
1.062826581665758940e-01
-9.504744286121596941e-02
-9.317399689696868048e-01
-6.203705249016183698e-01
-9.943777696001796507e-01
4.558826002280387257e-01
1.570752436180212763e-01
7.163084100595096260e-02
-8.707954679910414608e-01
1.225707124225610123e-01
-5.293715023614757875e-01
-5.868905152096710598e-01
8.447222419830384688e-01
-2.729456317201466309e-01
-6.494111131771638235e-01
8.592580631782521516e-01
9.638047316852697000e-01
-3.903528379281251404e-02
5.946255174940562327e-02
1.685106328972471590e-01
-5.404559407888183120e-01
1.890307266743862513e-02
8.415662525767445556e-01
5.389831980041657200e-01
4.026570224494121497e-01
-2.413121404132363423e-01
4.076853009275404061e-01
-3.509028570431764749e-01
8.787686469451511106e-01
-3.496403485535102273e-01
7.619008132970592762e-01
-4.091548106024232023e-01
-4.005675666188714956e-01
-2.490973145595528904e-01
3.534551246194206353e-01
5.758424560475261522e-01
3.335074375565634242e-01
-4.048197741078114475e-01
