-1.719193309787971913e-01
-4.629226678765117620e-01
6.832793562449701597e-01
6.499667819314635109e-01
-9.056692446759047055e-01
-3.881568592007282881e-01
1.855490533553791344e-01
1.000000000000000000e+00
2.770874785152537267e-01
5.448126327974671668e-01
2.564028433624132575e-03
-8.312455522811303954e-01
2.329302167579291316e-01
9.181161464257541205e-01
-9.628797404220128531e-01
-8.357488661994609824e-01
-7.546866549969144522e-01
-3.237724863003659248e-01
9.463146752683682106e-01
-6.413066689728523784e-01
-1.423799277982922273e-01
9.361704282881788686e-01
8.812427478510329593e-01
7.899524458265345661e-01
-3.186751596122855412e-01
-4.180991194481382678e-01
6.790087537830342690e-01
-6.391472933946822366e-01
8.059589564717204446e-01
-4.979413332768094502e-01
-8.980749480634326876e-01
-6.312868510580840198e-01
3.204839225397984048e-01
-3.408635591327648928e-01
4.058348745915361100e-01
4.418819560475997776e-01
6.446239799131042725e-01
-6.016139310868651169e-01
-1.232984142764057545e-01
-1.853425161972824808e-01
1.913729685150695470e-01
8.355237678384119793e-01
7.303205156690342204e-01
-1.895756024639332349e-01
-8.456860341821909044e-01
6.322759854413568803e-01
2.363086711027997389e-01
-1.755238145386042170e-01
-9.971011210720563955e-01
-4.760537843542076986e-01
2.266835867425680551e-01
1.519544205616827348e-01
9.998220183601259636e-01
2.313700905030433574e-01
7.253227646637281367e-01
-8.464615329334339577e-01
9.579642437412518863e-01
-6.192601677717133324e-01
-7.145506019653964369e-01
8.735073497922596353e-01
-1.032130387206442457e-01
2.606288378756815294e-01
-4.787001238181498586e-02
5.063036609918025732e-02
-7.104720486986249028e-02
-7.170870529510270375e-01
-3.758785507401363191e-02
-9.258503319771789197e-01
2.866120648981294039e-01
3.492862228297835547e-02
1.559599593468708745e-01
-6.973965374181747556e-01
1.700434043321563671e-02
7.791971680123055410e-01
-9.416628125856791875e-01
1.397067320995393769e-01
9.146834427883201446e-01
5.712329434439575859e-01
-8.701262735800014969e-01
-7.355514521247357163e-01
-3.049786169599957297e-01
9.271035426281010183e-01
-1.536110906042678081e-01
4.206302603186090061e-01
-4.778760564793431698e-01
7.758940603229600441e-01
7.727863733395630153e-01
-6.477748874169364512e-02
4.333652256855682339e-01
-6.224445208569884258e-01
-7.793465201566684986e-02
-4.688747386934255523e-02
4.288721338148075990e-01
4.946684861485315388e-01
-6.214260434646905473e-01
4.350558169205003267e-01
-8.990948213453631155e-01
3.789155990547303787e-01
-7.641955058606675344e-02
7.264182452689698088e-01
1.199533753210363374e-01
1.404541851294651700e-01
1.287170132001390910e-01
-4.752738340162248054e-01
9.750859583194464442e-01
-6.967413451744008945e-01
-9.912411441677855262e-01
-2.942351755139429037e-01
5.764178744183313663e-01
6.595201051635123379e-01
-9.105948176369789149e-01
4.540606130065201196e-01
-9.833356071194692127e-01
9.259783038360716034e-01
4.241310322479119321e-02
2.944310900176680956e-01
2.430158724319062546e-01
3.860923268022498078e-02
6.777985544471745172e-01
-8.690521770559875847e-01
-8.435774664940507428e-01
-5.448455615548892794e-01
4.824987263896658440e-01
2.482034867238724907e-02
-7.303951777501704878e-01
7.192178479615647380e-01
-4.429808402814225943e-01
-6.063440639743600258e-01
-8.049496539198666145e-01
-1.929737381078319991e-01
-2.411798366449453279e-01
-1.735345434700641398e-01
-7.480430553930705884e-02
5.682002976287598983e-01
2.526640347798236874e-02
2.590110743162155060e-01
-8.394494899053538406e-01
8.179223497396350684e-01
-8.682409355831106623e-01
-7.636028765067925939e-01
-9.199569832251925927e-01
-4.364388932465645965e-02
9.637907720370524345e-01
-8.103302256643192258e-01
-8.391538740118373862e-01
3.822092322732777436e-01
2.598820230569416911e-01
-3.274843239856748411e-01
-6.071854190567032017e-01
1.689571758820103131e-01
2.099721212491967304e-01
4.034693040513000484e-01
-7.115535431515318532e-01
7.385027990768604500e-01
5.754159593478092027e-02
-1.227857310376452293e-01
2.250575418721274534e-01
4.688614617401711815e-01
1.665760458258673804e-01
-2.172776483780421430e-01
-5.956088231553535728e-01
1.594091972250852862e-01
3.087222279825062587e-01
4.425571056654984403e-01
-4.492260457650066319e-01
-3.788576758185341342e-01
-1.351444488325350690e-01
2.069043779077224254e-01
-3.295312987211964639e-01
-6.477151692834839380e-01
7.120494957059257946e-01
-1.000000000000000000e+00
-1.675433392131848720e-01
8.284933941595151730e-02
-2.547816424355570097e-02
-7.587691198149577598e-01
-2.475140011128165174e-01
-2.482377575157930227e-01
3.658730733049708195e-01
-9.219055929840036523e-01
7.599617168401826550e-01
5.858344938644521882e-02
6.193154276433944228e-01
-9.938941822041522656e-01
-3.554683266649503182e-01
-8.590499582316519778e-01
1.581728343058146358e-01
-8.805324831464449442e-01
2.536108590551744424e-01
6.197106906176170771e-01
4.566646399527414246e-01
-6.856908125952720923e-02
9.439976135203520524e-01
-4.377074418438209324e-01
8.813691933111944543e-01
4.568189556695076980e-01
8.252564092852867628e-01
-9.958458861068126833e-01
-3.271497350882451860e-02
-2.420483019894823506e-01
1.682850721650310799e-01
-9.666996312169056083e-01
2.260739487177131080e-01
-3.654057677909436919e-01
1.000000000000000000e+00
9.174288746375409698e-01
6.238890957723990383e-01
-1.861454917977187762e-01
4.036948952389121104e-01
-1.285592050925669638e-01
2.032412423238657007e-01
-6.408810107508993159e-01
-7.420461666812605550e-02
1.000000000000000000e+00
9.514627438112848168e-01
9.731057921892105611e-03
6.504976579582262275e-01
5.771634230067039795e-01
6.394140288072847067e-01
8.625466091732265639e-01
-4.019782955675021974e-01
5.350586240595813781e-01
4.331526821678388650e-01
-1.383047999317619237e-01
5.933073542735645134e-02
1.065591840980530947e-01
-2.746393844666414896e-01
5.772288978885877775e-01
3.885027098914421995e-01
-1.151522871710088936e-01
6.182301057774264308e-01
-7.541774291691494270e-02
-2.944969119290158366e-01
-5.759646536328564270e-01
-6.903495472019554047e-01
-8.349835976565787021e-01
-2.016072395670417960e-01
6.367217435122851654e-02
-9.599358185321005266e-02
-6.375845348993938178e-01
-1.681936492510365255e-01
4.411038194719145711e-01
9.225162255097143493e-01
-4.731370631866738119e-01
6.368981745513113690e-01
-6.141850148022485190e-01
6.598261052291820583e-01
6.399499011886056188e-01
5.903748664004995206e-01
-2.067591800178614214e-01
1.374140099455489761e-02
1.000000000000000000e+00
-1.236901325423445108e-01
6.692967840424659531e-01
-4.533687097456371440e-01
-1.876130152559309927e-01
4.088634775528320886e-01
3.303945620971986408e-01
-5.322177461738666349e-01
5.487852341269483514e-01
-1.556857049511981561e-01
4.169063987940701543e-01
4.288240311254212234e-01
5.200847980433348505e-01
-1.773172645513620971e-02
