4.596113041387984155e-01
-2.918457067114568204e-01
-9.240457432258309955e-01
-7.750148708366341177e-01
3.142744979720507037e-01
7.037903746818092721e-01
-5.816382202703335169e-03
6.717784063084276669e-01
3.718022600601593175e-01
1.597331153478692700e-01
-2.124051030975967758e-01
7.594786874614826155e-01
2.292394882413963941e-01
8.478790317305205937e-01
2.666060848031029940e-01
2.303077866896697801e-01
-4.272466666266419577e-01
1.234531177457831308e-01
-1.000000000000000000e+00
2.058079668247401739e-01
-2.557705222437307579e-01
7.827137460950946979e-01
-6.576314041518523945e-01
-3.776552206079701324e-01
-1.453487787257177200e-01
2.852112931434040988e-01
-3.252975455940925187e-01
-3.709939055788880058e-01
1.046490051473340649e-01
8.421075036425350324e-02
-2.471513119071954701e-01
-1.111057807118217833e-01
-3.914026151742300286e-03
-5.624278330484007160e-01
-6.315752679613989562e-01
-8.540197503909613408e-01
-3.277442717307304521e-01
9.599156767703455051e-01
5.262025473617208682e-02
-4.826196072174038232e-01
3.788664770385683500e-01
4.518821870170636190e-01
-1.563931904356625213e-01
-2.510194376723895449e-04
-1.475839809623893939e-01
-3.551041316074008414e-01
-1.480452774235294922e-01
2.234311436095599290e-01
-5.548924913821478011e-01
-2.242967540383313807e-01
1.643431717066207998e-01
1.760908609020922500e-02
4.084329546435757630e-01
-9.857004757604921341e-01
-1.659128859783343679e-01
-6.840177107756827413e-01
6.339531400477257383e-01
1.746093188688746523e-01
2.841658927070920271e-01
-6.959822200394479852e-01
6.485424115968960734e-01
2.771302744248064220e-01
2.868808233243034800e-01
-7.969883871239500372e-01
1.287332289321571621e-01
-5.221657435748567888e-01
-6.226127870308262313e-01
-8.757165752107244350e-01
9.986217176332236045e-01
-4.663504684755442886e-01
-4.063446497327018458e-01
-6.490848750919191168e-02
-9.495938614805109201e-02
-2.133331797574036792e-02
8.935146687614782257e-01
4.920859160344807082e-01
-1.486528046523840907e-01
7.666915167600034664e-01
-3.014034594725820693e-01
-9.409751958838930008e-01
-1.784940299042047374e-01
2.778149452601516578e-01
6.589908202599554787e-01
9.416249288561502617e-04
7.815854220372047134e-01
-9.842483757964748392e-01
3.687481740495534566e-01
-2.640822876286242904e-01
-1.213449703787574385e-01
-5.407905398481845927e-01
-1.568535589934951652e-02
-7.998668699714329700e-01
5.847762051260776417e-01
-3.489072420854608114e-01
5.260830832698406567e-01
-8.290322528630685028e-02
-1.000000000000000000e+00
-4.323322190652107988e-01
-4.085697396872870479e-01
6.078473823591464820e-01
-4.233726703412351577e-01
7.447317239354625529e-02
-6.219944135667225815e-01
-6.945935669060837592e-02
-8.111460672231508851e-02
3.077463902940528184e-01
3.093295661249298445e-02
1.448829958992409184e-01
-1.402576546653964140e-01
-2.278937875261631829e-01
5.396270231957519536e-01
-3.551265279045825313e-02
-4.478919854181867555e-01
1.444307529334839524e-01
-4.990539692537951377e-02
-2.984276807161256873e-01
-4.136625795019657770e-01
5.074464909722722350e-01
-2.756362073367050192e-01
4.643174833241983657e-01
-2.777082202461342297e-02
1.298123536467614136e-01
3.354737752490192237e-01
2.306522438914196671e-01
-6.604766296738536768e-01
-9.901044167707805099e-02
3.937248256404433100e-01
-3.948746688889089307e-01
-3.521508738464582677e-01
-3.769193736105116432e-01
7.818237124541628225e-01
-6.976878883026546574e-03
-2.532794712527604575e-01
8.240373948665883352e-01
3.263754370518416881e-01
-1.226795799363856465e-01
-5.200240643223863479e-01
-4.531415373026439486e-01
-2.565928937533761278e-01
7.569608801806230192e-01
6.668454748790141329e-01
3.558676608725186985e-01
-8.059673892822080132e-01
-6.659376751486644208e-01
6.641798235031468600e-01
4.979859461711831914e-01
-6.154809481934396809e-01
-4.236981397595300791e-01
4.679029890342907838e-01
5.402929059146414081e-01
2.898443401286474042e-01
9.865723757885821454e-01
-7.474265915298777818e-01
7.254621579439050061e-01
-5.800386288118478118e-03
-2.692629076646613218e-01
-1.678311963751936697e-01
9.931586149628798266e-01
-3.061474751635844260e-01
-1.000000000000000000e+00
6.521530000171908981e-01
3.941146710560274047e-02
3.857639672406416587e-01
7.953572005688306357e-01
-2.289514071335657652e-02
-9.371786436897485695e-01
-7.843812993204888340e-01
-5.174103156851993512e-01
8.766020087633706881e-01
4.843722652832847531e-01
1.000000000000000000e+00
-2.118561707547542139e-01
8.476218324110900149e-01
-4.220463853654861652e-01
6.705203375881807482e-01
-5.833250493179273910e-01
-3.530452469481325517e-01
-2.924452583824297403e-01
8.502859261740853825e-01
1.814610810645030659e-01
2.131252505739554826e-01
1.707320508398371961e-01
7.353057981638077001e-01
-1.492283451935452754e-01
4.883083892723873443e-01
-5.145987699518419500e-01
2.048019038347536069e-01
-5.788086921353985392e-01
-5.120027745510453698e-01
-5.496961213456472706e-01
-1.000000000000000000e+00
-4.210574666816315759e-01
8.982362187338165382e-01
-7.333481162210694349e-01
-2.686538046670940982e-01
1.041845406635800997e-01
4.022628641306160713e-01
-5.276401054932730039e-01
-3.041562218502978920e-01
9.874145927308788373e-01
8.287755339958881029e-01
6.656656582834445945e-01
4.892901414994655918e-01
-3.760743304445454127e-01
6.121330592240237234e-02
8.683753787985892814e-02
-3.065380708047884539e-01
-6.203636700588448516e-01
-1.486914227779834730e-01
1.882042406012903457e-01
5.130064906464161245e-01
2.388484691780497493e-01
-2.685474643145295826e-01
-5.749655429253635042e-01
2.779066224636575488e-01
-5.138238298174981067e-02
-5.672702685397488231e-01
3.028249789181826634e-01
6.505841964602098182e-01
5.086407072034412891e-02
-6.809465166426962313e-01
3.956065542603099949e-01
-3.871306042930091063e-01
5.479524022859347809e-01
-1.183626234218339429e-01
-1.353304189479090092e-01
-3.844831340455661661e-01
3.968385586807667842e-01
5.218947912332504435e-01
-3.925709391269844861e-01
1.767879466148244982e-02
-5.535675110333768689e-01
1.916345718947760624e-01
-4.146214153613379527e-01
7.099671075836039291e-01
-5.257366595997572389e-01
2.595150202161159991e-01
-5.291390869192520441e-01
7.264803786685469777e-01
-3.656463600150585136e-01
-2.254451616258744129e-01
-7.520631411056831750e-01
8.640765308559927860e-01
8.470183197015743737e-01
-5.768472325147008251e-01
4.768651718091154734e-01
5.580965538792779235e-01
-3.801937062162343284e-01
-2.133362081707761149e-01
3.525636779998572168e-01
8.203505935010404482e-01
-1.178162628400211409e-01
-6.664511368297533211e-01
6.853817026696604753e-01
5.669515341204118819e-01
-1.940335215226428600e-01
4.004242751110921317e-01
-2.830705483599409988e-01
6.239656897588991002e-01
-1.000000000000000000e+00
-7.355164749927973755e-01
-2.164900813530330481e-01
-5.442426421126671243e-02
2.552138038127954589e-03
-1.443695197732711710e-01
