-4.369084206249247426e-01
-3.095455956851501655e-01
-8.043205244820812450e-01
9.173559034905882925e-02
1.000000000000000000e+00
2.108180573121500867e-01
-3.187414042385778856e-01
-2.810096043635079699e-01
-7.894195979822822284e-01
4.226845842019956168e-01
-2.887527188369265474e-03
-5.573643786030423319e-01
-3.973263085117171300e-01
-6.322319824036548574e-02
1.562821846677358018e-01
3.858996625084476495e-01
9.024228592588652287e-01
-4.460256555887109897e-01
5.208238765458539365e-01
-6.961308818949155652e-01
-2.730113432696803510e-01
-6.314812440861157228e-01
-7.400665722801742508e-01
6.879867465188835851e-01
-7.451534748105581585e-02
9.417594664202977306e-01
-3.726428960187114781e-01
7.137538596178986117e-01
4.065568531964969812e-01
4.114538680197543652e-01
-6.345879008786474706e-01
-9.722522228545456002e-01
-8.760346390512663284e-01
-3.475281562451668638e-01
7.088800140995243915e-02
-2.902764743500092504e-01
-4.117510669982979987e-01
7.760332357369534306e-02
6.986921378020551909e-01
6.646220415734823694e-01
5.228587889476574713e-01
3.175383754040961293e-02
-3.401309475702457008e-01
1.527576688890277534e-01
4.156725909072209735e-01
-8.489524903603549166e-01
9.237526842250989301e-01
-4.218195459191254049e-01
3.088181516305492647e-01
-3.884381867284947831e-01
3.570128346897177840e-01
-9.204080203711062502e-01
5.744853886179457358e-01
-5.839141873029780605e-01
8.101238882023964472e-01
4.897646428569630839e-01
-1.666311316599322634e-01
-3.940936209441306959e-01
-8.459259895678306052e-01
1.472892226369512114e-01
-1.000000000000000000e+00
7.788433810825892145e-01
8.582840644844671463e-01
-7.360094375818524437e-01
4.764807036885722047e-01
2.998423147902162800e-01
6.781107057709632180e-01
-8.455665097284126297e-02
9.559906002769014144e-01
-4.354439921316857198e-01
-5.180713565599237569e-03
-3.808893338961103492e-01
2.070550380141333857e-01
6.753099860926070619e-02
4.730303109000314477e-01
6.410668013783848984e-01
-4.990162449127384381e-01
8.573599677130863683e-02
-1.000000000000000000e+00
-2.657048651569817732e-01
2.256272877069065430e-02
1.337940946216530369e-01
5.218351080921854734e-01
8.405172718946096744e-01
5.770421893291002302e-01
-9.571022383951683921e-01
-2.387548794384091178e-01
-8.773777379089753303e-02
-6.006704568620508944e-01
2.957847700592265983e-01
8.525497494501319551e-01
9.541483258431180392e-01
-5.212012368397991313e-01
-9.950418507179781269e-01
3.648354492403285132e-01
6.048923587963124238e-01
9.581186547970295120e-01
9.762447528966951005e-01
-1.953782176446077212e-01
-4.520448090393983098e-01
9.370606219234872691e-02
7.758900500388410393e-02
1.020003966690992137e-01
9.599130808430151873e-01
8.898518977595490931e-01
-1.000000000000000000e+00
-7.127144720769540420e-02
-3.628567339365664779e-01
-5.555051182196426574e-01
9.647029321770166366e-01
3.134820054341020956e-01
-8.188130553808187218e-01
-2.001839646729130506e-01
4.064840834146817294e-01
2.246760184313140174e-01
-7.530286310968374863e-01
-2.081513253243543748e-01
-7.899082882364767411e-01
6.735181679432822310e-01
-2.963507079582416992e-01
-7.360775114362942961e-01
-7.560150773201053109e-01
-9.159819773258243147e-01
-4.427480086706927498e-01
4.601557144565049384e-02
-8.060759542741324779e-01
4.531844531115367669e-01
8.766563361497509144e-01
-4.919608365795891114e-01
-5.785918606194710989e-01
-8.116902124886118397e-01
-7.061303674432966027e-01
-2.490413754192648543e-01
1.094030448922451715e-01
-3.690872004744404911e-01
4.924552348248980582e-01
2.061143076114966277e-01
-4.289997702698875037e-01
9.255157435962009238e-01
8.253676441897788152e-01
1.827755919966813636e-01
5.334358754222423560e-01
-7.664262569662874114e-01
-2.268855357979817355e-01
-5.339120410440669762e-01
-1.296500016308098913e-01
-3.243775232799381292e-02
2.759044068976046482e-02
-7.464719402648656299e-02
2.086572384352696208e-01
-8.239865806627173495e-01
-5.434802204172011209e-01
2.556669421700105138e-01
3.727309897626094326e-01
-9.608326156217841252e-01
8.383552008226984320e-01
8.345134899678359197e-01
-5.296012875825997224e-01
-5.742235571024179031e-01
-9.348892656431717629e-01
-4.626703935983389471e-02
-5.899138904875085299e-01
-9.210062658517836898e-01
3.315265835750142998e-01
5.406262920333237965e-02
2.713484762253279836e-01
-2.946529065024239280e-02
-1.855001768041766308e-01
8.114280085454881331e-01
8.940885795943676051e-01
-6.441636554363050493e-02
7.512497846852987937e-01
1.243114185807161487e-01
2.910077180171661837e-01
1.672161428104597114e-01
3.633581598182616390e-01
-2.919725183938430835e-01
-7.755517602867441074e-01
3.374504774157831566e-01
-9.081036170342717817e-01
3.200145093853450362e-01
1.106372708048338205e-01
-1.648766424641510131e-01
1.294905306471778594e-01
4.319862147981479716e-01
2.183852024691053106e-01
-8.839206727251200935e-01
5.188844131489485090e-01
5.988980891599871015e-01
4.791589207916824300e-01
-1.797385311037633659e-01
-1.229181564825562178e-01
6.116144951117030715e-01
-7.851802849363844761e-01
-1.757428855324876249e-01
5.293748527904562629e-01
-2.510824370068223121e-01
-4.106239840335885738e-01
-5.483352403449832657e-01
6.568407550963912822e-01
7.367747732034699570e-01
6.584370896783897642e-01
-7.551842914856976563e-01
3.927944058371279912e-01
3.057877534107165118e-01
6.318127227971610527e-01
-3.269334841462936403e-01
6.847351322813484131e-01
-5.772195535223390017e-02
4.552804118022946156e-02
-8.943753733684929319e-01
7.302214825831587763e-01
1.000000000000000000e+00
5.274732205641237126e-01
7.498395606038057437e-01
5.236861780545483125e-01
-2.746979518566208811e-01
1.000000000000000000e+00
-7.127419831339192324e-01
-1.000000000000000000e+00
6.579592741575117643e-01
3.186351328523848725e-01
-5.060784680455578943e-01
2.269966123639668432e-01
5.149858963193385542e-01
9.629730499435857904e-01
-4.187690125284300180e-01
7.754827042872473042e-01
9.794287342757179715e-01
-7.029405565550388424e-01
-8.487046030756091319e-01
-5.215845878005718195e-01
-7.379089825915896572e-01
7.083392631931619832e-01
-8.784002372965684646e-01
-1.504395637579005740e-01
-5.942616150263304586e-01
7.812143712232311188e-01
5.659083364579657882e-01
5.108596114522114817e-01
4.442972237793669787e-01
7.028732385340497046e-01
2.481506256378198660e-01
1.005967663348437124e-01
-2.940013415618487613e-01
-5.834022967074927735e-01
-9.378345516944106564e-01
8.860888894378908809e-01
9.196703423128396171e-01
4.060968951673795679e-01
2.370691400858015996e-01
-4.117130226445566699e-01
9.943642230182733188e-01
-5.709442659029744238e-01
3.691362056598859187e-01
-8.041385360598292120e-01
1.104378137911956603e-01
-9.137191424119986971e-01
-8.756873173215572459e-01
-1.366840842458105776e-01
8.303645254811294896e-01
-6.130053688759824482e-01
6.621019181876846016e-01
7.942757794509034408e-01
-5.357761568654271223e-01
