3.136386661729972936e-01
-8.135004760558355308e-01
2.750445160329792471e-02
-1.195054843528352562e-01
1.974177606621351222e-01
2.069159385364313930e-01
2.303454541356251273e-01
1.763344734708423012e-01
-4.760715577950588862e-01
-6.311208907051539807e-01
-1.000000000000000000e+00
-4.256829837912829428e-01
-8.748935599418687925e-01
5.883854421476242269e-01
-4.376317231668149788e-01
1.921079496565739619e-01
6.336757673437960481e-01
-4.552042278348324977e-01
-1.892111912817562858e-01
-2.402039983553455049e-01
3.111979652567536947e-01
-2.321377570470938290e-01
2.096185128595811908e-01
-5.541220145577061551e-01
6.495604122105098632e-01
-3.846840832335976512e-02
-1.066810186372632585e-01
5.241417920493478544e-01
-5.594741206858001581e-01
5.138275776006360207e-01
-5.638926864271434081e-01
-6.436111817541713132e-01
-6.652230464285899814e-01
-9.571242074982819759e-01
5.647902745168476013e-01
-1.727174907146294125e-01
7.239795066678325064e-01
1.000000000000000000e+00
-1.803570369856486444e-01
8.259742682386945756e-01
-5.111400068470718372e-01
-7.755706867494351897e-01
-2.658870939462492089e-01
3.773868156412414909e-01
-4.920392121566168342e-01
9.197534101812813168e-01
-1.428510786048478864e-01
-8.941063537408853179e-01
-4.784492996919317287e-01
-5.779359611872119107e-01
-9.522991761802046540e-02
2.858694886252474143e-01
1.335653097431322225e-02
1.805666251723818672e-01
2.721640315170307245e-01
-6.925094741853206060e-01
-6.527201805025271975e-02
-8.308771377156682902e-01
6.496218577704729324e-03
1.379407273353155661e-01
-7.092943844482973992e-01
-6.921542181993902698e-01
5.789009992273275174e-01
-3.631638841883979008e-01
-7.658163708977638873e-01
5.926312701498648305e-01
-6.982265327253733833e-01
-4.742206741002115145e-01
-3.653957703237654675e-01
5.523363661683714509e-01
-2.540805556806094989e-01
8.575384821231198940e-01
-2.176375040888743062e-01
7.832590331102298187e-01
8.636167704318443716e-01
5.862906189678782631e-01
1.114288031406235058e-01
-9.624695740723505644e-01
6.475146165235954321e-01
-7.565507749920178382e-01
4.009906895350118794e-01
-8.577864305642556031e-02
-4.414493829527514901e-01
3.596261822947734998e-01
1.000000000000000000e+00
-1.584928180010372056e-01
-1.726771566029744465e-01
-5.012109531859394451e-01
-4.917698003947781338e-01
1.426281314056799532e-01
4.648033256790555789e-01
-4.621766790989081386e-01
4.437479481700341566e-01
-3.993414250977947999e-01
2.821558323501367482e-01
4.229861433028967582e-02
8.518250822928373767e-01
4.359854267262904814e-01
-4.621833374239456838e-01
1.000000000000000000e+00
6.518029838085236394e-01
-3.090297122927526119e-01
2.946416584305382447e-01
4.962629235519264714e-01
3.971778421122807434e-01
-6.235019833373884879e-01
-3.274910091853826533e-01
9.762980513300878460e-01
-9.056837636884402798e-01
-4.316282961245960781e-01
-6.377603245576799473e-01
-4.039875799246611665e-01
1.754113852591736300e-01
-7.043666115031310682e-01
5.922889523281419377e-01
8.580349942168200572e-01
1.515039288167948361e-01
8.445668269186494825e-01
-5.581862440419651517e-01
3.343346321660897180e-01
-4.685130731546541805e-01
-8.236567520176337753e-01
-2.125181618967798003e-01
-1.443246304120878731e-01
-9.625388915727457473e-01
6.561086548623326631e-02
4.353598965124487741e-01
3.521983354663977828e-01
7.663629536234617401e-03
8.776225379876290145e-02
-8.946148380594460825e-01
4.108956909548877601e-03
-5.815222360832837944e-01
-7.171535537106342728e-01
3.391037321891056111e-01
-5.806562271302697642e-01
-1.877312782562591265e-01
7.741865066377910942e-01
-1.000000000000000000e+00
1.757390090273873717e-01
1.992911508464017267e-01
2.734621636080285523e-01
-7.452876053976154047e-01
2.883707216251044092e-01
4.282843021489385893e-01
2.312938070253222067e-01
-3.983808974256684565e-01
-4.099024771006858914e-01
6.248782616874795637e-02
8.413047283788146480e-01
-3.516843301532739385e-01
-3.971327032128324497e-01
2.719876359157626378e-01
2.733223423026609478e-01
-5.378287924530921194e-01
-2.444657137386975765e-01
2.757462925835162948e-01
-4.370075894185468934e-01
-5.871060100287973649e-01
-7.799638401620200279e-01
-6.087680254603263785e-01
-1.980059795352903662e-01
-5.511869054412333879e-01
-3.920573735044571850e-02
-7.394424565185564457e-01
-8.320492549775183599e-01
5.006557529048789590e-01
-3.439738929565858139e-02
1.611106148255066484e-01
-9.052095046854133353e-02
-4.387578110244501062e-01
-8.415437480731375874e-01
-8.759395298064922564e-01
2.441582545751386502e-01
6.764618731177205468e-01
-8.106530042100998368e-02
-1.375146989086681870e-01
-8.655669275923513206e-01
4.975038564258530416e-01
3.115135812402035631e-01
-4.013488409164071846e-02
8.003792166927585772e-01
9.363260666563988366e-02
-5.241929728555905221e-01
2.438816088291234918e-01
5.159594027668668037e-01
-6.252466043186410971e-03
7.049616612088074330e-01
-7.273670477116599420e-01
6.964373771486153109e-01
3.127842395963169597e-01
3.223266231198669285e-01
-1.000000000000000000e+00
5.521337537489483527e-01
-3.331145756928869384e-01
-8.950336715659042153e-02
1.000000000000000000e+00
3.648003075431425768e-01
4.301795005367512470e-01
4.084421861797917774e-01
-1.171083976820732064e-01
5.049554713212647261e-01
1.284288845623720032e-01
-1.000000000000000000e+00
-1.223750477686952887e-01
6.042265612361894522e-01
8.277215119429550683e-01
1.135373881351767061e-01
1.467155443890914013e-01
3.406254519181806106e-02
-1.000000000000000000e+00
3.837386384213454238e-01
1.373917071322083294e-01
-2.906603940916291928e-01
-2.280388904495170566e-01
9.521710567733246977e-01
9.994620838437337507e-02
1.000000000000000000e+00
1.000000000000000000e+00
-1.816249471487579314e-01
1.000000000000000000e+00
6.758774045947951725e-01
-3.939039239201633791e-01
-7.245461499326842636e-02
-3.338965720136000126e-01
5.570693745442697464e-01
1.000000000000000000e+00
-2.047658697740585843e-01
7.732955930651810306e-01
4.709648422787791611e-01
4.887220058944416468e-01
5.065870921451881559e-01
3.558321959977867044e-01
-3.188635384585037369e-01
2.988623979085540672e-01
-6.542711019669950057e-01
-2.102257014527153245e-01
-6.605198324385047615e-01
5.694410222077083139e-01
7.349830136459313268e-01
-8.585926479789178778e-01
-9.113036814339983138e-01
1.749654262294053908e-01
-5.700632963810290388e-01
4.020801700956826430e-01
3.830030345036504746e-01
5.868030513721496089e-01
1.000000000000000000e+00
8.447091737006274803e-01
-1.520761747842439560e-01
-9.521530277473648773e-01
4.400049249996952905e-01
5.415647444227413843e-01
9.286721207229925446e-02
-3.445000885280888325e-02
7.441117502082736923e-01
5.096866500478173245e-01
-3.902999080790937603e-01
-1.447108149689415035e-01
-7.857101887872749435e-01
9.090366013158311942e-01
-9.507015874896825869e-01
3.392933265894227945e-01
-4.209779973183583879e-01
3.866955175394969357e-01
