-4.902221015434377605e-01
-2.328709222428538839e-01
9.478735424616793193e-01
-9.054203013247419385e-02
2.723891084801246532e-01
1.204817488278262516e-01
-8.958583625929050775e-01
-5.339716385809643029e-01
2.553978993293366528e-01
1.573698164003682620e-01
-1.000000000000000000e+00
-1.542032078166029052e-01
2.755626304042724239e-01
-9.556592758014927913e-01
-9.422763642839504517e-01
9.378203540158633889e-01
-1.000000000000000000e+00
-3.230089309317680790e-01
3.378753203560928842e-02
-9.994090432800551982e-01
6.426090955623908751e-01
3.159448540157062113e-01
4.832135880374239800e-01
5.307975509315789875e-01
9.797975516276591357e-02
-2.006851631813804104e-01
9.327971259432050743e-01
1.000000000000000000e+00
2.299218066115521486e-01
-9.535137276222575009e-01
-5.656817496121469002e-01
-1.862474234340623092e-01
8.825464659474964169e-01
-4.781586707398322034e-01
-3.954807289227954548e-01
-5.765752496404414895e-01
-8.657381188996993160e-01
-1.243995126972874399e-01
-7.537399738576853192e-01
1.185444935901183161e-01
8.042447856784631366e-01
8.807047971582593338e-01
-8.547003941734554466e-01
9.549647362314994670e-01
-2.310823419759231445e-01
-4.292051185553202863e-02
9.442973138569095148e-01
-4.633106664423303767e-01
-1.573345961452465858e-02
-6.337542625327285961e-02
8.035240999333304046e-01
-3.662836375368927477e-02
3.032543851229374532e-02
4.288709846919775970e-01
2.615955812233790034e-01
1.900096991140394487e-01
5.414420300182976042e-02
-5.242558031972396337e-01
-8.180537751019515413e-01
-8.676064581355331651e-01
-9.058537921569470575e-01
-7.926622898431439079e-01
-6.518226724471603006e-01
-4.640484281605714578e-01
-6.580728888929008313e-01
2.963946528396432800e-01
3.934073687492898319e-01
9.027930235678069959e-01
-1.356401885994356071e-01
-3.312005300750550107e-01
6.210711025596011847e-01
4.608208644510725649e-01
-4.955533791879995764e-01
1.000000000000000000e+00
-3.587942083324786591e-01
-2.635644955336822193e-01
4.386515605768765980e-01
9.549638725175653153e-01
-4.895983023118137822e-01
9.931965980429628971e-01
-8.665735572805746134e-01
2.724681699429785109e-01
6.448805060753424190e-01
-8.942306910138173581e-01
1.437366339904037615e-01
-9.398402181162160973e-01
-7.669284678758068186e-01
7.835673351879155479e-01
6.707047474191916159e-01
-3.519831017721684052e-01
-7.205809806296485931e-01
7.623641067522735071e-02
1.000000000000000000e+00
-1.524808149989049788e-01
1.524513931434389458e-01
-3.458435251740733518e-01
1.864516286896802377e-01
-1.078051514202584826e-01
-2.672001432682263311e-01
8.453064592485997064e-01
-5.307193767689523112e-01
-3.111181689870865519e-01
-4.890683527296366684e-01
-1.000000000000000000e+00
6.674811157299136433e-01
-6.912434688547575146e-01
4.607369861962935520e-01
-4.527140025601129047e-01
4.249917690531832548e-01
-4.726958436361929916e-01
8.112197283540847348e-01
2.915934000586982155e-01
-5.045860110987518965e-01
-6.898421774627168102e-01
-9.378824639818150732e-01
-1.273154134644023383e-01
1.128175334432129917e-02
4.361644680071072866e-01
3.190214038589528345e-01
-7.009966740837187960e-01
2.975635806939789241e-01
3.604478723079581615e-01
-5.911322166236576692e-04
9.188388840530259394e-02
2.124327365238045662e-01
-5.557851080079310169e-01
5.074825417894746060e-02
4.166509248459364656e-01
8.350167779159813897e-01
7.432558778317472914e-01
6.749388821935482508e-01
-7.769843537165265213e-01
8.782809825372850376e-01
7.955047294501773614e-01
-3.966401715002532136e-01
1.834977817480631934e-02
8.158968569685731698e-01
2.045109314942208378e-01
4.164195660167802071e-02
-3.938697831350810308e-01
2.326232833498089736e-01
-9.752081685827267421e-01
-5.564198286456911724e-02
-7.334302496875071409e-01
8.377156562787355654e-01
1.996590253409461502e-01
-6.179984045463700060e-01
7.051012211234621851e-01
-1.434520868906641322e-01
-8.296709020148615998e-01
6.501387974325929520e-01
9.453758003396641740e-01
1.717048412022589843e-01
4.608834257525222244e-01
1.418402886164324972e-01
-3.377026486547904938e-01
-7.811683099564068478e-01
-4.837298639438198933e-01
7.344240894216000903e-01
3.266480080640594696e-01
-4.402161663319875684e-01
7.002174757229528979e-03
-7.233783007446079605e-01
1.000000000000000000e+00
-1.000000000000000000e+00
-2.463411688631169660e-01
-1.536050721317213097e-01
4.739127502326492269e-01
-8.420036169300491036e-01
5.774668833205225393e-01
-7.647548908523167377e-01
3.706288147922141007e-01
-6.759288427588501236e-01
-4.594928087510472547e-01
-9.522600371133151942e-01
9.589097630674829897e-01
-4.471290239564271740e-01
-6.960434009360259022e-01
-7.708593876842393389e-01
4.276748676276878047e-01
-6.932915093256880601e-01
1.258502035581510192e-02
-4.069416549121657178e-01
2.540710200962683629e-01
-7.297777014659612149e-03
-3.342393446970099991e-01
3.822967671092996067e-01
1.000000000000000000e+00
5.685124916609640700e-02
6.936411510269226977e-01
-3.433384986924324922e-01
3.974599555887334823e-01
2.932938034197762889e-01
-7.720209400079999229e-01
-6.171579663852022613e-02
1.692606345849706484e-02
6.569770458101269472e-01
-6.135996736677218344e-02
5.211237516140652115e-01
8.369068927824432347e-01
8.528311682889051504e-01
9.472182686209101865e-01
-1.527367462196373982e-01
-4.123297050150790954e-01
7.659101213349603920e-01
6.064104380370790581e-01
2.680065430902019430e-01
-2.222759069629750006e-01
-5.082738225046490310e-01
-3.172689777296964220e-01
4.252126908406279604e-01
5.740928763940200685e-01
-2.840445283113053332e-01
-4.166530646266299875e-01
-4.180284837912395801e-01
-8.499122414436832695e-01
-2.799068304950680375e-01
4.891544010061310566e-01
-1.048413181698659713e-01
5.119702718624230542e-01
-6.017866998625787112e-01
4.876944147829564979e-01
2.173152357108301125e-01
9.419448495122366705e-01
-6.937519174224588969e-01
2.662690089009826511e-01
-6.094815798191586254e-01
-7.371117468090393476e-01
3.769114902882271245e-01
-3.396334929448252549e-01
-1.910385506064034566e-01
7.707246974961574626e-01
-7.890730746751588587e-01
-4.617525550439869342e-01
-5.170263566790045395e-01
-4.462724332551039064e-01
3.419576558454426873e-01
-7.375600200227274694e-01
7.464397270795062322e-01
7.517556776698871568e-01
3.374900887133678307e-01
4.341912475902341972e-01
-8.085722347602872784e-01
-1.661160347917835789e-01
3.492053956784141322e-02
-1.922077416660824822e-01
-6.632459785533605379e-01
4.905071163741279161e-01
4.002802722948578529e-01
5.720166319789445897e-01
3.869294709806616606e-01
-1.436426326059774272e-01
-5.318126269551333163e-01
-8.155670213657506551e-02
3.633416299519872661e-01
3.254356799798854283e-01
-6.032160616342598924e-01
3.279177827874312223e-01
3.333784137209017118e-01
-5.013027836959438321e-01
-7.461776710815599678e-01
7.616470860151216549e-01
1.035378509668479496e-01
-3.862683215595563713e-02
-4.753464614907889629e-01
