-5.521268536741444910e-01
-7.259170941879440342e-01
6.426012588639233858e-01
3.091501445123804315e-01
3.606894358719853755e-01
-7.090839012305548694e-01
1.761514986055548460e-01
-5.331488353812117997e-02
-1.000000000000000000e+00
5.067716706001619276e-01
8.179775886859870226e-01
6.140877302963483331e-01
-5.629995679649439921e-01
7.994316724090878568e-01
2.924398795306368815e-01
-7.801292428969028858e-01
-1.000000000000000000e+00
-7.222468991263095717e-01
5.680275358699007349e-01
-3.016043120736764394e-01
6.272889063771083240e-01
7.674762557950560726e-01
-6.660779922410714482e-02
4.777246319468938518e-01
-3.355663680334204368e-01
-1.957388079111139767e-01
-5.546515958992169759e-01
-7.234107967037355369e-01
-2.605989526997863903e-01
8.857936305811406896e-01
-2.824503773278486118e-01
-9.114440178259197722e-01
1.000000000000000000e+00
-8.245664928852457498e-01
-6.699995266290807994e-01
1.364166721427795270e-01
-7.437626182297901734e-02
1.000000000000000000e+00
-3.172904961092803955e-01
5.747215196193864450e-01
2.577737900597452114e-01
4.053733049977501501e-01
-1.677131479711269080e-02
5.429587232460995061e-01
1.897586519412208794e-02
1.212931686317675339e-01
-2.296344322792360504e-01
3.687657900673032563e-01
8.578692364287043848e-01
-3.715084432867130637e-01
1.000000000000000000e+00
4.841628201066389137e-01
-1.989874961971322409e-01
-7.003105704512471164e-01
3.458858194438705347e-01
-1.000000000000000000e+00
1.000000000000000000e+00
-1.633269797921776956e-01
-9.447571338272686692e-01
-6.705543431332361415e-02
9.473761516424794582e-01
2.229215484151856330e-01
2.162356740005761946e-01
-9.347660294656326974e-01
2.498656542883477272e-01
7.373201342881401388e-01
2.125864456499138022e-01
8.478423649773214610e-01
-1.000000000000000000e+00
-7.376573559332055829e-02
9.352904380789812677e-01
1.000000000000000000e+00
1.056859093272826122e-01
-1.000000000000000000e+00
-1.000000000000000000e+00
3.844043258662463991e-01
9.306404573554636350e-01
-1.000000000000000000e+00
-3.659133387842453677e-01
-2.203870797246225699e-01
1.190879296345288552e-01
-5.899909299150696285e-01
-1.000000000000000000e+00
1.000000000000000000e+00
-1.000000000000000000e+00
-7.516962883330476908e-01
1.000000000000000000e+00
5.867070599210844062e-01
-2.346404908157212477e-01
-8.192260614406060570e-01
2.460468897549197287e-01
2.748304534539780519e-02
9.284056573136201251e-02
-2.659196692280715868e-01
-9.031468042696826348e-01
-9.288943592910352542e-01
-1.268599941137822373e-01
3.119757396391034665e-01
-6.215782814983124016e-01
-3.882885697198179553e-01
-7.840431549767826747e-01
5.506484293971893873e-01
-6.265279429192563976e-01
-2.126331356797520611e-01
-1.056424426157492741e-01
-4.396125662447107896e-01
8.106135560537868212e-01
-3.236347971521822409e-01
2.971931110060580528e-01
8.830593414173715239e-01
3.273636879423613699e-01
1.000000000000000000e+00
1.000000000000000000e+00
-2.630314332823890933e-02
1.512760840901257176e-01
-4.944429226017516554e-01
6.342879507418328622e-01
-5.311443398876832811e-01
-1.000000000000000000e+00
-2.326389229998286901e-01
9.377749572167567438e-01
-4.504922118672075593e-01
-6.307139471285554411e-01
-6.002056227797214483e-02
-9.070303785085073178e-01
9.697234199524402687e-01
4.944576631805840949e-01
1.455502726078865550e-01
7.376291897443478796e-01
7.350904573214098736e-01
-4.746428915724940772e-02
-3.610193217317906322e-01
-3.128054169017491226e-02
-9.181321471669734446e-01
-1.012297943172324466e-02
6.124592337101800732e-01
-2.121293031863691336e-01
-9.050380486275546588e-01
-1.506758035716391775e-01
1.000000000000000000e+00
2.464939678250124278e-01
8.110446854029295105e-01
-7.586303843195543184e-01
-9.405760811395418308e-01
-6.583300044229701831e-01
-7.253736615362162965e-01
-5.107142205415292624e-01
5.286267128288897332e-01
-1.000000000000000000e+00
-6.971067592197059959e-01
-2.495876081535142177e-02
-7.902589270598869842e-01
-6.349134620141996255e-01
-1.299196916069020880e-01
-1.595945074083435777e-01
2.127170434905643059e-01
5.612989887981261194e-01
1.000000000000000000e+00
-9.915712257164291943e-01
-2.676791226880412822e-01
-2.423561148222746209e-01
-1.000000000000000000e+00
6.517286176229204475e-01
-1.000000000000000000e+00
1.328314413876523492e-01
2.224903508932269958e-01
-3.402302027523867456e-01
9.491557511218173815e-02
5.967213199997477568e-01
9.262644896101024372e-02
1.000000000000000000e+00
1.000000000000000000e+00
9.184334044273176900e-01
8.906934200752774089e-01
-6.023833722450685491e-01
-2.790080656867368614e-01
6.438344987713483514e-01
1.174708602171261607e-01
9.761001787030407773e-01
4.148357014983214408e-01
-5.749544446314527324e-01
8.226403046615822223e-01
1.331526127749356192e-01
-4.383514040092950648e-01
4.701442891734066709e-01
1.000000000000000000e+00
6.407818447177597854e-01
-6.551341620192028259e-01
1.544336878467782448e-01
-7.470923137774503342e-01
-3.497454866124694028e-02
5.019743983241116148e-01
-2.894589081016429866e-01
5.026514003589965807e-01
1.000000000000000000e+00
7.223464653371605149e-01
-5.660991304087057419e-01
-7.626469082250664222e-02
-1.000000000000000000e+00
-1.748775693838300338e-01
-6.393603361132395024e-01
8.270864839522735767e-01
3.021970076828672802e-01
1.000000000000000000e+00
3.668097601588671264e-01
-7.190346298605179154e-01
-7.739196102878830308e-01
-1.937091961889608194e-01
-2.195521895616709962e-01
7.317485314360139270e-01
-6.315935939101858798e-01
-4.759134823843691464e-01
9.074740519918169657e-01
1.000000000000000000e+00
-6.465387854912785226e-01
-7.820816628396707326e-01
-7.899779780591196232e-01
3.321614007734317586e-01
-2.247416996990352356e-01
-2.442509906133971676e-02
4.149350974938779135e-01
5.094082442532077426e-01
-8.289064960763858902e-01
8.721968630575300807e-01
5.979135265316108949e-01
2.126188073173596038e-01
-9.122124676084131245e-01
1.000000000000000000e+00
6.639194990834320631e-01
7.897896772465995419e-01
-1.132463260972350616e-01
-8.629269934636327744e-01
2.613554292100905840e-01
2.995821366077749959e-01
-9.403664634745478867e-01
-3.123750666225255657e-02
-1.000000000000000000e+00
-6.256343581868879511e-01
1.959308716395931071e-01
-7.060059806827856388e-01
5.715554013303602021e-01
-2.610662627514779288e-01
-1.000000000000000000e+00
3.627295592957440196e-01
-6.933865302504096384e-01
-1.000000000000000000e+00
6.043923759419145281e-01
-1.225904480760947601e-02
-8.936928027713335609e-01
9.447983920699423166e-01
3.785694062454842967e-01
-4.684638831144579130e-01
5.666170869744322491e-01
3.438609111097169491e-01
5.875062741170533620e-01
-9.017937025529734196e-01
-2.422673916350056855e-01
9.869399036164419048e-01
1.000000000000000000e+00
5.584688198270957304e-01
2.545386268381066852e-01
5.436903010328071328e-01
-9.946483879781087278e-01
-2.411598603955567022e-02
-9.543506841242122007e-01
