1.000000000000000000e+00
7.863111319031533819e-01
-3.088418456287288505e-01
-2.296814220217857083e-01
-9.053275440882984082e-01
9.275943339706365087e-01
1.000000000000000000e+00
6.386154858722736805e-02
-3.745703962968603973e-01
-5.183106850580507796e-01
2.059759495772972571e-02
7.098588127401201930e-01
-1.000000000000000000e+00
-1.900554077535832054e-01
1.551533561295478370e-01
5.634463426496660876e-01
1.036072407916771576e-01
3.040632851190314678e-01
2.649092570925982160e-01
-2.739693858058258602e-01
8.470781720662485803e-01
5.545210051954103658e-01
-6.117456538960960311e-01
2.583949230767717403e-02
4.562140581230829106e-01
-8.380350342171014599e-01
8.812923152635099289e-01
3.598932800095373530e-01
1.000000000000000000e+00
-7.723797972649119048e-01
-8.791493409358195343e-01
6.877641123351558861e-01
-3.711391743485759065e-02
-3.454121068461231125e-01
-8.680526982702807537e-01
-4.206119351981040255e-01
1.201267706799190038e-01
-1.000000000000000000e+00
3.490594838865346272e-01
2.395762712448552545e-01
9.467485493898952775e-01
-8.467115618852211201e-01
6.088465134313336691e-01
-4.345656919155184150e-01
-5.855510652003227401e-01
-5.612409998824426927e-01
9.657853921624952598e-01
1.343130635161598196e-01
-7.895130420044282893e-02
-1.000000000000000000e+00
-4.735195807077730024e-01
-8.338623503797830683e-01
9.425557424632510228e-01
1.000000000000000000e+00
5.598660772082235670e-01
-3.088953945337744589e-01
4.513355506096661252e-01
5.806196037261712739e-02
-8.548434828545741215e-01
-7.139702856324139368e-01
4.374455483842203396e-01
-4.754243082837472101e-01
-5.497618039099116949e-02
-5.446006077770293441e-02
-2.196149014119384013e-01
9.199795591035313524e-01
5.431742844746516585e-01
-3.142686548218935894e-01
-8.748104541450965055e-01
-1.120448848103643424e-01
3.011881675493216504e-01
4.992054279298613895e-01
2.779139238502474907e-01
-6.861909032718429557e-01
7.467890899078388767e-01
-1.000000000000000000e+00
-9.082902331437503474e-01
-6.910755825653001061e-01
1.000000000000000000e+00
-1.761737466172057509e-01
-1.715201037081598157e-01
4.880906885372613413e-01
-9.244748499560199173e-01
1.421231853000803902e-02
6.493837343385793215e-01
-4.315605140487401847e-01
-2.751027709762646767e-01
1.566628782968872979e-01
5.670403399514429843e-01
1.320369474119731379e-03
-3.368500105510889853e-01
-1.211539002623985839e-01
-8.842825855722322714e-01
-7.265438509391898281e-01
-1.000000000000000000e+00
9.364902534876251572e-02
5.599037335039509511e-01
1.000000000000000000e+00
-1.000000000000000000e+00
-5.435280745770900701e-01
4.506929878855918670e-01
-9.979641073158957987e-01
2.913500404882363171e-02
3.327417247163835246e-01
1.000000000000000000e+00
9.064916814397832034e-01
-1.000000000000000000e+00
6.957340788612544902e-01
-5.557562044436643589e-01
4.596278203081234359e-01
1.064774974999629364e-01
-6.101378589142938402e-01
-4.980471103231942642e-01
-6.257315330036048451e-01
-1.370993674759257708e-01
4.378518539733677883e-01
-1.000000000000000000e+00
-5.435975504012389159e-01
-1.093336715604748682e-01
2.756282909881659915e-01
-4.112366390134206684e-01
7.507065062579778569e-01
9.718924333379310720e-01
-2.206452505473177617e-01
-9.559759651989166995e-01
-7.766952756449250206e-01
6.415455750105688582e-01
-4.375018504531931196e-01
5.105539200067139571e-01
1.000000000000000000e+00
-6.603294498397975776e-01
-3.102159849745411702e-02
-1.000000000000000000e+00
8.406036079108563097e-01
-9.060333273933762754e-01
7.882534022290776932e-03
-3.037565676090815958e-01
4.421849614922190863e-01
-5.302539882157049078e-01
-3.796218343837005627e-01
-1.000000000000000000e+00
4.993031153624905016e-02
3.062210191893566247e-02
3.013199239745409930e-01
-8.635173852109547799e-01
1.000000000000000000e+00
4.535418435392239989e-01
5.219713487626684856e-01
-1.000000000000000000e+00
9.802567684224230415e-01
-3.890604994349033952e-01
-3.347749234446747435e-01
5.873148648722315013e-01
8.228908470190670066e-01
-1.000000000000000000e+00
5.679295623731819287e-01
1.428999807420061607e-01
1.839208167065976562e-01
6.167826555795263843e-01
2.256333688986633668e-01
2.886750294383964022e-01
1.000000000000000000e+00
8.512775410112358720e-01
-6.010147771221723279e-01
8.450639089552591798e-02
4.705482789973125524e-01
4.321663426900493321e-01
-8.017609492932125104e-01
-6.924281404292514930e-01
5.094509737231978086e-01
-3.210946396797565577e-02
-6.739605987616812399e-01
-1.588434462038291750e-01
7.227718662477762290e-01
-6.896321684230455329e-01
-3.772768489501981959e-01
-4.072281798110131135e-01
1.000000000000000000e+00
-5.679267497019695465e-01
-7.820761395708575314e-01
2.791173335799457256e-02
-2.987926135689840113e-01
6.270229799882942601e-01
-4.719996287158736425e-01
3.546752832732186778e-01
7.249324727799999479e-01
3.792028611456350617e-01
7.404556413111464952e-01
-8.100787476179656110e-01
-6.060959717027825100e-01
1.000000000000000000e+00
7.254257000785170328e-01
8.107253422415112709e-01
1.930768481451003993e-01
-4.623270033003403778e-01
-1.453429961978544016e-01
-2.129902870901878020e-01
-7.427357868083150905e-02
9.959498748400648083e-01
5.138748955612917335e-01
1.000000000000000000e+00
-1.000000000000000000e+00
8.017176809452759567e-01
-1.000000000000000000e+00
8.358085657191902662e-01
2.616816501440020204e-01
-2.073385003848358110e-01
3.465008500149938109e-01
-1.159542106572319931e-02
9.451050424032325648e-01
1.000000000000000000e+00
-7.534698573289588808e-01
1.743517465074293504e-01
5.050422432399931383e-01
9.760349765497808860e-01
-2.700135016047502390e-01
1.000000000000000000e+00
-4.504663721324406178e-01
8.259819482767150056e-01
-1.984315240842193795e-01
-3.261808980206293285e-01
-5.038684008239621703e-02
2.119661002565531582e-02
2.527918420972272706e-01
-9.811220303811607479e-01
-8.247027105920335943e-01
-6.267385610827760356e-01
1.518097088349563972e-01
9.834743789554067916e-01
-1.000000000000000000e+00
-3.228492809732209645e-01
4.160879256063654275e-02
-5.061349097607440450e-01
-6.366705792240858752e-01
4.334623002638251510e-01
-6.925545330794032062e-02
6.777284773120106909e-02
6.615647308849936792e-02
-1.000000000000000000e+00
-8.709705275081958131e-01
-6.948147908223523128e-01
-8.078602215747101578e-01
1.000000000000000000e+00
8.899607543158019052e-01
8.945973427751405804e-01
-8.727736140246207253e-01
-8.316409564611066951e-01
2.641921017218974987e-01
5.753653794319220083e-01
-4.469359233241432250e-01
4.318962256680423106e-01
-2.266358220076802876e-02
5.852042009652755894e-01
-2.213170867178372581e-02
-1.696632955848921265e-01
3.833610479592901576e-01
7.004894695309953345e-01
4.927751291933484823e-01
1.000000000000000000e+00
1.562255271318598870e-01
4.531241416193791949e-01
-9.854693513684000816e-01
5.208407941945598640e-01
1.454520695463539237e-01
7.098255279080158964e-01
