1.168075172752120194e-01
1.484934012087091304e-02
4.656887436477901154e-01
-4.961184193592296232e-01
4.925373431547328540e-01
-4.507419040236502195e-01
-6.390797071005783758e-01
-5.418973118101972908e-01
6.558573288907261212e-01
4.109201724287228075e-01
-8.265794073318195601e-01
2.919574302612917283e-01
-5.991064741520688575e-01
4.405137725899903045e-01
-8.513807962433053156e-01
9.303003656996411408e-02
3.231683800227602710e-01
-1.660986603847780518e-01
-1.502663916575710523e-01
-2.603894657257928014e-01
-7.384887692318666819e-01
3.004909749614514958e-01
3.959424226177519213e-01
6.972954538897431220e-01
-2.031155688762438238e-01
-9.881508793763611465e-01
-9.959896045017677668e-01
5.679775485625173648e-01
-1.292075260216765109e-01
-7.837766384790119112e-01
-1.021166239170684525e-01
-9.132430090328147454e-01
-5.899310620227945501e-01
-3.606540083966813803e-01
-8.214312200135226449e-01
-9.717347408926779728e-02
5.121888107373764321e-01
-2.637559796279131952e-02
-4.300497466415622583e-01
7.642871657372807270e-01
9.563851746576024215e-01
-7.464630554795494977e-01
5.812474380004539753e-01
-5.100763569075738024e-01
-1.586370149221825177e-01
2.407279396827064488e-01
9.076130555254398047e-01
-7.281695987461576092e-01
6.004124542476934057e-01
3.797597175588707241e-01
-2.735243895431447858e-01
3.732303980762721185e-01
5.771235980628153239e-01
2.899589938096083230e-01
4.134967498815993181e-02
7.840289902883699202e-01
9.339224746274883415e-01
5.852286754089486287e-02
3.503999314698158507e-01
5.552495043977716538e-01
9.457299838111334900e-01
2.393473906644365545e-01
1.000000000000000000e+00
1.087255485343636696e-01
4.124912985744615401e-01
-6.715513170428770717e-01
-4.720533321844226360e-01
-4.332492241267698052e-01
2.555841337707902561e-01
9.650154953647382960e-01
1.000000000000000000e+00
7.569911880369986079e-01
5.307010774259215413e-01
-4.195457204699781784e-01
-2.379448214255246441e-01
-7.259175605657088859e-01
-7.952766868965102098e-01
-9.120159424310563256e-01
-7.439783885401844987e-01
-5.614291477010646680e-01
-9.885799647872723916e-01
5.308101501873130346e-01
7.253003145662080264e-01
2.522827306831465499e-01
7.644489232485274233e-01
-6.066866657509839555e-02
-1.880705286923645136e-02
-5.531912456958387736e-01
6.318592135713778646e-01
-4.987102179413864800e-01
1.000000000000000000e+00
7.241493361007225182e-01
-8.275656549794134786e-01
-3.677507459010265212e-01
6.182368290199804495e-01
-1.738924911268877604e-01
3.849475337894461280e-01
-4.722426444239313792e-02
4.402977266489833674e-01
-2.649846686302521626e-01
-1.278984124666593669e-01
-1.288742864255159049e-01
3.975310948633106189e-01
1.371056715794738423e-02
-4.252280278548726256e-01
-3.299466731855715818e-01
-5.346054741761294693e-01
3.520633998980366997e-01
9.902458993659231101e-01
5.500317381035177977e-01
-9.136846478839846242e-01
4.076826874728294303e-01
8.514007772421015030e-01
4.622414389510771660e-01
-7.351811522368902896e-01
1.032510482316146283e-01
3.666780270517253637e-01
-7.517602121760045275e-01
4.798729047527190428e-01
1.000000000000000000e+00
8.735437566672670240e-01
-9.637192848400648604e-01
-3.603898802244098754e-01
7.319347749584185214e-01
-1.000000000000000000e+00
-4.108384275443333067e-02
1.286164425251890009e-01
-4.707024047336680894e-01
-2.457043310109998657e-01
-1.701166627744818971e-01
-1.509124243294579504e-01
1.830948280842789044e-01
3.775180442724388463e-01
-9.166024666909737828e-01
-6.742397782467929312e-01
4.427185789035686936e-01
4.653154940104536341e-01
-3.443851083958704429e-02
-1.583914337395384564e-01
-5.521297529243995861e-02
4.645291222357228467e-01
4.238963591024631494e-01
-3.466008342956208299e-01
8.859522180106413902e-01
-4.932621968088132247e-01
2.618986817315078208e-01
-4.302529076753236481e-01
-4.487673372813658634e-01
9.791576811104918399e-02
-1.000000000000000000e+00
-5.642139899065239383e-01
2.535739183265817154e-01
-1.434564070320762941e-01
7.761639647182503321e-01
5.885557567323609351e-01
-3.726143302727740192e-01
7.525095434435185027e-01
-5.659765678149046852e-01
-3.558432727763731762e-01
-3.106073680614329646e-02
1.561671689547530217e-01
-1.472195282485275758e-01
3.455521443890092748e-01
3.624432181071384207e-01
5.308350332347113731e-01
8.746590184255200739e-01
-5.771350553164938946e-02
-3.969241975073356521e-02
2.639635417757890679e-02
-9.022270260250642160e-02
-7.982773513387131370e-02
6.926578585459103321e-02
-8.629638464361599759e-01
-2.441272318106317840e-01
4.030392873086012795e-01
-1.000000000000000000e+00
6.359779819659514555e-01
-1.924604570302346218e-02
-8.548567487853344637e-01
2.645886794585792234e-01
-3.488341319594900902e-01
6.882546698711171640e-01
6.548880555937088843e-01
-6.369923991479774505e-01
-6.885187015405007660e-01
9.585665878812263951e-01
3.888211355978573591e-01
6.515540063481949362e-01
-1.000000000000000000e+00
6.873808575956590339e-01
9.116241060046682554e-01
7.229659894124143005e-01
-9.460181895073391800e-01
5.495061350604832917e-01
-1.406643645978613577e-01
5.294455146012625457e-01
8.575352253904242605e-01
-7.383249364789595814e-01
-7.982803488544372161e-01
-8.744011981019181867e-01
-6.913184561455634203e-01
2.244553835278453313e-01
-4.372715206116117859e-01
1.815336890152392524e-01
-8.925207680954172496e-02
-3.212233829051791556e-01
-2.272435784130577563e-01
-9.372142441720521244e-01
-2.532537192058190723e-01
-1.000000000000000000e+00
-1.002212153251001991e-01
1.528622109078332514e-01
7.999502057524310317e-01
2.064516144802654996e-01
-2.471297554631159965e-01
7.646844352758037644e-01
8.261851093391396894e-01
1.000000000000000000e+00
2.998330352368546725e-01
7.365187288378929331e-01
-5.702474305018228051e-01
1.396199565038855339e-01
1.376441127034746525e-01
7.907991100759681480e-01
7.302601973640507893e-01
9.456055702100463201e-02
-3.355682326554700889e-01
-7.934380752714016438e-01
-1.490386683898132780e-01
-6.706199204888467769e-01
-8.217717568962432662e-01
-8.475148045867787472e-01
-6.260194684351414462e-01
1.000000000000000000e+00
4.884465512505347107e-01
4.204142486987873517e-01
-6.657782873201570917e-01
-8.934691219195254330e-01
-5.208795801542278614e-01
2.581225852891808614e-01
-2.829265810601195863e-01
-9.067046114748495977e-01
-2.936898503948190964e-01
-4.240138199309956279e-01
-2.940676660113963337e-01
-2.940568149812743393e-01
-4.099471010350371758e-01
5.141776876827828247e-01
1.526854343613182063e-01
-2.142276534864251403e-02
5.924950248383686890e-01
6.949745480385405294e-01
9.025969992278880527e-01
-4.523636938392314732e-01
3.611823483047912342e-01
-4.348107089923412549e-01
6.567584510621466976e-01
-2.950521575702211852e-01
-6.438789875175185973e-01
-1.000000000000000000e+00
5.057448526810034428e-01
2.391141377298287019e-01
1.960462449048043787e-01
2.011085900423632555e-01
2.418066631752395779e-01
