-4.941149476223454240e-01
-8.386543435339413044e-01
1.000000000000000000e+00
-4.497595905895054869e-01
9.553967038649691101e-01
4.554466718164580374e-01
-4.088931223450109620e-01
-3.041515377086279059e-01
-5.679417134722162253e-01
-1.903705811045652840e-01
-2.276173672634818068e-01
-6.250345591934216571e-01
6.350619928644569701e-01
-2.496997000137033407e-01
6.848928069665840557e-01
6.525406351611038325e-01
-2.221018559164132933e-01
-3.646401610126936976e-01
-2.051136287243424672e-01
6.236565709492822851e-01
-7.858625670026171406e-01
-6.486844345814581914e-01
8.255794095651958209e-02
9.317428517682437850e-01
5.468759317785216734e-01
-4.900138148387038761e-01
1.465012575784395699e-01
7.585279825552031507e-01
-5.381395790131475731e-01
-4.833797994901558592e-01
-3.534525931733385473e-01
-1.000000000000000000e+00
-1.489281795935821773e-01
-8.452614080898948057e-01
-1.000000000000000000e+00
-1.549962343478685778e-01
8.677022597693280215e-01
-4.574660809274291307e-01
-2.532144847670891874e-01
4.648595141664495500e-01
9.453344268729146904e-02
7.374863166345695387e-01
-1.000000000000000000e+00
-3.633466201045003618e-01
-3.246952655519650399e-01
1.000000000000000000e+00
1.999849535985871452e-01
-1.000000000000000000e+00
-7.717336911766459195e-03
4.364300683915676160e-01
-2.705622103876799134e-01
9.511150107964645439e-01
7.774999511937008556e-02
-7.469027844440074837e-01
-6.367731137307359734e-01
6.799062379735132389e-02
-7.379758308461867866e-01
-3.653293943291959778e-01
4.151787604905206042e-01
5.886157698869782795e-01
-1.760450917601925069e-01
-6.288708733374610560e-01
-1.000000000000000000e+00
8.090186192001080911e-01
-8.533323539682080572e-01
-8.640328530322500811e-01
1.017779568782959387e-01
-8.414592934364510945e-01
-1.433813664909899810e-01
-7.358532032635181075e-01
7.326179184454228999e-01
2.805690877373501202e-02
-1.611985810074081371e-01
1.074445590132995232e-01
3.414882192546433437e-01
-3.609475569256150873e-01
-6.411097171604973610e-02
-1.000000000000000000e+00
-1.604950221827783352e-01
-9.037560649847917738e-01
-6.915390292817891194e-02
-8.010119370826036533e-01
-2.921012979193660097e-01
8.059990820987851246e-01
-1.305533419836182318e-01
-2.785251592746824656e-01
3.084949376990261949e-01
-2.384525011710636466e-01
2.535932198359605039e-01
4.670356954395986637e-01
-2.403327317028294274e-01
2.763129725707924589e-01
-8.574823815981902353e-01
-4.368391231915946804e-01
-5.472375621308991356e-01
-1.000000000000000000e+00
-4.853763161501187806e-01
6.054381698351170016e-01
-5.830853157663871134e-01
-6.501809584269617748e-01
-7.354769521977160274e-01
-1.000000000000000000e+00
2.923492036364816471e-01
-6.293886677936042506e-01
-9.798001877192641373e-01
8.170886262001566536e-01
1.000000000000000000e+00
-1.573489339702112133e-01
4.033220784836253348e-01
-2.554800501525895662e-01
1.200666909346344013e-01
-9.654515018841225427e-01
5.465108078399893987e-01
9.630042150207229756e-01
-4.694333388363863269e-01
3.474382443060901604e-01
-7.413270860787330996e-01
-5.239180421521887343e-01
-7.375981149211878751e-01
4.264771464061722916e-02
7.280297802873618718e-01
-8.131425947154301559e-01
-9.290340500784773914e-01
5.648631461874780157e-01
4.528654536390122054e-01
5.461651494544834673e-01
-6.634356700582386690e-01
-4.031417993978673175e-01
-1.325664729026493349e-02
1.307769703397791972e-01
-3.738396034153190772e-01
-9.243382279620298014e-01
-7.096388371993967992e-01
9.257881851306246634e-01
-1.000000000000000000e+00
-8.120966855111859672e-01
7.579770353981460929e-01
2.136926846090980991e-01
-1.310908782486139845e-01
4.326429092662632536e-01
2.285348681118416492e-01
5.103203293488104419e-01
-3.282296350814976060e-01
-7.015583973987526978e-01
2.332497066582848166e-01
-2.597640235597789005e-01
1.833264587857819095e-01
-9.009939649627194402e-01
-7.101238170238688419e-02
4.648986953800313682e-01
-2.442313311047397129e-01
2.233650989504542550e-01
5.616660010386760327e-01
8.351550237003629862e-01
-5.081842124844391240e-01
-6.268896041433740240e-01
-2.621352644140427790e-01
-6.032040789899708599e-01
1.884925404584805175e-01
-3.139085690117118244e-01
6.623909769033493600e-01
-1.411627496871434573e-01
7.272714527897843340e-01
1.000000000000000000e+00
1.000000000000000000e+00
-4.422979097126205072e-01
-5.659741364191244184e-01
4.393162443723186428e-02
-4.879108210814646629e-01
1.584690857132056707e-02
-1.000000000000000000e+00
8.551211636271234262e-01
-2.123318257312751811e-01
-8.300683737918086447e-01
8.798017666742463661e-02
-8.715552789800051769e-01
-3.242648028250421088e-01
5.759735312835647658e-01
-7.512415629149664653e-01
-5.877211296207427438e-01
1.026267785078847083e-01
-8.719741683098707341e-01
-6.709489630100249347e-01
-2.987670493337055699e-01
-1.191581273362207760e-01
-4.641635701545909765e-01
-8.591857179138107092e-01
1.503972391201768288e-01
-5.651839579903037425e-01
-4.809450559007348858e-01
1.957492352682372871e-01
-1.000000000000000000e+00
-6.818728197373884470e-01
2.579039370668884112e-01
-9.952528241011719956e-01
-5.281788351415906968e-01
2.060271355084184464e-01
1.968453619734016335e-01
1.000000000000000000e+00
6.661057500250033847e-02
-5.050043044840499817e-01
7.619961701059645431e-01
1.000000000000000000e+00
3.461274236534239712e-01
-9.514201113277964694e-01
-2.846782148058621953e-01
-6.884566004200822764e-01
-5.896800361273979441e-02
-1.000000000000000000e+00
-8.019430952038479887e-01
-4.878795949268555088e-01
9.557591947580625913e-01
-1.637368209061351720e-01
1.445121166079532671e-01
-1.000000000000000000e+00
-5.135333987983136117e-01
8.617309097712542165e-01
-1.371365112699407529e-01
8.872690609076478996e-01
1.638678410899430116e-01
-5.219846095050650892e-01
-1.872239774620538810e-01
-6.887393264367664969e-01
4.579165580119431977e-01
3.562255436700312305e-01
5.286701885255373767e-02
-9.832419800132365939e-01
3.657006620918157314e-01
4.515465470335877640e-03
-6.526047470990392618e-01
-7.562353838654807259e-01
-1.000000000000000000e+00
-9.559148387119078549e-01
2.773108166513673645e-01
6.544135184783778092e-01
4.258242100299820532e-01
-1.691729143197664431e-01
-3.588870276806450654e-01
-4.723569282484041398e-01
-2.745540601741167652e-01
6.640145786639517489e-01
9.684931063086499314e-02
6.600616894851272232e-01
7.544594757046634292e-01
-2.802961068891090535e-01
6.512574655764289400e-01
-4.536206633077486949e-01
4.331550342504073559e-01
-8.690212155330041544e-01
9.828507491182795208e-01
-1.000000000000000000e+00
1.000000000000000000e+00
9.662676333096034131e-01
-1.680956942947375854e-01
-1.462185174936962984e-01
8.068429817115641001e-02
-7.146632273562201210e-01
2.300560967850763250e-01
-5.047676449374677299e-03
7.993820034928329488e-01
9.077602628465053503e-01
6.450705186879863717e-01
-1.238340675238160937e-01
2.683020356638234905e-01
4.925135514845391249e-02
