-3.235895475669672838e-01
-1.000000000000000000e+00
-8.123319070344463544e-01
5.580866060419262809e-01
-1.065684936916902470e-01
4.215624635750289118e-01
-8.292116171063191876e-01
-7.912204073204059940e-02
-5.677643712199449411e-01
9.858285131418540459e-01
4.710957836206175475e-01
9.805949187685661372e-02
-2.771807501880295677e-01
6.626551620006009280e-01
4.179747771983606808e-01
5.767796506516834620e-01
5.013168941875416618e-01
-3.765964269274939547e-01
5.239892085897341900e-01
-1.000000000000000000e+00
7.998293949936713387e-01
3.297800768480850797e-01
-9.945804294375162335e-01
-1.000000000000000000e+00
-4.510981258991891285e-01
1.000000000000000000e+00
-1.481483786143963366e-01
-1.343987146010174050e-01
-8.877433974308268638e-02
6.580428176137738117e-01
-5.613535827311150195e-01
2.582264639834863651e-01
-1.000000000000000000e+00
-1.521139489259543121e-02
-6.876079771816431263e-01
9.789864682344685543e-01
9.075408784551619590e-01
3.963228403712818482e-01
1.850368543138969368e-02
2.395058415172806043e-01
1.134033901010963463e-01
-1.000000000000000000e+00
-8.210423439499658915e-01
-7.240179507757931177e-01
3.432433701153080885e-01
-3.577153245477597832e-01
-1.840036838167877220e-01
-6.037210493510563047e-01
-1.618818691778329266e-01
1.000000000000000000e+00
-2.088997871479301160e-01
-9.112992314802239591e-01
1.000000000000000000e+00
6.663620372268432845e-01
1.000000000000000000e+00
-8.872276009574916467e-01
1.000000000000000000e+00
-9.241895783067159975e-01
-1.000000000000000000e+00
-4.053537386464050041e-01
-5.917243107914618161e-01
-9.730763015342356326e-01
-5.442782127452328034e-02
4.733868733529398298e-01
-7.407989172357341001e-01
-4.171346980311895769e-01
-3.511418141034208240e-01
7.856456548616672642e-01
-5.845222118108903686e-01
-4.776529458265553196e-01
-3.483638544033201834e-01
7.447224845952773453e-01
7.632688449243474338e-02
-5.440691451246291166e-01
-1.000000000000000000e+00
-3.284909052761566528e-01
-3.433028314475992104e-01
1.000000000000000000e+00
-1.000000000000000000e+00
4.295814404799430108e-01
2.008180081222293023e-01
8.278283085553136411e-01
1.000000000000000000e+00
-5.171073161548542796e-01
-6.245121898503677160e-01
1.000000000000000000e+00
6.914021417785782830e-01
-4.197952050645180622e-01
1.761353370855271161e-01
1.000000000000000000e+00
1.243331740046232370e-01
2.960316343834097919e-01
-1.000000000000000000e+00
-1.000000000000000000e+00
-7.805551690045383628e-01
7.866923063685938855e-01
3.128623601635630580e-01
-1.000000000000000000e+00
9.118419057117443938e-01
-1.716425222193761480e-01
3.781657918096634208e-01
-4.136250659599445267e-01
2.056105910202157827e-01
-6.170704699902989088e-01
-4.121977138081204806e-01
1.879136141232656265e-01
-5.275231645294893301e-01
-1.000000000000000000e+00
3.477255957970488698e-01
2.374017546964401482e-01
7.724333701990623302e-01
-9.699834769284001457e-01
2.584249639342764415e-01
-1.862581567641374836e-01
2.040667936562599039e-01
-1.000000000000000000e+00
8.311423366464636420e-01
-1.000000000000000000e+00
-1.000000000000000000e+00
-1.000000000000000000e+00
1.426442085177118124e-01
1.000000000000000000e+00
1.000000000000000000e+00
5.494654337096038788e-01
9.751927702608498283e-02
1.000000000000000000e+00
7.816160242576988271e-01
-1.292377868314134315e-01
-3.832518478001588624e-01
-7.622460227958998136e-01
8.262247703796707921e-01
-1.057932683260190410e-01
-3.609585925851497290e-01
-5.654842754957092321e-01
1.000000000000000000e+00
3.767452832561490883e-02
-3.229444412960486011e-01
6.599472046024821292e-01
-6.817892035258683592e-01
6.876059302155339559e-01
1.000000000000000000e+00
-1.000000000000000000e+00
1.995634454537715818e-01
-1.000000000000000000e+00
3.086341005932765613e-01
-4.811389870230095012e-01
-1.000000000000000000e+00
-5.394552713532344557e-01
6.243474593546368689e-01
-7.052564517116336473e-01
-1.000000000000000000e+00
-3.067603458903511715e-01
9.530315500082655600e-01
-8.300828346368029909e-01
6.062265837643285860e-01
-4.830344843705831614e-01
5.208490559603811132e-01
-1.000000000000000000e+00
6.217442235532200101e-01
1.053421583893541791e-01
-3.568478903859687579e-01
-1.000000000000000000e+00
2.429837929524369944e-01
-3.497686923839767870e-01
5.141879748432585107e-01
1.000000000000000000e+00
-5.646046195569477399e-01
6.832332501610054454e-01
-7.225123458243162267e-01
-9.251134412928637696e-01
-1.000000000000000000e+00
-5.772025294413495322e-01
4.578795850905010290e-01
1.000000000000000000e+00
-2.311319152641810870e-01
-5.960619088790322095e-01
-1.000000000000000000e+00
1.000000000000000000e+00
6.397504068161876667e-01
-1.000000000000000000e+00
8.729977839263169948e-02
-9.119096173470235822e-01
3.895614558530590688e-01
-1.000000000000000000e+00
1.000000000000000000e+00
8.004531744415183114e-01
-3.109563209769128367e-01
3.249184038123253404e-01
-1.955076527175213519e-01
-1.000000000000000000e+00
7.595047456522306950e-01
1.000000000000000000e+00
2.941532005684680540e-01
-3.702050219087993366e-02
1.000000000000000000e+00
5.491626020329872793e-01
2.117359384569681424e-01
-4.822957400907323944e-03
-4.670027284843760729e-01
-6.855946538073843799e-01
3.524307829136762993e-01
-1.000000000000000000e+00
1.000000000000000000e+00
-5.314322315460195956e-03
1.000000000000000000e+00
9.471677409631826805e-01
-7.091205500194501798e-01
-1.000000000000000000e+00
-4.329038958449745733e-01
1.000000000000000000e+00
2.424177661144637508e-01
-1.000000000000000000e+00
6.500236427421312024e-01
9.472281880878793414e-01
6.107337193597731639e-01
-7.570126682499918047e-01
5.427830937131337130e-01
1.000000000000000000e+00
-1.000000000000000000e+00
1.000000000000000000e+00
3.767182416705688874e-01
-6.192686029682518134e-01
-2.072724008321388811e-01
-1.117901784900089124e-01
-9.611110815792351936e-01
-5.458419023921172730e-01
4.914672507995254125e-01
2.224561913189415652e-02
-1.000000000000000000e+00
1.000000000000000000e+00
1.771981916708353921e-02
-2.438426367119165272e-01
-1.000000000000000000e+00
7.769047812038520906e-02
-1.000000000000000000e+00
-1.000000000000000000e+00
-3.491824888171811692e-01
5.705608742406270695e-01
1.000000000000000000e+00
-6.657938257771193191e-01
1.239667790235500500e-01
-2.272526159722133565e-01
-1.105978612743055978e-01
5.382607624926240009e-01
-1.000000000000000000e+00
-7.872160974948778644e-01
-1.000000000000000000e+00
-3.658574840544494000e-01
1.000000000000000000e+00
-1.000000000000000000e+00
1.771690376132785127e-01
-7.897982071524161096e-01
6.919038967439595789e-01
-5.678401692809037504e-01
6.777584909585789852e-01
-8.900302751174226090e-01
-3.965822805394404460e-01
-3.782933513583686125e-01
3.669592489714884054e-01
-2.573562644876407068e-01
-1.000000000000000000e+00
6.788941994012622771e-01
1.310552121591666008e-01
-2.785175458266095916e-01
-2.922764632299913456e-01
