-0.007386
0.327371
0.715439
0.533848
-0.622440
-0.265979
0.063593
0.788735
-0.608823
0.673257
-0.236829
0.396317
0.079514
-0.592863
-0.546345
-0.944243
-0.048079
-0.447855
-0.471131
-0.946051
0.815189
0.386801
-0.319708
-0.415982
-0.963839
-0.195273
0.670364
0.559937
0.272436
-0.940774
-0.505556
0.345441
0.269242
-0.090403
0.686227
-0.984774
-0.891186
-0.605967
-0.404748
0.860157
-0.169826
-0.854159
0.777722
-0.200546
-0.690454
-0.913861
0.515178
-0.482697
0.241055
0.412408
0.175142
0.578848
-0.950792
0.448207
-0.478277
0.963374
-0.136459
0.790537
0.449112
-0.456762
0.293492
-0.585507
0.124158
0.199554
0.669014
-0.920143
-0.685001
0.504742
0.179443
-0.159214
0.577236
-0.581335
-0.385351
-0.407751
-0.360814
-0.551714
0.709099
-0.211601
0.142245
-0.599333
0.427547
0.616935
-0.790062
1.000000
0.559563
0.906029
-0.520449
0.468288
-0.798010
0.338846
-0.568247
0.023660
-0.056586
-0.197715
0.432279
-0.309578
0.235259
-0.806343
0.401206
-0.795496
-0.566009
-0.814823
-0.382160
-0.353704
-0.049799
-0.082579
-0.717137
-0.193484
0.135930
0.357512
-0.834230
0.166191
-0.933246
-0.432347
-0.403873
0.912983
0.458475
0.749642
0.890528
-0.572742
0.317845
-0.757804
0.994257
0.622514
0.462660
-0.355039
0.730521
0.599734
0.395286
0.963631
-0.095201
-0.140360
-0.358597
0.275107
-0.377642
-0.627245
-1.000000
0.092386
0.028920
-0.797673
-0.325150
0.982748
0.468172
0.109180
-1.000000
0.337139
0.090749
0.843671
0.842762
-0.308563
-0.435435
-0.199327
-0.548180
-0.126181
-0.674839
0.810972
0.743141
0.320703
0.339833
-0.361631
0.110446
-0.621845
0.615699
0.131807
0.646689
-0.240014
-0.037043
-0.815489
-0.517488
0.183445
0.469642
0.031368
-0.538470
0.440802
0.853656
-0.036356
1.000000
0.139634
0.725375
0.343228
0.199687
0.206239
-0.571413
-0.338714
-0.371494
-0.979702
0.020964
0.187350
0.587699
0.638353
0.945462
0.525825
-0.059379
0.992160
0.540326
-0.512779
0.488215
-0.349951
0.965354
-0.673405
0.256088
-0.527211
-0.463943
-0.251794
0.452675
-0.634494
0.954063
-0.014792
0.186066
0.969207
0.882848
0.240216
-0.868709
0.332598
0.811120
-0.789158
-0.810157
0.167216
1.000000
-0.031194
-0.479090
-0.837327
0.926191
0.405287
0.780696
0.400486
-0.916117
0.503423
0.419195
-0.432900
-0.380592
0.737566
-0.240150
0.613886
0.485104
0.496090
-0.030234
0.933118
0.991553
-0.591546
-0.274583
-0.141039
-0.656040
0.992806
0.234247
-0.382434
0.148766
-0.341852
0.980049
0.700157
-0.900932
0.346083
-0.726510
-0.480291
0.763103
0.113982
-0.585727
-0.178170
0.898063
-0.827835
-0.205465
0.677122
0.023703
-0.428325
0.712653
