7.183521419492129301e-01
6.498516627389145928e-01
-1.000000000000000000e+00
-1.746099739481583590e-01
4.584367532205615436e-01
8.535198912235490987e-01
-2.933289544726724873e-02
7.681771793873923837e-01
-3.444852115507640589e-01
-1.000000000000000000e+00
6.212256268284773730e-01
3.689945622785995027e-01
1.067647712145403105e-03
-1.766157257118875501e-01
-4.371990944527921474e-01
-7.007957628818197726e-01
-7.830879090327610426e-01
1.369378737101259735e-01
-1.372690770017698236e-03
4.938669021972742490e-01
2.123122633585214913e-01
-2.933715812578999715e-01
-9.808539562018313562e-01
-2.873954150186888712e-01
-2.927863724065408180e-01
1.000000000000000000e+00
-4.160394444699137551e-01
1.311813165357378352e-02
3.401298531846869144e-01
-8.787383371273405075e-02
-1.000000000000000000e+00
-2.974791793583375643e-02
-2.455671705849607478e-01
-8.528768374918118678e-01
3.596184440997214349e-01
1.000000000000000000e+00
-7.239029376608554500e-01
2.619571216703960870e-01
-1.493998015172796623e-01
1.763496897795729657e-01
1.000000000000000000e+00
-1.000000000000000000e+00
4.870244221021966524e-01
-1.483929211084809019e-01
7.398690764435000844e-02
1.781871788701878956e-02
-9.133155577262217495e-01
-1.000000000000000000e+00
-1.433217944443447855e-01
-6.926549858910717727e-01
8.737906700300017704e-01
-1.776269820707019331e-01
3.847038006925657116e-01
3.071679669602969120e-01
6.721865763541634564e-02
-5.989073101518960218e-01
9.256227694362393343e-01
3.776492423244531826e-01
-5.331536396207983142e-01
-1.000000000000000000e+00
1.000000000000000000e+00
-6.098491193104118580e-01
-2.255952989074593296e-01
6.457035959444994422e-01
3.909696232219388445e-01
2.030172390569018326e-02
7.474951033347385643e-01
-1.190530162352421983e-01
-5.634788334425925305e-01
1.000000000000000000e+00
9.076210511780403722e-01
2.241516253886333132e-01
-4.145457739824455756e-01
1.000000000000000000e+00
-3.881339536049467354e-01
-1.000000000000000000e+00
3.897975675832348053e-01
9.433060277447722353e-01
1.000000000000000000e+00
-1.280608621698646754e-01
4.390463168238034619e-02
1.581770459825144748e-01
3.129199435125782358e-01
2.083289761968716292e-01
1.216414750105164755e-01
3.694915000503090630e-01
1.841951426246895007e-01
9.119369730508384286e-01
-9.618734186554813714e-01
-3.586181861172890728e-02
6.735557323406857755e-01
1.100240183213953560e-01
-7.360278109453736173e-01
-1.329763063739060058e-01
-6.591393605860770832e-02
-1.088495439999814796e-02
1.000000000000000000e+00
1.000000000000000000e+00
7.975961425590849529e-02
7.468060722707283716e-01
1.000000000000000000e+00
2.709634716375637353e-01
9.536817041766632030e-01
1.957974836638509686e-02
1.000000000000000000e+00
3.318076323906983816e-01
-5.620903848420468751e-01
-4.012185878713764309e-01
8.798034832168273311e-01
3.539153355132901857e-01
-5.749889870560866978e-01
2.290074646236472944e-01
4.130832828998330930e-01
5.126240683230641748e-01
6.309588608878657912e-01
-2.081597418331216365e-01
-3.653718395307659073e-01
7.401794745123801977e-01
4.750114576475865658e-01
6.360665468898201169e-01
5.901750982519435862e-01
8.677741508975785889e-01
5.875521445403255605e-01
3.055181704258550512e-01
6.612589111091321525e-02
3.641554095785813905e-01
-6.564077112268296155e-02
-1.000000000000000000e+00
6.548905419715672638e-01
4.051408739575766416e-01
-1.000000000000000000e+00
-1.000000000000000000e+00
9.874691380420625997e-01
2.884322454545962255e-01
3.716223578552271256e-01
-3.800126216213551844e-01
-5.870990940381604073e-01
-1.000000000000000000e+00
6.581823839956923994e-01
5.747405841098618406e-01
-3.576165966892261849e-01
-5.268948535053737947e-01
6.936117271748039048e-01
2.754939759011887368e-01
2.242421540875210173e-01
-4.196006761804554897e-01
-5.063628117422814823e-01
-6.192857447202597676e-01
-7.077566701478877897e-01
1.000000000000000000e+00
1.000000000000000000e+00
1.000000000000000000e+00
4.437800443174597653e-01
-5.819262156475470960e-01
5.453267791319578173e-01
-6.707607074748538067e-02
1.000000000000000000e+00
1.000000000000000000e+00
8.543265480376083243e-02
3.132750761337436129e-01
-7.920202863566752072e-01
-5.077727682380326346e-01
-3.540106957469061344e-01
1.709218050597753891e-01
4.068936111668083333e-01
-7.486199066964500659e-01
5.672810472261246018e-01
9.091883465474235315e-01
6.282716501288214683e-01
-7.953196844473768845e-01
-1.315401767767282459e-01
-2.866600984103224725e-01
-5.278551695817338407e-01
6.438490883547316468e-01
-6.456710032894146245e-01
-1.951713409867865678e-01
1.776777981442347887e-01
2.134402313876924140e-01
8.132196536990483615e-01
4.393055913362409193e-01
7.897970494755075510e-01
2.889707014289542020e-01
-8.890504329793752492e-01
-1.939382878983304526e-01
1.000000000000000000e+00
-3.409357479220729847e-01
6.226105591825789043e-01
-8.434143867306028719e-01
9.608758164609088048e-01
-3.401228975681764854e-01
7.095020044934177150e-01
-7.030563143962236250e-01
-9.239817400324988883e-01
-6.805088515277047945e-01
-2.101013336078823568e-01
-8.919470822845363411e-01
-5.663701629708728369e-02
6.785784868838034001e-01
-6.941206794445029526e-01
5.889766481470586068e-02
9.763369003417523562e-01
-1.661180948789859890e-01
8.697961624927841306e-02
8.469403301300986175e-01
1.077735474184391418e-01
9.270274004203957752e-01
6.906576942645712425e-01
1.721889457235085685e-01
-4.538830400566623569e-01
8.543384583558788492e-01
-1.000000000000000000e+00
-9.531207184567984658e-01
-5.387081585489846836e-01
5.201447044167102352e-01
1.000000000000000000e+00
-1.994050479022013711e-03
3.863485381654956363e-01
-2.616184312729510908e-01
-5.794592549809091109e-01
3.047865552742023976e-02
-6.645913604583488787e-01
-7.820322714889793581e-02
-3.476001171878122520e-01
2.985787286325249923e-01
-1.000000000000000000e+00
4.985273990281189338e-01
6.820939198838433803e-01
6.859058888531768261e-01
1.152800816640999343e-01
1.000000000000000000e+00
1.000000000000000000e+00
-1.000000000000000000e+00
-9.886336642363493521e-01
5.226706857328502487e-01
8.043678927465789386e-01
-1.000000000000000000e+00
9.745343048222290250e-01
8.915745883439585295e-01
-1.899255108819588589e-01
-1.000000000000000000e+00
4.186138097536029612e-01
-1.000000000000000000e+00
5.167359946063942999e-02
-6.497036133634481736e-01
-7.646577404556954560e-01
8.146991035405716508e-02
3.578837406444814739e-01
-5.544455173663481728e-01
1.000000000000000000e+00
2.188744036968182094e-01
6.260487195180400866e-01
-3.965825750705992969e-01
4.845809925183423017e-01
9.585741120666617654e-01
-1.000000000000000000e+00
-3.289972321221663609e-01
-6.211185823339377965e-01
9.046324486304718748e-01
1.572717867407562586e-01
1.105247500750727863e-01
-3.022888568852157842e-01
4.890558091768237858e-02
5.716611391405721498e-01
-6.677997066044554231e-01
7.203763003364649364e-01
