1.000000000000000000e+00
3.411459529542071878e-01
6.277841914136643720e-01
-7.810709123973734735e-01
-1.100669883661118398e-01
7.842969132276893518e-01
7.310154174840910457e-01
-6.429964528195301066e-01
-9.112510385609557950e-01
-1.807771310611170357e-01
2.731676754145639374e-01
-5.634901777147524049e-01
-1.000000000000000000e+00
7.877365103412474756e-01
-1.000000000000000000e+00
9.165462503233643421e-01
2.496760366731413938e-01
-2.584776418054990366e-03
-1.000000000000000000e+00
-1.000000000000000000e+00
-4.356098615438824817e-01
-4.802733758503066608e-01
-6.821111418973656582e-01
2.450670107917721219e-02
5.394509886202469851e-01
8.525341038084293110e-01
9.217299687272861863e-02
-1.341596917277792511e-01
-7.383123258262561661e-01
5.642521322996035815e-02
-7.715211702390052384e-01
-4.859234733419662833e-01
-1.000000000000000000e+00
-1.487984526208951386e-01
-7.768837007297308972e-01
-6.172651766028206533e-01
-2.635434116782283120e-01
-1.974218819677466263e-01
1.000000000000000000e+00
1.000000000000000000e+00
7.891678491400365703e-01
4.453148755098593758e-01
-4.215587685901305282e-01
4.603650227178686105e-01
-8.104464843877301483e-01
-6.740040435294568644e-01
7.841969282844620803e-01
-9.530889092160506060e-01
-2.492144855868245745e-01
-1.908219704515930759e-01
4.271418424822042148e-01
-1.000000000000000000e+00
4.682542163710729510e-01
-6.502260013212155521e-01
1.094741845124143076e-01
-6.259348665232429276e-01
-8.992014492937167036e-02
9.276567886397504847e-02
-1.000000000000000000e+00
-1.000000000000000000e+00
3.343377703001024770e-01
-1.000000000000000000e+00
7.683912915053467962e-01
-4.193194335392388949e-02
2.029965723484879470e-01
-1.000000000000000000e+00
-1.930935315360897686e-01
-3.889687902662147811e-01
-1.688821879300533291e-01
5.839303605539450936e-01
-1.000000000000000000e+00
1.074474608075697002e-01
-5.824584686962156477e-01
2.904220827903303825e-01
-5.793935058713715058e-01
-7.098074897921259341e-01
3.430348461482520817e-01
-6.124247916736191844e-01
-8.310910528434820588e-01
1.758240185555506596e-01
2.117281800162091887e-01
-3.793275514256069236e-01
7.044921920913536084e-01
-7.239254260422481324e-02
-1.000000000000000000e+00
-7.241444595352503066e-02
1.000000000000000000e+00
-3.531756190370543003e-01
5.983072664625698200e-01
1.127102126596017245e-01
4.840648705202353907e-01
-4.187987839708307014e-01
-8.852226940805231203e-01
-5.248515363757290109e-01
2.209154551662873001e-03
-2.670972765910096247e-01
2.820069634458257646e-01
3.111009643697636995e-01
7.355096737598011691e-02
5.491757146157316694e-02
3.186979082828997889e-01
-7.012770157045201957e-02
1.000000000000000000e+00
-1.986433781708013824e-01
-3.637791397337206134e-01
5.485270606878142607e-02
-2.050180628724005139e-01
1.538645451114740159e-01
-1.000000000000000000e+00
-6.374178907259924198e-01
-1.000000000000000000e+00
4.304472169510407675e-01
-3.819349331211079890e-01
4.729089115273718003e-01
-1.000000000000000000e+00
-2.955062950290952006e-01
4.806225436681449414e-01
-3.348800132851543765e-01
-9.326151596409124611e-01
-1.000000000000000000e+00
4.092511934572233834e-01
1.618842775136552503e-01
-3.554466525312783842e-01
-3.957046810638300549e-01
7.857212806698469221e-01
5.135469528096596736e-01
-1.000000000000000000e+00
-1.827020011530122445e-01
-7.491964705405379510e-02
-2.565707117959888928e-01
-6.931221612321398773e-01
-8.890794602365349464e-01
8.207908795308994643e-01
-6.865423370771939204e-02
7.270601602333626179e-01
1.000000000000000000e+00
2.988871913687584647e-01
1.000000000000000000e+00
-3.954393597832733809e-01
1.000000000000000000e+00
-9.994386281534772820e-01
-8.768199283811018985e-01
4.859902000357212981e-01
9.601325930656982033e-01
-3.896747544258091223e-01
-3.007358810247483527e-01
-6.444506776650200663e-01
-4.205450467777995249e-01
6.550632414473623877e-01
-1.000000000000000000e+00
-4.402649643527660750e-01
8.214995724825450152e-01
-1.133535311437162130e-01
6.166344184968512998e-01
8.999071880911230226e-01
8.211471963074234992e-01
6.415294293442483364e-02
-7.699796485759948794e-01
-1.558990312083823049e-01
-6.422255464809497605e-01
-6.952554466531453148e-01
-3.476135424231604487e-01
-3.639876438718755436e-01
-6.773538998281497525e-02
-1.000000000000000000e+00
-9.693147684605801784e-01
-1.000000000000000000e+00
-1.988241849227428970e-02
-6.487299304084931384e-01
7.696316250768289180e-01
5.698574923485032473e-01
4.886676336418147720e-02
8.573186310500880980e-01
2.366043085350255648e-02
4.429164280080843952e-01
-2.931085696453629152e-01
1.000000000000000000e+00
1.000000000000000000e+00
1.000000000000000000e+00
-5.638357426605168365e-01
-3.678978667020783577e-01
-1.595407647959815600e-01
-9.728493258366571750e-01
-4.519523238055458969e-01
5.949617247790494057e-01
4.648443060635060187e-01
-4.361704985842966842e-01
-1.000000000000000000e+00
3.615593126958678849e-01
3.704954148365136035e-02
-6.754879377799600793e-01
-7.330876926766500823e-01
3.356629722305819463e-01
1.715754113454706631e-01
-1.000000000000000000e+00
-6.852264471570779225e-01
-4.260549131591611083e-01
8.465230595742496700e-01
-1.000000000000000000e+00
7.934172158868849634e-01
1.000000000000000000e+00
-5.491979439586727185e-01
9.733266674898010118e-01
-5.868930869011470541e-01
-7.698722957623883589e-01
9.132629279765620139e-03
-8.141365788148706706e-01
2.791139817298084469e-01
-1.683140344167794455e-01
1.000000000000000000e+00
-1.000000000000000000e+00
-7.308527044020990404e-01
6.320579930940259938e-01
8.951676415287849187e-01
1.774369890018731855e-01
-1.000000000000000000e+00
6.143855204127359748e-01
-1.079345986041436722e-01
7.003278354477326939e-01
-3.712431394059325651e-01
-7.805339935265324103e-01
-6.377268435797838197e-01
-7.398712952948784949e-01
8.517927449143359864e-01
5.851307963903874532e-01
-4.029361183029514515e-01
1.000000000000000000e+00
5.540845617065173201e-01
5.439305314261412283e-01
-1.888221244119962505e-01
-4.750166036443021489e-01
-3.835397987839847533e-01
-5.172428044270402925e-01
-1.000000000000000000e+00
2.590308733657872842e-01
-1.315911511131270251e-01
-8.155837933836850295e-01
-8.037644762301634493e-01
1.000000000000000000e+00
3.866629241599028877e-01
-7.464799142939063104e-02
-3.653337312778540680e-01
-8.513037968554426627e-01
7.984153438460570573e-01
9.889338725645721029e-01
4.768422708870422300e-01
-5.374923752021025791e-01
2.001357806402767059e-01
2.708340629238566999e-01
1.000000000000000000e+00
-8.632117027760579653e-01
8.174032760957548049e-01
1.000000000000000000e+00
1.000000000000000000e+00
-4.833851661873691530e-01
5.549471257326832330e-01
6.669865580562974738e-01
1.000000000000000000e+00
1.000000000000000000e+00
2.820111035238466735e-01
-7.420709258550289844e-02
4.806658360879458858e-01
-4.055481289861779248e-01
1.000000000000000000e+00
3.687201741404819155e-02
