9.619005333210907116e-01
4.091738615481275154e-01
-8.813134074280615238e-02
-9.404688377971313074e-01
1.806480521675237483e-01
-9.730167160751889144e-01
-2.724659233246996548e-01
1.680593731519194334e-01
3.058459352124737185e-01
-4.285594304752030625e-01
-5.815385236048745687e-01
3.265207454092437511e-01
-7.724936609466048765e-01
5.053207226249987194e-01
1.024008921461238564e-01
7.692887711576413823e-01
7.927778583776967647e-01
4.044135044061532014e-01
1.381605560562123858e-01
6.679465009264964337e-01
2.002240981399822373e-01
-6.741046898692801825e-01
-9.739656629766195728e-01
-9.456983210537303064e-01
-2.926815202444588149e-03
4.429599864744371285e-01
6.637312023658562543e-01
5.845450543952992462e-01
7.095003783850661883e-01
-3.976234611026217003e-01
-7.045853938667485661e-01
-7.639801783022922566e-01
-7.937293996026586473e-01
-2.415801022183133862e-01
3.616219015148037230e-01
2.962986951850622441e-01
3.899401881226676192e-01
-1.000000000000000000e+00
-7.896018109126228257e-01
6.372090213447916263e-01
-1.000000000000000000e+00
-3.773405547633189583e-01
-6.116417012929673547e-01
-9.168665443584506081e-01
-5.971376824832795860e-01
-5.110190154237959081e-01
4.709398343558469091e-01
1.000000000000000000e+00
2.638640294423922339e-01
5.643555548074286055e-01
5.367440923912943085e-02
-3.568216888437174550e-01
8.778913160218070333e-01
-2.033869134585670757e-01
-8.902161189197628222e-01
-3.808546950373384310e-02
-8.795144157935006479e-01
3.543167581917497921e-01
-8.587057507822349889e-01
-3.250978548423663073e-01
4.810428344188240057e-01
1.686583579451349790e-01
3.498060743939881423e-01
-1.000000000000000000e+00
-1.000000000000000000e+00
9.800701641820350196e-02
1.909009993370106573e-01
-3.157082345958879266e-01
3.505931388898303469e-02
5.613488524398024815e-02
-7.547592590734179818e-02
1.000000000000000000e+00
9.960763426454858349e-01
4.044837139142305471e-01
5.133639931610536333e-01
1.040987753002079741e-01
-9.756050810889258518e-01
-7.519152121359423679e-01
2.590298179534649692e-01
-3.097171770051895812e-01
-3.091405844380055168e-01
-7.783712030211060728e-01
-7.388238879248183455e-01
4.321026767337131647e-01
-2.635904930930595969e-01
-8.020239168986892375e-01
-9.348277051774132040e-01
-3.277975471712850086e-01
1.285977814718833323e-02
4.370945536898312445e-01
-4.691153348870987783e-01
-7.834130174018192339e-01
4.291343612783129480e-01
-1.000000000000000000e+00
-5.693796329283520308e-01
9.461152898898594898e-01
9.090306265973268074e-01
1.858173544374524810e-01
5.760351251097598491e-01
9.361637661594209847e-01
1.172831031360664633e-02
4.091930064349734719e-01
6.433953447211853138e-01
2.999810748789189518e-01
-9.339768942355735071e-01
-3.202217823296854005e-01
5.638275570143760351e-01
6.851888280600694214e-01
-6.183721187375357253e-01
-2.783134489171819048e-01
-7.729475858019213552e-02
7.842452793646749187e-01
1.082366771074460277e-01
-8.135421112172666058e-01
2.765679345630014385e-01
6.950385674001483549e-01
-8.351334688155426234e-01
-4.170685444309372159e-01
7.499471824065396808e-01
4.311806678279100358e-01
-8.729937227938038280e-01
3.063184107624030705e-01
-8.297330189610283568e-01
-2.112637721712320449e-01
-6.933355563852775516e-01
-1.689474161956003306e-01
9.791310024199645357e-01
-2.988820801808891175e-02
-3.869868711153424679e-01
9.178153080167029687e-01
-2.241261142608165502e-01
1.000000000000000000e+00
-2.574928684428371417e-01
4.619164270102598668e-01
-8.240060706940758317e-01
-7.655999314295476310e-01
1.550267855824392360e-01
6.864052485572815776e-01
-1.138328897678717033e-03
3.718862446238020703e-02
7.149650795169879558e-01
4.125777011104038716e-01
-7.484854941422990349e-01
4.061632124315236320e-02
-2.661829215170288254e-01
-1.807017012343141715e-01
3.801125960657590341e-01
5.785479007818443709e-01
-2.002971109661000337e-01
-8.052105094273161179e-02
-2.815883286480998504e-01
-1.000000000000000000e+00
4.290892333621581511e-01
-8.312706659851504254e-01
4.436223268518453278e-01
6.274579856061020255e-02
7.643232810804078126e-01
-9.684752533726452839e-01
4.569842466301650696e-01
-7.835791260123883273e-01
-3.060116831966565587e-01
-1.489229215422754049e-01
6.900136597237996883e-01
-8.701320585122807039e-01
2.950842705520438924e-01
2.118120475661185165e-01
6.409465486464582806e-01
9.381901775430643298e-01
1.150792212286694954e-01
-5.542268114036765780e-01
-1.000000000000000000e+00
-1.403272093114165675e-01
-1.000000000000000000e+00
-1.000000000000000000e+00
-1.636062233800898436e-01
1.000000000000000000e+00
-9.434068304164464625e-01
3.671184565928234944e-01
1.418199199303193936e-02
-3.930404581029701694e-01
-8.795142985411630310e-01
8.762808637061612893e-02
-7.828890229296614489e-02
3.668130645244013222e-01
-4.785228188383500170e-01
-5.175597285131994241e-02
-4.784926779361239196e-02
-4.010747492852823615e-01
-1.998960964418662056e-01
-1.338514901934391155e-01
1.402834943607746687e-01
6.860411404966277882e-01
-5.872190095698324175e-01
4.039405810736562685e-02
-2.993943628719512584e-01
3.078060535395025221e-01
-6.556773492728672492e-01
-7.358070685900746088e-01
-8.038435025385652910e-01
-2.713042207293317465e-01
-8.063565061220064889e-01
7.720843238949837151e-01
-3.065315847507364966e-01
-4.619670508160736433e-01
1.731928008691026033e-01
-7.361145361652868813e-01
9.533244345422589028e-01
-1.000000000000000000e+00
-2.525957480594578364e-01
7.723502182416154549e-02
1.312649696202879135e-02
5.083253628459359907e-01
-1.000000000000000000e+00
5.324814985457775318e-01
5.371041061967609664e-01
7.907430512616835383e-01
-9.671184433569623984e-01
4.230771454896697925e-01
1.366645743891757858e-01
5.743639910872218035e-01
1.141256146570774066e-01
7.022816555913456993e-01
-7.029681624454902078e-01
8.125537451731648098e-01
8.951289136925333345e-01
5.528309569310200233e-01
-7.515954439759553463e-01
9.997954655297168758e-01
1.214051639446161734e-01
1.077365582730875904e-01
3.645653832442071751e-01
4.068186706043606660e-01
-1.156386693882865135e-01
5.929262283817168244e-01
-4.213763844477192433e-01
-5.424446331267062105e-01
-7.538284976266900195e-01
-8.068611840681387815e-01
1.625667489079714312e-01
-5.446384718589079021e-01
7.501762789484063276e-01
-3.660863558216777003e-01
-6.688412550217548436e-01
6.091570459357373846e-01
9.543767608699689209e-01
-8.312428852510663768e-01
3.080234690464219161e-01
-4.775175157678211990e-01
6.901342519066673287e-01
5.964316394643709440e-01
-4.091187727935735596e-01
-5.225553270016359830e-01
-7.800231253284697908e-02
-6.124323987460580376e-01
2.683119799131200578e-01
5.313954008440019416e-02
2.049163470566693623e-01
-9.104442945911151996e-01
9.280567647502198092e-01
4.245532656310083697e-01
-8.466253575904885142e-01
-6.854626234910651261e-01
1.000000000000000000e+00
2.408023996253030319e-01
-4.298797110254417575e-01
