-9.939006480436634039e-01
-7.413075015036711957e-01
1.904688858819243436e-01
6.213858679389155926e-01
8.564724177504650093e-01
-4.476193072618672719e-01
5.641314064647184878e-02
5.696512784764685700e-01
-1.000000000000000000e+00
4.895147161659111346e-01
-1.614211751160891939e-02
-8.541139131801323003e-05
-1.285747905269458424e-01
-1.000000000000000000e+00
-2.984928190693660888e-01
4.999664212870191804e-01
5.759176418392586427e-01
7.345665738757927166e-01
8.469095953197469662e-02
-6.688863851083479695e-01
6.473741448551613153e-01
2.868961659958979560e-02
4.067277839129506134e-01
5.423778715302112197e-01
1.628605861080110184e-01
-2.218932656205749865e-01
4.962873194936101573e-01
-4.462014803427605258e-01
8.968817593868418925e-01
-9.832161681420072963e-01
9.186202108442642622e-01
-5.205030142665045823e-02
9.321641997662503121e-01
-2.631798277288326382e-01
-5.770623540120345396e-02
9.809871532428673380e-01
-3.732060483136292461e-01
-6.813546160549033281e-02
3.479837869779832671e-01
-9.217922625281131932e-01
8.659185586969617709e-01
5.155107035413046823e-01
8.631125971178763567e-01
-4.054939104182053722e-01
-1.278410739818092168e-01
-5.287439418008873515e-01
-5.872239706828246142e-01
-2.079948698123510464e-01
7.464645098842477289e-01
-5.436823879133372284e-01
1.000000000000000000e+00
-5.402132228428428995e-01
-4.104675272864228841e-01
-9.061050997434096921e-01
-5.692061371430590100e-02
7.729721030694953754e-01
2.149725843636050016e-01
-5.085533734722247345e-02
-4.492531650325786163e-01
3.745362674147409976e-01
-7.451464966260290534e-01
-7.956915398125294914e-01
2.375914375479025176e-01
-5.306278537057222966e-01
-8.972473773090043903e-01
-9.020411117493187803e-01
2.506113456514911242e-01
8.231951302886393318e-01
-2.631971965770261157e-01
-7.099607859120462550e-01
-3.279809085983383388e-01
2.200600284999207901e-01
-2.374033449501924409e-01
-1.000000000000000000e+00
3.092614848091883584e-01
4.504982397736103650e-01
-3.630454466258699053e-01
-2.028028197458349169e-01
9.226123853795398233e-03
9.200243277687700783e-01
-4.259691637946301235e-01
-1.351773428833109580e-01
1.753854979006841397e-01
1.198489005099096782e-01
4.605188251455838433e-04
6.234676062391737439e-01
-2.621407729652072138e-01
-1.000000000000000000e+00
8.903894173215398666e-02
1.089597228931043771e-01
-5.267167117633044793e-01
-1.696534479805510420e-01
-2.288249108903877005e-01
1.064086788234154257e-01
8.990202201682118144e-02
4.125180450178134173e-02
1.990783381087062320e-01
8.453456249112043519e-01
-1.053878190559864869e-02
8.529445567507847326e-01
-9.162285075965077574e-01
2.617356270064035151e-01
-4.866497829381524198e-01
3.407995877746672342e-01
2.637769554691052343e-01
-4.735703726831572702e-01
-8.137790422911261867e-01
5.073795144479116281e-01
9.152164788602605849e-01
-4.865043492417853166e-02
5.016313928558562285e-01
-5.761542535380768104e-01
-3.077681541242827112e-01
-8.439286706279025552e-01
-8.715346588519938820e-01
9.893469201338573882e-01
-5.828266042760781307e-01
-6.131818028132156595e-01
2.384562124708815567e-01
-1.353809433152417530e-01
7.703412075496907097e-01
-3.161209589438433998e-01
8.798014538256300199e-01
-5.653335635816632010e-01
9.579194627476361745e-01
-4.780283626271568664e-01
9.322659190041271415e-03
6.843445013089537454e-01
2.697565322324211312e-01
4.486560495411117122e-01
3.224541521209551842e-01
6.292182058811301992e-02
-5.827326606403102627e-01
5.293978115760225034e-01
-7.101724179787021196e-01
8.744811439560556954e-01
-6.408082677800348570e-01
4.853137634315760618e-01
4.796320697864648874e-01
1.000000000000000000e+00
-5.496550096836319010e-01
1.688597929595105906e-01
-8.245104249347878778e-02
3.233799112650896923e-01
9.231908684500409468e-01
-5.735193802434235266e-01
-4.435856848034152033e-01
-6.490406038817044809e-01
8.073568790062319867e-01
1.855638488494264493e-01
3.759754398626455885e-01
-9.985560321563043962e-01
1.885215895440236489e-01
-3.256349804760945155e-01
5.485044440980650915e-01
3.175677273719836879e-01
-7.735249757222772971e-01
-9.165950141213028424e-01
-3.903967750913830415e-01
-4.159129761876916853e-01
-8.426541335678059408e-01
-6.017580569236207211e-01
4.982349855082448542e-01
3.042742867323806610e-01
-7.199856423183231824e-01
9.531649066901417555e-01
6.483881124666379669e-02
1.018078473643257986e-01
-6.036230077020908746e-01
-5.716252517762935303e-01
6.937192438405206385e-01
8.315305695645650585e-01
-5.892251934738659269e-01
3.100372685748951085e-01
8.701021031850091347e-01
-2.029328857732251579e-02
1.186765183213895902e-01
2.552905340344429064e-01
-9.649794287168342866e-01
9.601708853487724848e-01
5.795055547070093738e-01
-1.232647096123691277e-01
-3.084984932060446106e-01
-8.579446457493098421e-01
6.066403275944765028e-03
-4.642887507310151651e-01
-7.264558217144301278e-01
7.009798808877818477e-01
5.908786180080538575e-01
1.000000000000000000e+00
1.558697000054032333e-01
-3.050026612134999482e-01
5.149466684381225345e-01
6.644725244933762376e-01
-2.769419550596561308e-01
6.386612975066765507e-01
3.641530307917137943e-01
-5.879846891646742790e-01
5.025817337874898261e-01
-3.810394773629521836e-01
-2.038724122407897799e-01
-7.290212107672560116e-01
1.061848315075769600e-01
-9.417395076875345605e-01
6.984142481803523594e-01
6.098849963733292689e-01
6.565578761967786336e-01
6.363989226590196502e-01
2.311209958782523000e-01
-9.451628680795456372e-01
-7.326991670242152810e-02
-9.312736335122604459e-01
8.464362988009054289e-01
5.761328326661518950e-02
6.531887741342086162e-01
1.296580437997942870e-01
-1.788166583489062544e-01
9.568916364469094438e-01
-3.973899414177863854e-01
-1.370009490907573291e-01
-1.000000000000000000e+00
-8.111262735050785988e-01
-7.412678092390359019e-01
4.901628240610616527e-01
7.359168534135016593e-01
7.241412866496210743e-01
2.941318343088996090e-01
4.392175579569118637e-01
4.219834216800110172e-01
6.561527577140318090e-01
3.623862571526277609e-02
-5.181346146259816488e-01
4.497229206216880049e-01
8.004756766795497747e-01
8.904666391455673402e-01
-7.111906923133735070e-01
8.357122947817641201e-01
5.606131385104768938e-01
-1.404038421977082951e-01
-7.671693917517421468e-01
-6.936852614270153650e-01
4.985001942435824951e-01
6.889502729361449695e-01
-7.598543443055438829e-01
1.857245822618156517e-01
2.351206366351903387e-01
5.530524061807207126e-01
1.110949137702745837e-01
1.000000000000000000e+00
1.001891512814760410e-01
-6.901746708565221766e-01
-4.219281965172756443e-01
-2.331228740851081227e-01
7.398719202819619145e-01
-7.857978473888491688e-01
5.116673015338257802e-01
3.943003806894815888e-01
-9.534665063338549906e-01
7.879347275655890215e-02
2.882292562923443602e-01
-3.924984007612171699e-01
-8.047134198619616541e-01
3.599453610612917132e-01
7.500505205057834690e-01
1.102007539494478383e-01
