-8.152230848353947401e-01
-3.702086972600198145e-01
1.000000000000000000e+00
8.283294550340235540e-01
6.530444782927912195e-01
-4.632186605710784111e-01
-9.663674364914873749e-01
8.583970130273166355e-01
2.385603117942536322e-02
4.571123673687238487e-02
3.591905351955407277e-01
-1.816183761329457358e-01
-1.000000000000000000e+00
-1.000000000000000000e+00
-1.000000000000000000e+00
-6.639887629189551443e-01
-7.754792100380170083e-01
3.448111929956688970e-02
8.224130220327524610e-01
-5.724662159382626347e-02
7.961419678851771042e-01
4.310998794280302415e-01
5.105333317959128703e-01
-8.113214107222117555e-01
8.473216934862699556e-01
-2.500873381490777980e-01
2.679072553588731087e-01
1.000000000000000000e+00
-8.537228093226401082e-02
-9.213591525762439005e-01
-3.004165967892241662e-01
1.693631441369070068e-02
1.555019104306687439e-01
7.750174651500346679e-01
7.576565551371824414e-01
3.271443305145721459e-01
-5.699623489504739293e-01
-4.474126767045865649e-01
2.039366482116143076e-01
-8.063925468013671827e-01
-1.000000000000000000e+00
-8.986352464802672690e-01
1.448758995973891683e-01
1.000000000000000000e+00
3.837590726228535809e-01
-1.103624889676861620e-01
-2.266367844148587385e-01
8.353688613804690632e-01
1.000000000000000000e+00
8.996416835368449272e-01
-8.081622198944897750e-01
-1.522444556671125881e-01
9.390980448367891587e-01
6.830705410022004376e-01
6.264640098870206675e-01
-3.417173707144331440e-01
1.734057164170427767e-01
5.515658755735670660e-01
-9.243238346075033363e-01
-6.826779502774509290e-01
5.585546066141419130e-01
5.796274896915470931e-01
-1.571545787946198591e-01
3.097610847846695714e-01
8.539467985406767880e-01
9.310000229513677450e-01
-3.358639610326774605e-01
5.067256058581720568e-01
-1.000000000000000000e+00
4.876655020421872822e-01
-3.483367895231349598e-01
4.414975251725944405e-01
7.584245654146585247e-01
-2.353977158644771084e-01
5.343620244444100553e-01
-4.606598609146300705e-02
-9.336510137027870249e-01
5.301000243078313190e-01
6.229717122821905040e-01
-6.798779191667001509e-01
-7.139856535843027707e-01
-1.000000000000000000e+00
5.817517574517704348e-01
-1.000000000000000000e+00
-6.819813633393918550e-01
6.610382972574713190e-01
-2.234265026274354082e-02
1.170471939249476123e-01
-1.000000000000000000e+00
3.021413859375334798e-01
-5.196609665128288924e-01
3.766910489336893764e-01
-4.359793452435860583e-01
4.791538016062029115e-01
-5.044879395953988377e-01
2.159638963549627977e-01
2.373009546618132237e-01
-6.765243279013808397e-01
-4.033994025776764247e-01
1.614547606962312143e-01
-7.027861777941908361e-01
-1.831913219956616268e-01
-5.656157802169342608e-01
4.796425596442946970e-01
1.000000000000000000e+00
1.127784964438991455e-01
-3.746737186352873117e-01
2.447903877275610374e-01
-2.666502160925673937e-01
-1.000000000000000000e+00
3.544698470500388665e-01
-2.448641772872335309e-01
6.157374055108210120e-01
1.000000000000000000e+00
4.621782653110100836e-01
-7.549691891429223256e-01
-3.023912876220800072e-01
-8.465007593760288662e-01
1.000000000000000000e+00
6.073395816067651554e-01
-8.187002388471276149e-01
-3.604247763601122756e-01
7.353221460443456481e-01
-1.000000000000000000e+00
1.000000000000000000e+00
-8.317618380094546904e-01
2.927360976417519023e-01
-9.066162984521205503e-01
-7.025367108231667101e-02
-7.533246549278940773e-02
6.822677128097526245e-01
-9.060622804361857519e-01
6.507360389005301116e-02
-4.839166327527566480e-01
-9.568627450963604897e-01
-6.408506021117258422e-01
-5.393989478883237654e-01
1.000000000000000000e+00
-9.547770226675769134e-01
1.000000000000000000e+00
-9.259057608057302824e-01
-1.448983113877698181e-01
1.923328325517521531e-01
4.030706189187800437e-01
-4.802886307076192907e-01
6.985631498206726908e-01
-1.000000000000000000e+00
5.920029221676863518e-01
-7.839504859741845966e-01
-1.000000000000000000e+00
5.858537572312336739e-01
-2.141826919029836407e-02
-7.474433370615185535e-02
2.798295016511356259e-01
6.558077990281639957e-01
9.654244927214354899e-01
-1.000000000000000000e+00
-5.740995289003786306e-01
9.435702038187864238e-01
1.835904810985014013e-01
5.670546814550150305e-01
2.051988632388009881e-01
-9.591178512219005192e-01
-5.913602852534457499e-01
-9.056690226446065806e-01
-1.000000000000000000e+00
-1.000000000000000000e+00
-6.720444750256765465e-01
-9.021146039245356851e-01
-2.705735348654747519e-01
8.562283946077526853e-01
-1.000000000000000000e+00
7.035237542728898230e-01
5.112562250945087289e-02
8.787105795773816341e-01
-4.131346337425376714e-01
-1.981164106121932056e-01
-1.000000000000000000e+00
-8.720594605258290555e-01
2.387226477260591395e-02
1.360275811538070034e-01
-1.000000000000000000e+00
-7.960187814894454927e-01
-4.213880885906248763e-01
-1.000000000000000000e+00
1.864392565139896263e-01
-4.910116186793089810e-02
-1.000000000000000000e+00
1.746305324940514436e-01
8.381581767838808261e-02
4.189362243061945934e-01
1.000000000000000000e+00
7.267800326345452699e-01
3.594513157504724554e-01
-4.794035013755727492e-01
1.471835200481989570e-01
9.977427793983757454e-01
1.999790025229585821e-01
-4.469501557296461369e-01
2.355884791095899100e-01
3.234357685578955199e-01
2.094707458484020013e-01
6.095131187895677094e-01
1.000000000000000000e+00
-4.954466187983990189e-01
-9.877512996131136980e-01
3.235787937246061841e-01
-1.000000000000000000e+00
1.241596889747920429e-01
-6.622054595182066405e-01
-5.154759467396254902e-01
-1.751760137479578261e-01
8.466987936240047974e-01
9.297714962415215556e-02
4.307843386729630630e-01
9.152989229732790832e-01
8.915556295944220278e-01
7.650170372478831693e-01
2.056941121445904352e-02
1.217035580045028043e-01
-6.451244867206523681e-01
-5.659076308876330730e-01
-9.222844100984237681e-01
1.000000000000000000e+00
-2.588096638649259873e-01
4.921761351290840913e-01
-9.337344955526797330e-01
3.183441386551357777e-01
5.863519538851862389e-01
-1.000000000000000000e+00
5.074419065307032017e-01
-1.429634662993316818e-01
3.552836514487134334e-02
4.885651041653767401e-01
4.918590831103113459e-01
-4.692201946058137674e-01
1.000000000000000000e+00
6.254745658296784194e-01
1.229729784023065042e-01
7.647100054827046245e-01
-1.000000000000000000e+00
-1.000000000000000000e+00
-1.000000000000000000e+00
1.000000000000000000e+00
8.088162885406602332e-02
8.593056542722716795e-01
1.000000000000000000e+00
4.554259113560642502e-01
-1.054706035048381674e-01
-1.000000000000000000e+00
-4.050375480234369441e-01
4.040604990704044219e-01
-2.258417972757165160e-02
2.398244198574662756e-01
-6.969722469810983867e-01
-1.000000000000000000e+00
3.949916650112084149e-01
-8.436869541125807670e-01
7.255491088856570459e-01
-9.048654047411764934e-01
-7.411075049535109649e-01
-1.000000000000000000e+00
2.335742025990827919e-02
5.337717097896448326e-01
-4.096710993005452384e-01
