8.089787554442791073e-01
-8.423614526603790953e-01
-9.289150405399457799e-01
9.554208132643020601e-01
-1.880349426562895054e-01
4.093760856658237302e-01
2.166791026599745873e-01
-9.548920727781036177e-01
3.541426502185851533e-01
3.831399103385888516e-01
2.603582386184286612e-01
-1.860250469645643445e-01
1.659134160251301005e-01
-4.538245252498136484e-01
4.500532004266100117e-02
-6.135780021590087063e-01
2.625598029872193706e-01
8.620753034400079340e-01
3.781794348091160884e-02
-1.000000000000000000e+00
-5.507859713113116840e-01
-9.318099005710347438e-01
-4.542522727715994080e-01
4.487991859545763518e-01
-4.657215107477807869e-02
-9.839824803280758925e-01
-7.867669090115170238e-01
5.695844019605817987e-01
2.140237858942710680e-01
-2.558903168899462344e-02
7.509332367811154541e-01
-8.145499099937292264e-01
-5.862471240938176287e-01
3.367446910674209981e-01
7.486294430813035250e-01
-9.150197422975876460e-01
3.250417748244953664e-01
-7.977995133457538302e-01
8.153623946091352881e-01
-4.661608743061032012e-01
-4.270918828206098361e-01
3.769721297187622611e-02
4.323344096565566730e-01
-1.000000000000000000e+00
3.092691929304436371e-02
4.268030663797421909e-01
4.416441160731028326e-01
-1.000000000000000000e+00
-4.236622719444289586e-01
8.978115545850573476e-02
-6.026120718772158824e-01
-1.573754568236921947e-01
9.409578504116409281e-01
-1.816415366128480979e-01
8.697326569749221914e-01
1.962384888085302315e-01
7.867820631021833488e-01
-3.893730119351355157e-01
8.575702965994311811e-01
9.848629827314843155e-01
-1.607689079393530562e-01
-1.092639427538197872e-01
-7.285589230094382529e-01
1.403026480572142631e-01
-8.384960744672886879e-01
4.920760503173406963e-01
-3.283201599149268013e-01
-2.169086057573377246e-01
-1.311154601466451020e-01
2.474746983895017571e-01
-9.473115278010981744e-01
4.574863108770577114e-01
-4.099433918925661224e-01
3.889170915186250799e-01
-5.002733620740562603e-01
-3.301184966706656176e-01
-7.647093229797221614e-01
8.859222488036579968e-01
-9.653284180055392572e-01
2.676898531050184715e-01
1.459575670397228464e-02
7.377041611510204433e-03
-1.939122691696806289e-01
5.240698812043587118e-01
5.343457344229998185e-01
8.658615307462000921e-01
4.922964701721332936e-01
7.277571609163726585e-01
-1.000000000000000000e+00
-3.745759455619586120e-01
2.658085915513235253e-01
7.952374573982203820e-01
2.413847992329383185e-01
-5.003473171954915255e-01
7.345833946084712185e-01
-7.585085427132882696e-01
-9.466186734412517234e-01
9.099353936858045611e-01
-7.981334864367006787e-02
4.867998402079163345e-01
2.247621157966431249e-01
-9.956995400329458068e-01
6.656807403431775905e-01
1.298865360934271795e-02
-4.882274023621816506e-01
5.530341855253757544e-01
-5.263952362082982006e-01
-6.776401024473734935e-01
1.606166907352080120e-01
-1.240554745299539685e-01
7.013783280590220048e-01
-9.338379544364276974e-01
-6.510641444750338014e-01
-5.082905560826758151e-01
8.871428067112376858e-01
1.492591495228767773e-01
5.758573395002863915e-01
-6.892742482325673326e-01
-2.237359427152297853e-01
-4.996376179965626996e-01
4.169166955847061207e-01
-1.942691904130078306e-02
-8.492378955195074575e-01
-2.666972476288687055e-01
-5.174991032888771603e-01
6.946372971523038231e-01
5.724993106639424401e-01
-7.634035581332183629e-01
-2.831068214738758915e-01
-8.330496589011853192e-01
3.545221794613924171e-01
2.291499768326885622e-01
7.526292695603009619e-03
-2.939197615749244985e-01
-7.913532349155398826e-01
9.458788758507223893e-01
-8.898069776733159575e-01
-8.474416016514108030e-02
6.678364121783046947e-01
-4.949370010156259880e-01
-2.879781758113000301e-01
-4.341732559153627102e-02
-6.673451490401152708e-02
3.515471436271828676e-01
8.383842290340282055e-01
-3.289711749426316167e-01
-9.760642191904875808e-01
-3.290294446280839225e-02
2.002597487586093017e-01
-4.484395008315800180e-01
6.536752959852343281e-01
1.000000000000000000e+00
3.449225891663962873e-01
-6.616940801443749187e-02
-8.958695372082237096e-01
-6.174528079932639635e-02
-9.831955559105500786e-01
7.740876927254747297e-01
-4.990415928284703817e-01
6.499003949900667987e-01
-9.632074405517685456e-01
-8.247481787433805778e-01
-5.604040735797855000e-02
5.514763897223406985e-01
-4.370963560871845566e-01
9.137667509101301544e-01
-2.470458485349691369e-01
2.626503138748363941e-01
4.933934270530686561e-01
-7.285914859025346413e-01
-5.146807874609227174e-01
-8.756575364031697895e-01
-7.659732998546437965e-01
2.238705850809088460e-01
9.854750261965949942e-01
2.177057324394171545e-01
-9.426926462320370792e-01
-6.427644559932874646e-01
3.229447100060889309e-01
-6.113385712191401478e-01
-2.023383875170670088e-02
8.793071470386908395e-01
-1.322870019028957733e-01
-8.082753326812373018e-01
-2.694144846348200950e-02
4.165899908426491383e-01
-1.000000000000000000e+00
-5.970663203919777118e-01
3.180672583971637657e-01
-2.733228591511986938e-01
-1.131251661573329237e-01
-5.223900585442342592e-01
7.394431062844324387e-01
6.482468412772679489e-01
9.494177399493253233e-01
2.817915836612728819e-01
-5.933873915889078532e-01
8.340485661797145678e-01
-5.261869524520603747e-01
9.772062907145044885e-01
6.006173748874252816e-01
6.427372788893765954e-01
6.450627402804141042e-01
-1.077079958804292303e-01
-4.737154207799334493e-01
6.207811055637557640e-01
4.863096909588162653e-01
4.694003262900756646e-01
-4.789368800365743084e-01
-2.156284305262179402e-01
1.893638703462010575e-01
5.109208323435643351e-03
-9.949366278033067168e-02
5.628220023917280823e-01
4.882196453278022652e-01
-1.000000000000000000e+00
8.454078124785120441e-01
-3.150748279098042337e-02
-5.535107388711539844e-01
1.055254265716980555e-01
-5.907088724668709823e-01
-9.887733874069144502e-01
-5.465654589313633238e-01
1.378531844377106630e-02
-5.093499798133425127e-01
-2.464733126969509414e-02
4.016528585856014022e-01
-6.801307463564358891e-01
-7.198805603010449694e-02
6.764322405763301127e-01
-5.428469998938001417e-01
6.343236890825296737e-01
9.088498849878332564e-01
7.576940316921023655e-01
-6.194485626358237074e-01
1.528732930067782103e-01
-5.487956802195403938e-01
6.522430777724061990e-01
8.186467303942719376e-01
4.902752861253238947e-01
-9.765835179231059371e-01
-8.465310372688532592e-01
-3.886913671162335326e-01
-9.504568639634363159e-01
-3.081740740392613365e-01
2.041369897979739001e-02
-2.870089071739623243e-02
8.167151007772732729e-01
8.182884874829829958e-01
3.911198294463524849e-01
-8.490335967076472201e-01
-4.266310147838174860e-01
-8.922880071585543860e-01
-8.377742412186315324e-01
2.201632593923694703e-01
3.930116028320056465e-01
8.229887210583950452e-01
4.871625448730909635e-01
7.087746471835214557e-01
-1.524889711200287934e-01
-7.665383679283630514e-01
-9.270488366219253873e-01
7.561572749469667176e-01
-5.025492714013652940e-01
8.574297278905990138e-01
