3.843478788729997597e-01
-2.585251207683236796e-01
-8.116265234757604752e-01
-4.849373059671951980e-01
9.151621285925187754e-01
1.708353117206182215e-02
1.929117385209984659e-01
-3.800895027291028017e-01
2.967728637736646857e-01
7.907651961120805151e-01
1.667741322078248045e-01
-2.770288992018746788e-01
5.238111553330504488e-02
-5.480867426066533543e-01
-7.473570872969550472e-01
1.406540199676742098e-01
8.083753638777848582e-01
-3.994741888960326448e-01
4.577993806824298684e-01
5.911095053374992858e-01
-9.469621577295538328e-01
-4.155624475707789811e-01
8.211125322062267085e-01
5.710310991228214617e-01
8.925865350775464835e-01
1.000000000000000000e+00
6.938380325114374969e-01
3.318625481721996229e-01
8.278081709981315039e-02
-7.443185299003968192e-01
-1.000000000000000000e+00
5.742272318406269616e-01
1.270496933668089912e-01
7.109994484726570585e-01
-6.079536808086440924e-01
9.304327214592488238e-01
4.668784375308385193e-01
7.435332241166385803e-01
6.403522841158987289e-01
-8.672167930863605712e-02
-5.715109434812832845e-01
-2.803732609144905519e-01
-1.602356376638323088e-01
1.706578803726951366e-01
9.392213483633169435e-01
-3.257171630509620996e-01
3.987865496396647558e-01
3.132028604296734908e-01
-9.517591461724059787e-01
-1.000000000000000000e+00
-1.000000000000000000e+00
6.573489968364657487e-01
-4.561729984773709168e-01
-1.000000000000000000e+00
-4.145635434619094339e-01
-1.140015959084139663e-02
6.306576211094498952e-01
1.000000000000000000e+00
8.349064200868789865e-01
-5.888068276506384091e-01
1.000000000000000000e+00
8.210837095846145184e-01
1.000000000000000000e+00
-3.945245776778801283e-01
-1.000000000000000000e+00
-6.455198036397363781e-01
-7.577640335323318488e-02
-9.913649553577187357e-01
-6.281722186689481235e-01
2.667887101037949016e-01
-7.374448652536679250e-01
1.000000000000000000e+00
-1.000000000000000000e+00
-1.000000000000000000e+00
-8.136988942116193391e-01
-5.244815499416745075e-01
9.403198711510235563e-01
-4.009559054496505404e-01
-1.000000000000000000e+00
3.372031918251880978e-01
3.333320610596144928e-01
-3.825630879177731036e-01
-3.015579807523508515e-01
-2.297966786968674291e-01
-9.457258922175809657e-01
2.726343315423446767e-01
-2.848880319048420762e-01
1.000000000000000000e+00
1.000000000000000000e+00
2.753635907480593281e-01
-9.714119500800064699e-01
4.849153085412312714e-01
-6.954201501060216506e-01
-1.534648536186290768e-01
5.948912457324421199e-01
-1.000000000000000000e+00
-7.395324636638652693e-01
5.684591527711193581e-01
-2.437094387406265605e-01
4.313991077194326285e-02
-9.734595973873080288e-01
1.000000000000000000e+00
-3.920103587779351639e-01
-3.688074324972790974e-01
-9.800061982058291266e-01
1.291211954722342736e-01
2.465832030372844264e-01
-1.000000000000000000e+00
1.476980113201812328e-01
1.284296325301069741e-01
-5.568255007733815543e-01
5.147924864562468672e-01
4.280211538399643079e-01
-3.371584966121954352e-01
4.682347930600284647e-01
-1.000000000000000000e+00
-3.141769845510080095e-01
-1.974878175940587566e-01
-1.000000000000000000e+00
8.152103084007005229e-01
4.037826449567419318e-02
-1.000000000000000000e+00
3.719738336805474277e-01
6.542996572399505384e-01
-9.716962050573296761e-02
-1.000000000000000000e+00
1.000000000000000000e+00
7.986762073452480237e-01
1.000000000000000000e+00
4.936524397638265005e-01
-1.000000000000000000e+00
-3.675190913819607053e-01
-5.560094003064212087e-01
2.345370491956978443e-01
-1.000000000000000000e+00
4.239491654695597966e-01
-4.707988360416002216e-01
1.650034773899827778e-01
-4.702441512765625498e-01
1.321441361281509574e-01
-4.687567239067115810e-01
-4.954820717311821943e-01
4.949476911181409367e-02
1.000000000000000000e+00
-5.100360675702775293e-01
-7.055450864739750694e-01
-1.558782058868534159e-01
1.000000000000000000e+00
-9.205484569280362184e-01
6.877360204834126467e-02
2.404840429417570702e-01
-1.000000000000000000e+00
1.000000000000000000e+00
-1.000000000000000000e+00
8.958279975132934503e-01
7.854594857620558201e-01
-9.982326370483004530e-01
8.080160194864003387e-01
7.109733532397634059e-01
8.214504084254050653e-01
1.000000000000000000e+00
4.193506349466752381e-01
1.163205858728860731e-01
1.000000000000000000e+00
-3.565287513028903010e-01
-1.384529067223831400e-01
6.691795491051877320e-01
-8.423224317916681025e-01
-5.610989498236280681e-01
-8.862626019232769936e-01
-8.176397595307707267e-01
2.717107136613137186e-01
3.449036239555596794e-01
-7.932929541268564089e-01
-6.531076346945708933e-01
-9.266717404594391194e-01
-1.000000000000000000e+00
5.181784508986161386e-01
-1.000000000000000000e+00
7.707130450316757031e-01
6.081442094961985179e-01
9.178240540383332258e-01
1.448015923556392887e-02
1.000000000000000000e+00
1.000000000000000000e+00
7.718389614138654320e-01
-5.159680512854211143e-01
6.613931601049867215e-01
1.000000000000000000e+00
-8.838834229147096710e-02
-6.598855958782431363e-01
2.729044563241982968e-01
-2.688334119952331402e-01
-8.766493153676451211e-01
-8.189432333043120682e-01
5.428991036493719946e-01
9.937686059585425502e-01
-7.238044250760138354e-01
6.610785175972741512e-02
4.334963349338812333e-01
-1.671709343263825809e-01
6.150445014186679549e-01
-7.738468759186322155e-01
-8.038965270808484664e-01
-7.868905732331593628e-02
1.315862962267191905e-01
9.594553346021872375e-01
8.353117907918972823e-04
-5.909257796823559339e-01
1.199219706299364252e-01
5.800155010035689118e-01
-1.076061009621765707e-01
2.789798658054595815e-01
1.511171406413132079e-01
8.091430391131410049e-01
-1.000000000000000000e+00
-1.000000000000000000e+00
-8.419950190903777720e-01
1.648881945845923069e-01
-6.461525113866025682e-01
8.468309328347184417e-02
2.958664471727150969e-01
1.000000000000000000e+00
2.222492154948912946e-02
-1.981639241407735230e-01
2.084575704264507445e-01
1.000000000000000000e+00
9.710963537119675637e-01
8.088456318321027849e-01
-2.908217920385591793e-02
-1.997281494601413909e-01
2.190357273517866687e-01
-2.842438144123842214e-01
-6.200035988791132713e-01
-3.171680836205122422e-01
3.121468123000918360e-01
-1.257240726380963736e-01
-1.000000000000000000e+00
-1.000000000000000000e+00
2.830610898236474160e-02
1.264084741643652365e-01
6.513571896019940688e-01
1.000000000000000000e+00
1.020851380602996461e-01
-8.875563394353457036e-02
-7.943355438491914722e-01
-6.684987683411278692e-01
8.896616893227931033e-01
3.031410034449304458e-01
2.109429714871761952e-02
-1.000000000000000000e+00
-2.382314366085404034e-01
-6.430067148673963562e-01
-1.007453493991236071e-01
-3.938124038012994488e-01
-9.803511178907358126e-01
-6.224596736954770559e-01
-7.287111593079292904e-01
-8.575815212629113449e-02
-5.622427949211763476e-01
-1.000000000000000000e+00
-2.917589027257075363e-01
-2.018153497131639773e-01
1.735613223263619276e-01
2.495092279395212942e-01
