-4.238435213786009292e-01
9.599988945487178960e-01
-7.591635392960772721e-01
-6.901436394446383016e-01
-8.590147738748016293e-01
6.860820887323932915e-01
4.820153091365321496e-02
8.394510945354990428e-01
-2.907240305361692423e-01
6.157881775761324672e-01
5.803687825089511865e-01
4.666864050977279632e-01
2.224857593597656669e-02
-8.773232539189462775e-02
2.390916599880521243e-01
1.093896070973245926e-01
-4.966494645588085954e-01
4.472942802290833519e-01
4.832930042446234031e-01
4.293607666556430863e-02
3.913481947177275821e-01
-7.831909340629978900e-01
-2.669000262215107111e-01
-6.795194008181904000e-01
-3.764758329179139218e-01
5.622955564357259295e-01
-5.952315936952896624e-01
2.639550986068807115e-01
-7.888405419848333322e-01
-1.374838915075936030e-01
-4.349092596404744437e-01
-5.765330706500062519e-01
3.019767529674273199e-01
-6.646153885944692252e-01
-1.780506988327879014e-02
-1.480454473657512593e-01
7.680134975667780584e-01
-8.533675419672878681e-02
-4.709823367947268968e-01
3.759375482101621757e-01
1.958453126998959126e-01
-2.938989565613565613e-01
-1.480764502705784191e-01
-1.000000000000000000e+00
-3.655569531103645131e-01
-8.915541433372122793e-01
1.543657986429038953e-01
8.528062452218868050e-02
-7.133154238945116354e-01
4.391120933036016249e-01
5.111101709391783210e-01
7.466336914749551745e-01
-4.173482675420796539e-01
6.968902243820868092e-01
4.717371845755868875e-01
-2.139125272143309053e-01
9.546266473891016346e-01
1.427526142955453103e-01
-1.383192715279625284e-01
-6.514682952989794273e-01
1.000000000000000000e+00
1.000000000000000000e+00
-9.998513117769699532e-01
6.706656375026341654e-03
-5.932303524818437479e-01
9.282986331635711963e-01
-2.697223143949594171e-01
-5.721329137667515718e-01
1.084901023787872010e-01
2.001716615021806867e-01
5.562994674138157514e-01
-2.198410977241088138e-01
-5.935069256947302918e-01
-1.848205958836782181e-01
1.000000000000000000e+00
-9.926819195889747816e-01
-1.000000000000000000e+00
-2.584282908324337935e-01
8.380677794163367000e-01
-1.878179990285763212e-01
-7.006766082178601529e-01
4.386277844314913077e-01
-5.579027993733676194e-02
6.619907512532291483e-01
9.492774364615836902e-01
-2.513606612395404283e-01
-3.427877038133625431e-01
-1.969008436135871731e-01
6.736315271624402357e-01
-1.000000000000000000e+00
3.747868984182978203e-01
-6.637423674341733637e-01
-6.432513179733809205e-02
-2.194568367115530272e-01
-8.703142060124560153e-01
-4.102405860447929653e-01
-1.888586060196415783e-01
6.086450346253133858e-01
7.479481273559140941e-01
-6.483262841419488165e-01
1.536497186306234886e-01
-7.703545910174258715e-01
1.484659208490916038e-01
-2.445478948079883308e-01
-2.061810571196192043e-01
-1.640136641811780205e-01
-2.230258254430613762e-01
7.078540347019590673e-01
2.668827656827965633e-03
8.131190334899931482e-01
-8.198983918890490052e-02
-3.346365530850320402e-02
-3.316399011565651644e-01
-8.017028815371562978e-01
3.878884813615985916e-01
-6.494658359578538986e-01
6.525940477160253606e-01
-5.293534792584334570e-01
-6.563910054477722911e-01
-1.000000000000000000e+00
-4.654385177159471310e-01
3.631448218546340367e-02
2.234336996206173487e-01
-4.951492377661698141e-01
1.978887933265291998e-01
-7.142804045431068449e-02
-1.000000000000000000e+00
4.394422900963435019e-02
-9.309170248940289438e-01
-1.000000000000000000e+00
5.170399135033482141e-01
1.462046275694649788e-01
-6.560813045965012691e-01
-1.645651045519393452e-01
-7.797110478912774312e-01
6.776175525974562630e-01
-5.573811403614874482e-01
-6.457714335266485639e-01
-7.526142688057331220e-01
-3.675009704363797758e-02
-8.387200969990563637e-01
-1.000000000000000000e+00
2.738222085598700506e-01
5.500733345909317729e-01
4.566195106445098961e-01
-6.463297127197331626e-01
-3.287571696940410626e-01
-8.860393420884362659e-01
-2.943455821077056722e-01
8.315147498705194318e-01
-7.463749636524227848e-03
7.545530796851430688e-01
-2.091242270931951697e-01
-1.940045356830530920e-01
-1.705583453411382844e-02
9.956370959082707639e-01
1.000000000000000000e+00
-2.222802368470425671e-01
3.925045635451063220e-01
-1.000000000000000000e+00
2.002844357422011168e-01
-1.000000000000000000e+00
4.889499289851048647e-01
-3.761519612382393518e-01
5.699878904815197656e-02
5.153375261220372039e-01
-4.617931680224720559e-01
5.505085716997835110e-01
7.441917641520436888e-01
2.551792258726917062e-01
-7.037805621051242966e-01
3.916415603784304533e-01
-3.231762086797037026e-01
-9.551590288190936473e-02
-1.000000000000000000e+00
6.386417349361961371e-02
-4.617775057047562859e-01
4.469637126995638643e-01
1.495982900697803153e-01
-7.683974026175377503e-02
-6.142809404813610596e-01
6.710611108408423009e-01
-9.105167875192704541e-01
1.000000000000000000e+00
-6.445397435167771194e-01
4.138954388121852124e-01
-4.209585172336374193e-01
-5.599286460416463829e-02
-1.285374446865118203e-01
-3.786093373278869301e-01
-7.752764318262268528e-01
7.627285714045015652e-01
2.916964575362540057e-01
-7.472470098916763614e-01
4.071521504664157298e-01
7.629673501608636998e-01
-5.993886752013233288e-02
-5.718705281735956270e-01
-6.582810891119303953e-01
7.666111950776532957e-01
4.634901552488960852e-01
5.476294467520689269e-01
6.531088311456157980e-01
3.097289040137344296e-01
-6.628338678216173507e-01
5.609194073039056594e-01
-5.225058124608991106e-01
5.104603375069028948e-01
5.203851079386353495e-01
-5.940409510946044191e-01
2.168690793588573529e-02
1.165322132552688295e-01
-1.000000000000000000e+00
1.000000000000000000e+00
-9.252541212725926556e-01
-2.344393964450192658e-01
6.160854103695543316e-01
1.000000000000000000e+00
-4.294941246906816001e-01
7.807538765314978590e-01
7.052972447906471487e-01
-5.711458241988470741e-01
-6.995504202761013701e-01
4.470645342681667245e-01
-2.168723185110737195e-01
2.941688661709375152e-01
4.295271849193234015e-01
-5.428641280133197911e-02
5.525404967910333420e-01
-3.452535775879661539e-01
2.785973952595198755e-01
-8.066111936171331820e-01
1.000000000000000000e+00
6.932052814978488797e-01
-6.201315314047376459e-01
6.841315767048998797e-01
-9.161992010019013311e-01
-2.935343141857060800e-01
2.397876992562832654e-01
3.956691122503104285e-01
-7.448311401565932410e-01
7.549795128200875727e-02
-1.000000000000000000e+00
3.073495602786266434e-02
7.687122164114321698e-01
3.563127143182691636e-01
-3.313507386015628331e-01
5.148709354367911883e-01
-5.704725952568235892e-01
1.000000000000000000e+00
-7.309699698988796346e-01
5.390704767825205135e-01
2.775703108569225197e-01
5.635871270406340727e-01
-5.668160700330370227e-01
2.590798056579219355e-01
2.787257476279482726e-01
3.370964062103738446e-01
4.995929909108154376e-01
5.619054492343141805e-01
-2.097911087234576311e-01
-1.381868315326576502e-01
3.249919484230405498e-02
5.536368889129306137e-01
-1.383309666951187955e-01
