-3.909913211713018644e-01
-3.068322748433055525e-02
3.586357886017660923e-01
5.600609311813985469e-01
5.015613788658062067e-01
4.512360115584188591e-01
7.245426759275541695e-01
8.976863077074836994e-02
2.959419338773858765e-01
-3.254269949887234059e-01
-4.534627454691440018e-01
-2.553515489924169657e-01
6.710377925870728566e-01
-2.253850981327216174e-01
-4.916538279018027868e-01
-3.125311585521739488e-02
-9.311822368591515797e-03
-9.325171750334830811e-01
-7.047676201343022750e-02
8.732156560965460557e-01
-8.560901402555600725e-01
-4.764199568243141503e-01
-3.373226406712294678e-01
1.611016784233600119e-01
5.264961611414077369e-01
-7.485205187850260122e-01
7.653891026247516827e-02
-5.094148257038955130e-01
8.146981520082567929e-01
-6.996495303611384164e-01
5.155115623367230171e-01
-4.826484780939578889e-01
-5.040793925311624069e-01
-1.000000000000000000e+00
2.936028163626678289e-01
4.115796283863510929e-01
1.623857546053391054e-01
6.182389006101963735e-01
-8.607457919125143242e-01
6.880478559186165022e-01
-1.949596806733902010e-01
-8.605794631673775452e-01
2.089797561112661239e-01
-3.422808522961415800e-01
4.583610849597042902e-01
-6.362032933107066857e-01
-2.843952230843156403e-01
5.438857816438618098e-01
2.645797164203829155e-01
-1.825310960042153541e-01
5.451302314600208199e-01
-6.660927349096166239e-01
1.626538365501619676e-01
-1.520169405070527224e-01
-4.099394715740238837e-01
-2.518911959113986354e-01
-6.174480492593452663e-01
-1.339256220445047552e-01
-6.667080535750339321e-01
-4.799360569341053484e-01
-8.523848266474127744e-01
1.000000000000000000e+00
-6.134607564343808050e-01
-2.613231776398067252e-01
5.114136467052374790e-01
3.265941454917631326e-02
1.136502476766734215e-01
-6.379277854136808923e-01
-9.771200268162829605e-01
-8.164367068846434261e-01
-7.876611205099033342e-01
4.463789272729783431e-01
-4.511754557735432325e-01
3.766186991999888600e-01
-6.997459379874577667e-01
2.374426439682701950e-01
4.642358426638782398e-01
-4.445083683642822026e-01
-4.037733285684509399e-01
8.208317613955576908e-01
-1.000000000000000000e+00
-1.000000000000000000e+00
-4.199638268186767220e-02
1.375003891785069321e-01
-5.391249543259815091e-01
-8.764108320350008086e-01
8.804146994682837679e-01
1.044974704778622865e-01
-1.554836042741660762e-01
5.860740336458319932e-01
-1.368313219222061505e-01
-6.401606908936265938e-01
-6.503859928661663570e-02
-6.247652707633810643e-02
2.799092090546250189e-01
5.179884086789222630e-01
1.000000000000000000e+00
-9.833726219269711688e-02
1.000000000000000000e+00
-7.823870237253971460e-02
8.245500738075097757e-01
-8.049973639664409486e-01
-3.151950448025431228e-02
1.216912693901690545e-01
-7.189747163062645274e-01
-1.000000000000000000e+00
-8.843870941558358290e-01
6.921946103291979346e-01
7.227289129947338520e-01
-8.434711424650780387e-01
2.544313098876088697e-02
-2.215132801141545815e-01
8.816037960256252470e-02
2.616773663079114964e-01
6.735976319995051753e-01
-2.791767120254113888e-01
-5.275355031491635316e-01
-4.001742720554064547e-01
7.362975399203950388e-01
-8.039762711108213722e-01
1.374701357840157900e-01
7.244691781689138743e-01
6.795099489134932558e-01
4.431465556396456118e-01
-8.404190869455046009e-01
1.000000000000000000e+00
4.332907274248574137e-01
-2.475843876187504566e-01
5.978878016515722926e-01
-4.638487010875666505e-02
7.068842056341100299e-01
-8.104852787355349975e-01
8.027306277224513509e-02
4.149211464016575035e-01
-8.818966424858221131e-02
2.655291053281025881e-01
1.000000000000000000e+00
4.160544842797664344e-01
1.532169646148862086e-02
5.954353026665629711e-01
-3.158796286094597283e-01
7.414014017275158963e-01
-9.042954807287267860e-01
4.799299328502082407e-02
-2.626213198635718449e-01
6.205227143481573115e-01
5.954196119176431434e-01
-2.145204770964844743e-01
1.000000000000000000e+00
3.172468868595781366e-01
-5.190706785809986457e-01
2.561489333601191243e-01
6.877361474463283830e-01
-6.532889403524750893e-01
-4.975430926210055449e-01
5.890220401283079443e-01
4.297404621898803789e-01
-5.473140288327632552e-01
-6.372432195004125166e-01
-4.533747404010401993e-01
5.465182929877112489e-02
-8.851977121659702075e-01
-5.480770756666468735e-01
2.100748314422539592e-02
-1.000000000000000000e+00
-9.909478858188451866e-01
3.416924554656664004e-01
5.680013792279277052e-01
-6.898249781276638570e-01
-1.912078069307552308e-01
-8.016637077121269161e-01
1.000000000000000000e+00
-7.797629862943571410e-01
-6.240576399515820327e-01
-1.000000000000000000e+00
-3.628317419651727604e-01
-4.792180013603924427e-01
-1.189173389414956983e-01
5.044941177307791236e-01
7.031871516757736140e-01
3.646539739585165085e-01
2.388419036664191086e-02
-1.000000000000000000e+00
9.197998692690911859e-01
-3.685648058429442653e-01
5.545968957818975253e-01
-9.452710974431723923e-01
2.069070158581955976e-01
1.226242821554103801e-01
4.829664704420694177e-01
8.733633481199338799e-01
3.235916436230785731e-01
-7.228098730130032568e-01
-4.582355341199748633e-01
8.331830806576567827e-02
-6.715704783737790340e-01
-2.276787865182609144e-02
-1.000000000000000000e+00
-9.999429522732455888e-02
2.318351150333290978e-01
9.059449021621219789e-01
-6.374970968238268254e-01
6.383269561471300868e-01
-5.258477395526828246e-01
3.107722912737048704e-01
3.442807713697919603e-01
1.000000000000000000e+00
-6.260505860183680493e-01
-2.012876187212532253e-01
7.222160315161298971e-01
-8.880293809463968291e-01
5.604061245375868694e-02
6.180421703637277719e-01
1.000000000000000000e+00
5.271901747897770329e-01
6.822783533984673188e-01
-3.150370544637230985e-01
-3.051675907001714094e-01
5.621189702052180603e-01
7.711161161126309782e-01
1.000000000000000000e+00
1.103585235130637443e-01
9.470983488113391413e-01
-4.213261873774519772e-01
-1.000000000000000000e+00
7.156412591954530722e-01
-6.153614641899820548e-01
-6.436814638179477743e-01
5.052078038325424902e-01
1.271737418580408674e-01
-4.337616463633700015e-01
-3.645646948403680199e-01
5.116039723334960820e-01
-4.990131345681454444e-01
-2.664302277000907271e-01
3.317048798655885533e-01
8.525696117066914326e-01
6.758106008672803977e-01
2.190775290897880312e-01
7.012356382041473601e-01
-3.617753826381187032e-02
1.802393006404170439e-01
-4.964537682372267557e-01
-1.000000000000000000e+00
-7.034077140965003805e-01
3.946219938187192078e-01
-1.919596865322008572e-01
6.171499945949006083e-01
8.463470239369539350e-01
8.222005980247353296e-01
-4.739108616025569098e-01
2.317996989961234322e-01
-5.043770138599479314e-01
4.855541752198835326e-01
-1.000000000000000000e+00
-3.474666051907824293e-01
7.830315628251858229e-01
4.809862221727998488e-01
-9.584743593712308218e-03
5.499842809605748339e-02
-3.124242722544250395e-01
-1.000000000000000000e+00
-3.650417953496756240e-01
3.963783362902628671e-01
6.489945441403426329e-01
