2.615167807523159915e-01
-1.000000000000000000e+00
1.000000000000000000e+00
-3.015005619038227946e-01
-1.000000000000000000e+00
9.576844718092630826e-01
-5.225759261993735416e-01
-2.264185166747153533e-01
-9.157005030342870722e-01
-9.231303132942283440e-01
4.988178423773677039e-01
-6.276383935146268023e-02
5.385612328243124525e-01
4.810177931387099592e-01
-1.000000000000000000e+00
-1.000000000000000000e+00
1.000000000000000000e+00
-5.791715026254653509e-01
-9.115238234868944245e-01
-7.076649858387268344e-01
1.000000000000000000e+00
4.713665051855904231e-01
-1.000000000000000000e+00
-1.065962666123813074e-01
-9.509552437066395858e-02
-5.453946100252179408e-01
-1.000000000000000000e+00
2.996433180235238969e-01
-9.886942256506907611e-01
3.253051561796003188e-01
9.416421976534730676e-02
-9.454741958447263617e-01
3.729091633688446650e-01
9.982745586989041353e-01
-1.798873256177787039e-01
-1.000000000000000000e+00
1.000000000000000000e+00
3.982805911668899079e-01
-4.751211402806803652e-01
-8.618905873133604345e-01
-7.469859304431356595e-01
-1.259762269219238395e-01
1.000000000000000000e+00
-3.217631173127080135e-01
-2.202849800794106638e-01
-7.663676924526979795e-01
-8.821993509154865132e-01
1.000000000000000000e+00
-8.871895064174689649e-01
9.479153610378917572e-01
3.061960394881629854e-01
-2.756757780279702752e-01
7.110070173485951717e-01
5.885550285023399830e-02
-9.335885256759842710e-01
6.497321790802939034e-01
1.573330290907306583e-01
-8.250257289208258182e-01
8.627405480933231230e-01
7.526309836485883809e-01
5.657432333442871109e-01
1.000000000000000000e+00
-8.823140036544533382e-01
9.733782683057075058e-01
2.476711882218701755e-02
9.592384550742238947e-03
-5.749634730771224778e-01
-1.000000000000000000e+00
4.821961874288874794e-01
2.881995878277773260e-01
-9.677936126152320018e-01
1.748603614432326925e-01
-4.512140115646628979e-02
1.000000000000000000e+00
-1.159177696793061152e-01
5.929258998824848970e-01
-1.060272521976166615e-01
1.000000000000000000e+00
4.679291245535699417e-01
5.400384519081211643e-01
-3.261835911887018824e-01
-3.603771493161860295e-01
5.727071432640880033e-01
-1.000000000000000000e+00
-4.067772194494942983e-01
-5.574563105944191355e-01
-2.366883103706383107e-01
8.228196167071707423e-01
3.914308949616571720e-01
4.098926009658181990e-01
-7.616736687198508715e-01
1.000000000000000000e+00
1.000000000000000000e+00
4.566117416090530456e-01
-1.000000000000000000e+00
3.816074814935939141e-01
9.738009900174500189e-01
-9.328841944536732100e-01
-2.040580357806865974e-01
7.140333592537477791e-01
2.100753863007545630e-01
7.663155542352790839e-01
-1.000000000000000000e+00
-6.532971014219386419e-01
3.934946280060476753e-01
-9.335883398129851685e-02
-9.699040970465431233e-01
-6.435608142222332129e-01
2.192558742195064303e-01
-9.208842224437274737e-02
6.137291989134479042e-01
-6.352932624478223600e-01
2.370641395413342345e-01
-1.000000000000000000e+00
-3.029135583860664838e-02
-3.317865299021658942e-01
1.000000000000000000e+00
4.638694467883389128e-01
-1.577331031072506384e-01
-4.187312822285108593e-01
5.653683302871492788e-01
-1.000000000000000000e+00
8.458389156709480439e-01
3.000031298706971050e-01
3.095665458133034509e-01
-9.525944855230543684e-01
7.585161756978738845e-01
4.699485059147450183e-01
-6.498670351503622600e-01
-2.926711287789113269e-02
-4.385652697924617427e-01
-5.362660816873154879e-01
9.871265202992962617e-02
-5.326356751372913756e-01
6.731517961555197882e-01
-5.241027936515324503e-01
1.374301723956421195e-02
-1.000000000000000000e+00
-1.000000000000000000e+00
-6.710666788552800410e-01
-4.641970107584496019e-01
-8.374156747096519471e-01
-4.313751021076676073e-01
-8.321077944758923373e-01
1.632924881224525615e-01
-4.868972245287261913e-03
2.499237867528972812e-01
-4.516482249396360782e-01
-1.000000000000000000e+00
-1.000000000000000000e+00
1.000000000000000000e+00
-8.544721724441010080e-01
8.568539240032264637e-01
7.476593952053161019e-01
6.938505279313580409e-01
-9.223865474420664956e-01
3.237751828422762990e-01
1.034727863568985495e-01
-8.877585211226874939e-01
-9.733605352101606378e-01
-4.590590448258939360e-01
-8.164341998774428122e-01
-1.000000000000000000e+00
5.086910254980828161e-02
3.237643152652824319e-01
1.872342695792925116e-01
6.665113074635062862e-01
2.862873048185439750e-01
-1.008815126256097372e-01
5.949480780871654328e-01
1.000000000000000000e+00
9.837802110324040950e-01
9.465828790556091166e-01
5.495021904713703886e-02
5.295628739616504710e-01
-1.000000000000000000e+00
-4.499670873519120429e-01
1.000000000000000000e+00
-3.718119963324832966e-01
-7.587179899463192267e-01
-5.069946535511535846e-01
1.000000000000000000e+00
-1.000000000000000000e+00
-1.388173804720857496e-01
2.839547216507643523e-01
4.780861877843839425e-02
-2.920752851708773856e-01
-4.605632863535565891e-01
1.000000000000000000e+00
8.674668917133265822e-01
8.822379079710576666e-02
9.076587025724831559e-01
-4.842201645418127143e-01
3.786116249471410122e-01
8.360117404529570084e-01
-8.521381119173785379e-01
1.000000000000000000e+00
-1.009496716359753465e-01
8.692774853375948019e-02
-1.000000000000000000e+00
4.313462586657964004e-01
-9.613895072656140073e-01
9.381938319228408929e-01
-1.000000000000000000e+00
-8.361900966573825311e-01
-1.000000000000000000e+00
1.801517738619134446e-01
9.335055495172022155e-01
3.441902569905006537e-01
-4.451022398622070941e-01
-7.910561686704934425e-01
3.739821312071575088e-01
7.929543821245912394e-01
6.395254090119629753e-01
1.000000000000000000e+00
-1.000000000000000000e+00
-7.900706631705931016e-03
1.000000000000000000e+00
1.746415533563424605e-01
1.000000000000000000e+00
8.932475830048973719e-01
8.348676139122361839e-01
6.588950908143893503e-01
-1.950562325916288531e-01
-5.104388003073185853e-01
4.607604817448027745e-01
-2.193252881250284947e-01
-9.202463153309858868e-01
9.382758869046867733e-01
3.068690321533236176e-01
1.000000000000000000e+00
-2.698259435315800148e-01
2.020096702212898498e-01
-5.937729295587218514e-02
-2.502149702063622971e-01
-4.112189125663117117e-01
-9.397731439657863728e-01
5.419197277611260688e-01
-2.150021979652161352e-01
-1.592328048467394619e-01
1.000000000000000000e+00
-1.000000000000000000e+00
9.396271493884083004e-01
3.260908974041114572e-01
-7.934565903523020935e-01
-2.803478975228227976e-01
1.000000000000000000e+00
-2.041040309162752697e-01
5.470479624210127234e-01
3.087745314865880109e-01
-1.000000000000000000e+00
-4.181262569332750978e-01
-4.320809379081730350e-01
-8.332869563628242382e-01
6.765774213283093363e-02
-1.305203066174123738e-01
-5.670786362143895865e-01
3.283932545355074950e-01
5.311541752899532343e-01
3.090631828583577656e-01
-1.322737329927635153e-01
-1.279980448901421042e-01
-1.329525551000394490e-01
3.431491749773996069e-01
1.704984466969525769e-01
