-2.574406476040058678e-02
4.914958951376148244e-01
-8.582249859439914363e-01
-5.143580945490113798e-01
-4.364800635590593281e-01
-7.860232962001474366e-01
3.585869228352138727e-01
8.165710242416217568e-01
-6.301343692988508050e-01
8.270789762611152618e-01
-5.411442052724702023e-02
-1.000000000000000000e+00
6.473424759683805707e-01
4.083375703800429246e-01
-6.686954059026473107e-01
3.718781049754471546e-02
-6.750445787409009579e-01
5.589778732602916911e-01
4.244161514155075920e-02
-2.564929286083112991e-01
-4.154598477762927455e-01
8.841286808403091557e-01
-2.766304104975090272e-01
-2.303430879806711573e-01
-2.733263041141229532e-01
3.356861122936961594e-01
3.393043873765331231e-01
9.194642308611338244e-01
9.391715702923655318e-01
-1.905041759005943192e-01
5.115748120132972421e-01
-9.094640446106974085e-01
5.056625260008251743e-02
-6.520039850381512680e-01
5.713931829969989273e-01
-9.793290217541448239e-01
-3.592046480137469633e-01
3.349354175360785835e-01
2.853474012983965302e-01
4.838210493267281476e-01
5.118146214857639542e-01
2.982323723771902468e-01
-8.831169162336593992e-01
-8.265464102585624584e-01
6.820902964310660010e-01
4.840815229243748963e-01
-5.608771101388125846e-01
1.735180887958204798e-01
-1.454165873201929138e-02
-4.702306757753746957e-01
-9.837114329743681385e-01
-2.614856753432526215e-01
2.497307074729921972e-01
4.066682544622206574e-01
6.266317266873089320e-01
-9.790827246913731408e-01
5.613975471151582131e-01
2.118657855215719810e-01
1.000000000000000000e+00
5.513830997178772453e-01
-5.346080850963246256e-01
-4.904685830868606988e-01
-1.566069799834091114e-01
2.685521126251531054e-01
1.382096018834086948e-01
4.683383395806448579e-01
9.338462819700465989e-01
-7.782018839616895445e-01
4.799011010641305308e-01
2.370097869558570047e-01
-5.584318661305225362e-01
6.965572706345353193e-01
2.022963247821882860e-01
-4.740167792949578907e-01
2.810571769855420010e-01
9.688127251618929847e-01
7.967083842278088746e-02
4.371656964770262999e-01
6.150165001517545749e-01
9.002368029116025738e-02
-3.607592609506219961e-01
5.600161228200665198e-01
-4.661041081076984227e-01
8.196530287863286190e-01
7.544270396693253389e-01
-4.613853260413702806e-01
-2.073611935470252021e-01
6.029846357290038483e-01
-5.357847101836938908e-01
-4.432805375557833383e-01
-7.577408594540505637e-01
2.884061882832451573e-01
8.534966023866215057e-01
-6.407123552473747985e-02
-4.345617171419269287e-01
6.040133594600388678e-01
8.371042814626850070e-01
-8.835628758493900836e-01
9.157652599696165518e-01
5.287542539315450707e-01
8.317034646598233660e-01
3.390266442858314022e-02
-6.376392111190840595e-01
-3.140743437492088397e-02
-4.587018478126363430e-01
6.584070999355453591e-01
1.487864864783383645e-02
4.694617023870324424e-01
-5.253346075320168840e-01
4.638310724669842955e-01
-1.000000000000000000e+00
-3.659715749203620305e-01
-2.530496044177443782e-01
-1.212697939425078086e-01
-1.830118288972280016e-01
3.714456178197655944e-01
6.792834222218966378e-01
-9.664295117291697990e-01
3.246846902106801935e-01
-1.205199354542807466e-01
-1.246878796633592579e-01
6.541776596791588627e-01
-8.015396192872523695e-01
-2.571473149937523739e-01
2.718946780367890170e-01
-8.418144417013694314e-01
-1.000000000000000000e+00
7.171395730427008175e-01
3.633543900290217010e-01
-1.567130162074172883e-01
-1.220706156534595577e-01
-7.520664247509782907e-01
-2.060090492789679040e-02
-3.034131626412770455e-01
1.594058828959143970e-01
8.598724647388316100e-01
1.000000000000000000e+00
7.352961664703563383e-01
-3.947077727237817690e-01
-9.243583279400935382e-02
6.944051762490719426e-01
4.241256979325795928e-01
-6.522110389681594622e-01
-3.694798800551275519e-01
-9.697591183875019505e-01
7.982481123591373962e-01
8.906195363332309878e-01
1.756259622874654092e-01
-7.716379436236882050e-01
-3.076834498592617706e-01
9.133276775393335267e-01
4.634757425069742087e-01
-7.657874097980488237e-02
3.637069264061474350e-01
-2.650125899981619071e-01
5.366005330348855296e-01
-4.541143153251654963e-01
7.100748019217533180e-01
-1.842801872049881773e-02
-8.013177002628895096e-01
4.238276516585426368e-01
-1.443031382889594649e-01
-3.057722489736875993e-01
9.912549996548865039e-01
7.821942232404535122e-01
6.247237739925992628e-01
-6.775888335818274211e-01
-1.000000000000000000e+00
-1.123973252615786400e-01
4.689726241774541116e-01
8.718195039680203262e-01
2.884695883797179228e-01
-5.924901107780307097e-01
-3.672931229395430819e-01
-2.598543026216382223e-02
3.963571716870117889e-02
-9.614820497018441436e-01
-7.898539165971808496e-01
7.888627105759491442e-01
3.752353712589013846e-01
7.108737793019037632e-01
2.331350786476600323e-01
-8.630953254411706244e-01
-9.077871113665212377e-01
-1.931000987781648082e-01
-5.047920694606953251e-01
7.302045968303974011e-01
-4.142472592265611375e-01
5.712935300799886207e-01
-9.245389870229734353e-01
-7.670282589073385004e-02
-5.952709120468320236e-01
9.689236702555179548e-01
5.941025310795684522e-01
2.833958524072388574e-01
2.087895404535590749e-01
-6.191325047792570757e-01
-3.733548856975250629e-01
-8.287122032549454342e-02
3.247299201567417359e-01
7.601297779606832616e-01
9.962913627429339503e-01
7.641014951124496246e-01
-6.675389719488760143e-01
5.063291678036183630e-01
-7.092918391861942062e-01
4.430012402291056972e-01
4.080356032162282265e-01
-1.000000000000000000e+00
3.988707029619649180e-01
-4.975785885901262695e-02
-7.608896535976132913e-01
8.654506777851800337e-02
8.577316355433728390e-02
1.084238005642612634e-02
-9.213393313236095672e-01
9.250331607419595148e-01
2.369409588734558980e-01
-8.602288204538905969e-01
-6.149272506962315532e-01
3.681200364981654927e-01
-2.071538982968224030e-01
-6.310864156247546486e-01
8.941296280842954136e-01
-9.720742116760319185e-01
-2.677947057764962224e-01
-6.143543940225693056e-01
1.000000000000000000e+00
9.160191666903414465e-01
6.240473258303613768e-01
9.359018201140356652e-02
-2.781273703007492992e-01
-4.251526503262326173e-03
8.602971842956801396e-01
8.475260465668958965e-01
-3.416135273660481086e-01
6.215613586377664035e-01
1.484142659463358882e-01
5.746346955778480758e-01
8.073254122406567923e-01
-3.384448157778776611e-01
-3.072328730561202370e-01
-9.643825336513001112e-01
-4.702957902276898583e-01
7.303681253995306655e-01
6.982329797124664506e-01
9.652653636242902735e-03
7.158563869199575658e-01
9.366676086696312797e-01
9.434844361928391709e-01
-8.008002381294533345e-01
-5.358525831109441917e-01
8.009032027463383052e-01
4.757953278347302195e-01
-9.742730198407201225e-01
-3.956562932232050578e-01
-5.462583048620317516e-01
8.390210592445224158e-01
-9.789822602403575047e-01
6.922786505199427509e-01
2.709104001235689285e-01
-3.502253000935755534e-01
-4.677106498518048827e-01
7.741580594147925432e-01
2.387908124209792149e-01
