-9.581941542691108094e-01
2.623819544938355008e-02
1.607035330832277675e-01
-5.996431934086987603e-01
-3.828108423160777041e-01
-3.344086931116236894e-01
6.013195744406849563e-01
-1.000000000000000000e+00
6.104499715548992178e-01
8.885870538547475661e-01
7.802097352130272778e-01
4.162226185141781887e-01
-8.047390740465920622e-01
-2.031555020762965680e-01
-4.390227827187811460e-01
3.775830651728273590e-01
-3.948592491924933778e-01
1.296868969540536654e-01
-3.871437920790308240e-01
5.079826746190119202e-01
-6.751657310971619363e-01
1.000000000000000000e+00
-9.334206446012944802e-01
-9.895334424985446908e-02
2.243412085964908709e-01
-9.319106744601546310e-01
-3.544610273383972388e-01
-1.798349798744980355e-02
9.473945288872953618e-01
1.049396502685849275e-01
-6.635390879000060416e-01
-1.243006546951769264e-01
-7.751109034173842005e-01
-4.357938635643335834e-01
-5.568529342278072392e-01
-4.404474188618996422e-01
-4.792511597135738488e-01
-7.087663174031320068e-01
-1.000000000000000000e+00
-1.867085484429683584e-01
4.702170794194562298e-01
4.734994984388591899e-01
-8.561596896692853509e-01
-6.760154289535167393e-01
6.820571363962946165e-02
6.041484546949575929e-01
-5.443740675688575337e-01
2.983345197064290466e-01
-9.839359680379637929e-01
2.953207241592025745e-01
-1.000000000000000000e+00
-5.702060568372732674e-02
-2.206551309957034412e-01
8.014641326736482441e-01
-1.000000000000000000e+00
9.023848941618486386e-01
4.309366769190736690e-02
8.380846710505227559e-01
1.750211145401598944e-01
1.554078814965658140e-01
9.652613338233952955e-01
5.414260316136114692e-01
-4.835234366078444701e-01
-1.078154257859615939e-01
8.157307156444503216e-01
1.085954809127929188e-01
5.351789904707326961e-01
-3.439813034715559770e-01
-6.459020630903911098e-01
8.249232540882441844e-01
8.935699322682093548e-01
1.000000000000000000e+00
-1.793432577655779125e-01
-8.752175540160317402e-02
-6.471017783417913893e-01
-8.435434313806666751e-01
4.711519982000367257e-03
6.808700427604883476e-01
3.647133794890078384e-02
5.918257651692580001e-01
9.815175750862095150e-01
-3.944583886783263882e-01
-5.898184854139416622e-01
5.413691985976374355e-01
-2.115552369761937168e-01
8.887930311539063988e-01
3.328426441613416831e-01
3.647489941295458671e-01
-8.105659809735595855e-01
7.608340129805326590e-01
5.737576059216173974e-01
1.233026612345751172e-01
1.098557955769829952e-01
9.958271783806775801e-01
2.260662366747927532e-01
-9.509823411286215666e-01
7.579094852635120949e-01
-6.012789128571083275e-02
1.870855605728316551e-02
-4.120960678747149220e-01
4.705802343774971863e-01
6.277769160643218438e-01
-1.000000000000000000e+00
-2.160733291442880066e-01
-7.267727443402307586e-01
-5.447543318743177654e-01
-9.621546483111098613e-01
-3.019862714792146408e-01
-1.002330072815331707e-01
7.804905191069322345e-02
-6.043513399438402711e-01
1.337305973789453262e-01
-9.551019564460827560e-02
1.440095984199065982e-01
-1.343284174988137458e-01
9.589072622600186557e-01
-1.000000000000000000e+00
-1.116846771960816609e-01
-1.700063252270530567e-01
8.850870446176755113e-01
-1.789593530843988922e-01
5.731372265269800703e-01
-6.285890371768865226e-01
-9.621661112233836910e-01
-1.425370330062611934e-01
9.841119834629538099e-01
-3.892677346536057015e-01
-3.682093549854760228e-01
-6.218158092737080533e-01
-4.030619590983038902e-01
6.178351451361254743e-01
1.566652018333380969e-01
-1.244344485852166837e-01
-8.952972288859799566e-01
-9.508514436566799510e-01
-1.427006470375689617e-01
-8.568193232489335065e-02
3.462981328925283098e-01
3.888153065612121040e-02
7.708808921110782419e-02
-1.000000000000000000e+00
1.401480488855875173e-01
-2.261473355029476329e-01
7.294813396998158783e-01
4.120636181155523659e-02
-9.618360365558764613e-01
8.342624008358696663e-01
-3.607770278492654636e-01
5.733385299111666278e-01
-5.930665816478958297e-01
2.142934359010775225e-01
-5.698310086970588273e-01
9.070560273300971588e-01
-9.022644711884211244e-01
1.000000000000000000e+00
7.965003046623269078e-01
-9.313279098086831853e-01
1.000000000000000000e+00
9.214200903407869792e-01
6.829256568833907970e-02
1.000000000000000000e+00
-8.917724831492084281e-01
4.966604664024985571e-01
-9.278514066924792303e-02
-3.660534602934892856e-01
4.907317373362037882e-01
2.179254438305266994e-02
-4.332283632297515008e-01
5.259276516611621766e-01
6.060782359898935212e-01
9.284771906738563396e-02
-6.379183075522447677e-01
4.789497533795120665e-01
6.348609836482723701e-01
5.671307533473002316e-04
1.000000000000000000e+00
-6.375171837453030843e-01
5.321156381101910249e-02
8.277034332373656156e-02
-1.000000000000000000e+00
1.386084816470758430e-01
-1.225951409052572494e-01
5.900312632787960698e-01
6.260794077467906060e-01
6.013785883806392896e-01
-6.814162225996733824e-01
6.471574872653788058e-01
3.261478490380856909e-01
-1.000000000000000000e+00
8.653963341598025494e-02
-4.864346954470912809e-01
-9.599900664752782919e-01
-6.308231184240844502e-01
5.363429008164308787e-01
-9.148109071270555948e-01
3.922331285568025905e-01
-5.827040083279383387e-01
2.656397974032970732e-01
2.212007099330211002e-01
7.617397729707161558e-01
-2.008899833807298307e-02
4.537037632892240158e-01
1.000000000000000000e+00
6.564381381275095073e-01
-5.548575926654303325e-01
6.971002718374310625e-01
-8.584915906822987441e-01
-1.404651850685381120e-01
9.026865451656238548e-01
7.586074611287663139e-01
-9.183898048025018745e-02
6.566067446381693706e-01
5.868058744819109052e-01
5.757746139553194809e-01
4.685871799596330600e-01
-9.935402423413792761e-01
9.346554045840482772e-01
4.338903481871372314e-01
1.000000000000000000e+00
-1.972910068805840966e-01
3.204194702612296330e-01
4.107102404413624508e-01
6.094775711044053690e-01
1.446873591941382209e-01
2.037165958342447292e-01
-6.219836688020097260e-01
-4.539261042998279372e-01
-2.981660483864662092e-01
8.074886655618496167e-01
1.886045619712639621e-02
-4.775627643296465052e-02
2.012189179353196244e-01
1.000000000000000000e+00
6.294189239443603867e-02
8.615499138017717051e-01
1.000000000000000000e+00
8.639380481940217571e-01
9.672621718269518443e-01
8.131811233249057747e-01
-4.493981238461551841e-01
5.656104501968994835e-01
-7.450676194286907084e-01
-8.680612643169927090e-02
4.462354855012042876e-01
-7.476862899060288115e-02
-5.878892800364043936e-01
-4.724853304383480612e-02
6.907554414056442660e-01
-2.444458715421848893e-01
-3.753624929980476366e-01
-1.457727445070629013e-01
9.176059381650780722e-01
-4.658766881629425871e-01
3.755653058820372925e-01
-6.313466895359711728e-01
-7.916432073039803008e-01
4.798914115459409491e-01
-4.162844123131164142e-01
5.351869745242584520e-01
4.673340518931174969e-01
-6.301462914764750511e-01
-9.887595547501886184e-01
3.650512490954168077e-01
-2.257367382835218095e-03
3.197316205656157706e-01
