3.872829606381040790e-01
8.857915604565336221e-02
-1.102983064928770296e-01
5.202255468803405059e-01
6.251852436274387692e-01
-9.777476797993123192e-01
-1.000000000000000000e+00
5.493112726527680234e-01
-3.621985433461769599e-01
-4.059885730779168034e-01
4.463625405836111337e-01
5.086140412578574743e-01
9.940023516439278062e-02
-2.453735185544949626e-01
-3.944500103447758921e-01
5.081374922927452964e-01
-8.832357086170493643e-01
1.000000000000000000e+00
-1.687204554054049233e-01
-8.200321307988487352e-01
8.963041034483598679e-01
-9.546106971409873410e-02
9.755155704632350044e-01
-7.417332579002868798e-01
-3.484801488513311618e-02
-3.793224636549390461e-01
-7.132995195277860301e-01
-8.716404079985932141e-01
7.803720828608120552e-01
4.956514380245102824e-02
4.201094391419301077e-01
-4.993128149293719620e-01
-6.895138620951291042e-02
3.744207319318941796e-01
3.076396358841910761e-01
-3.100057678228791413e-01
-7.828713653030863195e-01
-6.553515394018061269e-01
5.119417063899973641e-01
-6.810817011657714914e-01
-7.774517503322909695e-01
-2.051499291161645866e-01
-8.235983494197826049e-01
9.596361263451149703e-01
5.309844206659624088e-01
4.987507495155056869e-01
5.435390218681255270e-01
-3.218433111101104416e-02
8.733639795841469100e-01
-6.805877514025782116e-01
-3.689510848470289872e-02
5.685388091955935197e-01
-5.187383696702303482e-01
-5.938729933345641143e-01
9.901599721791971564e-01
-5.923199342739260409e-02
-4.730513344299334122e-01
-1.567571466015952319e-01
-5.154501161248964403e-02
-3.925838700976727047e-01
-8.388790663232614797e-02
-7.786148284828026123e-01
-6.541840759235069136e-01
-5.566779857429204892e-01
5.924468324872100844e-01
3.428844604780028060e-01
7.576341799399555210e-02
-4.563998639896698073e-01
-5.921064140042480162e-01
-5.688808123034443387e-01
-4.207804085277296879e-01
3.219299529935428783e-01
-2.842630840040891727e-01
3.132398950743618404e-01
-3.005543692579433213e-01
-5.366516675319525920e-01
7.732402159015081544e-01
4.957841471166901659e-01
-4.342118024618701888e-02
-8.822360249056815373e-01
8.551139100314774089e-01
6.054263572390139458e-03
-8.280421181012451726e-01
-1.937121314985196241e-01
2.009854845207585949e-01
2.545443485029312836e-01
1.000000000000000000e+00
6.923849496723676333e-01
-3.106813921402216128e-01
-6.224838555897329595e-01
-4.844440009756332266e-01
7.068233023355650069e-01
5.283716787906165280e-01
-2.536068259686137250e-01
-1.000000000000000000e+00
-9.090177076958354530e-01
7.437566251286702457e-01
2.385299085029672916e-01
8.124484090618058207e-01
6.182490662246842295e-02
7.459626584199647858e-01
-1.688884893609410298e-02
-1.783840180779727724e-01
5.618038979993524862e-01
-3.035961421880735145e-01
-8.007876335403130152e-01
-4.664208951153231975e-01
-3.773193016865116212e-01
-4.415808435029424661e-01
4.108060612261255073e-02
-9.781245014185808717e-01
-1.280901776136793568e-01
8.874480883044981727e-01
-3.500027575573096961e-01
-7.073639772397504188e-01
6.637949922418344695e-01
1.000000000000000000e+00
-8.323698892943890426e-01
-1.426479100492521468e-01
5.503046897558846462e-01
-3.002582407879573756e-01
3.564246467082285985e-01
-6.173803775797770399e-02
4.526803479667123042e-01
-9.968302528213817126e-01
4.999763777720800384e-02
-3.501929237875447409e-01
-5.346403970821533846e-03
-9.165288872406626708e-02
8.005351738826119723e-01
-1.000000000000000000e+00
-4.405110815130966473e-01
4.808928112885773043e-01
2.835571129728637896e-01
-3.326527491820541194e-01
-5.047682248433862373e-01
-8.197229578347253742e-01
9.050580131013448160e-01
-4.338677258491536182e-01
-1.993668397653731716e-01
2.034082484246609868e-01
-2.212389361843214441e-01
-3.382568144531047927e-02
8.344801386551005395e-02
-2.004439693277992873e-02
-8.510467937493587653e-01
4.202831454613135675e-01
-4.516164837767140394e-01
9.732508186713180187e-01
-8.504853364482529710e-01
1.000000000000000000e+00
-8.033595486493511073e-01
6.772640227942779978e-01
4.856283623192849674e-01
-1.489519711343769703e-01
-1.000000000000000000e+00
-3.726520447099704314e-01
1.760303214386240711e-01
-4.408562894046763603e-02
3.600861499237879015e-01
7.722887561543838597e-01
1.619889830229201966e-01
5.595272424500867814e-01
-3.261592848397076860e-01
7.141180059365968003e-01
6.031944903807215930e-01
-2.259626610178874229e-01
8.043515645006057424e-01
-1.000000000000000000e+00
9.531052846266190315e-01
-9.171322308148095459e-01
-9.630740674682443103e-01
-1.188197756694799878e-01
-2.569722963610760469e-01
-4.759668530101137107e-01
-8.794110526923720750e-01
-8.336964607052868015e-01
8.233992784632619966e-01
3.129087545056490893e-01
8.618398505845359381e-01
6.530618126282702329e-01
3.373941327089943765e-02
3.961380313210924875e-01
1.080016412781035773e-01
8.326616307662264571e-01
-3.150359958198636345e-01
-4.309337046381764846e-01
1.000000000000000000e+00
4.076274937412467936e-01
1.161964255951011271e-01
-6.518123786809573161e-01
-1.869552413041319361e-01
8.087744493195289097e-01
9.065277372845323978e-01
3.259211008758815531e-01
1.923232053029320099e-01
1.143746288837169250e-01
-1.190183753290160462e-01
-5.628099722131435501e-01
-8.564366971691850239e-02
-2.713726541119598767e-02
-3.318128456288063077e-01
6.604291499897378959e-01
4.436312375840678612e-02
6.305926154106147319e-01
-3.506785492520966829e-03
-7.087298641576528224e-01
-3.052485334946901663e-01
6.635983172787542905e-01
2.909437203714708708e-01
-7.666982861767857038e-01
-2.703951434623812489e-01
9.979687877795788697e-01
6.022705002519457285e-01
-5.926767429895731798e-01
8.096399412550494556e-01
5.783204651848108391e-01
9.048617091847894756e-01
-7.511346227405646392e-01
-9.893278857585863229e-01
8.829294395268114104e-02
-1.292254929336901226e-01
9.055207454849590887e-01
-1.431830171440816313e-01
-7.408568771774836081e-01
-4.604239008715608206e-01
1.655645646898344925e-01
-3.759453680263531439e-01
1.326090631001910491e-01
7.008783107253360178e-01
-1.000000000000000000e+00
-2.573546685689391267e-01
2.915712628620030777e-01
9.987966006711539446e-01
4.358541210162794055e-01
-7.798721849205405565e-01
-1.465227713370418350e-01
2.514467776956186285e-01
3.044529493625633410e-01
2.795828335825059074e-01
3.947187083879688529e-01
1.000000000000000000e+00
-7.619545416137309957e-01
1.885958872974271561e-01
2.021372695083023530e-01
6.944016930070640026e-01
-5.088537017541820973e-01
-9.104236083319272588e-02
-6.329251699647447937e-01
-9.339757581378905771e-01
1.000000000000000000e+00
9.077404564100088891e-02
-5.491153127380501431e-01
8.565234377288399870e-02
1.000000000000000000e+00
-4.958056130412673568e-01
-6.015022983898223874e-01
1.000000000000000000e+00
-3.110516991548456511e-01
-4.323914722178153758e-01
-9.065954374385123415e-01
-1.762002357217302695e-01
4.172246227084143722e-01
8.549405853956166812e-01
1.003246367961370400e-01
