-8.399479356820860332e-01
5.522675978714559619e-01
-3.441567904556654955e-01
-6.034212148989641644e-01
-4.337265796300729392e-01
-3.869227746262724477e-01
4.774923010059408113e-01
-9.112894861615051800e-01
-7.910980084916559019e-01
-7.871618972113163526e-01
6.176094303168095934e-01
4.153280644229782048e-01
-9.706379274918561784e-01
1.000000000000000000e+00
8.035298850509930979e-01
-1.000000000000000000e+00
-2.098549315861519826e-02
2.893325040000442883e-01
8.707230604183791023e-02
9.095746829687356705e-01
-6.509733705751810096e-01
-8.202529550840880201e-01
7.783846627742305735e-01
2.438036023742951031e-02
-6.812037627346747559e-01
-1.181952545047708636e-01
7.286314638341109262e-01
4.436007590442678783e-01
-7.367073024172944296e-01
-7.057557800970415407e-01
9.063153889917296979e-01
-2.815761232467091091e-01
5.214503812921278403e-01
5.438233798573104405e-01
3.557899533684330540e-01
7.623644553002864033e-01
-1.000000000000000000e+00
7.478596860013340120e-01
-5.038207571443613642e-01
-2.129158120398896847e-01
-4.243489451663081669e-01
-7.242162796041446970e-01
-2.888193674911798681e-02
-1.980830742625794283e-01
9.790605961681375646e-02
6.097093734570271373e-01
4.091643914096509960e-01
-1.425798560207302557e-01
9.401940977691065626e-01
-4.414086345529928401e-01
-2.583497208056775296e-01
-7.398596737980300819e-01
3.667920020240620360e-01
1.003634041338480332e-01
5.539322035667848532e-01
6.209053238420134679e-01
5.193785757015213500e-01
1.233053255902349932e-02
1.000000000000000000e+00
-1.427613747598084348e-01
-8.962542153348513896e-01
2.330772389401705169e-01
4.565531196260028679e-01
2.150003449917475273e-01
-2.902888380468662266e-01
-6.573414999628304223e-01
5.054642629487116068e-01
-5.921845839316020044e-01
1.000000000000000000e+00
1.349678145444236921e-01
-3.302004221555909780e-03
2.603000839899758390e-01
-1.000000000000000000e+00
4.173507375695684196e-01
-5.540813381008462546e-01
4.720871910398727334e-01
7.700849579781243737e-02
-9.090808241555590197e-01
-1.803416131918424981e-01
3.028073330070345515e-01
9.149010091597489236e-01
-2.668435605046661774e-01
8.147493514014456650e-01
2.873445614969707407e-01
-1.000000000000000000e+00
-7.401622402004293111e-01
-3.559089864251330226e-01
-1.602291785349475861e-02
-3.477741551856587954e-01
-6.765833327202332992e-01
2.439263941074626407e-02
5.252196634431798294e-01
6.330046543828707906e-01
-3.232231217987199257e-01
-8.873006502737259549e-01
9.594336116569870399e-01
-1.000000000000000000e+00
-1.935281342568770935e-01
-9.147309718312948146e-01
4.394060950990692493e-01
4.143688960138960375e-01
-4.132542383101126537e-01
1.785578883615859258e-01
3.757680873710551595e-01
2.464606225281207319e-02
1.103373927597078030e-01
7.160937282136226045e-01
5.010484532322867501e-01
4.616239686178973400e-01
5.832512841700876471e-01
1.531797776896721697e-01
3.797924657608686694e-02
9.066129131492584037e-01
2.144407019628325473e-01
2.764822866775618060e-01
3.408466413397780448e-01
4.421040150607948305e-01
-9.301413356613463801e-01
-2.327321192125769433e-01
4.598373984710162343e-01
5.820186036457397627e-02
-1.000000000000000000e+00
-5.022246678195931846e-01
-1.091120783752297374e-01
4.351524484664095471e-01
8.816054316688590742e-01
5.673325599326083379e-01
-2.595876281510736128e-01
-9.701199099191770703e-01
6.754446569736959338e-01
-6.764928662944861282e-01
7.872977923880992712e-01
-8.883910059452744257e-01
9.105078091805904883e-01
-5.584870544642517309e-02
3.138734625652015442e-01
-5.534872836236917060e-01
9.558107637002671852e-01
-2.631368579550219522e-02
-9.302512997082728052e-01
-8.045396010262466646e-01
4.617552163485593164e-01
4.401847099935420893e-01
-5.918211870489281656e-01
1.868885372068496142e-01
8.436729182525144477e-01
-1.000000000000000000e+00
-9.329518264354605961e-01
5.737967796941623178e-02
-6.952865252477000713e-01
5.543204205059595324e-01
2.647781015075445499e-01
-4.505307739821791113e-01
-6.494572706721257749e-01
-7.884154590025544973e-01
-6.727211426983208398e-01
8.416725527059971679e-01
-2.100577418346964986e-01
8.280635322924836395e-01
7.222389856948179254e-01
-9.155659563194061823e-01
-4.827458674430984420e-01
5.839490237364639569e-01
2.589174733823274011e-01
5.376035999742811988e-01
9.294324966479317052e-01
8.423998046659213479e-01
7.974782325247709025e-01
-5.450624730664568318e-01
9.231884075904472908e-03
-7.577295765146614404e-01
3.538890038232074264e-01
1.312871723744822861e-01
-7.327505494186667967e-01
-5.235510413063266810e-01
-9.637561729084758166e-01
9.816957853869148209e-01
2.173970154576012614e-01
-4.176820597415951131e-01
9.954992483356042143e-01
-2.092027124348529998e-01
-1.187435396860508224e-02
-8.142945593853720965e-01
2.588430796436163028e-01
-8.648812048160958721e-02
2.055882648396012424e-01
2.904778544444286403e-01
5.780167734831269666e-01
-5.567672705297539437e-01
-6.511030417055611030e-01
-1.000000000000000000e+00
-1.773212492848117439e-01
3.418645021979593857e-01
3.920959670579124978e-01
-3.942856240552332359e-02
-3.621102017448594168e-01
4.801246254950992665e-01
-1.274578148791983834e-01
-6.173236387142524428e-01
4.827698902949004722e-01
3.517856998799275825e-01
3.447625087615003858e-01
-9.033518977951793261e-03
-2.016466467941872565e-01
6.550110248206717500e-01
-5.819557857342114726e-01
3.258567898594343926e-01
9.778089867154449166e-02
2.371104860425508054e-01
1.514762195516707877e-01
-6.078910998551958489e-01
3.373339370967507467e-01
-1.000000000000000000e+00
2.001998943330242087e-01
3.275802965983154458e-02
7.681968971897124021e-01
-4.333118375822841983e-02
-7.106918477402127121e-02
6.942322914137768475e-01
2.900662634801534079e-01
-5.025081996015190455e-02
-9.832244694823688569e-02
-3.494162513628658040e-01
-9.372927530853381040e-01
7.079334640210452889e-01
6.656004906451640224e-02
-2.593895262768179943e-01
-4.740755550032214050e-01
4.867656138519360631e-01
2.508688408478403353e-01
6.705626023985942208e-01
1.193721014781006229e-01
-9.862279950136909612e-01
1.000000000000000000e+00
-5.174805567074864943e-01
4.737896287366009096e-01
5.712825212190686397e-01
-7.969168847599117367e-01
-5.439795567515748331e-01
-5.099776097497148442e-01
-2.538087496690534239e-01
5.795705429126569719e-01
-4.325712031455744011e-01
-8.562085913656454217e-01
-6.846437587498183097e-01
-6.645818933768232739e-02
-5.676982543192111708e-01
-3.487315916586912756e-01
3.938669372979419769e-01
6.415965820015672172e-01
-3.332849490780324109e-01
3.400702013585632510e-01
-4.446944828867367416e-01
-4.255004585068477008e-01
-1.000000000000000000e+00
-2.362396710622316487e-01
7.937224811182885809e-02
1.000000000000000000e+00
8.954282622866946983e-01
-5.298570691278159384e-01
1.000000000000000000e+00
2.823184642264222610e-01
-7.779728248354023101e-01
8.388533750325394278e-01
5.102068694152512851e-01
