3.656274556124532449e-01
7.531109922386247657e-01
-5.217120820801106618e-01
5.049224785346466682e-01
2.715252204073955733e-01
4.803574610418490654e-01
8.322800889023298510e-01
-5.984028771797436641e-02
-2.006004908092979822e-01
5.576411358932380491e-01
3.542042453241061040e-01
6.695278909349859919e-01
7.108195125039751261e-01
-4.238467697300176695e-01
-7.188035416125637678e-01
-8.675693948419710422e-01
2.183681194026272365e-01
-1.743454212549512272e-01
-3.412374397517653479e-02
-6.982673937169414646e-01
-7.010192583279852840e-01
7.323790682464714763e-01
9.049785769207538966e-01
-3.426145416308121749e-01
-1.369581466561101690e-01
8.304374631972670784e-01
-1.334273208024268076e-01
7.773934135224496167e-01
9.944044622966021763e-01
-6.764062292860235637e-01
7.295907696965193701e-01
5.078898093294044180e-01
-4.946789876359936056e-01
9.093235389863902896e-01
-7.550670791776916690e-01
-4.084057765156112740e-01
3.117711864249578801e-01
-1.916084441822709650e-01
5.466417316142817562e-01
9.370030836703640009e-01
6.181628133187229146e-01
9.327021920258800058e-01
-7.924283815931247865e-01
5.101002916485852801e-01
8.484699261936523573e-01
6.129541302164893679e-01
2.881832387675937746e-01
-1.799485444125844547e-01
2.461878255759024636e-01
2.304166872884339523e-01
-9.679110802523269719e-01
-3.671116612609475194e-01
-1.187387707294340622e-01
-5.483664031044963583e-01
7.789141270910382442e-01
2.809772674109798363e-01
-4.280659885734341419e-01
-2.525794037672242087e-01
4.735108737620810082e-01
-2.665791911187347374e-01
-2.091733609861279319e-02
-4.325861739085412605e-01
2.608051004129675610e-01
2.126947181295608669e-01
-2.022232817030371888e-01
-2.207774456274687047e-01
-6.062298581290630484e-01
3.792618283720285977e-01
-6.409444177119283381e-01
6.366993111334728894e-01
2.301630786456580480e-01
-8.552141071275703998e-01
8.826858674912567704e-01
4.063349278450307800e-01
5.446532005892743555e-01
6.702874427713170213e-01
5.268532122283440255e-01
-1.306729518953284597e-01
5.254795423531397613e-01
3.894963974504286330e-01
1.520452000246748370e-01
9.259742908150818685e-01
7.471217276660029327e-01
8.640670925960927118e-01
-9.623523157314539667e-02
-8.505937664531331155e-01
-1.814299948409825447e-02
4.942556345720565680e-01
-2.997185572427831790e-01
4.029551453617415124e-02
1.247208918374476116e-01
-9.424138853560859452e-01
-8.844680292835622737e-01
-1.553751762023909133e-01
2.333986010975519498e-02
-7.270122036946922162e-01
8.870405505615897024e-01
-6.178290928321856779e-01
9.211812175752620568e-02
9.542383158854772507e-01
6.332488583100278623e-01
4.535558744943137821e-01
8.925448033634850731e-01
2.222415386402916138e-01
3.685561923234956794e-01
8.159345907630897177e-01
6.075568344959145772e-01
1.866743141856732902e-01
6.581576062938658822e-01
-3.506993055436073981e-01
-9.922431308055257304e-02
-3.345609041704313835e-01
5.775789897549943319e-01
-7.113706127288932368e-01
-7.636609257667192896e-01
4.821250833316972906e-01
3.291034796089999936e-01
-6.417126484324049418e-01
2.186615048311911225e-01
4.852818559765031958e-01
-3.108399938597261047e-01
-8.309927711244673443e-01
1.716122877662209500e-01
9.572226724240096019e-02
1.383389566407525195e-02
3.988987093699871145e-01
3.132235129383650341e-01
-6.135104799385682206e-01
-3.380539256235549073e-01
-6.302655029844683732e-01
-9.959701993766501005e-02
6.350478444079992180e-01
4.247756442513617170e-02
1.180838578591719562e-01
2.137895787608065645e-01
6.674088251974075181e-01
4.922665303546580606e-01
5.338250158377932930e-01
-7.814886371368462425e-01
7.234817560372204248e-01
-4.203384796079532304e-01
-5.262331913540108097e-01
-2.446047928672709926e-01
8.831349883168915227e-02
-3.496169540859361824e-01
9.784187148076104457e-01
-8.836709597700544983e-01
6.620774691730837436e-01
6.161453977044293318e-01
4.161034377719667887e-01
-1.823748619120018066e-01
-7.625572533222184646e-01
-5.521588703559425770e-01
9.430096005396180203e-01
9.857006137513633082e-01
5.203521241445983048e-01
-6.237200825522454251e-01
1.426399870271634340e-01
-8.022197448006321840e-01
-5.371867499195883688e-01
4.650483804194085469e-01
4.140414758000676709e-01
-3.539720910788564101e-01
9.385278177579177150e-01
-5.424937567005623240e-01
-5.056014998014979334e-02
1.820066638319686181e-01
-3.124161831818134116e-01
-9.943457915904324596e-01
4.780376379297696654e-01
-8.601468166685380945e-01
-3.989928870451426857e-01
4.345322951492174290e-01
8.799303215577924941e-02
-7.433120996158852911e-01
7.006689506273253709e-01
-3.419753661454387750e-01
-3.683700289900726510e-01
2.966197943652171265e-01
1.870823691401155564e-01
-1.782019929878000397e-01
4.174666565702189747e-01
8.097765009253734547e-01
8.370655070691428445e-01
6.840227773766061059e-01
-4.815775748489616870e-01
-6.801490587476121119e-01
1.654036420323820034e-01
-5.675158654450287443e-01
-2.313670779538388733e-01
1.040552307997621162e-01
1.865810969664460917e-02
3.164755832293273397e-01
-5.626323776786670283e-01
-5.992957317848646159e-01
4.065579266825413707e-01
4.576086917146879873e-01
6.975669184663990663e-01
-3.920721796848851692e-01
-8.823766626169564642e-01
8.936635729778870108e-01
-1.168612317157628339e-01
3.105958805352720953e-01
-5.012631537300633600e-01
-9.455769093023860261e-01
5.522826852498230465e-02
7.365000646034220999e-01
-8.830392130118033811e-02
4.622613532198551756e-01
2.493816355475483582e-01
-6.557284776278939908e-01
1.696483487270969981e-01
-3.087112190098384445e-01
1.471955119676996437e-01
5.147221039745784044e-01
4.225815869634990118e-01
1.532892767990452487e-01
-5.223358504492914278e-01
4.302316097428569019e-01
9.146003606789736562e-01
-6.877835048993143907e-01
7.782149731070497900e-01
-1.777120320927991215e-01
-6.675513925876455090e-01
-1.414288246039205887e-01
-7.119417054729841876e-01
-1.975272571542943112e-01
2.813120024165729482e-01
3.702150625007112339e-01
9.830827870949461200e-01
-2.162597560049579482e-01
4.818073218603777241e-01
-4.675113319844379500e-01
-8.341624756882823899e-01
-1.527624397831598424e-01
-2.833030708048327462e-01
-9.760635022224792845e-01
-1.360110544274408806e-01
3.298449415562062503e-01
-8.104613973119643155e-01
4.516444356029589713e-01
8.510357772724574943e-03
8.503478372148738362e-01
9.450182612674022931e-01
-5.151085549209161174e-01
-5.370151021768143629e-01
-1.306242710754446090e-01
5.038404059136133428e-01
3.863973034202169421e-01
1.000000000000000000e+00
-5.926394565734183217e-02
8.304643119866084167e-01
-1.226440200480733989e-01
-1.985930667289097507e-01
3.965949902703425067e-02
6.834937866640615756e-01
-7.317866155316576915e-01
-8.806666437224262012e-01
4.245453336590607751e-01
-1.235553826617605822e-01
2.952126027320288171e-01
-1.000000000000000000e+00
6.017875695719963058e-01
-2.393882138386311254e-01
3.244878301633298268e-01
