1.880230432242574468e-01
1.000000000000000000e+00
5.158127626771968899e-02
-2.145567366845156088e-01
-8.386887988662556914e-01
8.048369188914507311e-02
-5.856309849370402443e-01
-5.667275104432184518e-01
-4.033512059362687197e-02
-8.607582086978721181e-01
5.668011523910410077e-01
-1.000000000000000000e+00
2.982354720203433951e-01
1.000000000000000000e+00
1.000000000000000000e+00
5.934677728004235098e-01
-1.719620652166908847e-02
-5.610544256624871995e-01
1.822147577453998024e-01
-5.331564322859380090e-01
-9.023206127999490178e-01
7.981728779505541382e-01
-7.912751082028351979e-01
4.475657425884619345e-01
1.537687684628348261e-01
-3.944374337021593346e-01
-6.244503514970694003e-01
-9.066259612787393174e-02
-1.000000000000000000e+00
-5.349422445233831258e-01
-1.000000000000000000e+00
-1.809007199750125305e-01
1.000000000000000000e+00
-8.201863248055339950e-01
-3.621906245956443282e-01
-2.099487791371189016e-01
9.083322026792561843e-01
7.848732546058068138e-01
9.297417559974873180e-01
-1.445520015744825582e-01
-5.510381435068830713e-01
2.213505433691164148e-01
-9.867428802327190551e-01
2.386276096625788989e-01
3.531207027522744735e-01
-1.830095726689143776e-01
1.073655518490027605e-01
1.000000000000000000e+00
-2.378562771923832531e-01
-5.988452408310417363e-01
-3.037381724589720555e-01
-6.196849497330890744e-01
-9.629269743143217264e-01
-8.218415669037639759e-01
7.817337113326043863e-01
6.457697586825774660e-01
-8.142636677384623711e-01
5.021400218457230391e-01
-1.000000000000000000e+00
3.629678120910694306e-01
-9.475420528149375299e-01
-5.366804134863476516e-01
-2.305247816246075443e-01
1.083227249236315137e-01
-4.700134822227474141e-01
7.368280467014781676e-01
-7.511097174369076868e-01
6.303761996411230140e-01
9.336194977261542682e-01
-7.288451227865161419e-01
-8.505175344583704167e-02
1.000000000000000000e+00
2.166727845239836414e-01
2.070223409251256141e-01
-4.460810714381234776e-01
5.762370819574476055e-01
-1.018706534557443089e-01
-5.035712596669750241e-01
2.798319142702561102e-01
-9.524082296756877231e-01
-2.222614508051590776e-01
-4.177396218528071081e-01
-1.000000000000000000e+00
-4.556597214476002522e-01
9.720505693228584931e-01
-5.800299963345710852e-01
-7.110067688029320099e-01
5.685964760345412206e-01
-2.891774575482290999e-01
-1.000000000000000000e+00
-9.811447861555806504e-01
2.395463985283563524e-03
5.957532465032168156e-01
-7.336980844858713713e-01
9.847044667199791323e-01
8.359430635891813566e-01
-9.927368054773654249e-01
6.704412204491304594e-01
8.172362986061458834e-01
-1.000000000000000000e+00
-1.000000000000000000e+00
-7.804078022810571058e-01
-6.836711175014664743e-01
8.444802194114457983e-01
-9.019936667733633451e-01
-5.352755572021347108e-01
2.395169501850752392e-01
-4.527667183663003914e-01
-1.469999383686273198e-01
-9.337247116010016779e-01
2.824281550072413327e-01
-2.766990220356124047e-02
-6.353546575405319974e-01
-4.046258543413114861e-01
9.136029851748879160e-01
-5.567693072039391344e-01
-3.754193061950491517e-01
6.678208995054828456e-01
2.447430985667831682e-01
-5.944002978044495844e-01
4.858317619026706891e-01
-7.230328611453854526e-01
1.000000000000000000e+00
7.134545950835415873e-01
-8.605872855572582747e-01
7.414737833334383854e-02
1.000000000000000000e+00
1.123959478572438275e-01
-1.376384459118268899e-01
9.278504900348915063e-01
1.000000000000000000e+00
9.805740521512902319e-01
8.443586434454466438e-01
-2.445619895791247833e-01
-9.236085848675379406e-01
-2.668811101868451274e-03
-3.108794271745016768e-01
8.076182930807876970e-01
4.427394490951435113e-01
3.977877974362878932e-01
-2.174696691648642655e-01
-4.733019746912732750e-01
4.578917147003608301e-01
-3.979224064839216313e-01
6.380313656330018901e-01
-5.514053942680930964e-01
-6.176465883229889098e-01
-5.480673278667977932e-01
-6.883603992895878099e-01
8.221474068928442680e-01
4.355159942863728872e-04
2.303403464687936442e-02
-9.676228699655009535e-03
1.000000000000000000e+00
-9.136368553741522902e-01
1.308143370284235718e-01
-9.310587303563542250e-01
-6.928545688481522191e-01
9.565818422214406036e-01
8.772686500184088132e-01
4.520367301263992776e-01
8.817286638251065067e-01
-4.547921890218058483e-01
7.462005009121747134e-01
3.286040869807956288e-01
-4.827177747905905814e-03
5.495608970460151843e-01
-3.388493404579375756e-01
9.763656432728520240e-01
-1.000000000000000000e+00
-1.189757930676894337e-01
-6.995944744762875311e-01
-4.036476286252707046e-01
-7.490989550104074635e-01
-6.301669697254219660e-02
-2.008151064718745049e-01
6.484112637797309064e-01
2.716563486155418317e-01
-2.901515692276932512e-01
9.976692941132689896e-01
6.228626952679120476e-01
-4.596940932753550424e-01
8.563325682359859692e-02
8.435383902635068543e-03
7.041527539678864578e-01
5.789868102398686434e-01
-7.842650105836267427e-01
-1.162412903950158921e-01
-6.719876892231767540e-01
-5.364026514680901858e-01
3.708268520518222533e-01
-5.412033197228038883e-02
6.447039948639933238e-01
-1.000000000000000000e+00
7.813512818529013693e-01
4.487877296124753723e-01
-5.691016671512316716e-01
-5.302024899318437123e-01
9.185351214688778354e-01
-7.212813166649585384e-01
-4.558343593378044734e-02
-7.464969640949657981e-01
-9.371475654739085392e-01
-2.236274134977678241e-01
-3.948439247335776559e-01
-3.569845199867657248e-01
-7.242233992963987843e-01
-5.322166541805269102e-02
-5.632077941543076616e-01
6.803044166756961886e-01
-6.368063005010704547e-01
6.847597873677742086e-01
-3.898169886701262077e-01
2.823612698688615086e-01
2.284796136936098898e-01
-1.884420455129695859e-01
1.000000000000000000e+00
-9.343903976392844424e-01
-1.125840021566206772e-01
-6.013049815731157377e-01
-4.982601350075578361e-01
-4.273313373007830429e-01
8.874000548197682470e-01
-4.240125463795431648e-01
-9.458569731925697832e-01
-5.008200789544798859e-01
-5.452308478049223972e-02
6.020845202122695472e-01
4.476219975879602853e-01
4.692310029457262832e-01
7.856379727780777866e-01
-1.000000000000000000e+00
5.529506194012010489e-01
7.981625703853325593e-01
-9.277268787142081141e-01
-1.000000000000000000e+00
8.887679465385032174e-01
-6.617420474669732933e-01
-1.000000000000000000e+00
-2.580705868649602053e-02
-2.895559701489667237e-01
3.655286487169800425e-01
-6.082643297157491746e-03
3.369217936992235929e-01
2.440069569459385468e-03
9.914457121415376495e-01
1.000000000000000000e+00
-7.618477972967651057e-01
1.224886234267814622e-01
-3.052006206168121905e-01
5.668512250955141107e-01
-8.954648522804655730e-01
1.000000000000000000e+00
5.661989685712953690e-01
2.354947468093094298e-01
-2.858457039474030514e-01
-9.550939348770433046e-01
5.604946611877164031e-01
5.105155713148222529e-02
2.295170267716591661e-01
8.462856076473309619e-01
7.033944723637399754e-01
-1.680867147909680392e-01
5.825302645608012586e-01
8.167532703068772770e-01
