3.099514730653821770e-01
-2.788423757685482007e-02
-8.732731365997665751e-01
-5.914272583391962934e-01
-9.624704813872173581e-01
-6.048154622350211396e-01
5.558875407693153470e-02
-4.126945925347946798e-02
4.393437425401830465e-02
-3.792914151626236574e-02
-6.348675047446741271e-01
7.985146626088321931e-01
4.662413751938272455e-01
1.000000000000000000e+00
-1.405615828926721211e-01
-1.000000000000000000e+00
6.006497212557526666e-02
2.561911170082012967e-01
-4.554784402805851506e-01
1.392843637079020924e-01
1.000000000000000000e+00
-4.031105318597047460e-01
4.766278353666720813e-01
4.531520057357683040e-01
2.491410219837786322e-01
-5.013633019549064151e-01
-8.192293211260276431e-01
-4.561160707167373207e-01
4.638671200488875268e-01
-6.775327842486622565e-01
4.908818532383834032e-01
5.897970752929099225e-02
5.815823420511908592e-01
-6.142348377122281988e-01
-3.012266168298253222e-01
-1.000000000000000000e+00
5.904584537129018429e-01
-5.895418021572068623e-01
9.807373708468295481e-01
-8.612521807850614941e-01
5.222236641813637892e-01
9.598050883709576819e-01
-2.651397791776330948e-01
-9.262311703286839615e-01
9.777883006478602645e-01
-6.830867382288934309e-01
8.178030208226350073e-02
9.441333429615161865e-02
-2.165489772795133050e-01
5.095971852687446457e-01
1.000000000000000000e+00
-3.338739656780741472e-01
-5.232548332270562375e-01
-2.587616240893897412e-02
4.306399773301841094e-01
3.087770639182136345e-01
9.704946802658795946e-01
6.438154688625854494e-01
9.324983285775605424e-01
1.000000000000000000e+00
6.272640400299238639e-01
4.729191835603092642e-01
-4.132134612505829474e-01
-1.680963018255132724e-02
6.964408815552576293e-01
-9.335943920429976561e-01
2.888209976766082376e-01
-8.949981475913257878e-01
9.787316886766850299e-01
7.446538279916471437e-01
-3.043171927106334551e-01
-5.375498853064887284e-01
2.788540128778049798e-03
-7.469795214171663922e-01
-8.403743247205828215e-01
-1.000000000000000000e+00
-7.265737375375562745e-01
-5.813649929056836640e-01
9.789384806476328915e-01
5.538836918246978769e-01
-7.826864090163820897e-01
8.218670566606133265e-01
3.742544573257567952e-01
-7.824645028915127032e-01
5.579301531167776274e-01
-9.593402339094587727e-01
5.226216041984839134e-01
-1.465887443393920631e-01
1.000000000000000000e+00
-6.632039189454916883e-01
-3.217813527620329017e-01
1.496922512823421203e-01
-9.649176503050191922e-01
8.902662180993330399e-01
7.484639764829636999e-01
-9.832052978718935909e-01
9.439574710365674637e-01
-9.440281974795001751e-01
-2.767020185698306767e-01
7.593712632402318530e-01
3.806097544795572496e-01
7.675605131252176694e-01
-7.362521165718802774e-01
-6.950593087995066144e-01
-8.138671235676238069e-01
3.279966670180889388e-02
-1.000000000000000000e+00
5.778974980278437368e-01
-9.228793681236324709e-01
-9.742873523992461315e-01
6.822389968848661113e-01
8.409513918243820552e-01
7.067461566127197781e-01
-1.571264013579788954e-01
-1.000000000000000000e+00
-9.079735175932868163e-01
-3.260738958092803674e-01
-8.350471813130855292e-01
1.092983363545585451e-02
-2.292627285261766845e-01
1.000000000000000000e+00
5.545710955156935018e-01
4.720938065657098726e-01
-8.278141053653083059e-01
2.381257305163976268e-01
-9.385818474639240350e-02
-6.403594388251240277e-01
8.803292262670980861e-01
5.444100749882704315e-01
9.604208906769939880e-01
-5.507406085126533846e-01
5.755198663228180411e-01
3.474663878837980224e-01
-1.840064534740688540e-01
1.000000000000000000e+00
-6.783725432002656319e-01
-3.964135162948549396e-01
-6.250340615089151619e-01
4.372431299306769881e-01
5.810820396635030249e-02
1.000000000000000000e+00
6.255733347206988704e-01
2.332119329479571124e-01
-7.654128255777585821e-01
1.000000000000000000e+00
3.619107487968338255e-01
1.225953772394423602e-01
9.475718416728425852e-01
-5.305144484677426497e-02
1.297965054564616597e-02
-1.000000000000000000e+00
9.533758786740544888e-01
-4.833072965113821562e-01
-7.701972994637658054e-01
1.347655055160275617e-01
7.914564772865984033e-02
2.352678929874829628e-01
4.567320053723742945e-01
7.377937046355753647e-01
1.082662062035722877e-01
6.666825503325615188e-01
-3.187170276055837359e-01
9.892707550363644131e-01
-1.351184358368803240e-01
9.000606595784479413e-01
6.414575772963952982e-01
-4.619598915308831266e-02
1.000000000000000000e+00
6.892700129481341698e-01
2.110236158723611810e-01
-1.000000000000000000e+00
4.919541443632307054e-01
-6.806471316891449241e-02
2.655201171648675640e-01
6.998055662042187430e-01
8.317449169268515963e-01
-4.328999835402586038e-01
4.386745361867747661e-01
-8.570753904992967076e-01
2.826021989318908689e-01
6.491673778681228413e-01
-7.111403431506451156e-01
-3.163683914967023170e-01
3.415075515119164740e-01
2.275983997811592552e-02
1.000000000000000000e+00
-3.854170408401458303e-01
-1.000000000000000000e+00
1.000000000000000000e+00
6.158999904916818702e-01
1.000000000000000000e+00
-6.828734324441865233e-02
5.769455741005993232e-01
5.947685594251357344e-01
6.118426311531564021e-01
4.074210387569024983e-01
-2.557309946048784699e-01
-2.760037257825420642e-02
-9.899701533698568312e-02
1.000000000000000000e+00
-1.000000000000000000e+00
-2.833693423382074306e-01
7.812965264217387462e-01
1.000000000000000000e+00
-6.528856038191740430e-01
-1.551860648551157684e-01
1.000000000000000000e+00
-1.946820096930703681e-01
-8.675168617186408415e-01
-6.284774253612299688e-01
-7.150762935986252344e-01
2.269300402671262373e-01
-8.791832258052073579e-01
3.391265923156260298e-01
5.300244558941658024e-02
-9.855669042612933417e-01
8.435589791513755653e-01
2.682100761005342671e-01
-4.352855269341350808e-01
-1.680320655507305805e-01
2.057609807396865165e-02
-5.962261631999294931e-01
2.094551287015254948e-01
7.392723664679208273e-01
9.846122687505424187e-01
-8.370847671209395990e-01
-1.000000000000000000e+00
1.000000000000000000e+00
-5.767252946080869691e-02
-1.000000000000000000e+00
1.000000000000000000e+00
6.923773072819614516e-01
-4.617681609050592328e-01
-9.629824818655935426e-02
8.706595950074584866e-01
-5.114529548970137007e-01
-5.105013783829350782e-01
5.027271853527313095e-01
8.704987315153573935e-01
5.033822025216412310e-01
-5.680522920577559809e-01
7.962796167328778374e-02
-1.000000000000000000e+00
1.000000000000000000e+00
-5.529249409653558267e-01
7.070315380846926567e-01
8.469280176531408522e-01
6.889474408748406109e-01
8.825691105163252503e-01
2.152592251892010977e-01
-8.759507634490413253e-01
-1.262171173942430169e-01
5.031898719740079962e-02
4.563112790077407110e-01
-1.000000000000000000e+00
-5.945959908952012096e-01
2.771342264860425786e-01
-5.579397974656252757e-02
8.345486131766735038e-01
3.401009770433034429e-01
-9.735374603988675712e-01
-8.870581719184975622e-01
-2.188903212182811142e-01
6.084472081776279850e-01
-5.939281952183885771e-01
