-5.646384957629657642e-01
-9.667464758057167096e-01
-2.319654305610638900e-01
1.073985476174619813e-01
-5.292057166198200768e-01
-8.456425685815149862e-01
7.945338055321106152e-01
-1.185918482519887629e-01
4.871965613403839712e-01
-8.000619046072070528e-01
-6.358398794564188439e-01
3.849557376719652257e-01
-7.968735769608704667e-01
-1.075169269930178473e-01
2.184869762274579408e-01
5.020274088346541319e-01
-9.068134441133494095e-01
7.799327148517898323e-02
7.733265556584609790e-01
2.486052037586712615e-01
-4.941629210466325084e-01
6.503749663122071478e-01
-3.726071359081517542e-02
6.553410367566834260e-01
8.336512805713658381e-02
1.017006323630325060e-01
-1.000000000000000000e+00
-2.125971992367819974e-01
-4.289915366501474980e-01
9.531237098470912716e-01
-2.428261938476402038e-01
-7.500427303762197129e-01
-3.531111749304796099e-01
-6.679929024496493728e-01
-8.420288533130859676e-02
1.623527108654299056e-02
2.512983608553014392e-01
-6.598397040535117775e-01
4.873208146858710177e-01
8.404567608434709847e-01
2.991106285405693566e-01
1.141250142184456751e-01
-2.422028482238314240e-02
-9.535141185440212386e-01
-4.774316466876311615e-01
-3.870863347411979127e-02
8.366869154283260723e-01
6.803034179323619313e-02
1.784290844903899664e-01
5.801541351391754642e-01
-4.103284728063203435e-01
-3.868171889330958013e-01
9.654688875472507981e-01
-9.635559367127812802e-01
5.570194969756858683e-01
-2.077413713101865511e-01
-2.588168261656147440e-01
-8.239677568860253043e-01
-1.000000000000000000e+00
2.031078330420023059e-01
2.944482408304869292e-01
-4.834631452195528034e-01
3.305642676151293591e-02
3.640837329293207247e-01
-6.594533660332921876e-01
8.487870448197638584e-01
4.312211683595257306e-02
1.000000000000000000e+00
8.725071170403302379e-01
9.676781254482480499e-01
8.989426919500775881e-01
6.962492109108104898e-01
4.174156333088771542e-01
-1.572246438593731810e-01
4.209818173298731647e-01
2.909387620070511549e-01
-4.021087104787435251e-01
1.725823649304053520e-02
8.292159150026945369e-02
4.542391499139242228e-01
-6.908806253848525092e-01
6.164638650505360751e-01
-5.955479925325564139e-01
2.279355206629363195e-02
-8.213637715863666422e-01
5.846345870677001066e-01
2.744120828723266570e-01
1.000000000000000000e+00
-8.981473691383003999e-01
8.396520543433599881e-02
-8.741689233191967112e-01
-1.866357260346702684e-01
-1.713598055065346237e-01
-3.425079331344247358e-01
7.185403375689758398e-01
3.130329616888985478e-01
2.311919078923789783e-01
2.301339093307286365e-01
5.677717427286745888e-01
-2.137836822740686316e-01
-9.938066183698426315e-01
-8.709418308456081670e-01
-1.238607992326783425e-01
3.714626663435607323e-01
1.000000000000000000e+00
-5.848606842687988916e-01
1.987935488948350260e-02
-4.550396791361360216e-01
1.000000000000000000e+00
-3.727669995725790830e-01
8.673247599500472083e-03
-9.580616172117071283e-01
2.535120778184603019e-01
-3.803124936066510919e-01
2.635414343417941466e-02
9.954092357150313708e-01
-1.188933298878958045e-01
-5.884052782680281313e-01
3.463763660408560874e-01
9.103600122837398612e-01
-7.198806694015600360e-01
-5.968659810716808733e-01
2.957255327925791821e-01
4.956233285627201224e-01
3.322678640640264192e-02
-3.887654907521547187e-01
9.559698367077884562e-01
-2.936125534201989296e-01
-4.357570686740772636e-01
-6.680070814313269212e-01
-3.149393749713240709e-01
-3.739735918783086976e-01
-1.000000000000000000e+00
-5.522720387739141756e-01
2.010882626968457654e-01
2.755439885251512733e-01
-3.839064388496962188e-01
6.611263479389328790e-01
-5.710638544167521147e-01
-3.849909612830748618e-02
1.000000000000000000e+00
2.788744715980673305e-02
3.005619252812694597e-01
8.347275832980016741e-01
-9.134370852669444485e-01
-8.512669571976496652e-01
7.505771227350481745e-01
-8.601132301377829581e-01
-2.820370931261090286e-01
5.887447462941166609e-01
-1.724888015067359004e-01
-1.531335885413223075e-01
-6.560082247722680560e-01
-4.484927083684486782e-01
-8.881025588237128066e-01
1.622308076960361500e-01
-7.239701820175193925e-01
-5.618374057118624698e-01
-7.222290268650454204e-01
3.772494281352065104e-02
-8.596876057580463693e-01
-4.719251886770412519e-01
5.984536118874200783e-02
-8.042884951440611996e-01
4.443412923626155475e-02
7.187948243263457826e-01
-5.748997251440706169e-01
-1.000000000000000000e+00
7.178162847062937724e-01
-6.576124861615312289e-01
-9.749332434327804275e-01
4.163146907061801016e-01
8.200505247619416238e-01
-1.888695006724376846e-01
7.171250583355361918e-01
-5.938755195506952855e-01
-4.739408037570000953e-01
1.525583796691157290e-01
-8.452670422527932548e-01
-8.147570573527834759e-01
2.199839618938594921e-01
1.000000000000000000e+00
6.467233915460186555e-01
4.737500590266052747e-02
-2.141965539053595213e-01
9.569129270068521542e-02
8.398697252076512410e-01
-3.559387999234071565e-01
-1.077304339316613180e-01
5.621251959566513356e-01
-6.492742985494384111e-01
5.986846395531968401e-01
1.746991097588554420e-01
2.216859797882132499e-01
-5.982847599766627500e-01
-6.500559399445846598e-01
6.054543483260985681e-01
4.674429740280487966e-01
4.197158545380674788e-01
-2.487932448088430171e-01
-2.263515195692789028e-02
4.549044391861423176e-01
-6.206049077730660946e-01
-1.728248882986003210e-01
-3.290864341321457776e-01
2.160549449242712416e-01
-3.503048305754610792e-02
-4.637984112462743003e-01
8.258996876500643847e-01
-2.706919928628372940e-01
2.549319175506279400e-01
1.000000000000000000e+00
4.518317998908827349e-01
1.495501873074904786e-01
7.409501646781475603e-01
-1.183962299429467402e-01
5.348623164610109004e-01
3.381969472258314902e-01
-4.833561459931983162e-01
1.255620010993088176e-01
-2.159373712107559573e-01
8.793773028198157427e-01
-9.247204798822197258e-01
-2.654517552985085072e-01
-1.602450387157703382e-01
-1.000000000000000000e+00
4.927747045408068516e-01
9.970900923979365560e-01
-2.559865380146437719e-01
-8.474352928320569855e-01
-1.990280176587091443e-01
1.483918127142657695e-01
-3.248379995573684731e-01
-1.155250839279824415e-01
-5.060482547869048497e-01
5.411279725419761988e-01
-3.425955827277398225e-01
-8.272017428386753135e-01
2.877225613870559862e-02
4.010026815356482199e-01
2.682045753062747284e-01
7.154369756001283109e-03
4.070285951728080387e-01
-3.997481371168272180e-01
7.560660066009263769e-01
4.536105150434810995e-01
-6.305316241847876979e-01
5.611274115549542696e-01
4.759741949813234285e-01
8.236691498146332391e-01
4.654088149126722751e-01
4.330600026693511850e-01
3.539381325793679034e-01
3.895368283683947608e-02
-6.936467409597661948e-01
-8.610251326360949253e-01
-7.639094793076738332e-01
6.500501752750924567e-01
6.811493071871750626e-02
7.202065663948937768e-01
-2.310024351030763867e-01
-9.741406433158177336e-01
9.745186003878749670e-01
7.809175732124159497e-01
-1.106939574357911904e-01
