-1.651709288146279431e-01
6.219033110145044674e-02
-3.657881029355044555e-01
5.306361728667227107e-01
6.419239072952716008e-01
-7.706522600083506314e-01
7.900038133580690181e-01
6.346027389098607419e-02
8.543911255145839601e-01
-3.490276818752053867e-01
-9.410727665247484719e-01
-6.288314874663476495e-01
7.614475659495603121e-01
5.249720670511408560e-01
9.216922962282102505e-01
-5.144953801222069689e-01
-1.000000000000000000e+00
1.000000000000000000e+00
-9.338322625224597662e-01
6.715332352625387191e-01
6.402506400392407038e-01
5.148867873957809760e-01
-9.741868718631676582e-01
1.314340579658328512e-01
9.001082994378277746e-01
1.287422885597770406e-01
1.112362796775180074e-01
-4.741037605732830174e-01
-4.657816718872871964e-01
-9.584987194750744788e-01
-4.316224486040501906e-01
3.853302586511715422e-01
5.310793153733743832e-01
1.204398511087799162e-01
-5.676808953504343114e-01
3.935725629789830204e-01
-8.195210360920557324e-01
3.119083513817598741e-01
1.585993552370511539e-01
8.505263595415707423e-01
9.077670297979867353e-01
4.592910493711976905e-01
-2.036046080687877735e-01
2.557163420321629244e-01
-4.072685486861219450e-01
-9.184515376358122207e-01
7.354163357631255948e-01
1.000000000000000000e+00
-2.787804042909257096e-01
-7.175622846495062213e-01
1.157537117626812051e-01
6.056032878848054413e-01
-1.304945328431969809e-01
-2.863893932815546606e-01
2.149316015217420106e-01
-6.614347748391610216e-01
1.020294545080051990e-01
7.605198255255114503e-01
7.375220918963040218e-01
7.152419808545099622e-01
1.763780200758898187e-01
7.681623777145024645e-02
-3.235094330975712418e-01
5.559737407396153630e-01
-2.950903303092490271e-01
9.646391574001911273e-01
3.898670524595957421e-01
2.098204938964803590e-01
-1.307245616086626649e-01
-5.030680766357700229e-01
4.349005148355472028e-01
-9.707780193354476062e-01
-8.941711332751244301e-01
-7.542645260512919059e-01
1.134990322042448846e-01
-1.000000000000000000e+00
-8.364271798850152484e-01
6.386723117549482076e-01
-8.308966894458107433e-01
-9.606404980276297967e-02
6.139763539484675847e-02
6.497164453506656945e-02
-1.815830536223677072e-01
2.042500133805526946e-02
-3.382835102169695629e-01
2.213088349885370398e-01
-2.808887484772300547e-01
-7.129381653481886572e-01
-6.811380376232509803e-01
-7.673836523097476991e-01
-5.840409978867605600e-01
-1.405170758061060621e-01
7.269144511016746302e-01
-1.907215006331577922e-02
-4.725181618024174024e-02
-6.913249754227179800e-01
2.422369555589204415e-02
9.702740541931283991e-01
4.387214687263447654e-01
-7.454490532140393144e-01
-3.554928908319558989e-01
-5.629403665273554624e-01
-5.186829137571159487e-01
-5.404100620803052868e-01
7.643123134425364729e-01
7.958191857256351476e-01
-9.274850555662960128e-01
5.123936136484292803e-01
5.626082447616426174e-02
9.473193928235540406e-01
-6.118295785379634921e-02
-7.300403725077735384e-01
7.074717538114914106e-01
1.143412143155564387e-02
-4.193124095762214010e-01
-1.142904310989789618e-01
3.690763256972957040e-01
6.510125884842004051e-01
8.687098757048228315e-01
-7.155771442181310671e-03
-2.614806854173450379e-01
-5.251390536540840870e-01
-3.737394017145674319e-01
-5.868866603050455488e-01
7.510559504327343205e-01
1.605584415924481145e-01
1.735360898152689124e-01
2.531736752050959272e-01
-5.268649411017133355e-01
9.033171026203296039e-01
-5.400800704077129977e-01
1.383659626980892066e-01
-3.671550830129770571e-01
-1.381457150097843145e-01
-4.776950395136491112e-01
3.861127430418258566e-01
-9.250987684582001602e-01
4.853512757421886703e-01
6.938140111088073603e-01
4.891415987904180751e-01
8.649005286665845116e-03
4.175734044654849653e-01
-5.925928663177236766e-01
7.843133066049815527e-01
-9.595419518632390954e-01
3.399670361480451597e-02
-4.572824635399122539e-01
3.428863660838532557e-01
6.151664239364382780e-01
6.007248031262582000e-01
-5.462022683052453198e-01
-1.000000000000000000e+00
1.317927778210851719e-01
1.000000000000000000e+00
1.000000000000000000e+00
-7.451263770701040956e-01
-5.258612108028313248e-01
1.803062860845945359e-01
-5.496185601401422094e-01
-2.935443243925357493e-01
4.935789462226269908e-01
1.000000000000000000e+00
1.102918757722277654e-01
3.685757792564395841e-01
8.654126435463688205e-01
-5.842654278611847385e-01
-4.386618114042565852e-01
7.097469111272316500e-01
3.282539799041946371e-01
-9.309355280300881663e-01
-7.411014803697644204e-01
-9.780510917375192514e-01
8.293620600537393583e-01
-1.000000000000000000e+00
8.275393271116233684e-01
-6.116968218492099263e-01
-5.777387008480700664e-02
6.012837848512370131e-01
6.483095043359552445e-01
-7.739418891844016546e-01
-7.204443130643755078e-01
4.411742801449403117e-01
-5.791796892132889951e-01
2.830931752561626213e-01
-1.275900213093514313e-01
5.378249411002353764e-01
6.560936231384204564e-01
1.000000000000000000e+00
5.150314907678379406e-01
6.805213106707598270e-01
-5.197720902421502087e-01
-5.788406460901097950e-02
5.294896075334276642e-01
-7.966741730966401258e-01
-2.825072538563953572e-01
1.843187099361672243e-01
1.000000000000000000e+00
-1.266744700302087356e-01
-3.339408015777455274e-01
1.000000000000000000e+00
3.404359841077557181e-01
-4.972783714481430195e-01
5.196043776234030021e-02
6.498944117723700620e-01
-6.476543670273516851e-01
8.839494257730335924e-01
-2.997919562024397022e-01
-4.890800070921851317e-01
4.615588560242895877e-01
5.116568935878973434e-01
-4.761744477067755832e-02
6.608198531793828545e-01
1.000000000000000000e+00
6.397504552199325678e-01
3.164800141745083284e-02
5.020475967359506742e-01
-7.250569694308870439e-01
-2.835778371186657987e-01
3.465120991609780265e-01
-6.757915397845157823e-01
-5.452880182407183751e-01
8.034820962230329044e-01
2.536469477768421577e-03
3.767354513485431933e-01
-2.968961073495839376e-01
2.499807083310265909e-01
4.867014107086382046e-01
-5.283985946480138640e-01
-5.126888311353736682e-01
1.669556522858160752e-01
-7.055701490863248715e-01
-3.950039662145707342e-02
7.199153480136138983e-03
-4.182517614205839562e-01
7.292584012223100043e-01
-1.000000000000000000e+00
-9.386699115719384645e-01
-8.133352832748155098e-03
-1.058442750789833076e-01
9.147036341287941852e-01
-1.352128445759379072e-02
5.545413041785569597e-01
1.104943283907153517e-01
4.592546010446598159e-01
5.970024138440428452e-01
2.847381377164679428e-01
-4.901307969251762486e-01
8.700703806866887380e-01
9.422164709628099155e-01
2.676186482891640406e-01
-5.527903012324708598e-01
-7.547018148296628093e-01
-2.958001813404023683e-01
8.382430733239357723e-01
8.870747869797653840e-01
-3.124565484850622132e-01
7.780059616877851303e-01
-1.907738905450777622e-01
-7.611587907796482089e-01
1.000000000000000000e+00
-2.335326001603829638e-01
-4.409239806599115630e-01
-7.450310459998096269e-01
1.067280477764684238e-01
2.806302690118389620e-01
