4.844192398450370973e-01
7.971645087624594783e-01
-5.038168123975933499e-01
5.188659316997422388e-02
6.817428962509047841e-02
1.495448727320635163e-01
7.251970232322640930e-01
-1.501155840606059610e-01
4.628540486596045556e-01
1.000000000000000000e+00
5.589017938284155523e-02
1.000000000000000000e+00
8.976456909738479706e-02
-1.979599358526895059e-01
8.141356986259270512e-01
-5.994619042972754164e-01
3.616442079281877997e-01
6.520000266290717494e-01
-5.872019687644696173e-01
5.970353249132148710e-01
-2.189493579661793698e-01
1.711714564276687056e-01
-5.643988280002831814e-02
-7.988416696777178583e-01
-6.356849621453330990e-04
1.707550092199527914e-04
-1.818243376052114391e-01
8.228551059230906350e-01
4.800553449252739080e-01
4.101013816252127020e-01
-9.587901995459428006e-01
2.342258985372875357e-01
6.121692665487404872e-01
2.130992168523072605e-01
4.213795168666580326e-01
-6.559933343149547680e-01
-1.244347638445623960e-01
-6.707787367572242143e-01
-5.215640889007659986e-01
-2.588698567430646746e-01
5.429389465238959600e-01
5.899169429393037456e-01
1.715560513250861674e-01
-7.108193179524713301e-01
5.073016019651712671e-01
3.353428541541768615e-01
-1.608509379493817948e-01
2.894558933095661701e-03
-1.186742174674365047e-01
1.280408758403043246e-01
1.656338446230435912e-01
1.145273950169724553e-01
4.790462284908372226e-01
-1.878382332508056474e-01
-6.301867612348839298e-01
4.068746508957281349e-02
-5.447853191519209659e-01
5.966902967613232356e-01
-8.709834077061721080e-01
-5.799840724423435123e-01
-1.186796922325550063e-01
-6.068388447145769415e-01
-8.247341276978832347e-01
-9.209226738824393133e-01
-9.928731226099829499e-02
-2.423683429491924057e-01
5.223015011937668373e-01
-3.458221250078629128e-01
-4.764850208480945204e-01
-6.544090627390414250e-02
-1.148281344559117789e-01
6.465795314110872605e-03
6.032834886796114571e-01
-1.551119504819735151e-01
-2.703286461241237726e-01
-7.294066559278358231e-01
6.635352681686542686e-01
2.399272279840423128e-01
-4.005809192061948742e-01
6.209300576244790593e-01
5.914192144763849579e-02
-1.621538815621469953e-01
-2.569185985151985485e-01
8.660264176240746181e-01
7.032883944533248055e-01
-2.870816164171414164e-01
-8.347934136830835739e-01
-9.069910992765771729e-01
7.666723993773560952e-01
3.343246484069718472e-01
-8.366474551976311735e-01
-1.525291775659402826e-01
-4.857248268837559557e-01
4.316036166754829151e-01
2.945822355983548912e-01
-5.243693388887524787e-01
3.828222374141921347e-01
1.289749004762559548e-01
7.224879870134351956e-01
7.461055817559325565e-02
-2.538609499586447771e-01
2.500531167444015601e-01
-8.667933066396442676e-01
-3.282495352404553035e-01
-3.918367973856153874e-01
-7.263209514793621535e-01
-3.306435385697881202e-01
-2.025948785110119887e-01
-4.591993326709759571e-01
1.311687294358666600e-01
-2.694860227079984849e-01
-5.775329404619305995e-01
8.631732713300616089e-01
-9.892030610869434470e-01
3.766340865298878349e-02
4.503208947237372639e-01
8.067645281171984539e-01
-2.991970560751362473e-01
-8.456475139655386108e-01
5.213298857627840510e-01
4.380432168661578807e-01
-5.280086883311591039e-01
9.967769861809232523e-01
9.208682434231732494e-02
2.400284198477389552e-01
9.390261879896598662e-01
-5.813910065684060324e-01
-6.460367639686287466e-01
-2.378022489708933318e-01
6.449115099498747838e-02
-5.595635170807261582e-02
-9.395461329104299875e-01
8.475534407729043429e-02
1.000000000000000000e+00
-5.674222803849940933e-01
2.697982806435482162e-01
5.359737911853789116e-01
2.123718084400377792e-01
4.997161471196038818e-01
4.293744606150211585e-01
8.475243095700341067e-01
6.184757597265598816e-01
4.009630102968842480e-01
2.730058039826054050e-02
2.315335918866065212e-01
5.108908992874977573e-01
-5.610673490054127743e-01
5.171418719878542181e-01
4.908308251331066629e-01
-3.930802358582201061e-01
-3.863917417089807183e-01
1.519692547734287080e-01
2.801434183980769932e-01
5.718918891949430483e-01
-2.390827269357563220e-02
3.637352019017303095e-01
6.169100047405753351e-01
6.232270342282010545e-02
4.844706280338848675e-02
-6.599790878368473612e-02
5.658642962307838253e-01
2.221348705519215760e-01
3.384523704233528552e-01
-6.296466002157422581e-01
-6.105515924911366632e-01
7.913133818653513840e-01
-9.025006104189906564e-01
-2.434643162614084921e-01
1.059593398007568077e-01
8.297488351155236641e-01
-2.398421099162479087e-01
-7.152923758841586155e-01
-4.184412321498464093e-01
-6.217628139759710793e-02
6.974357136767377341e-01
-1.777066006139454701e-01
-8.053409199191008394e-02
5.301267396294508938e-01
9.455268113998746005e-01
6.194852878508646521e-01
-1.270678486864531276e-01
3.085600901174289645e-01
2.020179337297385858e-01
-4.484707076679658733e-02
-2.407043233392845982e-01
3.636008372860345395e-01
8.431461439134725344e-01
7.893243525453003118e-01
-1.727382033256582572e-01
9.754544838874751322e-03
-1.137908473664090564e-01
-4.186235671175633777e-01
-3.336616301678174690e-02
1.253970230781603634e-01
-6.001064545286590723e-01
2.383203238014642289e-01
-8.933702411389303766e-01
2.030302974986355480e-01
4.038829017094774931e-01
1.945185548031556910e-01
-2.579532746515518782e-01
1.230249564535172979e-01
9.902347002731756165e-01
1.567680307317322330e-01
-3.797949854859208330e-01
1.000000000000000000e+00
-1.335344140540992153e-02
5.366064185628127703e-02
7.674793273801306936e-01
-4.871139319972947468e-01
6.222057170086503497e-03
-5.562862001429115244e-01
1.223380524060018598e-01
9.871752518079296435e-01
-1.311531843800136932e-01
3.140402989354100782e-01
5.628048462252712714e-01
-5.417318598249567518e-01
-6.956708040030554763e-01
6.418437301080799351e-01
-1.293015186920235676e-02
-1.000000000000000000e+00
-1.000000000000000000e+00
2.832017490077716193e-01
-1.366112788767304131e-03
-1.094961922731179371e-01
8.009328443227311523e-01
7.753297601412738604e-01
2.278879074437143715e-01
5.746538361000598227e-01
-5.135498570957427455e-01
-3.205570765254507348e-01
-3.405756367268872875e-01
-1.406960867595145603e-01
7.047635715655712341e-01
2.111706151812028087e-01
4.966981378231218880e-01
3.499837326903851853e-01
4.584547473362164671e-02
-4.513385288567928200e-01
-5.316400684842955693e-01
8.440236149309918168e-02
4.737960149488643635e-01
-2.797255327106580314e-01
8.421463668340197772e-01
-8.283683299194766203e-01
-5.255618551537231120e-01
4.131982289645992346e-01
7.798492005478075972e-01
-2.865273514466244453e-01
-4.384592358786146282e-01
4.234840026644476896e-01
6.009833495584973040e-01
4.641805683979318142e-01
6.450817503064575353e-01
2.015158963681294990e-01
6.432521958451331567e-01
4.806471205432565064e-02
5.529418927828908537e-01
-3.217900136235907205e-03
-7.263017918540689566e-01
-6.301792183684070681e-01
-5.589882271213242326e-01
5.354128690533894730e-01
5.091779860658379731e-01
