-9.087027149268096515e-01
1.979956583398631009e-01
5.515836546987584743e-01
3.765144326148380238e-01
8.618758335690459571e-01
-6.419595485272343305e-02
-4.875564086828275689e-01
-9.964302786469273476e-01
3.505862699638920832e-01
1.000000000000000000e+00
-1.376878179587775475e-01
-4.200768625411003265e-01
5.860680857426493473e-01
2.102932822638596821e-01
-3.807438577562513027e-01
2.601467161856362287e-01
-1.619898692840960885e-01
-1.318856962969765512e-01
2.011645369812209427e-02
8.730855158380922409e-01
5.342637750481074588e-02
4.855195074361554619e-01
3.224303014904995601e-01
-7.753188208353891664e-01
4.034884439444744730e-01
-4.416119905026888448e-01
4.755632394866440293e-01
-2.945782763029836104e-02
2.677106138944450597e-01
-6.244922253047742178e-01
-4.187352427443739034e-01
4.868166942431935151e-01
-1.431823500497766966e-02
-1.000000000000000000e+00
1.000000000000000000e+00
3.790956250508139558e-01
5.570633979607974018e-01
6.257289325070877761e-02
-6.234083682530989767e-01
-5.756725575451270283e-01
8.000129463938037144e-01
-1.000000000000000000e+00
6.919503917467172416e-01
-4.722537914392115899e-01
-5.212976528772691465e-01
-8.329685144231366301e-02
-3.994824841099813284e-01
3.871800876959476390e-01
1.659960586649554815e-01
1.000000000000000000e+00
-2.690610125594698476e-01
9.939881813879142269e-01
1.490968265686853922e-01
-1.000000000000000000e+00
1.178019005553626597e-01
-1.000000000000000000e+00
4.172903012219325580e-01
-1.154153821981692696e-01
-4.291881023464290124e-01
-6.867718900207204769e-01
-2.299131454755766191e-01
2.175172336926656236e-02
-2.935507689987766899e-01
-1.000000000000000000e+00
-1.000000000000000000e+00
-1.000000000000000000e+00
3.370694904070805631e-01
1.000000000000000000e+00
3.609377375611279026e-01
3.354532920715102562e-01
5.284500279075483586e-01
-7.358028129716445154e-01
4.355911650758673703e-01
1.234992705327482287e-01
4.439936059514387745e-02
-9.902636575094955207e-01
2.391807668605491766e-01
-2.756374482962084538e-01
-5.961308793155586372e-01
-8.361629348229715486e-01
6.831693357530859156e-01
-6.521929150711334167e-01
-4.210235602016578760e-01
2.678204193825980961e-02
-8.949773665489720864e-01
-2.295821539479311613e-01
1.000000000000000000e+00
-2.399414377036416801e-01
4.156423767101330435e-01
8.314637485547915485e-01
-9.214096676637995031e-01
8.096598503351842835e-02
-1.000000000000000000e+00
-4.308940518135728759e-02
-1.067674425908937685e-02
-1.000000000000000000e+00
6.474689762043193131e-01
-9.255591158730157308e-02
-1.000000000000000000e+00
4.034653675581962862e-01
-8.183107562142502012e-01
-4.660148512721234981e-01
4.900280774391828631e-01
4.993211334510017779e-03
-1.164625244430841366e-01
-1.000000000000000000e+00
-5.182748114055517608e-01
9.267900588121733563e-01
3.655822274330956523e-01
2.811811562415063581e-01
5.505193132024736036e-01
-9.822161783154237380e-01
9.610532203500798953e-01
-1.933852994446652040e-01
-2.463376737028130092e-01
-7.905401601309399728e-01
9.972633500525062145e-01
-7.479262255357207456e-01
-6.334183488344476975e-01
8.685466956284665363e-02
8.821670435866126869e-01
-4.485295505721934028e-01
-1.000000000000000000e+00
6.723639058073307417e-01
7.121436427212792797e-01
-5.170323975589190546e-01
5.989572027129640430e-01
-1.869286963766733090e-01
2.909646185589574996e-01
9.257519546174932668e-01
7.770532817075646026e-01
-9.885399265239924738e-01
-1.747022659680360634e-01
-6.546576854625487663e-01
-5.825168399265574504e-01
-1.000000000000000000e+00
2.390669936893080605e-01
3.873553177709651019e-01
1.821000558513751477e-01
7.317075111932074272e-01
3.326221321503959327e-01
-1.000000000000000000e+00
-6.008639567682722005e-01
1.000000000000000000e+00
4.445842354905625848e-01
1.538943215164892409e-01
1.238177839481924281e-01
-1.369852897763257360e-02
1.000000000000000000e+00
1.872088688150910230e-01
-9.996185108930090157e-01
-1.000000000000000000e+00
1.000000000000000000e+00
4.519457216697734259e-01
5.163631247694779880e-01
-8.024548373865056372e-02
4.284183819118225767e-02
-9.257951629039978814e-01
6.429628302711587473e-01
2.766913902107740464e-01
4.468705072170160442e-01
-2.132803139120438285e-01
-1.344373889852301940e-01
-4.995457750292961463e-01
-2.046925665050446097e-01
1.000000000000000000e+00
-1.000000000000000000e+00
-5.135964387200381287e-01
-8.993244633862227388e-01
-3.599268201448628801e-01
1.000000000000000000e+00
4.010993929482713494e-01
-1.659652733740700770e-01
-5.448688681260555056e-01
2.404541487910343833e-01
-4.656334730132940525e-01
1.023640019529846734e-01
-2.101596784662121964e-01
1.271078371088244230e-01
-4.946039682225469303e-01
1.168382416031591431e-01
-1.000000000000000000e+00
-9.185153499999343385e-01
2.432807067744078289e-01
-4.695355243680965351e-02
-1.673869729702892606e-02
1.401915134168750798e-01
9.304962737823607721e-02
-9.032732624980721603e-01
6.109928119357166398e-01
1.000000000000000000e+00
5.979803816537759831e-02
-6.225960405497310557e-02
6.484353520746797273e-01
-1.038584841513061074e-01
-7.560463776711208173e-01
3.541417431759905643e-01
-2.625342189941521909e-01
-7.298773221329077909e-01
-2.539728798350790462e-01
6.775506808933742242e-01
4.253079909456772834e-01
-1.716049669532148103e-01
-8.824933324992879635e-01
1.000000000000000000e+00
-7.916041347545001994e-01
-3.387958788611348804e-01
-4.869060771855373559e-01
1.960946881805997882e-02
8.305247971136504592e-01
9.513982608623812176e-01
3.093703494797822931e-02
-7.175168616044317327e-01
1.700619745476827371e-01
1.000000000000000000e+00
4.353402321673317532e-01
8.575270597922719507e-01
4.496008476011049693e-01
-3.540705527217237747e-01
7.574549078832495397e-01
-8.511591687790811545e-01
-1.000000000000000000e+00
-6.998116777209628658e-01
8.205494870059295565e-01
6.725358928825404536e-01
8.410089600170193025e-01
8.293714148188903179e-01
-1.112760081549330204e-01
2.209925096398646094e-02
9.487434476839230468e-01
-7.775663091056157772e-03
1.138962990395984143e-01
5.533868047118897238e-01
1.000000000000000000e+00
4.139400432280698761e-01
-7.850524285280576775e-01
-1.000000000000000000e+00
-1.000000000000000000e+00
2.864327329663817201e-01
1.178575786508830048e-01
7.698104830102127094e-01
1.000000000000000000e+00
-6.966672954264877538e-01
-1.000000000000000000e+00
1.055011460644134924e-01
-1.000000000000000000e+00
1.000000000000000000e+00
-1.000000000000000000e+00
-1.189379277297724080e-01
3.487179497946207296e-01
-6.804330964075547827e-01
-1.201738708718567833e-01
-2.483279520776107141e-01
1.047396097156886585e-01
-5.705302464488513081e-01
1.884199518499540815e-02
4.107420727138207800e-02
9.259520298610526279e-01
3.133764007793004014e-01
8.383536541496200423e-02
-2.614280372596197166e-01
-1.558814883020445130e-01
-5.776982116498683428e-01
3.226356511033868779e-01
-6.028655595920535681e-01
