-1.737121900344918701e-01
-1.000000000000000000e+00
-7.879091771656148158e-01
-7.269600609017927706e-01
-8.146473219791046105e-01
1.312482404454300977e-01
-6.487168081393500374e-02
8.220645808827373169e-02
-2.284595292131024191e-01
-4.718312362788801839e-01
-1.000000000000000000e+00
-6.556152507924986050e-01
-9.664567324131065895e-01
-4.810538012991039114e-01
2.654476666159897302e-01
-1.058665497230282249e-01
3.665266417634447382e-01
-1.190154693975229439e-01
2.003820362638089325e-01
-1.841541348994510940e-01
-1.227024770298346112e-04
6.366579092607349555e-01
-9.962674738765797677e-01
2.804187633075519992e-01
4.631555730047414166e-01
-8.787755788471651730e-01
6.381913766712298264e-01
-7.676777087467756555e-01
5.800819021923140362e-01
-8.985035486018699835e-02
4.815861084255572688e-01
4.507257920961723618e-01
8.944177195818610038e-01
-8.263299393968023265e-01
9.099956966674385139e-01
6.370765580979965703e-01
7.245257882461959564e-01
5.677815182327990984e-01
-7.443781830952652667e-01
-6.883470956255077766e-01
7.165496272580489379e-01
7.831214925405569627e-01
-4.324274848545761607e-02
-1.000000000000000000e+00
-2.112791081264784876e-01
-1.000000000000000000e+00
7.951495141284397050e-01
-8.333318938810287957e-01
9.069126113633456665e-01
1.000000000000000000e+00
-7.581913561747233299e-01
3.015333194493082791e-01
4.947084710272162678e-01
-7.474155798584793953e-01
1.000000000000000000e+00
-5.627581869409015169e-01
-4.367488431583287367e-01
-5.817697553214415951e-01
-3.338629110247164355e-01
2.694436431298761203e-01
1.000000000000000000e+00
-5.034325675650500043e-02
1.000000000000000000e+00
4.753793660598215620e-01
-4.134771730130859524e-01
-9.975871562311491303e-01
-6.994582021803366079e-01
-5.428835980535398065e-01
1.600062830989881224e-01
-8.798967741851297930e-01
-1.000000000000000000e+00
4.934445387169652530e-01
8.811564985716235920e-01
9.768423767923756218e-02
-7.808648166344360764e-01
-2.216148211062891615e-01
4.891401815600199265e-01
7.640391757467094314e-01
-8.340323276908183647e-01
-8.412795654498423925e-01
-1.000000000000000000e+00
4.930418348077258983e-01
5.901445492790646785e-01
8.756002124233015493e-01
9.208220966391678086e-02
4.560099321304482700e-01
-6.059098967858403961e-01
-9.722616736445996999e-01
-2.209390610942411071e-01
1.000000000000000000e+00
-9.634181577955250875e-01
-7.732920753939268588e-01
3.925845388049582496e-01
1.474031766240602170e-01
-8.789888299032138086e-01
-7.540895291682723212e-01
7.059667461036491787e-01
9.697187080198277354e-02
1.726656901162226809e-01
9.252815514792915863e-01
-1.000000000000000000e+00
6.768480083540302505e-01
-1.208962989214881906e-01
2.360438522447390330e-01
2.749953489384814875e-01
-1.222345654967969542e-01
-6.108401570859278706e-02
-1.297864456597086491e-01
5.250888045033315077e-01
5.732341333752852819e-01
3.881440302823082611e-01
-7.475982800394396222e-01
-2.739609254043886555e-01
-4.457267807903212975e-01
-6.438894834091691832e-01
6.178477861039770591e-01
7.350229266175454246e-01
6.562225273277713100e-01
9.896440658812744040e-02
-4.232560852122142503e-01
3.721688772582844584e-01
5.177743925561939520e-01
-4.110216274894174515e-01
9.693572354463564356e-01
-4.303726171490822039e-01
-5.932813121553233149e-01
5.145912843593805075e-01
-2.199602265720209393e-01
1.130611532490267690e-01
6.323786335218821719e-01
8.883057212081149068e-01
-2.406546967780840429e-01
6.689971408825966526e-01
-8.886255719265465647e-01
1.000000000000000000e+00
4.671641479044563172e-01
1.000000000000000000e+00
-4.089970647113470581e-01
8.027346834099574613e-02
-1.498551021310166043e-01
-4.504044836562297593e-01
-1.000000000000000000e+00
9.184344876618604214e-01
-1.000000000000000000e+00
-5.571591207954729175e-01
-2.888663420235351720e-01
2.498544036398947787e-01
-5.621980038566269933e-01
2.432106930648601506e-01
-5.358922270437820323e-01
1.000000000000000000e+00
-1.554971824065346231e-01
4.326068692957809603e-01
9.637980421142717802e-01
-4.717312167966869474e-01
-2.192280339125303179e-01
-2.896988267075506496e-02
9.160613516972559989e-01
3.385345887558259825e-01
-4.630124180649244359e-01
-8.737014697331433322e-01
-8.737569285124000551e-01
1.710854986559950941e-01
-5.528357000885830708e-02
1.385248383821151563e-01
9.792813093551440140e-01
-1.281086706190637248e-01
-3.137238746363615327e-01
2.601408977334576100e-01
9.375016963146016735e-01
-3.419827616797200265e-01
-1.791560233645785871e-01
-1.000000000000000000e+00
-3.959410393916066306e-01
3.441384555062625417e-01
-4.391817859777884525e-01
6.251815513772401856e-01
-5.678280705194689304e-01
2.146468471075436701e-01
-3.959418072220711737e-01
4.541703637394334248e-02
1.892849365347908097e-01
-2.575638902527284668e-01
-3.819739834170137183e-01
1.000000000000000000e+00
9.328871660809485711e-01
5.134475164223736288e-01
1.000000000000000000e+00
2.481850713833980496e-02
-8.483443228259901492e-01
3.856707335864439923e-01
-7.036087428005236566e-01
-2.247610890583385812e-01
-4.968348903847421560e-01
-4.554023470600210288e-02
1.431519228385622899e-01
1.323396535880569380e-01
2.524121766012110135e-01
1.290545242397467263e-02
-8.261156670252606249e-01
-3.433208806868822682e-01
2.212926283765841440e-01
8.484053947725419056e-03
3.210006157948150918e-01
-6.022225099924323199e-01
-5.637539094678492013e-01
1.000000000000000000e+00
-4.902026012513178710e-01
-9.185774926234053783e-01
-2.824078617546223191e-02
-4.038336915872803301e-01
2.310920011611121705e-01
-8.487876937458151971e-01
-1.672647640648703971e-01
1.952004945680081427e-01
6.986455533662285777e-01
3.519780686522044899e-01
-1.000000000000000000e+00
7.978523825619416865e-01
-4.561759509430396431e-01
-8.100020378023534695e-01
1.019214811060312753e-01
-8.426320058615126563e-01
-5.897859228934931863e-03
-2.188446765968978802e-01
-1.805853223932993856e-01
1.000000000000000000e+00
-7.224511506274160499e-01
-1.254855326312423192e-01
7.566171454793667595e-01
-6.156993267071817488e-01
4.797745164895525494e-01
4.759923014588897661e-01
-7.056921329173599933e-01
-8.830405449522027439e-01
6.229234733955617553e-01
-7.536057721020088529e-01
-9.108572105709171751e-01
-1.000000000000000000e+00
-5.391822419773235620e-01
5.624651598889878201e-01
-5.283839861885724076e-01
1.000000000000000000e+00
-1.000000000000000000e+00
5.410006624806237285e-01
6.104605118739692138e-02
5.043682180885620259e-01
-7.942432013184945738e-01
6.141142349435999570e-01
-4.054704411049319113e-01
1.000000000000000000e+00
-1.467614374089931673e-02
1.049247343128970056e-01
9.965529078351265113e-01
2.241438345194517456e-01
1.509584786149748004e-01
-7.526024595454607891e-01
9.988119844948761816e-01
5.290672520344289476e-01
5.100834403000862327e-01
-5.022844712090670516e-01
9.204389976848577071e-01
1.139619956680436030e-01
6.460041302589989431e-01
7.919910461996366724e-01
