-2.431272471819396208e-01
5.088107851117216196e-01
9.980801557537665181e-01
-6.804335401210260814e-01
1.194947481707162307e-01
9.547633889764102211e-01
3.034417919000653718e-01
-2.697497670923828736e-02
7.136968158805601092e-03
-2.538615581870580229e-01
-2.205699694204078520e-01
5.079943900813960189e-01
1.000000000000000000e+00
-6.540294465092730825e-01
1.000000000000000000e+00
2.079461595393874429e-01
-1.008686801919724818e-01
-6.280871546253905535e-01
-3.140020593504405655e-01
9.000500752137252647e-02
9.647983280316783095e-01
4.887355232160983665e-02
8.125942636813521247e-01
3.369739016200261617e-01
-2.383979754756735403e-01
-9.017843917950176813e-01
9.068453840452948000e-01
3.903685647502372902e-01
-2.979143143997069476e-01
-8.531567737061813705e-01
-7.756093609446546022e-01
-9.043377492424256037e-01
-2.596216839312408542e-01
-1.000000000000000000e+00
-4.120752886496396039e-01
-3.070781237846775813e-01
9.761474723671026421e-02
-3.879313961826655888e-01
-1.000000000000000000e+00
6.512468010510381600e-01
-1.761773152236654483e-01
-4.196599965840877022e-01
1.000000000000000000e+00
4.632911129044159360e-02
-6.053472616052801847e-02
8.292502325671344821e-01
-1.651090189799506724e-01
-1.000000000000000000e+00
-1.000000000000000000e+00
-6.976196662915234992e-01
-8.759672156952145183e-01
-7.889145376009253363e-01
-6.379393896174005985e-01
-1.352021319962063151e-01
-3.713784268543824929e-01
-2.085888316331006298e-01
-1.000000000000000000e+00
7.125400044130492105e-02
-5.684223032816072552e-01
-2.334590346803272765e-01
5.731490477776637338e-01
-1.654619477699239560e-01
-3.536941675601390500e-01
4.923742703381694952e-01
2.156126678943912078e-01
-1.000000000000000000e+00
-8.341340713410241303e-01
2.896140776965892560e-01
1.000000000000000000e+00
-1.000000000000000000e+00
-2.442580697233177195e-03
1.000000000000000000e+00
-5.019743384239601092e-01
7.445107141500519887e-01
5.879410605162208592e-01
-9.824705732198018016e-01
1.321892297588167509e-02
4.733357086894425247e-01
3.460765258969388247e-01
8.199523787430093025e-01
-1.000000000000000000e+00
-2.464445163427504970e-01
5.063848646125714836e-01
-4.331251114552883696e-01
-6.260177054419124865e-01
5.236545156768635662e-02
-4.037968867933292572e-01
-7.444328447731543008e-01
-2.899864678296950604e-01
-4.169637121301228433e-02
8.013569028374263326e-01
-3.878775412087269725e-01
-9.850931081030753766e-01
-3.305620000214646304e-01
-3.805452919036483861e-01
-6.159951231854837728e-01
7.078072350797648404e-01
-2.385855375430325220e-01
-1.000000000000000000e+00
4.486475854407431796e-01
9.478180184950439902e-01
8.184149997864624826e-01
1.717382083778856705e-02
5.976991392427430938e-01
5.028580291865265561e-01
6.444724869258597888e-01
8.026064189773616242e-01
-1.978289573235336718e-01
1.000000000000000000e+00
-1.357642206098145787e-01
-4.538158036950263874e-01
-2.661918472604967167e-01
2.309227903245672509e-02
1.697961042872848658e-01
-8.018718146289767201e-01
-9.330412911272694121e-01
-9.159548523761671390e-01
1.000000000000000000e+00
-1.164464889988470198e-01
1.000000000000000000e+00
5.552833795215930124e-01
-4.611523738515569959e-01
8.702670581248581616e-01
-1.000000000000000000e+00
-2.092700779398470878e-01
4.768255754327972440e-01
-2.152784216523521144e-01
-1.040795699867828883e-01
-6.620642772896392358e-01
1.000000000000000000e+00
-1.000000000000000000e+00
4.096562528562055494e-01
-3.692459532215764395e-01
1.000000000000000000e+00
-5.159025467299276357e-01
-5.928255986523359722e-01
-5.522657170403255655e-02
1.000000000000000000e+00
1.000000000000000000e+00
4.286345580886905537e-01
9.566794049510316533e-01
-5.631682819325074529e-01
-6.219403318463552210e-01
-6.324012549074828904e-01
-4.920160188120195066e-01
-1.000000000000000000e+00
-7.109879902926485862e-02
-2.838084700403559202e-01
1.000000000000000000e+00
1.482391304904286944e-01
9.689395309782509180e-01
8.268782278589728030e-01
1.140800930710850203e-01
-4.354927401539085974e-01
8.419365012639052903e-01
6.064696306270589421e-02
-1.000000000000000000e+00
-8.932065063366859681e-01
7.811331232840615924e-01
-9.283590411232121031e-01
-8.995503660655664868e-01
-8.823952058367978690e-01
-2.307639229555060734e-01
-7.800587259162450326e-01
4.830751151145037392e-01
-1.000000000000000000e+00
3.540888289123196864e-01
3.747974230733004397e-01
-9.638961773548038181e-02
6.189476224880015032e-01
5.403275294331570944e-01
-1.217345000040078729e-01
-1.000000000000000000e+00
9.510548176919741969e-02
4.655381581288655646e-01
8.847902412008452622e-01
4.083402791002738730e-01
-1.000000000000000000e+00
-7.882915748601825312e-01
-1.000000000000000000e+00
-5.708466910219387458e-01
8.312928511366071138e-01
-8.630211809075152285e-01
9.499254690984750837e-01
-1.000000000000000000e+00
-1.000000000000000000e+00
-5.285152387604143964e-01
-1.000000000000000000e+00
1.000000000000000000e+00
-1.735059841624088384e-01
5.505084158502872027e-01
-3.546618038301713738e-01
-6.434077396414861205e-02
1.000000000000000000e+00
7.018683161260668157e-01
1.000000000000000000e+00
1.846157436960044196e-01
6.765647153293707916e-01
7.533246970263657305e-01
-2.096302668107641320e-02
-8.382074193786741567e-01
3.744339634077842871e-01
6.323818210298031151e-01
8.142595586175889188e-01
6.083415105906708753e-02
-5.264307024276942970e-01
-7.457639727366605076e-01
2.628468171544722232e-01
5.178102905621471130e-01
8.015720851429726235e-01
-1.000000000000000000e+00
-1.000000000000000000e+00
8.909345029999239385e-01
2.647725697034364889e-01
3.921195208404095744e-01
1.580515857664703816e-01
-5.811749154089136393e-01
1.000000000000000000e+00
6.415442327922240562e-01
-9.374574939663078421e-01
8.782222692930732322e-01
-3.537280453003457392e-01
6.586497342980887071e-01
4.167197681248688834e-01
3.612513129217878038e-01
-3.744450571481527934e-01
1.000000000000000000e+00
-2.697374649156605853e-01
1.000000000000000000e+00
-1.858652061419457380e-01
-8.291922824431227079e-01
8.738964443395086379e-01
-8.837269754330231430e-01
-8.804460807217706630e-02
-5.042026610743401971e-01
-3.043437876759254035e-01
-9.309724752085701827e-01
-1.218970112976902609e-01
-8.415556767905172375e-01
-6.277393763622702433e-03
-9.341547317960763319e-01
6.668603895420330829e-01
9.623027105881494236e-01
4.346185586620054941e-02
-1.000000000000000000e+00
7.715982617555743328e-01
-8.151248644510256103e-01
-6.130038768889198297e-02
-2.745921832167939058e-01
-4.359680652388309152e-01
-3.839389670672830879e-01
5.167247934518294228e-01
7.310104048264236543e-01
1.000000000000000000e+00
9.195873507867493579e-01
1.000000000000000000e+00
-4.601846902293696973e-01
-3.992693279533758854e-01
-8.853531960992058192e-01
4.933470763971210538e-01
-2.865027081788854568e-01
-3.488178071554641768e-01
-1.000000000000000000e+00
1.491941583960295914e-01
7.652034949444672662e-01
