-3.170500939263572460e-01
2.906212170084621071e-02
-1.106641085758804932e-01
-6.751640731551546981e-01
-6.653794487973225813e-01
2.838140567422176019e-01
5.539925831547070079e-01
-7.690101275327663188e-01
-7.893540985328504345e-01
-6.167349428024951896e-01
6.369395658013641270e-01
3.573574743694334366e-01
-2.701601164357001483e-01
1.189361775598063442e-01
-5.556594113796096135e-01
4.466882322179936970e-01
2.237622250632929077e-01
8.445953356130535550e-01
5.096376988333644054e-01
-6.142095212460068065e-01
-1.242922209595276328e-01
4.326567578753592880e-01
-8.365848549071828177e-01
-6.289807258133088830e-01
1.000000000000000000e+00
6.016809935161859801e-01
6.732621118850323771e-01
1.000000000000000000e+00
3.994585972265698448e-01
-4.545942336399162453e-01
1.685427928550820020e-01
-1.789379162079707264e-01
9.904825539696332504e-01
6.354156280169322990e-01
1.876439037805128773e-01
2.524322679948955983e-01
-8.253305824526475654e-01
-3.192705918907079443e-01
-3.970543096792705784e-01
-5.656449761231761020e-01
1.081898912801879664e-01
-2.244737441513953158e-01
-2.930010820535995375e-01
-5.228175973717630320e-02
-5.056900080615873705e-01
2.656910858750689552e-01
-6.406904057900608684e-01
1.625992628307428856e-01
-7.306535054697937959e-01
-6.424991897701379795e-01
-6.723976699325486805e-01
-3.535763510388951758e-01
-1.759665417714069147e-01
-6.261545877572440855e-01
-5.425504066118229662e-01
-7.566987788947843185e-02
-8.703718639207607133e-01
5.103425167613423463e-01
-8.898956141238079098e-02
4.550935379142396209e-01
7.966791384639582141e-02
-1.738745806664392379e-01
7.304167568709579728e-01
-4.822581383068109684e-01
6.397698176595576491e-01
7.747843000562644189e-01
4.506139202090211349e-01
-6.763121335344191021e-01
-7.709377970609658792e-01
8.429003363600878762e-02
7.617801176229490601e-01
-7.263651171963956266e-01
7.067313450477943348e-01
6.672767454062173975e-01
-6.649453684351439020e-02
4.249716767314475341e-01
2.004122601134221693e-01
2.245458946047264592e-01
1.827346360582593476e-02
1.569771304700227077e-01
7.922917507374749313e-02
2.779663698195173893e-01
-8.663208766057937105e-01
9.778139516195067937e-01
6.774281264519244061e-01
-2.639270425101183370e-01
-1.190468281789569538e-01
9.372721906536551906e-01
-9.282610923664820213e-01
-4.732934315177894646e-02
7.490834731176954087e-02
2.390087031957810471e-01
5.323923343758789617e-01
-5.702632246300916030e-01
-3.927371762660931687e-01
8.190383534556677780e-01
-1.572517008756586510e-01
-9.991251511660637075e-01
5.554758409912445849e-01
-5.762726686753683047e-02
-7.113666988219928822e-01
-6.986685668239285274e-01
2.137820804022139698e-01
-3.128596596450661238e-02
-7.050468228327275710e-01
-8.978830511181462581e-01
8.528636096935782174e-01
-7.956359982372953610e-01
-7.915554698017004398e-01
4.289862718243164785e-01
-5.352888538459072976e-01
-6.986537712542227885e-01
7.624891151715762483e-02
-4.837294270410152919e-01
4.976256053675065516e-02
7.461897007505975399e-01
4.122639513983603621e-01
3.015383014775701032e-01
9.989986849153846826e-01
-3.851709723172334066e-01
-8.902141574530302304e-01
3.986641553631908863e-02
-2.427326008544801184e-01
6.580205744513083488e-01
-1.951197169812179943e-01
6.190660471259044062e-01
-1.286202773074691108e-01
-1.328983509991314982e-01
-1.000000000000000000e+00
5.538803044422759836e-01
-3.133679493458820797e-01
-2.897486767656944906e-01
-6.031063280132360482e-01
-5.755355715712653364e-01
4.617921519005627751e-01
-7.889651594678621649e-01
3.438907407434392827e-01
3.129533167580320629e-01
9.133815840713412904e-01
6.151811013488563962e-01
7.442749672276161022e-02
8.267069331855234626e-01
-1.357901265648387978e-01
1.408586484396332494e-01
-3.048549277366157106e-01
5.911648233153492527e-01
6.933405202792417010e-02
2.224340429814113396e-01
7.186300423955387373e-01
2.312332259958076452e-01
-8.845594770526747919e-01
9.086744800188726323e-01
-1.180773851581795597e-01
-8.825584032756073061e-01
3.289953622600410021e-01
1.000000000000000000e+00
7.089301965426254570e-01
6.565444707099054034e-01
-7.435299030950937027e-01
1.350939892735829595e-01
1.016679243058571380e-02
-6.377016104858541645e-01
9.946617541383622196e-01
8.380653710798071643e-01
-9.106324689596652089e-01
3.505997213109696142e-01
8.009121020259970525e-01
-4.782232724253605571e-01
-4.406941909655286427e-01
-1.882129086476138635e-01
-6.159942458516023400e-01
4.891941483338007046e-01
6.295212625273078899e-01
-2.900835259013476719e-01
-5.647521016162656560e-01
5.642223818944200886e-01
-4.898908344464640852e-01
-1.879616007060778138e-01
-9.207244567157868431e-02
4.682349126905618331e-01
1.210372915655002490e-01
6.123619699920324067e-02
-3.296696652257644633e-01
3.539633456723836336e-01
4.149436486873701035e-01
5.658167787509039703e-01
8.382647359761015160e-01
7.518170817403011519e-01
2.161033956349824869e-01
-3.785218974230233346e-01
4.981147792206088720e-01
-1.657385737629728517e-01
-3.230895918735443573e-01
6.276814060625630631e-01
-8.355361103461245165e-02
-8.546479080137296958e-01
-9.388738329439829666e-01
7.172089758064825737e-01
3.581904527390662452e-01
5.828159626087978662e-01
-3.128717995997674084e-01
6.523644725242279119e-01
7.327868058619099179e-01
-3.409046916811866446e-01
3.551665962490720974e-01
-8.960018000599649923e-01
-9.276502483962194567e-01
-7.241248507899167297e-01
-7.813868152566882941e-01
-1.663122596092116989e-01
-8.084739971967834782e-01
-6.340208607264263829e-01
-5.592820101972701963e-01
8.324094514649378329e-01
-7.741628911430038507e-01
-9.936785212112746457e-01
6.833699204190406551e-01
5.300725148142264587e-01
3.771987179991924677e-01
-3.709222803300276650e-01
5.758827161681476792e-01
5.789601272510227492e-01
6.612069301585601355e-01
6.501231892977982207e-01
-3.601859716055826333e-01
2.160864771392674299e-01
-5.188098237707731153e-01
7.783159500195711011e-01
-7.795920562610183513e-01
6.185223405859259227e-01
-3.180696772877713574e-01
9.340204435289236606e-01
9.560080396397281355e-01
7.149132685041732493e-01
6.582316930900098395e-01
-4.313831796209504077e-01
5.576052104873798765e-01
6.493134428890678933e-02
2.537764635913164479e-01
2.796504590890260822e-01
5.442113942434547713e-01
-8.233136013061399527e-01
8.487605500271730996e-01
3.429136009652276051e-01
2.987263030327275692e-01
-1.707702481296043406e-01
-2.858381068842470452e-01
7.400576272370673614e-01
-5.446359493348645886e-01
-1.997462372510832029e-01
-9.175806663382823913e-01
3.089089784979612840e-01
-1.698237543799958615e-01
-7.257553161713177214e-01
9.411037728147353398e-02
-8.284225001651466247e-01
8.948729622426971897e-01
-6.665066684652920515e-02
4.806111601692060198e-01
4.980527027660504036e-01
2.786932115869957677e-02
-5.743204948488824790e-01
-2.266710760557804072e-01
4.851994771043417476e-01
2.105277889869556773e-01
