1.193892488239285399e-01
-1.219467565716485513e-01
-4.831838636283909416e-01
9.339381605091545691e-01
-5.510513111688337684e-01
9.686587075180959072e-01
2.208610108939579320e-01
-5.884070647375185814e-01
-7.107344903865071561e-01
3.392126925131722093e-01
-7.213762605631606206e-01
-4.390437297738549738e-01
-9.509561732635931630e-01
-1.242916450371298609e-01
1.000000000000000000e+00
1.013976851197462281e-01
7.097081487860845694e-01
-1.220951314625751127e-01
-8.235459416590105164e-01
2.621775466788234255e-01
-8.458169918867257664e-01
2.699473517900463637e-01
1.800410391790819853e-01
2.872985622344919054e-01
-6.924657542476921890e-01
2.959475835390845688e-01
7.291986486481871754e-01
-9.328466907841552747e-01
2.327046784352919673e-01
-2.157407839149525497e-01
9.303583058254316640e-01
3.857203618090834785e-01
-3.245975819054607303e-01
6.141246070153634218e-01
4.815265146383109762e-01
7.661184491398949081e-01
-4.501068639345610078e-01
-7.633229345282661615e-01
-7.830181920817056440e-01
-8.801071624485969913e-01
-4.603127149554375741e-01
-2.497956601676482036e-01
-4.974566465721164121e-01
-9.023197527023649744e-01
7.765752156557763630e-01
-3.628193204054435128e-01
-9.595643716742184859e-01
-9.900504713632139742e-02
-1.000000000000000000e+00
8.565369042034758351e-01
-5.456607091247343000e-01
-8.631490730820914337e-01
3.060741591726428013e-01
-5.070403790392585819e-02
3.506222283527342665e-01
-4.575781641017158119e-01
1.392283278122823376e-01
9.970545780493775823e-01
1.373506029893443170e-01
9.345948613225236734e-01
7.316311747217254524e-01
-9.992366703195376676e-01
5.775311793887414336e-01
-4.854991286186842725e-01
3.116253177925052409e-01
-4.597038413118961220e-01
-8.270577270231525002e-01
-6.672456721071937658e-01
-8.346960486780594657e-01
-2.851584881933593163e-01
-5.518902256625117797e-01
-2.409751282513006299e-01
-3.426811639647311392e-01
-2.136737620360851242e-01
-4.010466015478044710e-01
-2.040800671908926667e-02
-6.114378515247720358e-02
-5.407701827833630848e-01
3.233928955199074640e-01
1.000000000000000000e+00
5.931823272748704134e-02
-3.329814296898909731e-01
7.899670853208731192e-01
-5.025524394272029571e-01
-5.842117486104765334e-01
-8.295260845360974411e-01
1.000000000000000000e+00
6.913489872988233254e-01
7.506095460426620569e-01
5.992114609024836724e-01
-8.776629476700208432e-01
9.867364651412664500e-01
6.694189814835311836e-01
-4.858551271148391359e-01
-4.430073037237379219e-01
9.255811296769864693e-01
4.263188329657850995e-01
-7.695882213150573303e-01
1.497236491586508844e-01
-1.000000000000000000e+00
2.514952792141195159e-02
-5.207763995331020634e-01
-2.204326348823133497e-01
2.528360848445787568e-02
8.730427384610279784e-01
-1.629822689356748011e-01
-8.016478023547024545e-01
-6.925265733791281519e-01
-7.431838328767106372e-01
9.750225900898983333e-01
4.586983188221116503e-01
5.716894321878713825e-01
-5.002228248495212970e-01
-7.173305266555205506e-01
-1.920758577298204983e-01
3.600929032498041416e-01
3.177428968470754622e-01
-9.427228247938423955e-02
-3.501426279307593425e-01
2.051339181047915350e-01
-1.020001841383919583e-01
5.340998612472754870e-01
7.975762779092743227e-01
1.266093791270470614e-01
2.764496125919193581e-01
5.888165309604662667e-01
-3.635023239073162937e-01
6.792781407252290737e-01
-1.000000000000000000e+00
6.155293855074456255e-01
-1.000000000000000000e+00
-5.226525161855481993e-01
5.644936122248289667e-02
2.933179261250995484e-01
-3.461701721469474524e-01
-3.407039794448325498e-01
2.589941231455257231e-01
-5.103944053640696588e-02
8.526131506530234550e-01
-2.054293105180950985e-01
-7.843303585159993041e-01
-5.086555849259712936e-01
1.287611781721476056e-01
5.602868678944288305e-01
-2.239142888171723467e-01
3.451634777058139036e-01
2.406239892322667995e-01
-3.622753363367174906e-01
5.304616078726009931e-03
1.406380732306011794e-01
8.279012608705280662e-01
1.069291154464533378e-01
6.542872447245260403e-01
1.000000000000000000e+00
-3.483958784928800068e-01
3.195800932077212941e-01
-3.427717668678182950e-01
-6.707302280980447229e-01
-2.712836697335172520e-01
-4.342350885967805052e-02
5.763938742501184542e-02
-8.125036128723430728e-01
-1.076041368440505686e-02
-9.720804102056859186e-01
-3.530952498182087229e-01
7.672954187823524119e-01
4.226035074337703978e-01
1.000000000000000000e+00
4.020132712963033761e-01
5.460875463769321314e-01
-1.464904589422482140e-01
1.201447853556729256e-01
6.169674603834756077e-01
5.382355700199851212e-01
9.463555518766320063e-03
-6.473030020827494901e-01
3.447736911205567800e-02
1.437351952234269259e-01
7.242486566070622800e-01
5.632903626281373644e-01
7.506623135459977725e-02
9.930270991500806943e-01
-7.545823660440682534e-01
9.275504954680192649e-01
2.580583769355206947e-01
2.377153416440118683e-01
-5.232250821293906728e-01
-1.826808821481806788e-01
-6.585293756468406645e-01
-6.498953534126468146e-01
-9.704722670608716406e-01
-4.536751034678596639e-01
4.054285561045318786e-01
-1.100725055956883747e-01
1.923879253995408600e-01
-6.573137137055118373e-02
3.187068900564911100e-01
-4.608258253748238886e-02
6.217886896153773657e-01
2.950606240214691534e-01
-1.000000000000000000e+00
3.178828353681379948e-01
-5.019483564629145800e-01
6.576861923694525824e-01
3.682959923968507354e-01
1.877140361861092677e-01
-7.065598373293467960e-01
2.377472313464012998e-02
5.427954646970392094e-01
-4.808053516645303116e-01
-2.138080565391948795e-01
-4.553344089125321847e-01
1.000000000000000000e+00
4.661546421093170078e-01
-8.648093387640902741e-01
1.000000000000000000e+00
2.488211364992958252e-01
-6.533392029876212703e-01
6.753333976349205070e-01
9.624863368865179680e-01
-6.324965561839526185e-01
-4.545853080714477024e-01
8.386025114799984248e-01
1.000000000000000000e+00
-6.996418046516202915e-01
-5.833306860530147464e-01
-3.060130689929412284e-01
-5.052382459752313704e-01
-4.569651848773899072e-01
6.726422917033747506e-01
-2.390939428441751780e-01
1.614058011720482799e-01
6.021640537971968410e-01
7.052403967750224822e-01
6.624276056110389721e-01
-1.342035087808242100e-01
-4.195797661264987211e-01
7.600461577360579923e-01
3.192760445361360055e-01
4.745061053872763335e-01
-5.339820710498844880e-01
7.324748896636834594e-02
-4.603831008155010451e-01
-1.000000000000000000e+00
6.034668922793819945e-01
-5.741757756504022314e-01
3.776104090840874949e-01
1.801097667316213236e-01
-9.593208783648741189e-01
-5.855497264771545307e-01
9.403948558812333935e-01
-8.061517385725376350e-01
-4.665491347501624642e-01
9.990925804295649471e-01
-9.123844795684026288e-01
-2.200812704334516035e-01
6.135159507607168550e-02
-7.676295174953688960e-01
-1.000000000000000000e+00
-1.000000000000000000e+00
5.001997347403592808e-01
5.704369135460773954e-02
-8.805720853804217541e-01
7.199025633670843582e-01
-2.194218077851162185e-02
