-1.450880471547784101e-01
-1.000000000000000000e+00
-9.739203091411143820e-01
-6.144034876006978507e-01
1.953641825117790332e-01
-3.474730058623274886e-01
-3.363574475129598174e-01
-1.161902585368870255e-01
-9.431619585110104786e-01
-4.028081877224726215e-01
-7.218406456376150748e-01
1.000000000000000000e+00
3.799620873535300980e-01
-1.960088804427485565e-01
-9.009087352959319617e-01
-3.525268971671191576e-01
-1.000000000000000000e+00
-2.437816773583347807e-01
-1.227993244155903829e-01
-9.822346556049368349e-01
-6.254163804674812699e-01
-1.000000000000000000e+00
6.617833052830263130e-01
1.000000000000000000e+00
6.321179576632627306e-01
-7.010093908284569242e-01
5.904399302523345439e-01
1.111148528921946238e-01
-9.552916565407622018e-01
-1.445881888255827197e-01
5.588338684891274166e-01
7.425571713762705306e-01
-4.486220444201494129e-01
-1.411704747073957433e-01
-1.000000000000000000e+00
-5.326360091433689492e-01
-2.594794610773378807e-01
2.195408698990423679e-01
-9.976058571485948434e-01
-6.616904295836382177e-01
-1.928059757060862078e-01
9.085128129656331319e-01
-1.206949955985228695e-02
6.092197248233012230e-01
-1.000000000000000000e+00
5.968958644266635361e-01
-6.492471157548340699e-01
-1.803002109612028558e-01
5.167556254994190024e-01
-1.000000000000000000e+00
2.310074176550162006e-01
7.248822466107138207e-02
8.841641800254151917e-03
-8.216910943213913132e-01
4.546800390833420913e-01
1.295973519965185616e-01
6.996416213444807131e-01
-1.785589023927829366e-01
6.957183370181697635e-01
8.558498530423543083e-02
5.534566577617867633e-01
-3.594583646349935879e-01
-1.000000000000000000e+00
5.383898407057982061e-01
-3.050537627471566759e-01
-7.372992223737265816e-01
-4.652835720570671629e-01
-2.843997139387473005e-01
5.830653242764198829e-01
-8.832755055142669232e-01
-3.607716144789034907e-01
4.562477935358908443e-01
-4.142675640257574843e-01
-1.803187073223606607e-01
3.385864733745964639e-01
-8.749587058888984581e-01
-1.000000000000000000e+00
-3.153002847269089082e-01
-1.322558519830349666e-01
6.056515650265670292e-02
-6.728080525486548891e-02
-9.930778142882628057e-01
-9.584067864198224651e-01
-7.390491461534123285e-01
9.749645937304796117e-01
-9.323139594603915281e-01
6.027303226984026541e-01
1.434809405588555742e-01
3.950132140489245880e-01
3.200968431847475149e-01
-1.732310407944518404e-01
-1.000000000000000000e+00
2.368698524200074651e-01
-5.142537548221846888e-02
-4.318586058703495212e-01
-9.780900726992247662e-01
-1.231119282642585411e-01
3.462874760757046477e-01
1.000000000000000000e+00
-1.442596390742052481e-01
2.017557295506357817e-01
1.157185428592399923e-01
8.836693090431431141e-01
-3.099494329533525883e-01
9.798203149702069403e-01
-9.872615710369975206e-02
5.468620801626390415e-01
-1.000000000000000000e+00
1.268538214405045550e-01
1.800411759949050172e-01
5.739099409993850820e-01
-3.579988385363122028e-01
6.300152200028341642e-02
-2.905092531580419357e-01
4.641951514434554671e-01
-6.903955520323951101e-01
-3.662029427716789187e-01
4.894582548243414655e-01
4.582662645854349570e-01
6.138846892470530836e-01
5.794295662053177143e-01
5.553146881432438065e-01
6.467188993504295880e-01
-5.850990467063296174e-01
-2.066390084713132791e-01
1.000000000000000000e+00
1.989537298602949422e-01
-1.000000000000000000e+00
-5.503972996857108280e-01
4.024838029813697649e-01
2.474377268296074073e-02
1.983164620089681029e-01
-1.000000000000000000e+00
-3.625237222553995275e-01
-7.374133448012445413e-01
7.774168409098076715e-01
-5.590601249671129924e-01
1.000000000000000000e+00
-1.811898413838390898e-01
3.729760141832063058e-01
6.166839654826683503e-01
-2.597893864822855559e-01
1.000000000000000000e+00
-3.996075309792337382e-01
-6.962931601473274501e-01
4.299601261114516237e-01
1.842348019535582360e-01
6.102265849406213194e-02
5.434051429736861394e-01
8.854124949444130976e-01
-1.700386560608833086e-01
-3.549553534970096846e-01
9.297034564954270719e-02
-2.044340346731965963e-01
-1.000000000000000000e+00
-5.332561975405463173e-01
-1.322575592828795221e-01
-2.908450925459341030e-03
6.271802367041785509e-01
9.106326719804798131e-01
5.858090209011387883e-03
9.473527093170880375e-02
-6.377379366851096965e-01
2.465132156949127185e-01
-8.153775923021097105e-01
8.614330197495789765e-01
-6.109485223676522914e-01
3.649498193221306641e-01
-4.479444883692584867e-02
6.716469504468658425e-01
4.822669577852238265e-01
-3.413803652592659055e-01
9.627796557805839983e-01
-3.322202945797507745e-01
-1.062627405229479294e-01
5.020574325650515313e-01
-7.296337298113191316e-01
3.973036016164910311e-01
7.895123742117593491e-01
-7.107034970640188076e-01
-6.056048671080771495e-01
-1.032385748736914799e-01
6.260512985400102925e-01
4.893294534536559159e-01
3.455342257159609021e-02
5.900198173082118469e-01
-1.000000000000000000e+00
1.000000000000000000e+00
-9.138475946795684424e-01
-4.378375151613171368e-01
6.057400971309334636e-01
-8.191458380730824995e-01
1.000000000000000000e+00
-1.000000000000000000e+00
4.200495136272651697e-01
4.171256055813216124e-01
-4.665758419342935781e-02
-7.842216764244747118e-02
-1.000000000000000000e+00
-9.220339600204806585e-01
-9.270803701035866817e-01
1.000000000000000000e+00
1.441179051476117190e-01
2.117284132728936008e-01
6.290149420303369210e-01
-7.627558719840221713e-01
-1.000000000000000000e+00
7.668036947324334829e-01
6.664320581676552724e-01
8.941903948795704160e-01
6.762191124907834805e-01
-5.637132981959540601e-01
2.286583516517801673e-01
9.080313847211347600e-01
-2.297420994838759167e-01
-7.263766852064135193e-01
7.774500477576139490e-01
5.276672784736364807e-01
-1.407235041371672490e-01
8.740769417122733476e-01
1.983643138647196158e-01
-1.000000000000000000e+00
-6.105756895835355857e-01
6.865973631466575355e-01
1.000000000000000000e+00
2.662302032386520967e-01
1.141034688721953572e-02
-3.549601745888775750e-01
5.647915719127141188e-01
1.655268164515210083e-01
-6.106753125677094607e-01
3.418087958380893188e-01
-4.574336687198636564e-02
1.322572754478170964e-01
-1.000000000000000000e+00
1.789773971052460166e-01
7.607690458758820107e-01
-1.000000000000000000e+00
5.728886725163564453e-01
3.715242807559433480e-01
-5.314714484152346374e-01
-2.479232720323414352e-01
5.721801553113762262e-01
1.000000000000000000e+00
5.554475328580465998e-01
-1.000000000000000000e+00
-4.313810452260621320e-01
-2.438878172454634896e-01
9.137945976600612141e-01
4.613168862415339966e-02
-5.508014568871287819e-01
-8.290981765854019692e-01
3.948431273343848691e-01
-3.850551677204958612e-01
3.551068088183240157e-01
5.771774123347509500e-01
9.397778161648471240e-01
-4.773671688933516233e-01
-3.477762238636960546e-01
-4.875882542276444021e-03
-8.704363589774669618e-01
1.000000000000000000e+00
-1.000000000000000000e+00
1.000000000000000000e+00
1.000000000000000000e+00
