-6.439517032253525564e-01
-5.779134384283679537e-01
-4.100932246839049666e-01
1.731369056502658765e-02
4.235386077113401648e-01
-9.373914689815423529e-01
-3.738336360469409203e-01
1.995557191635555228e-02
-3.641172175148862933e-01
-9.422159624115632459e-01
1.578076798060599195e-01
4.116117617834926801e-01
6.082953201519778474e-01
-8.831442380690731619e-01
1.998097672895181864e-01
8.272612285924962894e-01
2.908049360897027036e-01
3.506400233714360715e-01
-1.426007605648433874e-01
-2.498228886409009641e-02
-3.754994930493094629e-01
-9.908796696863901854e-01
2.423833142519368211e-01
9.648820291690771711e-01
1.742851901798635195e-01
2.994697235524929613e-01
-2.836513338115875249e-01
-1.372542307984181420e-01
-8.406564985338021989e-02
-5.360965280208599415e-01
-4.269535885281894316e-03
4.854624297667570199e-02
-4.006193743674046348e-01
-2.075642264651654523e-01
-4.640942177158881993e-02
-9.281577245061790604e-01
7.373371943719237986e-01
-3.210640514678755886e-01
2.644201982020972230e-01
-1.242667148170294861e-01
9.349540927053652528e-02
-3.756776323522597050e-01
-4.181158762972246312e-01
8.492024097455265208e-01
-2.348924348938377094e-01
-1.813917258966601387e-01
5.714739181749082242e-01
-4.509677485245684458e-01
2.790270432716658866e-01
-8.676127499998542714e-02
3.666448327775092553e-01
5.296923879055095430e-01
-9.994382529488559097e-01
2.571366412551534530e-01
-1.253783667885410846e-02
-2.462226462232229851e-01
-2.575822988851507733e-01
-7.485599518257933793e-01
4.644176746732621153e-01
2.676181688560184679e-01
2.007316519106847053e-01
5.937773966777946111e-01
1.927606960252432611e-01
-4.494649053154562979e-01
4.646235479389904666e-01
-1.000000000000000000e+00
-2.751949339502096636e-03
3.487772142160179278e-01
1.861924777599118785e-01
-5.826229723116167492e-01
3.932451026668799532e-01
-5.839164232135480859e-01
8.577242015974240186e-02
-3.242589051233181197e-01
2.949535660709114437e-01
7.427915815693708623e-01
7.359164273896661168e-01
4.349646162154053308e-01
-9.658146043989443985e-01
-8.223673450312021238e-01
-4.898507039646943784e-01
3.470815467701883206e-01
-6.768809341133776858e-01
-6.411734010809572171e-01
-8.834139399876193011e-01
5.738264693166778008e-01
6.210560078851219412e-01
-2.273031642283188658e-01
-2.376244715451654166e-01
4.632550816593500875e-01
1.859110204820529355e-01
9.616720875108629718e-01
8.903841913524586094e-01
-1.227660167399797775e-01
-3.180416884688710422e-01
-2.752750648107766263e-01
7.424368158436296383e-01
-4.773384278281267434e-01
6.533586026952025172e-01
6.509306598605503202e-01
-7.273407560398900129e-01
7.244045785872960108e-02
6.047907369862715043e-03
3.053880349328125798e-01
-8.025664156298099872e-02
-1.347131844336433848e-01
8.035424362022411948e-01
2.491962107048124320e-01
8.572633606777216309e-02
6.345835506727872666e-01
2.944810923442566786e-01
1.000000000000000000e+00
2.490973821235389352e-01
-6.556637721007247954e-01
6.749830668953881174e-01
2.466425162981606412e-01
8.700101687033825471e-01
-4.253169179756308704e-01
5.515167733135885042e-01
-4.164251614220693121e-01
-5.612171187759282809e-01
-1.403709240111742085e-01
3.811015802944100472e-01
5.040277214294683894e-01
8.027588369235694188e-01
-5.736939218235204141e-01
3.459829468327386692e-01
-7.467374284955866637e-01
-1.339222254545781587e-01
-6.299459304980093988e-01
8.353629632615968692e-01
8.090979330602852126e-01
-1.667130075833489489e-02
-5.736237326036212059e-01
9.182679818921474224e-01
-8.048112722503494298e-01
-1.058802531716009632e-01
3.501873076364248050e-01
-1.008651795381169114e-01
4.952355742929901994e-01
-2.681849554548179082e-01
6.194520720867157104e-01
-2.829618017495963977e-01
-5.802915605378279329e-01
-1.766845985994464074e-02
-4.755274741567324659e-01
-1.000000000000000000e+00
-6.878354659531479287e-01
3.356300421886515561e-01
4.992590826616212230e-01
2.841399045510216159e-01
-1.356840707394274259e-01
-4.899836508959265480e-01
6.393751256178266118e-01
1.178648162104239533e-01
4.519063135016462840e-01
1.421601022732043029e-01
-8.437530078456845217e-02
2.082830160519666407e-02
2.916427988768595658e-01
5.349103439701939910e-01
-5.793883152649341728e-01
-3.038477679834937772e-01
8.608419831325319072e-01
7.056262575572689322e-01
1.432212908774168625e-01
-3.646100109266826594e-01
5.628568670496831849e-01
8.051683838920522529e-01
-7.206309773583148282e-01
2.028549188369176970e-01
-2.339555467471105543e-01
4.840077314861581659e-01
-5.706736138689583182e-01
5.015253473659169181e-01
4.501438851928733081e-02
4.813142890059729506e-02
2.531158980902934452e-01
1.276563976822679691e-01
-3.825469898256823598e-01
2.917988996717959527e-01
-6.537264363967304481e-01
-3.339301810496554668e-02
1.679953737938724156e-01
-2.425238046855245355e-01
1.000000000000000000e+00
1.000000000000000000e+00
-7.657354721838789402e-01
-4.755951463064330698e-01
6.027659548865349493e-01
9.067358215902834306e-01
1.000000000000000000e+00
-2.468450729402835164e-01
5.937614654665468450e-02
-1.492300314578537401e-01
1.190627021436377470e-01
1.000000000000000000e+00
2.137038368544619260e-02
4.955810450224596431e-01
-1.856161217497878102e-01
5.019016669765039573e-01
8.206931298435826694e-02
4.516350835077531656e-02
9.756190797138191151e-01
-1.472521809790614533e-01
7.222662495604703636e-02
2.082313337153813837e-01
4.907326186779121246e-01
5.570333052119911255e-01
-4.237538115902979019e-01
-7.215964664519072258e-01
-5.891047256027850398e-01
-9.559579428893745512e-02
6.640191259557699510e-01
-6.185125937984176092e-02
3.747702041222868430e-01
7.136126418148009964e-01
-3.105113067369975610e-01
9.325034991107586935e-01
2.595435242663732267e-01
-2.212230972968622089e-01
-5.396857527145870748e-01
1.798515035743190049e-01
-2.439723017832981511e-01
2.611740999541134478e-02
-3.190522509801889672e-01
5.909250220530229969e-01
1.817278116561028001e-01
2.732049364513047252e-01
7.734375747947634938e-01
-4.067750874455987597e-01
-3.971866686241563582e-01
3.688759358982643399e-01
8.465774050401414508e-01
3.725071245659239416e-02
6.042559486318708206e-01
6.502343018734299540e-02
2.315079639033613690e-01
-8.760817641971265779e-01
7.509299448523982790e-01
-2.544894064002992118e-01
5.247840414390259056e-01
-4.474690030586970790e-01
-1.197573836053279495e-01
-3.857590980240786505e-01
-9.449281927051962349e-01
-7.477556009676675775e-01
3.646641581196349846e-01
2.661495988400666146e-01
-3.941792324370585465e-01
2.729975934055729470e-01
-1.430176422969926531e-01
-1.833282425886243461e-01
-6.381010367394702731e-01
-3.590028043871301699e-02
-6.432439972042850451e-01
7.070556270372891916e-01
-4.157042267053562279e-02
7.246666238306810615e-02
-5.206861012739985028e-01
-6.421666693029343120e-01
-2.254813703177689366e-01
1.559223153984161392e-01
2.012210250762299091e-01
1.660872780418076178e-01
