-7.201681415563243593e-01
-8.263244363696249373e-01
-6.712916058321793944e-01
4.470582918374921277e-01
3.533582472652841422e-01
-3.225521830745756713e-01
-4.479966962138932640e-01
1.815673582247216977e-01
-4.894084868008072298e-01
-1.880181338109184752e-01
3.903843181168114018e-01
-3.454434197087279945e-01
4.250111214079701494e-01
-5.823182995607243395e-01
1.992799830584210952e-01
1.000000000000000000e+00
3.520611873245269030e-01
-5.795069457606283336e-02
-5.833789240464377635e-01
3.114773940262316465e-02
-1.326453443846307145e-01
8.222929901686253373e-01
-5.387787947331897920e-01
5.502725920059938769e-01
-7.652275184447251966e-02
-4.251545614011706942e-01
3.662662121516676583e-01
8.393262793852952486e-01
3.411242569687632509e-01
3.855479119335023519e-01
5.053490657951476006e-01
-4.111277214367747845e-02
-1.000000000000000000e+00
-2.693095457754155486e-01
1.524200975391495350e-01
2.176118853059325620e-01
-9.913508088435940557e-01
-4.272377602096595339e-01
7.209284916603634352e-01
-4.719965367960288205e-01
-3.009005590931548291e-01
6.806861747563841547e-01
4.642980863418371129e-01
-1.000000000000000000e+00
3.125627950934400934e-01
8.979128862067775607e-01
-7.859559282461914265e-02
8.677527638919857456e-01
-3.295133463210753177e-03
-4.049937048605474765e-01
1.102767533570643277e-01
-2.563028566457536961e-01
3.404439659306111032e-01
2.427601891816302260e-01
-1.511939168014853063e-02
2.352127608483767229e-02
-7.682199912722916801e-01
-1.146103031820561169e-02
-7.226146839163601898e-01
-6.930226206518061982e-01
-6.013914027353118863e-01
-4.188379058891449347e-01
4.653133136544984616e-01
-8.724819546672746284e-01
-2.895689484137253800e-02
6.611393658537461082e-01
-8.973699263785969160e-01
-4.424572981354015777e-01
-3.395309145977462029e-01
6.112643985083949794e-01
-4.472725212761527458e-01
-1.000000000000000000e+00
1.147078254290712085e-01
5.919437694626350499e-02
-5.080717525737705742e-01
4.208408978121844224e-01
-6.103524363210699466e-01
5.809775316848828641e-01
-7.503847986560585603e-02
-7.418511051597709294e-02
8.084703823038588144e-01
1.547322426528974226e-01
4.962683694255254352e-01
-4.835183415292059195e-01
8.589821649358593270e-01
-2.510424967573585686e-01
-6.856541726698037742e-01
4.041438816801694589e-01
-7.903286000367695241e-01
1.244933320985702752e-02
8.124029112022386201e-01
8.781364659128354511e-02
-8.215071373700398860e-01
2.768726746719603060e-01
7.269246143154779460e-01
-3.089638590268226626e-01
1.450171691734716273e-01
5.791225745018223625e-01
-5.645763085155114380e-01
-7.498714063210338843e-01
-2.778911239551035139e-01
-2.010246031428732927e-01
-4.624493065396705349e-01
-2.600448516429949009e-01
9.348039831569987523e-01
-6.467789717064934552e-01
3.378272157465833092e-01
-5.778703819849527745e-01
-4.250856374101584789e-01
1.050493667161827016e-01
-3.882575850408405138e-01
-1.969648931434166972e-01
7.420117605335118105e-01
-5.575510320237415662e-01
-7.291122098010377472e-01
-9.380224991762855513e-01
-4.113727758808842783e-01
-4.904042854068909052e-01
-1.781354029919948179e-01
-4.845129640747380950e-01
3.981428898568265540e-01
-9.409748102791182234e-01
4.888591389199126169e-01
-1.000000000000000000e+00
-4.817645468071223291e-01
-8.313100919912186360e-01
-2.838912483239680595e-01
4.408034411913785977e-03
4.723232411120944496e-01
-6.907806989361966465e-01
-7.030203785927271465e-01
-5.848401774708856804e-01
-9.523121880192551014e-01
-5.511865160293679677e-01
-2.528286813709874625e-01
8.923342317000084734e-01
8.727514030899514719e-01
-4.351041059168432312e-01
-6.847595963176594802e-01
8.448982748383275787e-01
-2.844248203041113143e-01
-5.763753729263756398e-01
1.000000000000000000e+00
-5.360543919636568955e-01
-3.659872692056383436e-01
3.947686827459531145e-01
3.255573823334795280e-01
-2.036008913689624222e-01
5.533414085760095524e-01
-2.897780234413308564e-01
-6.654826114271668036e-01
-3.440031108258239101e-01
-2.647876798541038412e-01
1.603525352788226499e-02
-3.851068902324900067e-02
9.937050215159063393e-01
4.747735519178870045e-01
-1.890488602086126679e-01
-8.098595915747099916e-01
1.762381025945983226e-02
4.275580606984590304e-01
4.132012705066773206e-02
6.994666380178160559e-01
-7.309120819809206138e-01
8.366397835662531257e-01
5.865611221312378998e-01
-1.394521707058845109e-02
3.208068378241538121e-01
-7.715109397016266524e-01
-6.343117866259903037e-01
2.698001505577578563e-01
1.192275928110367866e-01
-8.057164259226984315e-02
-9.786794068660055190e-01
-8.899545070709794503e-01
-6.014311782366512649e-01
7.295642855616204514e-01
-4.876868404380774180e-01
1.965037178350524383e-01
1.000000000000000000e+00
2.052824987624319863e-01
-5.427279569911356294e-01
4.319361218286730253e-01
1.405433604241190793e-02
-1.200480769705196959e-01
-8.294342783915751305e-01
8.777459258078943449e-01
-3.540562108684069398e-01
3.506472314811639457e-01
9.742864596707188074e-01
-2.886136853463860952e-02
-3.921562231235444784e-01
-4.044044005529197350e-02
-2.599395286010067196e-01
1.000000000000000000e+00
-9.551346975078698343e-01
8.219986183686726067e-01
3.234483058375861586e-01
-2.683744527454179352e-02
9.878497185340684439e-02
-2.332484781787331762e-01
-1.000000000000000000e+00
3.177123746444062702e-01
6.470695206349221795e-01
1.790961395823167379e-01
-5.689780996306750271e-01
3.732370415059237390e-01
4.620564081692801750e-01
1.389576500574092321e-01
-5.968793142992678824e-02
-4.395904625579135638e-01
-1.746876453628877779e-01
-1.577115567714504896e-01
-1.815729990094916424e-01
8.394596930086115072e-02
2.034506312628206470e-01
-2.572547958954535252e-01
1.285225207707925144e-01
9.848226830896800177e-02
7.811717132653055451e-01
-2.437495144469141173e-01
6.407598105845870862e-01
4.296780864121274579e-01
1.113239494696210419e-01
-6.649785005251840353e-02
-4.691712109237817785e-01
-3.949639007738006136e-01
1.000000000000000000e+00
-1.911871204881987474e-02
4.560525957519713514e-02
-4.441029889976152445e-01
-4.758357816714463562e-01
-4.046436205586115276e-01
-1.628902081893384146e-01
-6.858014821177584874e-01
3.915534218735288174e-01
2.684937100155124767e-01
-6.394690165560225070e-01
4.550440201932950401e-01
7.334961764491585434e-01
9.285518641545584817e-01
-7.457467578158283317e-02
7.228895338850949148e-01
1.059531845404115824e-01
-4.314966262468127312e-01
-2.893846869812533584e-01
-2.370150488413336198e-02
2.598926904546170480e-01
3.566709285624753978e-01
-6.907923732125037519e-01
-8.887001951493636032e-01
-9.828043707795863781e-01
8.411800683556097669e-01
8.272270626875467547e-01
-5.739834959140769355e-01
5.553032719789152694e-02
-7.706818659284975226e-02
-9.015396600283820394e-02
1.519163136469190434e-01
-2.045670774718620910e-01
-6.672840113950905261e-01
-4.166778386411984503e-02
-1.000000000000000000e+00
-4.823726502980174580e-01
3.962127108298149070e-01
