8.989793831662350188e-02
-1.000000000000000000e+00
-1.000000000000000000e+00
-4.349989728333096828e-01
3.170695467771793563e-01
4.990153997644698469e-01
6.318340069404949910e-02
-4.832354454373442576e-01
8.319166907831875291e-01
-1.597102608453450645e-01
-5.006489657097440427e-02
9.786559688154267134e-01
1.950297834814271325e-01
-1.512988331604743497e-01
-2.523141715224059417e-02
-9.176149393277138744e-02
-6.910995786738520774e-01
5.087660970983705067e-01
1.000000000000000000e+00
5.641006621531842180e-01
5.977480018457859146e-01
1.606933668623725942e-01
-1.000000000000000000e+00
-2.483738379884376790e-01
1.000000000000000000e+00
-5.727397726510620179e-01
3.361203986083340922e-01
5.235777420263847404e-01
5.792890556264600477e-01
3.310997028689948718e-01
-6.321017409520586217e-01
-9.804472414114477896e-01
-6.813782609875098650e-01
-2.155924078966908186e-01
6.302516519725933630e-01
-1.452253310656129726e-01
-1.000000000000000000e+00
-8.696007835261478913e-01
-8.733621261806152891e-02
1.000000000000000000e+00
1.513449436386442304e-02
-6.481442774702792509e-01
-6.630118615190964959e-03
-6.984411386903677244e-02
7.018765120405326408e-02
6.067233985541661268e-01
-9.398638136391065379e-01
7.440915065360225178e-01
4.997273061422079499e-01
3.950480426139789114e-01
-7.047163219732197614e-01
8.634674068644337952e-02
8.481200326880189433e-01
-1.000000000000000000e+00
-9.991302372263998199e-01
-9.160819401317605859e-01
-5.202986039446215738e-01
1.000000000000000000e+00
2.259448517942670709e-01
5.712497602733936919e-01
6.122249094753655640e-01
-1.000000000000000000e+00
-8.278308526001018075e-01
4.187986795135401619e-01
-5.120689776950652083e-01
1.000000000000000000e+00
-2.880529811402717799e-01
1.271073872406596195e-01
1.000000000000000000e+00
-7.329288162646215854e-01
-5.761054963362707282e-01
9.522273329561915522e-01
2.084379076141662790e-01
-3.104147111231902456e-01
5.314932704767878491e-01
6.216241162584892344e-01
2.260933533600028023e-01
-8.004430118422520279e-02
-3.124307316300106718e-02
9.912485723666697446e-01
9.588345817814771799e-01
7.553796363964272453e-01
6.270267307607348961e-01
3.916882218108916347e-01
3.767658558394676449e-02
-1.000000000000000000e+00
-1.452948800873297697e-01
4.580529229616112086e-01
2.428254431207595987e-01
-3.087524659488627421e-02
-1.000000000000000000e+00
1.485224887392085358e-01
-1.019995567114367618e-01
1.000000000000000000e+00
-3.463158920642489536e-01
-3.088411462064354351e-01
-2.144722964442044577e-01
7.815467428060867139e-01
-1.000000000000000000e+00
3.944075497216076309e-02
-7.850181448897209924e-01
-1.052597770846819963e-01
8.996615107319663185e-01
-3.792670078760966290e-01
7.838386524030898084e-01
4.126185362286655112e-01
-1.000000000000000000e+00
-1.000000000000000000e+00
-1.000000000000000000e+00
-2.224609828641046505e-01
5.375151453240626376e-01
-1.000000000000000000e+00
-6.889496383223903120e-01
9.554678311566606741e-01
-1.410602460623754939e-01
3.580118296785169685e-01
9.259940465936031817e-01
-1.660851636064828163e-01
-9.363613007667948018e-01
-6.299191438173813440e-01
-2.432908217100313297e-01
-6.681099917589938819e-01
-8.482862478310749799e-01
1.110023507106135399e-01
7.015720867019936691e-01
8.195052626764551817e-01
-1.452282588781748096e-01
-7.698521659617543200e-01
-3.973052215765381923e-01
7.985292247460393233e-02
-2.378787575557286260e-01
-6.913518999169766532e-01
9.869772723531660130e-01
1.000000000000000000e+00
-6.460394169154093369e-02
-8.135080380867028005e-01
1.000000000000000000e+00
1.000000000000000000e+00
-5.342338563915183247e-01
8.979809978987641772e-01
1.000000000000000000e+00
-1.000000000000000000e+00
8.536652626666904053e-01
6.094077878471043652e-01
-2.466974773850917346e-01
7.836379032914784215e-01
5.872492518493263036e-01
-1.000000000000000000e+00
-8.755430170250452226e-01
4.268203095053021423e-01
6.448839616139518949e-01
8.870785917976188595e-02
8.019690876049763162e-01
1.583053421971455099e-01
-4.873606328663889209e-01
-2.917661265896743794e-01
4.647610899221757963e-01
1.000000000000000000e+00
8.251358236479580111e-01
-5.859929286630521927e-01
-7.770010955184682988e-01
-1.000000000000000000e+00
-9.577646269448445437e-01
1.000000000000000000e+00
9.759955979907601886e-01
-3.075489275006341172e-01
-8.637181946903846885e-01
-3.868059476232195149e-01
-1.498652589290695725e-01
-1.000000000000000000e+00
5.262085585094029572e-01
4.676131824911176071e-01
-5.710984044663611758e-01
5.754588708840088218e-01
-1.752636390296751778e-01
2.407195761615611163e-01
-8.446611914640719254e-01
9.345352842521088554e-01
7.044523868635037545e-01
-7.572382160915873683e-01
-9.441092788555993653e-01
-1.675168470162428369e-01
-1.000000000000000000e+00
4.117319234156161523e-01
-7.523363788110054573e-01
4.800320536776043201e-01
1.000000000000000000e+00
-7.286606341035657408e-01
4.288689353435044538e-01
-4.277018517532513719e-01
-8.529646936352061615e-02
-1.000000000000000000e+00
-3.264504539521944082e-01
-1.000000000000000000e+00
9.892757734094555222e-02
-6.534380224058540243e-01
1.000000000000000000e+00
8.137098002670978270e-01
-4.457360409277730945e-02
5.611964391667737667e-02
-2.909681139975633934e-01
-1.000000000000000000e+00
-1.000000000000000000e+00
-6.174402396453886332e-01
-1.000000000000000000e+00
-3.864636312739750945e-01
-7.568600655606341210e-01
2.888848764236850997e-01
6.354432485878622749e-01
-1.899267051776960535e-01
-2.555275035906676706e-01
-8.787802911147062357e-01
9.761943371049068841e-01
9.057505188476289160e-01
2.139970651096929910e-01
-1.000000000000000000e+00
-4.535899438606588729e-01
-5.518671669324146656e-01
3.829644675978121637e-01
-5.812669267111552074e-01
-1.000000000000000000e+00
3.369261768993436768e-04
3.225359799417013007e-01
-7.744383426118758296e-01
3.364548104497557812e-01
1.763138568501403380e-01
-4.153077712175721331e-02
1.900710481081981096e-01
8.311027342848176236e-01
1.000000000000000000e+00
-1.705308525007169229e-01
4.261086878197596350e-01
-1.000000000000000000e+00
4.240358760617974898e-01
3.625598732009335801e-01
-7.562180027552692918e-01
7.027557838916013155e-01
3.030384327349790463e-01
5.308603338638154256e-02
-1.949316717023613088e-01
4.759718527192635662e-02
-7.556199321025641735e-01
-5.017126252683817844e-01
-2.826877783063743155e-01
-8.469747668366146842e-02
-3.330207379189057959e-01
1.000000000000000000e+00
-2.875634604697535623e-01
1.850094540177442959e-01
9.927376498362073809e-01
1.453044952902827203e-01
-5.420437335665656553e-02
-3.670852810845305902e-01
-7.809678474836720952e-01
8.279974170096129349e-01
-4.433228282442222556e-02
2.034272796811738004e-01
3.155053133096008544e-01
5.826316171088946616e-03
-1.978776328977093490e-01
-1.000000000000000000e+00
-1.000000000000000000e+00
8.128127469717323361e-01
-1.000000000000000000e+00
-8.582219918826285987e-01
