8.029760779325738618e-01
-2.065452544871310137e-02
1.000000000000000000e+00
-8.555996217333268206e-01
5.322939640204396028e-01
1.000000000000000000e+00
4.078299511143146372e-01
4.731032863204946981e-01
6.477359762411940558e-01
-5.377347731422388311e-01
4.696046680834145004e-01
7.602151154877542227e-01
-2.815314635447256908e-01
3.375581612308444779e-01
1.989226128289915962e-01
4.580323158485104518e-01
-1.000000000000000000e+00
2.282122297630337915e-01
1.000000000000000000e+00
9.039515837030662748e-01
5.927357979261126397e-01
3.295061435156518281e-01
-8.223719992257914058e-01
1.303854874992326496e-01
-6.563705981289433833e-01
6.187836694552626415e-01
5.127943805262966670e-01
-4.964448488284085026e-01
-2.870319523412860341e-01
-9.777678740224686749e-01
6.891059850453564728e-01
9.743755498046204888e-01
-2.160895547095275648e-01
-1.000000000000000000e+00
3.256156615352956418e-01
5.050515317013829497e-01
-8.622093259176710767e-02
-1.605818628515316426e-01
-3.763666749906623976e-01
4.901676772065622356e-01
-1.000000000000000000e+00
7.061605253065754706e-01
2.778228874008716875e-01
-3.296621311012989386e-01
1.895236961422712418e-01
-5.062576511654111044e-01
6.581315029733336708e-01
-7.230525875890427834e-01
-8.255156066677360460e-01
-5.022300835800165286e-01
-6.296200264879833197e-01
3.980892646230154153e-01
-6.413735412667360691e-01
3.783774414705962652e-01
-9.593430708600003687e-01
-4.621880270788987222e-01
-4.927083548115964717e-01
-5.467455062003214739e-01
-5.978203254687470825e-01
3.213470653341021221e-01
-4.067608169221396119e-01
8.473195136332880573e-01
3.153330377868901468e-02
-4.757290278666250760e-01
6.317896210902360643e-01
1.000000000000000000e+00
-3.930549243090020184e-02
2.296763871755777009e-01
4.181087420072258087e-01
5.257931524038983451e-01
4.050635155538777621e-01
-5.134840007967818032e-01
-1.000000000000000000e+00
9.846399670900694012e-01
-1.000000000000000000e+00
3.943951865003247903e-02
-2.618208118294147457e-01
2.917915251931637588e-01
-4.613176518134809445e-01
-4.668721991214023204e-01
-3.725017017199478975e-01
4.798786817550222406e-01
4.005308282677781939e-01
6.637537203066645741e-01
-1.000000000000000000e+00
6.998344739663655556e-01
-8.743239767368499171e-01
4.343030061970200029e-01
-2.456690628999247394e-02
3.885182309386083777e-01
7.489736507012028088e-01
3.061238827858719924e-01
2.866259625333325012e-01
2.724987410217777906e-01
-9.957904931939415283e-01
3.497574007913129002e-02
-1.000000000000000000e+00
-3.091267663164660728e-01
3.168625524021391193e-01
6.832939768104928646e-02
6.514464599340736850e-01
4.328282653515199696e-01
7.632229258754322787e-01
9.135105754688864765e-01
-4.234838809610985688e-01
-5.420115765432245158e-01
9.108343577923938561e-01
5.356913589359970640e-01
-2.042136289954618045e-01
1.000000000000000000e+00
-5.252409500787249552e-01
1.000000000000000000e+00
-9.250095144784142853e-01
1.157414874056417187e-01
-3.736919544549266448e-01
-8.552008367154262380e-02
5.050220120751700570e-01
-8.328619622245589937e-01
-7.542448514837780671e-01
-8.812365209218020468e-01
-6.379266053471870368e-01
-2.000801620810843673e-03
6.025572562133589827e-01
1.000000000000000000e+00
4.778177169923760736e-01
1.833509156005103113e-01
4.806478490876058274e-01
-7.642524052512282839e-01
-1.000000000000000000e+00
2.116500092893502938e-02
-2.702246397218104335e-01
8.980151691904285638e-01
-9.214399997034327106e-01
-4.225287853550943051e-01
3.039933956729239384e-01
6.793598689395852208e-01
-9.407270608894657826e-02
2.543275074041950745e-02
-1.000000000000000000e+00
7.726248107509875451e-01
-7.364896302985097787e-01
-8.949816987490186726e-01
6.811048630152818362e-01
-9.352490324375803965e-01
1.712084688670867383e-01
-5.946798595426419087e-01
-1.000000000000000000e+00
-1.990725980048346777e-01
4.532993388817783131e-01
9.019904285764752672e-01
6.520723711049918325e-01
4.999767606638030326e-01
7.254658121099006873e-01
4.861235143719270790e-01
2.774600129330484499e-02
-8.208749409262590113e-01
-4.252998369345500906e-01
-2.082729595245386145e-01
1.204626050523760483e-01
-3.967674410112447259e-01
2.324080092880382864e-01
1.000000000000000000e+00
-6.280650137900469776e-01
-5.098889926544656337e-01
2.967556350895252937e-01
-4.411038245610436892e-01
9.105507052079750974e-01
-4.039496795700762699e-01
3.370013717704982703e-01
2.566272436347993846e-03
-7.648449961376947437e-01
-7.790827152635828590e-01
-4.430826074140443716e-01
-8.082870484488431373e-01
1.000000000000000000e+00
-3.571542378921388483e-01
-2.986262911347081772e-01
9.835678303781005827e-01
1.000000000000000000e+00
5.940735838175827954e-01
-8.119667138307045118e-01
1.000000000000000000e+00
-9.673098295699265048e-01
-5.158937802506591286e-01
8.192739724232844800e-01
-9.533303221713818054e-01
8.633937064917152071e-01
-1.421920955540986187e-01
-1.000000000000000000e+00
-1.599020553306196302e-01
1.303954422090531085e-01
7.886436208742104714e-01
-1.000000000000000000e+00
5.639406351967912734e-02
1.349680279314545706e-01
-7.399604196861986338e-01
-9.369587615683139248e-02
-7.563441470302756375e-01
4.588258430442793134e-02
-7.062777581800765425e-01
-1.000000000000000000e+00
-1.000000000000000000e+00
3.669313263032678574e-01
4.010212249386380101e-02
2.263652287391506590e-01
-7.282466460696737087e-01
4.677685586055151390e-01
4.707503110459210771e-01
-3.785205876717236961e-01
-2.079777429612463813e-01
3.633045530637941667e-01
-7.503738766917911196e-01
8.791772206328407613e-01
2.032483425860738824e-01
1.000000000000000000e+00
-5.655941648366310526e-01
-4.852691312356194331e-02
3.813735845409131908e-01
9.586513587937834924e-01
-7.661983918441415131e-01
-1.946814329512793762e-01
-1.154933099174106914e-01
-5.041775545482221066e-01
5.599713274016462350e-01
-1.000000000000000000e+00
-1.000000000000000000e+00
9.030242346669505871e-01
-3.470934063371311495e-02
-6.729204340695517095e-01
4.334038449601940179e-01
1.000000000000000000e+00
-8.275503566330075778e-01
4.704572422038590940e-01
2.758799354515169000e-01
4.870128319604362654e-01
-8.053361358413893001e-01
-2.306778927158852355e-01
8.806893105032049807e-01
9.123999488943043135e-01
-7.962674616617100298e-01
-2.757995404948089258e-01
5.653198787723974217e-01
-8.352250935682918875e-01
3.319728401998878198e-02
-2.438753448023703863e-01
-7.622751309118180885e-01
1.000000000000000000e+00
-1.780466602910077967e-01
6.133135455987658302e-01
4.062914460237027070e-01
5.137381447480623420e-01
-3.207891951067531888e-01
3.461465718947749348e-01
-5.943398645774309319e-01
-6.917316790517840097e-01
1.000000000000000000e+00
6.421677171006425766e-01
-6.954063057199159070e-01
7.371130100589229350e-01
9.880957589076915237e-01
-3.478757991480978529e-01
-4.139496897583001545e-01
-2.873492461408637677e-01
9.952070056209502136e-01
7.948411285561187700e-01
