1.461926837147262681e-01
-2.873600765158512704e-01
-1.815518386705244347e-01
6.843675010461971464e-01
1.183660495320388306e-01
3.843948498300318595e-01
4.261790188380235600e-01
-8.769525574212041485e-01
1.000000000000000000e+00
2.944328175506716327e-01
1.000000000000000000e+00
-2.646732461969336092e-01
6.953634313158653102e-01
-8.146510123260527481e-01
-1.000000000000000000e+00
-3.382280052473011223e-01
-1.645998219829654940e-01
-7.409137759346795526e-01
-7.036120045592288985e-01
3.298153344701628686e-01
-2.135175347721336436e-01
6.289050196768397605e-03
6.142761290677227759e-01
-1.000000000000000000e+00
-7.793692906116617136e-02
-6.170505759197755236e-01
-2.415489400777920681e-01
4.341819750220591301e-01
-3.854779691482761450e-01
5.557300450517655976e-01
-3.422872708059077063e-02
-9.221108014504770800e-01
3.479862332220248211e-01
2.293083656356348365e-01
-4.693441595215848139e-01
7.346899327169668092e-01
-1.472590241131208622e-01
-7.125375543423141389e-01
-1.000000000000000000e+00
7.330623617142313364e-01
-7.322661669280500218e-01
1.475278974652283748e-01
-1.422526934426935064e-01
-7.039289763598995942e-01
-8.856826714457276539e-01
5.776236417045439442e-01
-4.376359510726396951e-01
3.081417404912388802e-01
-3.645884365343322608e-01
-8.653301683036090930e-01
8.666929095673799877e-01
-1.160014152095192874e-01
1.000000000000000000e+00
3.447616000654185608e-03
2.959277542481529300e-01
8.530408326150119569e-01
8.750066022006868227e-01
6.148655028247287380e-01
-8.988208631785815639e-02
-4.610917563444336120e-01
-6.786476014843774163e-01
4.026136371106142642e-01
-4.345534774261903266e-01
5.735430882172070088e-01
1.000000000000000000e+00
2.562908351538303875e-01
7.700528723419683974e-01
-8.853580328214503137e-01
2.997920541479960344e-01
-8.351014224248874962e-01
8.077681237615371712e-01
-1.225691332371844355e-01
3.410754828201285616e-01
8.642052158932864714e-01
-4.362740601692869924e-01
-8.053576287535304523e-01
4.814833139116173055e-01
-3.293175271961523709e-01
-1.000000000000000000e+00
-2.913244684775912474e-01
-6.619632137810893546e-01
2.021390150420016019e-02
-5.607465229539267959e-01
-4.591171906782839374e-01
-7.481504098671436509e-01
-7.500156652955393133e-01
7.716547844121807165e-02
-6.627126913191661028e-01
3.500808176753339440e-01
-5.634233916040866097e-01
-8.240561342605461359e-01
-7.189357153341906503e-01
1.678551175235991622e-01
-1.896914484912352039e-01
2.291190379680252409e-02
-8.027112948918288526e-02
-4.400243305136208316e-01
-8.900214655925416940e-01
-8.728624999103130611e-01
2.625917822532239931e-01
7.664355826738125099e-01
-5.734049856517249300e-01
2.046481962447683767e-01
-4.351768967566767565e-01
1.706388044351791478e-01
-5.200229637031454910e-01
6.495368423232835697e-01
-6.546508631964348401e-02
6.661242600153761684e-01
-1.154850088910866213e-01
-7.634957589319120164e-01
-6.699513775309009489e-01
4.553315589203065228e-01
-6.192470733718066778e-02
-9.323737569983727713e-01
3.314423536316556118e-02
-8.659138114065764169e-01
-2.455891882804563942e-01
-4.440182593947528122e-01
3.794909249869399259e-01
1.548466514532051419e-01
1.490438627764784640e-01
-3.677925429007963820e-01
9.989667213904738219e-01
1.043486193658130778e-01
-1.089034724170498403e-02
-4.548345637784008133e-01
5.421007434416696968e-02
6.662430026085394141e-01
-5.754813454597393907e-01
1.000000000000000000e+00
-3.659791244478655114e-01
1.324880341391311278e-01
-5.073807293556474862e-01
4.201045272430063982e-01
-7.966192616477681954e-01
1.000000000000000000e+00
-4.505266659467693779e-02
-2.642953994858202593e-01
5.013064796218800190e-01
-5.909851124470636430e-01
7.178605648030064179e-01
-3.170830633999380810e-01
-8.656824183847059428e-01
-4.089117797868939697e-01
-6.692573637100525108e-01
1.061724874045834044e-01
1.000000000000000000e+00
-8.086784223002692062e-01
9.735168557386462140e-01
-4.598956229367808790e-01
7.318962671699039690e-01
2.694122848958963035e-01
-1.748930139128043459e-01
2.934841374519252255e-02
-9.087829548457241335e-01
4.462769773051174504e-01
7.844591414809438668e-01
-2.442073934088750120e-01
4.526374120319872074e-01
-1.196921240137119591e-01
4.665341631514440257e-01
6.798284427427682131e-01
-2.275108099476815249e-01
-4.533952975996143331e-01
-1.000000000000000000e+00
6.102905441117147944e-01
-2.409734288301111360e-01
9.751492443152636191e-01
1.000000000000000000e+00
-2.049036442370182065e-01
-9.386675678172196058e-02
-8.422216622668251551e-01
-1.816928231507899394e-01
-1.000000000000000000e+00
2.470431827157387461e-01
3.544602122885875395e-01
3.146698566797931917e-01
-1.521482864036194926e-01
7.666582094204545950e-01
7.439801099091049030e-01
4.280749760334488507e-01
-3.765494865885580245e-01
-7.266882587456053866e-01
1.000000000000000000e+00
4.121873199453706671e-01
5.466798541821163981e-01
7.028588588997974895e-01
-6.455877559939102728e-01
2.622464340612411515e-01
1.000000000000000000e+00
-6.276361751716169612e-01
8.229984616695490418e-01
-6.477519015593573570e-01
-1.498953590564465199e-01
-1.090426935213222037e-01
-1.000000000000000000e+00
-1.315805493529373926e-01
5.595714970424812140e-01
-4.770125556803386790e-01
-8.198530369390233385e-02
4.541036703816957454e-01
-7.851473257257548521e-01
-6.891730636243890151e-01
-6.621449656423683550e-01
-4.055300138293819190e-01
7.403029940760563754e-01
4.868308139280747016e-01
3.774790937012945657e-01
-3.021073856864808227e-01
-8.530158066676883921e-01
-6.419118477796215139e-01
8.816086285952388080e-01
3.275454507566040174e-01
6.700627669326324476e-01
7.968481480978899523e-01
9.147764454173397120e-01
-2.345977685899400533e-01
3.711082491788234572e-01
5.448562525057057959e-01
2.033161713159514772e-02
-4.669245588566148797e-01
-8.450946116372957118e-01
-6.594593809252431438e-01
-5.508200018962461364e-01
-9.896569653433895386e-02
7.216067884229143692e-01
5.041417933261325146e-01
-7.441788001211487869e-01
7.023063635783934888e-01
6.335044328363823585e-01
2.413126575853525857e-01
4.117057074905946523e-01
4.900449032739498945e-01
-3.723106790643372910e-01
-5.254201432087668433e-01
5.119254413361430389e-01
7.794087697239546753e-01
-4.953747950520970833e-01
3.944650523157124944e-01
6.338649169137299255e-01
-5.256819810228103851e-01
5.975199499375311030e-02
8.505048596862722077e-01
-7.649497034010719343e-01
-6.060020479010774785e-01
6.631591564474119682e-01
1.859316853036638295e-02
4.004235594514929386e-01
4.110229190812203504e-02
4.044784920187786681e-01
-3.620269908766826639e-01
-4.182243937274865986e-01
2.704941798940246889e-01
3.232551325537855180e-01
2.590820946179006601e-02
-2.255273029791552697e-01
6.000428205814101190e-01
6.757154703626827574e-02
-3.290942675512364968e-01
3.351081929205110832e-01
-9.267289610619984241e-01
5.700342023992675811e-02
-2.571714801985824916e-01
9.076462542926809762e-01
