1.000000000000000000e+00
-3.441179576025388265e-02
3.287036255438516852e-01
-9.834472450577957936e-01
9.099770819747461381e-01
3.140415878774125424e-01
8.799974062806653619e-02
-6.115243929503644260e-01
-3.089227885261585094e-01
3.620591101653270472e-01
-6.793317645215914968e-01
-5.824535199649613637e-02
-6.782943588278661506e-01
6.032989094013418985e-02
9.049488460027799164e-02
8.744879644188491286e-01
1.000000000000000000e+00
3.079720339375576210e-01
5.567058523421408722e-01
-9.615257027532283507e-01
-5.586941618308483015e-01
5.773336270415700966e-01
5.007680144239707865e-01
4.674514175928128346e-01
1.000000000000000000e+00
9.681076629882460205e-01
7.427069240221451096e-01
-1.599079803794571097e-01
1.000000000000000000e+00
1.158562476670825792e-01
-2.926983846511552190e-01
9.363908351721355050e-01
8.568472869514680568e-01
-1.000000000000000000e+00
-6.043963392039755078e-01
-1.000000000000000000e+00
7.267937869606035939e-01
-5.474977002219821864e-01
4.811840840346020554e-01
8.051219686240688178e-01
-9.930106960587553599e-01
-3.104003786837098988e-01
6.555380699776716114e-01
-7.014793896403429541e-01
-4.241111668232409038e-01
-5.478821959342610182e-01
-3.493796875992672968e-01
-1.000000000000000000e+00
-9.800509506836577733e-01
9.718440397616623372e-01
1.000000000000000000e+00
3.932894823817805752e-01
-4.035784257187133295e-01
-5.588013632655469687e-01
3.199027977202207884e-01
-5.357726793662517251e-01
-1.000000000000000000e+00
-3.648519717597301648e-01
4.963624446730863227e-02
-1.663650657309646841e-01
9.618887516571374974e-01
3.272014831727598771e-02
-9.402522604504399695e-01
7.390230372110544455e-01
1.130836469402547451e-01
3.600519496032327793e-01
1.000000000000000000e+00
-1.939153279779778360e-01
-6.603414996499116230e-01
2.977735720968552879e-01
-4.001389540122595734e-01
1.000000000000000000e+00
-3.434804981924312051e-01
2.430027226320555789e-01
-8.972548651469016701e-01
1.000000000000000000e+00
9.743215466756469656e-01
-6.722744849305763992e-01
-8.129191951073658773e-01
-9.439172587169440964e-01
-1.000000000000000000e+00
9.184074718742232246e-01
4.109589162152214037e-01
4.947288720522609595e-01
-8.821143885928910411e-01
8.027176183838340418e-01
7.026603388320085131e-01
5.112555168777519476e-01
9.651406086063574197e-02
-6.817238366587112797e-01
-1.000000000000000000e+00
-6.702232262113280159e-01
6.658377048743499005e-01
-1.000000000000000000e+00
2.685485229416808561e-01
-8.753514234006821715e-01
-1.605440968295212545e-01
1.000000000000000000e+00
-1.000000000000000000e+00
-5.346264182946646182e-01
-6.383354318420862983e-01
-5.048621805227135884e-01
-2.876239869495313961e-01
8.774680186889460831e-01
7.589118665523519880e-01
5.458012869439878845e-01
3.689694640988845920e-01
-9.610846090050553236e-01
-1.475526112009850621e-03
-8.533050805224107194e-02
7.101773580101923278e-01
5.517621363523628197e-01
6.988280145267857790e-01
-6.568863679286220947e-01
-6.264008765645294463e-02
-8.195058636309895395e-01
7.642077896356457289e-01
-5.226775858161900601e-01
4.864430756395559108e-01
6.969119869014012147e-01
4.495741792547810478e-01
1.000000000000000000e+00
2.760721623423475490e-01
6.355226407404306332e-01
2.367132365800240779e-01
-6.377346011551259242e-01
-3.011834536060782885e-01
6.571519699096840528e-01
-7.722414745852099749e-01
-1.000000000000000000e+00
-2.827027940695171493e-01
-5.191530575717617779e-01
-3.202383615028523978e-01
8.019226945037309928e-01
2.836931385830455676e-01
-4.755051135869161616e-01
-7.017900358155506613e-01
5.135413971773157282e-01
-3.438908231792963122e-01
-5.009271339568901471e-01
-7.368897918324093244e-01
-1.000000000000000000e+00
-3.423072318758324517e-02
2.635226697939887508e-01
-6.837630192086155967e-01
4.866338224886820885e-01
-5.321346929296630890e-01
-8.731673600437878102e-01
-3.713444094650902305e-01
4.549260502617821222e-01
-1.000000000000000000e+00
3.446236609806514473e-01
3.133946136924393722e-01
4.195654073806620588e-01
-2.677152011735308701e-01
1.893010453422876993e-01
-8.491818904962089576e-03
-5.988929450613504901e-01
1.000000000000000000e+00
2.639919326033212110e-01
2.129986028444433854e-01
-2.849556966241936773e-01
2.729316847274007030e-01
-3.727080051650695225e-01
9.594372653797430539e-01
3.244475202278582771e-01
-5.438607147407681364e-01
-2.093728239249649237e-01
-6.293424237788981523e-01
-4.985441622288206975e-01
1.000000000000000000e+00
-9.613173868859992144e-01
-7.753520504981059602e-02
-1.842360865711924756e-01
5.567710008888149265e-01
1.797540256024393046e-01
-3.398248117090341136e-01
-1.716450345058088967e-01
-3.155201435486981176e-01
-5.266951218205175866e-01
-8.540265863042909578e-01
1.000000000000000000e+00
-7.459994144287014350e-01
-1.000000000000000000e+00
4.775337911571858607e-01
2.511188644655449331e-01
-9.347172340085796449e-02
7.238107215758639024e-01
7.749544721408108128e-02
8.831171018537902206e-01
7.484522710409353685e-01
9.330019680162416895e-01
-3.158187048631577731e-02
-9.567075894136892744e-01
-4.058887597899136779e-01
1.000000000000000000e+00
8.472544698735250401e-01
-1.596338503117465391e-01
3.550071645475300630e-01
2.194855577002065572e-01
5.537567040910014171e-01
-1.000000000000000000e+00
-1.279594827452945893e-01
-7.330970985848448418e-01
7.373960951567415378e-01
-6.424354142692707548e-01
4.856907888418920405e-01
-1.000000000000000000e+00
1.000000000000000000e+00
8.859074829376574201e-01
-1.000000000000000000e+00
-1.000000000000000000e+00
2.549895929378795389e-01
-5.230671351006186409e-01
-5.259575179785982435e-01
4.324715736059377980e-01
-7.804305087363079263e-01
-5.619492555178862148e-01
-4.246416210856385209e-02
6.690638995859177207e-02
5.588858033484265242e-01
-2.767211032057479980e-01
-1.000000000000000000e+00
-3.293211471171580973e-02
7.761877045815104292e-01
-7.682237014007519127e-01
1.000000000000000000e+00
1.158849468753988532e-01
1.000000000000000000e+00
-1.000000000000000000e+00
7.795511622236630522e-01
-8.131587576107934812e-03
-9.099156082195631878e-01
-1.000000000000000000e+00
-5.603102184613045766e-02
-2.685113010886344131e-01
-3.556074537736656493e-01
9.183124672652450693e-01
6.281086196049815440e-01
8.736732955607739992e-01
5.802103555524824596e-01
-1.186965011501854156e-01
-1.028695748999954029e-02
3.197530320098542211e-01
1.000000000000000000e+00
-6.732098676611809884e-02
7.355479385773852075e-01
1.000000000000000000e+00
8.253846579463247624e-01
1.000000000000000000e+00
2.200024216446156144e-01
9.347957573449198199e-01
1.000000000000000000e+00
4.466683413660554325e-01
5.632932741697109780e-01
-1.576318872037701935e-02
1.000000000000000000e+00
4.949647320321883814e-01
5.048162163541188852e-01
-9.197253243237051290e-01
2.842036185863482389e-01
2.995046876831577443e-01
2.571471203296405439e-01
1.000000000000000000e+00
2.459765521377028918e-01
