6.207943620884308622e-01
-1.000000000000000000e+00
-1.000000000000000000e+00
2.375183710755940925e-01
-5.512818324445152296e-01
-5.752561298450724614e-01
1.000000000000000000e+00
1.353845267418094522e-01
-2.206130333470036065e-01
-2.051977926953647557e-01
-3.473840746513474631e-01
9.443802608108224916e-01
2.156701361252375548e-01
9.602371361764734381e-01
5.949602031322205331e-01
3.767929451721168665e-01
9.155747213259757267e-01
4.060556547856136733e-01
5.332794028278609044e-01
-9.823551326844779386e-01
7.020096730206730751e-01
1.839378911007096828e-01
4.063765086314958808e-01
-8.048836058480469680e-01
5.407874017452626303e-01
1.523151207579884758e-01
2.530346606096189888e-02
2.248766615411352809e-01
-1.141266680563353397e-02
1.000000000000000000e+00
6.102412937481398458e-01
-4.277554074223619551e-01
5.945261153189007608e-02
8.062140325579774114e-01
-3.450769149587409879e-01
7.973863029612047182e-01
-8.905330226090173440e-01
-6.794060100617651532e-01
-4.325058509418757691e-01
-8.800490120763266866e-01
2.064336593542746012e-01
4.274341971461812495e-01
6.884336459488538118e-02
7.772362375363717213e-02
5.618009424528589424e-01
9.780029511170789114e-01
5.479193365533607807e-02
-1.568905359766410990e-01
2.161960496550116018e-01
2.587838153619557158e-01
5.158457490743042495e-01
-2.693848481747678214e-01
6.944929728398372415e-01
2.184214996088824634e-01
-5.663984457033444109e-02
-2.042023990467114469e-01
9.657583114418051284e-01
-9.824521902831861997e-01
-9.928248199925608919e-01
1.410333261124585569e-01
7.496092818123445412e-02
8.738624525982650049e-01
6.095115337400552891e-01
-8.072594374603370149e-01
1.000000000000000000e+00
9.581202412687919168e-01
1.299306056926341491e-01
7.497768760801601928e-01
-7.105591944040690056e-01
6.436693939691733313e-01
-6.017207537989580635e-01
3.837356168355021691e-01
3.915453492788021350e-01
8.732537593392457609e-01
-9.760968497096561558e-01
-9.720403179254861747e-01
5.277872379121418822e-01
-4.390189857309043653e-01
9.150655103917795241e-01
-1.948767637959645249e-01
-1.000000000000000000e+00
-1.000000000000000000e+00
-4.282839489610514860e-01
6.646535595933980023e-01
6.654926282527726666e-01
6.148057316752388868e-01
5.116703299212976841e-01
7.706592993096395006e-01
5.191939264649383379e-01
-4.254668233156639889e-01
6.504576103928703112e-01
-9.441161917026594796e-01
1.388773674175820538e-01
-7.735511941972010863e-01
1.000000000000000000e+00
6.370597521095964222e-01
1.000000000000000000e+00
4.132135828894532015e-01
-7.008357609327924287e-01
2.281002067407522649e-01
-6.713533756767611216e-01
-4.542144878415231846e-01
2.317729448880618826e-01
3.910661008032327857e-01
-6.181575409588870862e-01
-2.386809605837101333e-01
6.558519539636895601e-01
-1.000000000000000000e+00
-6.514568326344118976e-01
-1.000000000000000000e+00
7.428540253171609375e-01
7.560201477372980872e-01
9.444015473590477994e-01
-5.474522577237087573e-01
1.000000000000000000e+00
2.010327205800493955e-01
6.878479161777301121e-01
2.803247669581042656e-01
-6.348472972716058260e-01
4.290966049945055261e-02
-1.000000000000000000e+00
-3.099187953410726948e-01
6.708798143390559687e-01
5.518350367165580916e-01
2.778753945390852742e-01
-3.225894817553345284e-01
1.476191105126846703e-01
3.561225530045282195e-01
-1.000000000000000000e+00
-1.000000000000000000e+00
2.988175373308981086e-01
9.572985639603606156e-01
3.034198676123422977e-01
5.313336953846954369e-01
6.555547412238262872e-01
-1.697094012188111734e-01
9.468117440588368350e-01
-6.449308754801492682e-01
5.005844386699802584e-01
-5.010280558670674456e-01
2.462402802679173330e-01
1.809633222542081921e-01
-1.891329812917637021e-01
-4.232157039970552148e-02
-3.833701371851927497e-01
8.982129916307355355e-01
-5.239742771141142619e-02
-2.045035548019869531e-01
4.338847858116193223e-02
8.742185052507673859e-01
-3.307987786198414160e-01
6.751209489518374962e-01
-7.611855564925555928e-01
3.756628965635435691e-01
1.824362194087074673e-01
-6.732319191351190391e-01
3.771845407901808223e-02
6.452050435970069220e-02
5.751223387391322106e-01
-3.661067762058940467e-01
1.448189049044158461e-01
7.660087724303972223e-01
1.381453518979318673e-01
3.673740391801405547e-01
-8.188833271094100308e-01
4.926354178947003337e-01
-5.005459490684716073e-01
-4.233065788766325888e-01
4.128086339415408812e-01
-1.622178504991409476e-01
3.322747145870816876e-01
-8.765270347934777107e-01
-6.165960926239366646e-01
4.062647855816463593e-01
-7.143573289168791973e-02
-9.194621620415550645e-01
6.251321653873691542e-01
-6.139077899433662555e-01
6.777357927784058989e-01
-6.053987617585421255e-02
4.466234481104844889e-01
9.064250054981028981e-01
1.836537737010181803e-01
1.918176332812444596e-01
2.037197975596443111e-01
-1.325481753534933915e-01
-6.613434044349457697e-01
-3.464062168789192597e-01
8.565328567554997274e-01
-2.772538720505314802e-01
2.699839398741004093e-01
4.055997184974844405e-01
5.032132116346921258e-01
3.029007546816253615e-02
-4.259866864602928072e-01
-3.951612128445908256e-01
-1.461416993048321178e-01
-9.736655499181319229e-01
5.261461492507406579e-01
7.448461830546930784e-01
3.903829714984697885e-01
4.029089699347881415e-01
-1.771633580019473797e-01
6.434721258252062981e-02
-5.023005409567464774e-01
-6.291859389452898466e-01
2.930101792572359365e-02
-5.208180724763731284e-01
-4.687961567973712995e-01
-2.881882988444608440e-01
-6.946166036952108325e-01
1.742225912786143915e-01
9.602459025819720662e-01
-4.967476054820489928e-01
4.298586305449055844e-01
-7.033860273085151826e-01
-4.625706461735423769e-01
9.463598887162523177e-01
4.353040317705543227e-01
1.650470193707582744e-01
-1.595577136183774503e-01
-2.937843476755654937e-01
6.829853491767490237e-01
6.685789560263069031e-01
4.294929604842432358e-01
-5.182716226800974102e-01
2.669637513518356986e-01
2.956957017936794330e-01
-6.321035102434695574e-01
7.370900542639524655e-01
1.000000000000000000e+00
-7.228598531095560276e-01
-1.670605015059760667e-01
-1.313679150809736740e-01
9.046453655338155819e-01
-1.609376396772796980e-01
8.604343837413299667e-01
-1.306901027986413499e-01
2.622832428176193886e-01
-4.095227736379807304e-01
3.962520323769238573e-01
8.615480146814555873e-01
1.762407528412359703e-01
4.776652402772253447e-01
-1.000000000000000000e+00
-3.057211638023488165e-02
-1.335471568458295177e-01
-1.000000000000000000e+00
1.000000000000000000e+00
-8.020122120538843991e-01
7.422918704510287347e-01
-2.112236043268300723e-02
1.000000000000000000e+00
-5.301413207929983606e-01
7.668129645101686709e-01
-2.153483617720006738e-01
-8.763767686911010379e-01
3.967528488845959433e-01
1.812490974628166995e-01
-8.087556199461967132e-01
-9.389497764779071165e-01
6.788096886098664573e-01
-1.552937296630083619e-01
9.685356648271903346e-02
4.165996892675449814e-02
