-8.813143368955105306e-01
1.314416592138791806e-01
1.065208267564911604e-01
6.886267289025060911e-02
7.610043593123375638e-01
5.995120871114119065e-01
-1.305713885004451402e-01
-2.800267189663353529e-01
-6.027124607209413121e-01
-9.741014702506739509e-02
-3.319080957526032716e-01
-2.486868027610278364e-02
-8.533704971503519587e-02
2.296142218799448464e-01
-4.496522008653078828e-01
1.052089511997249538e-01
-8.380527399150587975e-01
8.201518038980716296e-01
5.526392530610149123e-01
-1.374512345792657797e-01
-4.990655923646153402e-01
-9.822562671390977496e-03
2.858967136553358657e-02
3.817755913649685251e-01
-4.140084025459109252e-01
5.138424980990012880e-01
2.680013707201895912e-01
-6.467055555202813610e-02
-6.581800227216764165e-01
6.936293738399557096e-01
4.922776463086922516e-01
3.782507013735378343e-01
-9.443290740224901114e-01
4.428448403683755696e-01
5.441588223171328620e-01
1.047989376503756648e-01
-3.799158700072395867e-01
-3.410790657323363728e-01
9.623238096231692129e-01
-6.660219123329880198e-01
3.690057335569613683e-01
-7.933062303321352093e-01
4.532509557576899772e-01
9.138287956023682934e-02
-3.138300036187100517e-01
-4.904201653207158618e-01
3.994453407353523167e-01
-4.909673976120512151e-01
5.404166869259141581e-01
3.709484757018343126e-01
-6.729311516141713856e-01
-5.394109187413937967e-01
-8.236336866633078291e-01
-3.540524409011476803e-01
2.483634616269767559e-01
6.361944456509899259e-01
7.277372108214585911e-01
5.599325377816377625e-04
-3.946464986223257032e-01
-7.892594601613988070e-01
8.945365881833988730e-01
1.000000000000000000e+00
1.655483625590059571e-01
-3.331137783890451010e-01
-2.577947429236056021e-01
3.573924072493489534e-01
1.355166534172698167e-01
7.597634848424241749e-01
-3.676499614044739239e-01
-1.000000000000000000e+00
-1.157859926311908261e-01
5.926974958850937947e-01
-5.330905856639148732e-01
8.098123700506238976e-01
6.662241985459176341e-01
1.000000000000000000e+00
4.314113238565837616e-01
-4.919122409033014343e-01
-1.970218791330761166e-01
2.492310290779176096e-01
9.385709586289794348e-01
-4.227224312032358822e-01
6.580411625983888513e-01
-3.398901250271828545e-01
-6.158530842076204159e-02
-4.144808909015492704e-01
-9.571627477983182253e-01
-8.628019504952348928e-01
2.872076154243008994e-01
-8.290575482786322059e-01
-8.213181710678090219e-01
2.444119241439577372e-01
-4.703482141770763958e-01
-4.309210986789397957e-01
2.162964202294077598e-01
4.851426908973171526e-01
-2.039005924940182624e-01
-5.404722886486479361e-02
-6.823731673820923049e-01
-6.053998556584012647e-01
2.930314292274107668e-01
-1.269709330508700662e-01
-1.898777695860334735e-01
-2.546933820658048298e-01
3.117201717524508697e-01
4.460113157004612638e-01
-5.644761850001152048e-01
6.875676633662411441e-03
-6.235363083526448413e-01
-1.000000000000000000e+00
-6.492725343209164723e-01
4.355609900769004672e-01
-5.721888306580513728e-01
3.343423781227332636e-01
-5.777775976071874986e-02
2.277404839966419292e-01
7.824274409668794394e-01
-6.429004658050540000e-01
2.260548959465151775e-01
7.459258188164341608e-02
6.285675808571007384e-01
-8.331937548668839622e-01
-7.829087148442401833e-01
-7.877178124881387689e-01
2.409872621909364687e-01
-3.259857697291943524e-01
-1.000000000000000000e+00
8.154266518839490274e-01
5.941783801629922923e-01
6.388810228012758996e-02
-2.492931228281787259e-01
-2.683632183119935011e-01
1.946888650452818226e-01
3.881616389278936818e-01
-2.345835915810974281e-01
2.491198764205879712e-01
3.135128304707484048e-01
1.261743795961345338e-01
5.928847775203661685e-01
5.184081245257171622e-01
-4.163855975951500366e-01
-8.045905215912395603e-01
-4.913013857200603240e-01
-7.554418434034368968e-01
-3.958339139475763879e-02
5.793167439891777626e-02
-4.351463054552958121e-01
5.563716126790518857e-01
3.884581225968737339e-01
4.537866539043986513e-01
4.884504966250924340e-03
-1.000000000000000000e+00
-2.987514753020810154e-01
3.746274027427498599e-02
3.096208229193295747e-01
5.344708297321427715e-01
-1.002573587670516631e-01
1.112247857667234552e-01
-2.430034437108266054e-01
5.388230245115892547e-01
9.636179935055377843e-02
-4.750942170606581305e-01
9.904502824669680905e-01
3.035779718341485856e-01
-9.123205916387049363e-01
2.132357578407060306e-01
1.577770265992182175e-01
-8.712774443926001311e-01
2.252525465113529579e-01
4.576047248363446229e-01
6.255079457596396386e-01
7.159265336399844859e-01
8.786163344483910453e-01
6.174940477479954337e-01
8.672507723102009791e-01
7.322509330021034213e-01
5.378513263195789929e-01
-5.765516885440058470e-01
2.589819907886811157e-01
4.016147638256051255e-02
-9.698011320469657193e-02
1.377715667908268049e-01
-4.129789841374209569e-02
3.863569825652792833e-01
4.255297847106953579e-01
-4.060782488178936167e-01
8.280438781277330573e-01
8.278928478347746811e-02
-5.226707253938512876e-01
1.983889185451973569e-01
-9.440908512625378890e-02
4.913302828539871658e-01
6.672536019917268968e-01
-6.729561460665434147e-02
-6.484303783729630233e-01
-8.741232165434892343e-02
-2.953255058326481608e-01
-8.746691458781743478e-01
1.321705625001023954e-02
-4.321900980420996241e-01
-2.694481892242592269e-01
-7.732135877181292027e-01
-3.020126395666022923e-02
-3.352165976292632577e-01
6.254643059440263553e-01
-6.510545669965788207e-01
-7.714914591570334323e-01
-3.325744243698846025e-01
-5.893967445841141739e-03
-2.054115096744461022e-01
-4.641054233944239549e-01
-1.000000000000000000e+00
6.484907003181523688e-01
8.166193647598939398e-01
9.865729192475615195e-01
-4.302685764717993355e-01
8.594063351242792193e-01
9.186251609279935115e-01
2.356055666557439476e-01
1.471949034893842434e-01
6.802210085940711970e-01
-3.638707404761762909e-01
-8.888092457092822141e-01
1.751759844420819334e-02
4.653273402702061134e-01
3.720305311135426174e-01
-5.960675426083552608e-01
-1.682669792200270353e-01
7.272279198886342222e-01
-5.598292257048870235e-02
-6.698585661723475138e-01
-6.185872595300051513e-01
-9.615831673152541725e-02
-6.118558900562212077e-01
-6.028721770925837831e-01
-1.827287353565821837e-01
1.819958763835341775e-01
-4.615711243746978276e-02
4.968308804758907182e-02
-3.631880199440349344e-01
-6.632610237869134284e-01
-3.370614804267410003e-01
-1.133173558594016139e-01
2.062538028915362198e-01
9.417300679181245249e-02
4.411616119504042643e-01
6.171689039658190268e-02
2.847804316729575236e-01
7.370117140955723123e-01
-3.174037927589624108e-01
7.174403414317520600e-02
3.402432560434424103e-01
-1.711405934524078409e-01
-9.812397751828698667e-01
-3.919278255217066853e-01
-3.375293302839883491e-01
4.219016906919934029e-02
-7.536204411455571517e-02
-8.873252483380504874e-01
-3.200996439993439857e-01
1.136078013535641862e-01
1.609654500775452579e-01
-1.631921985317021928e-01
-6.494795576042340368e-01
-6.951401021909644484e-01
