8.969823447723628274e-01
1.163811271982277962e-01
1.000000000000000000e+00
3.136128511891484449e-01
-9.601111857364932334e-01
1.233338436022957396e-01
1.780170901959066965e-01
4.068727634463820131e-01
1.706238879562342881e-01
1.438515469070344444e-01
4.511587727814617699e-01
-5.554472422423853972e-01
-1.831721409110309562e-01
-1.748821121346974539e-01
-5.446282464148353153e-01
-3.847740039452586247e-01
-6.477054137209031781e-02
9.744238327166192537e-01
9.132037849673996233e-02
-5.384400357143325211e-01
-9.664863533382254124e-01
-1.797798120093324348e-01
8.331594381892954981e-01
6.923492525618772930e-01
-8.473274387140437014e-01
-2.909949528525626605e-01
-2.028346384596899366e-01
1.000000000000000000e+00
2.084362984470163882e-01
5.734458752405781068e-01
1.466866090162646796e-02
-5.009779200076671657e-01
2.936935749463307488e-01
-2.285842516530218749e-01
-3.564359014113952506e-01
-1.443722765976324096e-01
8.873851606946780990e-02
-7.665800648586593713e-01
2.469598635126103447e-01
2.684356966593212102e-01
8.330468598396628677e-01
-1.000000000000000000e+00
-9.278080558018524382e-01
-6.287564236491132164e-01
7.141311245446908540e-01
-2.909610110343915368e-01
-6.562728782809006400e-01
-1.000000000000000000e+00
-4.921558931689834493e-02
-3.401383113641956446e-02
-6.804559718655479594e-01
-6.683205742915487857e-01
3.684285400655175069e-01
-5.192750072773818504e-01
3.397933104168197049e-01
3.333200185241643188e-01
-2.652446228669637085e-01
-2.635972738170732077e-01
6.899231176889469852e-02
-1.000000000000000000e+00
-6.771794432939984842e-01
8.112805920025725759e-02
-6.465348471731147129e-01
-8.005629233149202939e-01
-1.905470901209824763e-01
-6.242895838985116352e-01
-6.565530097981402413e-01
-3.269279431499814703e-01
8.450247531649912602e-01
-5.307112896049783757e-01
-1.000000000000000000e+00
3.465832055542681367e-01
8.159150207481687123e-02
-1.355244506448707587e-01
-3.312489367236695625e-02
5.314373218500160201e-01
-1.357645414040665466e-01
2.834148399056016232e-01
1.447347558144254642e-03
-7.622814932621855277e-01
-4.635548909366197234e-01
4.433414630046477178e-01
-8.101835212802694919e-01
-1.391342277506852909e-01
2.685228770176330548e-01
-9.563647476274383941e-01
-3.416801434488559441e-01
-7.059957217013974606e-01
8.146009452009993490e-01
-7.811233014411959052e-01
2.164524004901362819e-01
5.184237975306467405e-02
1.950844707920134646e-01
-2.008744026300487984e-01
-3.628821747755949789e-01
-8.815178540087049708e-01
8.888586281670802780e-01
5.026941613933848529e-01
-2.173692542976587982e-01
2.137174392650231236e-01
-4.090129843552874067e-02
4.165232062679775638e-01
-1.000000000000000000e+00
-6.726402327527984948e-01
-1.177222578730032221e-01
1.088248622930540754e-01
4.063869516984754959e-01
-5.255886643971066086e-01
7.510922312479691998e-01
-6.537717980383387362e-01
7.178897821175295180e-01
-2.877021259343947590e-01
8.048293617242994191e-01
2.744305021420755386e-01
-3.076182401600752181e-01
-6.021695340156520970e-01
-1.000000000000000000e+00
9.718801242698611453e-01
9.812454545515711946e-01
-3.541038635208215157e-01
6.109880238579594447e-02
9.317066692554189233e-02
-5.743457582740163492e-01
-7.057600183736291166e-01
2.818645670177744034e-01
6.007245334544786264e-01
8.061212561012157662e-01
-7.978672982569815497e-01
-7.425869168399500397e-01
-7.086685489576824981e-01
2.034551078808650160e-01
1.000000000000000000e+00
3.804243545066515741e-01
-2.451425474041354080e-01
7.461464383694882407e-01
-6.032993869718227264e-01
-9.169560601053849958e-02
-2.901597097744917919e-01
5.303993265184895334e-01
6.610737481386679271e-01
-9.375200747346768004e-01
7.049905857835259138e-01
-5.584640030178691372e-01
-1.986329040629466330e-02
5.018134881449876072e-01
6.074920840241402331e-01
-3.220505465665360334e-02
-8.834913848220918853e-01
3.413501684719401075e-01
-1.938444500897320011e-01
8.921809035265235721e-01
-9.655031680161723084e-01
4.854950057745210379e-01
2.754314758811309827e-01
2.373346460756775578e-01
-1.809452661474368340e-01
5.537089237217770465e-01
1.403991578694492592e-02
4.687843267334451114e-01
2.853895115202064181e-01
-5.917255944085729746e-01
-1.000000000000000000e+00
-7.233535643267706705e-01
-4.862960942788246976e-01
5.081132355615156637e-01
-7.608278854084875586e-01
4.951555890439440777e-01
3.142564134565156708e-01
-2.060285243136870115e-01
-1.000000000000000000e+00
2.361796903556508398e-01
-9.173168817403010156e-01
9.203878551743563952e-01
-5.901023476902836906e-01
-5.670461867195504269e-01
-8.888959050801067407e-01
-3.204293310834332997e-01
-5.129213610677277879e-01
-8.282902616637886073e-01
-1.000000000000000000e+00
2.257931424270785414e-01
3.498089933546170149e-01
-1.077137039768901738e-01
-1.030591469559666018e-01
-4.608459126947938023e-01
6.336991809485390537e-01
4.619087293332082567e-01
-1.934326376067542763e-01
-1.118657311100412777e-01
-3.584626449667288051e-01
-7.114053882597888290e-01
1.000000000000000000e+00
-4.265245008953795214e-01
4.390043724293418714e-02
-1.000000000000000000e+00
7.400023833105058291e-01
3.059868133765618059e-01
-2.226942977005144653e-01
-1.491948993742420182e-01
-1.000000000000000000e+00
-4.210251768248600701e-01
2.724712753492302131e-01
-1.000000000000000000e+00
2.525430582049853490e-01
8.018445660088452387e-01
3.990580471562750475e-02
7.131286859716063908e-01
1.000000000000000000e+00
2.356426415155764564e-01
7.241776000519196677e-01
-9.246089632960270421e-01
7.204571677727926726e-01
9.566863274538777162e-01
5.003156765513918636e-01
8.575413108263042483e-01
1.000000000000000000e+00
-2.543957631317105839e-01
-6.532052500205075551e-01
7.749801632122892414e-01
-3.776635866810071906e-01
-8.361707996015907973e-01
-3.468816780004083666e-01
1.000000000000000000e+00
-9.430523495709397519e-02
9.109702042454277393e-01
5.311173656267837995e-01
-1.481687564785346967e-01
-4.205937782474838404e-01
5.734235337033213309e-01
-1.000000000000000000e+00
1.421769040375241433e-01
-7.024332936776307434e-01
-2.719022696209929535e-01
6.146356075419525666e-01
-9.188978372841287712e-01
-6.340596079557792031e-01
2.441284736161546953e-01
-1.330472452087120838e-01
-7.601736201884458088e-01
-4.267138802179408774e-01
-1.000000000000000000e+00
8.694787805763950495e-01
-1.401154916159823849e-01
-6.181631493591408510e-01
2.002615195730875208e-01
-2.829616969338528687e-01
2.157063185719884646e-01
3.290285473855779630e-01
9.636047937287872678e-01
3.003277972436578791e-01
-2.896838706263373808e-01
-5.920880328612313503e-01
8.189070734643739968e-02
8.493675947407095528e-01
-2.718491357842769407e-01
7.672541984712496488e-01
-5.943498429206431899e-01
1.853430540757266543e-01
-4.751622019546466458e-01
3.609888842302411138e-01
3.476909522803193764e-01
-8.862964725920016162e-01
-5.219715953446838475e-01
-3.430642247676718437e-01
-1.000000000000000000e+00
