2.993227759645306074e-01
5.271601275980604129e-01
5.438972299809408106e-02
-6.763930913812243872e-01
2.466877965123142058e-01
-3.033745762228683418e-01
-2.434669376565144483e-01
-5.449694943606084863e-01
1.637698674738020110e-01
7.774353717972641853e-01
3.185094240500306872e-01
2.828732742011332846e-01
3.450755307113986259e-01
-8.431326180964414663e-01
9.117997540377338339e-01
-4.566253708834719927e-01
-1.839517540166570875e-01
4.730055290245088750e-01
-3.461119863274468855e-01
3.190940143748444147e-01
-3.478451427942781393e-01
9.406187490141237895e-02
-5.999269083865335084e-01
8.929408355503085648e-01
9.523840018484035497e-01
3.691051795049835604e-01
2.389797022998672582e-01
7.174129960030410924e-01
-5.846593836213692663e-01
-2.898711484226790258e-01
3.555804346482822620e-01
9.752900671464981297e-01
-1.461063931580282027e-01
-3.013024804770700893e-01
-6.807682010974258624e-01
-4.175339934350459359e-01
-1.489618232101912465e-01
7.570914232194798643e-01
-4.458877839456405479e-01
3.034669403344261163e-01
-6.401216294087339609e-01
9.831602514879156374e-02
-4.419987401961606999e-01
6.723139582117483304e-01
4.456986581637254474e-01
7.942645401596275523e-01
-2.609535904277860974e-01
-1.000000000000000000e+00
-6.059643813234931731e-01
-7.223228058384851824e-01
-5.193418153638668100e-01
-2.083863204699107630e-01
-2.798423411963695262e-01
3.021043644311773857e-01
7.656658063241699175e-01
-5.289318694308933200e-01
-5.011338167070658045e-01
-8.807943340518581410e-02
2.794054235135262632e-02
8.086213924296632438e-01
9.179831664386253198e-01
-5.549251504990289074e-01
9.504190690579323864e-01
1.410865450322978942e-01
-2.205056070225632769e-01
8.746062145876160043e-01
-6.984997663665286627e-01
-1.716066400444260509e-02
8.530766409755727864e-01
-7.487421141415275816e-01
6.023083410011178529e-01
-2.098452149042365489e-01
-4.925875441409213185e-01
6.316485112577063799e-01
4.630496126459353601e-01
-1.000000000000000000e+00
-8.149240638968273664e-01
6.031076236751509168e-02
-6.945639739896187770e-01
-1.823503443987548045e-01
8.073184494926286536e-01
6.961565591265115316e-01
6.480100535368071846e-01
2.364388613371728454e-01
1.077092421305994030e-01
3.382753581022304168e-01
-6.403046295196068716e-01
6.414820126812141865e-01
1.012688445106805779e-01
6.397034098930431956e-01
-8.106109210002473975e-02
-7.409197507232538893e-01
2.133603483542683144e-01
8.492424101624888033e-01
5.351904085363432539e-01
-9.350800432059998002e-01
4.307257386066871696e-01
3.166576032536634333e-01
6.029560203982305966e-01
7.610851242314664589e-01
-3.901650552290167884e-01
-3.968234375295416894e-01
-7.577940965045274480e-01
9.303136464669359285e-01
5.504918904487130504e-01
1.915764834640640846e-01
-4.952836498768082851e-01
1.050432145666981287e-01
2.615383905218386928e-01
-4.820346466882236003e-01
-1.314883305106811784e-01
1.070807812418339555e-01
3.253548516685147440e-01
-3.446129389618657335e-02
-1.259812520853595963e-01
-4.336846877143833989e-01
-1.547896743749269388e-01
-9.855827461788821964e-01
1.821824729444729840e-01
-2.616656059536849321e-01
1.581183818364353122e-01
-5.367243495457321156e-01
5.637623462299601318e-01
-6.018106467626949119e-02
9.106096662193219338e-02
-6.679692974255203586e-01
2.755219661391969943e-01
4.707575610224143947e-01
-5.725251170157658054e-01
2.357331830592643840e-01
1.540427714202752263e-02
-9.179910225634143606e-01
4.348330097308883424e-01
3.461409075759926957e-01
1.701690817397912281e-01
7.265047129743267273e-01
2.157417693783512114e-01
3.574523107453091431e-01
-1.255810426180297146e-01
6.722250843430455092e-01
-6.567962397014290854e-01
-6.253498086518783916e-01
-6.838863610999400544e-01
-7.385256133794292355e-01
-6.659365315134404550e-01
7.358668956606098099e-01
3.263865109692618560e-01
-6.550126384020105164e-01
3.094870774266378355e-02
3.089122484846689165e-01
6.892971768344711148e-01
4.620074033421441850e-01
-1.799676625883068759e-01
-5.308430768011949130e-01
6.759332705063136881e-01
-3.181536539293488008e-01
4.304624777478716080e-01
4.801770784899832556e-01
-7.208000390144009284e-01
-1.814967618514070624e-01
8.581411677527883697e-02
5.588862122674655986e-01
-7.376290945168407776e-01
-6.071412017357269431e-01
-6.764316001505066289e-02
-4.400239870951971888e-01
8.145155551129830140e-01
-7.428630846651755881e-01
-2.419671402008789496e-01
8.008775496739253263e-01
8.288342962306094464e-02
4.319357249147772748e-01
-5.682366117051209642e-01
9.733332796529117203e-01
-4.539519537304366192e-01
6.687791623565020327e-01
1.506468386881912591e-01
-3.756958326174871798e-01
8.109088901555793205e-01
5.901509708351686534e-01
-3.470770345839218063e-01
-3.336300810181442866e-01
6.869230326634734318e-02
-8.793616083717217258e-01
-4.176387266393639108e-01
7.396721862871658004e-03
-5.735178760584040969e-01
-5.661819650433519424e-01
7.435271104587974911e-01
-7.789405761227968794e-01
-1.720195627817311390e-01
-4.824421674762525702e-01
1.104924662051505191e-01
-6.057784092558453626e-01
-4.828966169647287976e-01
-1.814816520722808413e-01
-5.046109757733111545e-01
1.551067601486847969e-01
6.807622876060536177e-01
5.319421077915973406e-01
-9.613108186313024106e-02
-8.459112893771225661e-01
-5.977994446157322006e-01
7.644309971019311867e-01
-4.563036996495339892e-02
-4.805987476834974181e-01
-4.226058613951236276e-01
-4.843178295579744219e-01
-9.226380019078548322e-01
-4.279224935704530330e-01
-4.666208303540726465e-01
9.482143739169963670e-01
4.698408774668636489e-01
1.276875309612464926e-01
8.385309993787133376e-01
-2.083753901657909857e-01
2.553699577212571459e-01
-1.000000000000000000e+00
-4.015337784113320874e-01
5.135606544144630803e-01
-3.049485191777776549e-01
6.607523230305543116e-01
-2.099376947648268210e-01
-3.545942025862186542e-01
-3.774030811306894329e-01
1.210053054783907234e-01
8.743066992671533200e-02
5.447380596355217985e-01
4.126917411975266070e-01
3.363293561134359511e-01
-9.789220604601724940e-01
1.133775568264780986e-01
-4.833687801831472175e-01
6.569719116813079740e-01
5.513096237167263158e-01
6.814849502268329751e-01
3.963898340584450786e-01
1.477782050542028602e-01
2.900014254669109892e-01
-9.187067224858098680e-01
-4.755284592878397110e-01
-8.430190324855557638e-02
2.801856319751709901e-01
-1.181150122486347709e-01
-4.096597386410547603e-01
4.303355032151767734e-01
2.338274663922941254e-01
1.340550751105946681e-01
6.088882709904956947e-01
-4.642084312825248138e-01
1.774233626675791875e-01
-7.186804659470897860e-01
-2.614990577078616374e-01
3.632679473040756335e-01
9.963314762426038751e-01
4.378397236911677481e-01
9.860505315439138663e-01
-4.206942374693212194e-01
5.433046573164999060e-01
-6.184383317448101103e-01
5.385515300004262151e-01
6.928559881100713191e-01
8.763518529687979175e-01
2.618101636107610375e-01
-1.373481786056340859e-02
