-5.675153665406462711e-01
-3.933524400953040123e-01
6.144416959764593678e-01
1.000000000000000000e+00
-1.340547190067339911e-01
-1.000000000000000000e+00
-3.667309023217679709e-01
-1.000000000000000000e+00
1.000000000000000000e+00
1.000000000000000000e+00
-1.808497847235597533e-01
9.400607789047229490e-01
4.087400281419328874e-01
1.324137968439967339e-01
3.100947980793833381e-01
8.146607659893920772e-01
-5.929417025513255002e-01
9.907307701559704416e-01
3.194177596144209819e-01
-1.000000000000000000e+00
8.226306168683246156e-01
-2.957358873024341639e-01
1.375527526870935213e-01
-5.372354505782561684e-01
-1.577237887734897759e-01
9.803759794130810779e-01
8.764139434123474626e-01
4.387368672079818843e-01
1.387708801974455453e-01
9.379774210144314894e-01
4.897119651594070699e-01
-1.000000000000000000e+00
6.590546719254175567e-01
2.104596389924714983e-01
-1.000000000000000000e+00
-1.000000000000000000e+00
9.972292536482816327e-01
-8.164672497607049495e-01
1.000000000000000000e+00
-2.413572316657893457e-01
1.000000000000000000e+00
1.000000000000000000e+00
-1.000000000000000000e+00
-1.000000000000000000e+00
-7.456255134442419941e-01
-8.299225071690399247e-01
3.768495530132822680e-01
7.888879686971055349e-01
-4.054705459660093436e-02
-3.439103473455291660e-01
-6.743777547518492455e-01
7.771876038859162339e-01
-4.235813017793368385e-01
-6.449434285325055249e-01
-2.763514669854926775e-01
-3.139681302853680189e-01
5.859769257616721516e-01
-3.573549040441839075e-01
1.000000000000000000e+00
-1.335703571450785332e-01
-7.432171923083341625e-01
1.000000000000000000e+00
9.305529188484172876e-01
1.000000000000000000e+00
3.631362663618161180e-01
4.331844650098842786e-02
2.726688859880054272e-01
-9.610228447738541346e-01
6.582566350150946821e-01
-9.966243575116839892e-01
-1.000000000000000000e+00
-4.676678002368639397e-01
3.987142073220966143e-01
1.129283938640420204e-01
2.863772917624015646e-01
-9.131443272135694178e-01
-1.543816737209716683e-01
-3.497947452195224738e-01
-9.584263882408546875e-01
7.014798535370730947e-01
4.833194657952737949e-01
-1.000000000000000000e+00
1.735283068902034598e-01
3.630681687705247240e-01
6.243509031671402587e-01
4.727676501510446605e-01
-2.393028440729527695e-01
-8.534670626920181080e-01
3.086732489106847610e-01
-1.000000000000000000e+00
7.018169006788759212e-01
6.714282212515687576e-01
1.000000000000000000e+00
2.086171991621278421e-01
4.072320061417818438e-01
3.384261156264261050e-01
1.000000000000000000e+00
1.000000000000000000e+00
8.286057405536244591e-01
1.768137309117490119e-02
3.426765249630691068e-01
-3.896058899754564764e-02
1.000000000000000000e+00
5.240573530867083107e-01
5.831923503768008388e-01
9.418159639554311013e-01
-2.595166896286991987e-02
-6.000114394660460704e-01
-1.000000000000000000e+00
6.913485177167947304e-01
-1.000000000000000000e+00
-6.723000506199138249e-01
-1.973210261073192751e-01
2.004713343476219600e-01
-1.000000000000000000e+00
2.578499530224247493e-01
5.730012120718852575e-01
1.000000000000000000e+00
7.903515555324183151e-01
1.516285617291255328e-01
1.000000000000000000e+00
-3.083121704265407437e-01
2.142032312309379294e-01
-1.000000000000000000e+00
1.771152197621235769e-01
-1.000000000000000000e+00
-1.000000000000000000e+00
-8.851294025681353261e-01
7.924512839388858643e-01
9.377072571028437498e-01
3.316475021887347330e-01
1.000000000000000000e+00
-4.539866970853565498e-01
1.000000000000000000e+00
2.691449610485620036e-01
-6.125593374728872664e-01
3.393522405405035025e-01
-6.862307460954173433e-01
2.653023680296011100e-01
-7.520583937223274118e-01
-7.399411668298935263e-01
-5.393403708152776366e-01
-2.642162136909745884e-01
2.171402262342108647e-01
1.409172892114607389e-01
2.849355144650900229e-03
-1.000000000000000000e+00
-9.093564553784836413e-01
1.000000000000000000e+00
6.113213811018664012e-02
1.000000000000000000e+00
-2.540559590184253702e-01
-9.698421890498777342e-01
-1.822374495690244067e-01
-7.377264810619417190e-01
-1.000000000000000000e+00
8.582717302687666860e-01
1.162570457097449571e-02
3.191748830753768917e-01
-7.273419260500679773e-02
7.418668077466261668e-02
-5.798627826368596416e-02
5.426141471986986042e-01
1.071222065398545475e-01
-8.879941723887464500e-01
7.589732445947690032e-01
7.641267773184152734e-01
-5.125769812911475931e-01
5.507113618512539110e-01
3.314744798743161636e-01
7.876894031301482357e-01
-1.000000000000000000e+00
3.184237442164423726e-01
-2.312085272206095277e-01
-1.000000000000000000e+00
6.799817998597642577e-01
-6.964571068407406917e-01
9.430717304097362419e-01
-2.450568492093840867e-01
-4.777400596048954062e-01
3.535865176606278748e-01
-2.367624931368503827e-01
-1.000000000000000000e+00
7.292285757955547787e-01
-7.385255453680117377e-01
2.489787971788369192e-01
5.314928967711933794e-01
7.671937347992607847e-01
6.124402556463777181e-01
2.829112423817605193e-01
1.000000000000000000e+00
1.000000000000000000e+00
6.954065065654669864e-01
6.839076284113587700e-01
7.285052178790789590e-01
-1.000000000000000000e+00
-6.714795409329368248e-01
6.219696120004796214e-01
-4.843070924374101582e-01
8.915837862824143034e-01
-1.000000000000000000e+00
-3.381821580563853513e-01
4.345705749174580412e-02
1.000000000000000000e+00
-3.807000826279229866e-01
-8.306747030472857451e-01
7.719155142858552532e-01
-3.552692831945936103e-01
-8.330402138547807755e-01
-3.553189511408014756e-01
-1.012227392126469755e-01
-3.250136087212015523e-01
1.811680982663332884e-02
7.869527508847717900e-02
3.852784607724610288e-01
-3.376923705874472770e-01
-8.773871449997203698e-01
1.000000000000000000e+00
7.015803434062968247e-01
1.000000000000000000e+00
5.503169234045226510e-01
1.000000000000000000e+00
1.063728619171865342e-01
-9.613499096613405959e-01
3.625730767437035373e-01
7.789699284486801822e-01
2.156631266436945249e-02
-3.287232298901002769e-01
1.000000000000000000e+00
9.481806010630891013e-01
-1.686194981529971770e-01
5.280991565699379997e-01
2.055862183387312525e-01
2.130076392605542712e-01
-5.710105183281445340e-01
5.016042884393488999e-01
1.000000000000000000e+00
3.158905896370718946e-01
1.000000000000000000e+00
4.912117868737512216e-01
7.471622901021044427e-01
-1.000000000000000000e+00
8.817141053977761711e-01
-3.137236616176085069e-01
4.744760223839417645e-01
-5.798441016110937873e-01
-3.990279572914461337e-01
1.000000000000000000e+00
-2.537500745098826282e-01
7.366904958620904553e-01
-1.283921972071669360e-01
1.000000000000000000e+00
-5.545916008704857569e-01
1.000000000000000000e+00
-1.082978710823578883e-02
-8.368689950785062059e-01
-1.958451706950471438e-01
-9.983525372338182269e-01
-1.331805991011575374e-01
-3.133617970308651968e-01
-2.086146852583169453e-01
6.178570327718895250e-01
8.173742483399076830e-02
-4.188732473288752090e-01
6.578414312288194399e-01
