-78.400000
3.000000
-1.000000
-1.000000
56.000000
-1.000000
64.600000
-1.000000
91.000000
-1.000000
0.055397
-1.000000
0.016008
0.937858
0.544482
1.000000
0.800992
-0.224067
0.454871
-1.000000
-0.094385
0.204522
-0.313552
0.021825
-0.358329
0.946988
-0.256588
-0.151392
0.776002
-0.742119
-1.000000
-0.755536
-1.000000
-0.801287
-1.000000
-0.821666
-0.530797
-0.233033
-1.000000
-0.305992
0.777896
0.798736
-0.624757
0.179466
0.196335
-0.841752
0.483981
-1.000000
-1.000000
0.601956
-0.410747
-0.873288
-1.000000
1.000000
0.389998
-0.322642
1.000000
-1.000000
-0.077603
0.354595
-0.348390
-0.569488
0.410451
-0.670385
-0.421601
-0.656982
0.041543
-0.424276
-1.000000
0.908410
1.000000
0.149554
1.000000
0.520457
-0.508788
0.526665
1.000000
0.392617
1.000000
-0.599949
0.856789
-0.771507
-0.260579
0.381000
1.000000
-0.049679
-0.446233
0.617641
-0.145920
-0.020229
0.342317
0.037197
1.000000
0.157140
1.000000
0.257927
0.043215
-0.011227
0.929563
0.736371
0.205052
-0.040000
0.115154
0.124171
-0.595377
-0.239011
0.959032
0.623682
-0.831846
0.286968
0.445776
-0.032300
0.604425
-0.180634
-0.433084
0.046411
0.896756
0.800991
0.382730
-1.000000
-0.240269
-1.000000
1.000000
1.000000
-0.774458
-0.542055
0.115379
-1.000000
0.478114
-1.000000
0.445411
-0.457888
0.168889
0.186558
0.874731
0.654156
-0.430914
0.558496
0.373577
0.141382
-0.012823
-0.322458
0.265206
-1.000000
1.000000
0.123474
1.000000
-0.775286
-0.843423
1.000000
0.562761
-1.000000
0.728962
0.706218
0.393958
0.713985
-0.325340
-0.723417
-0.253790
-0.803753
0.416347
0.454501
-0.023066
-1.000000
0.828778
1.000000
-0.201829
-0.955282
1.000000
0.729491
1.000000
0.705316
1.000000
-0.961965
1.000000
0.069167
0.880130
1.000000
0.890694
-1.000000
-0.493040
-0.131827
-0.562808
-1.000000
0.441952
-0.130982
1.000000
0.083254
-0.837777
0.599897
-0.595047
-0.849175
0.111704
0.369450
-0.852339
0.788342
1.000000
0.904416
-0.525218
0.044741
0.556470
0.708956
1.000000
-0.249558
-0.541051
-0.617182
-0.539654
-0.818977
-0.052701
1.000000
0.866146
0.015458
1.000000
-0.631539
-0.903759
0.046965
1.000000
1.000000
0.069828
-0.754709
-0.232387
-0.732686
0.934262
0.157822
-0.184999
-0.464869
-0.327039
0.791708
1.000000
-0.637904
0.822883
-1.000000
-1.000000
-0.640686
-0.468743
0.547771
-0.268299
0.639052
0.614932
0.392247
0.651876
-0.826834
-0.048064
-1.000000
-0.839665
-0.428118
0.693660
-0.156953
-0.267497
-0.318819
-1.000000
1.000000
-0.263239
1.000000
0.403795
0.103258
-1.000000
0.866909
0.743189
0.425381
-0.358951
-0.165611
0.084475
0.212215
0.272371
-0.922721
-0.501009
0.006975
-1.000000
0.096281
-1.000000
-0.313402
1.000000
-1.000000
1.000000
