-214.200000
3.000000
-1.000000
-1.000000
0.000000
-1.000000
82.000000
-1.000000
-1.000000
23.800000
-0.956176
-0.186923
0.944093
-0.644788
0.504330
0.587511
0.951827
0.218260
0.623215
-0.268700
0.425429
0.122488
-0.357375
0.542519
-0.727654
0.784602
0.714366
-0.443988
0.368323
-0.900246
-0.279841
0.118118
-0.330456
-0.355910
0.348826
-0.011109
-0.599555
-0.241318
-0.847388
-0.280236
1.000000
-0.314096
-0.323438
0.119109
0.682886
0.326381
-0.179081
-0.552521
-0.143688
-0.856860
0.380248
0.498417
0.939721
0.897406
-0.010398
-0.827081
-0.967750
0.802339
1.000000
1.000000
-0.401958
-0.946751
0.632570
-0.644609
0.860241
0.530116
-0.400618
-0.929553
-0.372089
-0.108267
0.277717
0.940821
0.062491
0.523684
-0.163614
-0.566788
-0.468209
-1.000000
-0.881490
0.033662
0.916494
0.525031
-0.950324
0.978643
-0.381375
-0.060247
-0.566623
-0.024914
0.264180
0.900003
0.646280
-1.000000
0.021992
-0.226987
0.778742
-0.613640
0.371576
0.265366
-0.491912
-0.966915
0.900996
-0.154710
-0.725663
0.829499
-0.054822
-0.463014
0.797552
-0.011265
0.669653
0.832411
0.788355
-0.059581
0.490471
0.462153
0.576676
-0.555546
0.691647
-0.890793
-0.127003
0.017811
-0.629937
-0.284355
-0.782543
-0.317641
0.782354
-0.629602
-0.736698
-0.896435
-0.544544
0.609093
-0.472019
0.462040
0.918948
-0.247438
0.116941
-0.392563
-0.526865
-0.632389
0.278665
-0.215188
0.492284
-0.076358
0.493200
0.051064
0.158641
-0.443495
0.434202
0.212252
-0.760502
0.820957
0.582849
-1.000000
0.669591
0.934461
-0.948853
-0.937339
-0.840039
0.442241
0.389075
0.759129
-0.153556
-0.617525
0.596818
0.103221
0.181536
0.083544
0.261320
-0.390924
-0.333872
-0.274699
-0.505802
1.000000
0.061802
0.471287
0.835941
0.069431
0.166693
0.874828
-0.735927
0.104982
-0.394493
-0.478652
0.255261
0.312397
0.187322
0.575367
-0.326812
-0.302911
0.878268
0.531041
-0.491553
-0.496975
-1.000000
0.108817
0.667332
0.007628
1.000000
0.293386
-0.424357
0.536883
-0.816885
-0.088651
-0.666014
0.876799
-0.526508
-0.186883
-0.963268
-0.305068
-0.026313
-0.274831
0.701566
0.142604
0.986983
-0.714280
0.681536
-0.569004
0.576001
-0.186353
-0.901763
0.866665
0.563461
0.576556
-0.432214
0.660986
-0.328445
0.993632
0.838961
-0.004412
0.015132
0.090161
0.521663
0.636457
0.852798
-0.968522
0.836234
-0.657025
-0.773358
0.574456
0.961204
-0.270455
-0.825711
-0.077946
-0.996498
0.423431
0.123177
-0.900579
0.019942
0.446693
-0.708975
-0.368465
0.598081
-0.770287
0.420881
0.805508
0.387871
0.610168
-0.372199
0.781288
0.904097
0.842004
-0.645382
0.458430
-0.142549
-0.427573
-0.254639
-0.744391
-0.158636
-0.156685
0.503307
-0.874100
-0.216489
-0.551326
0.657063
0.570372
-0.450647
