-234.800000
2.000000
-1.000000
-1.000000
-1.000000
16.000000
59.200000
-1.000000
-1.000000
-1.000000
-0.201709
0.676586
0.552565
0.920420
-0.501917
0.384182
-0.170894
0.606437
-0.143032
0.458677
0.906393
-0.084354
1.000000
0.075301
0.667170
-0.748528
-0.256159
0.870747
-0.470888
-0.813504
0.110374
0.066117
0.523093
0.507095
0.776458
-0.043594
-0.222463
-0.709926
-0.527560
0.488452
0.296528
-0.241433
0.306376
0.744235
-0.705401
-0.211303
-0.092807
0.165224
0.761091
-0.996792
-0.945693
-0.154746
0.520879
-0.211019
-0.312488
-0.741447
-0.094405
0.408560
0.353907
-0.025210
-0.908360
-0.950763
-0.042335
-0.228140
0.791507
-0.316251
0.098553
0.269324
0.154723
-0.578636
0.126481
0.458058
1.000000
-0.783040
0.317666
-0.754716
-0.597712
-0.542052
-0.510579
0.054477
0.068285
-0.016013
-0.594224
-0.621222
0.081967
-0.912165
-0.656200
-0.812583
-0.067626
0.475573
0.507890
1.000000
-0.915166
-0.407523
0.780926
0.231321
-0.299691
-0.866976
-0.194449
0.386797
-0.313892
0.017970
-0.069652
0.177451
-0.409238
0.337836
0.863940
-0.004910
-0.490993
-0.295290
0.901789
-0.623970
-0.790557
0.025782
0.587371
0.254454
-0.719104
-0.841036
0.362479
-0.909254
-0.382740
-0.639735
0.494708
-0.864061
-0.107365
0.110023
-0.965210
-0.368118
-0.766070
0.415575
0.588852
-0.992002
0.481809
0.864957
0.650270
0.688172
-0.040887
0.889774
-0.651428
-0.549199
-0.162773
-0.808381
-0.224012
-0.634193
-0.756431
-0.857200
0.425754
-0.232344
0.000349
-0.273812
0.262773
-0.158087
-0.153988
-0.202157
0.994452
-0.473052
0.371177
-0.458381
0.411206
0.906589
-0.763783
-0.958028
0.664230
-0.113219
-0.195606
0.847582
-0.985161
-0.035305
0.420836
0.668218
-0.573534
-0.960688
0.294718
-0.200935
-0.648514
0.361006
-0.643419
-0.986632
0.342436
-0.883083
0.598231
-0.552597
-0.374523
0.467952
0.237618
-0.494672
-0.317376
0.399724
-0.057890
-0.361935
-0.154200
-0.948018
-0.409010
0.605549
0.225815
-0.965217
-0.358124
-0.933784
0.673961
0.751211
0.555009
0.198816
0.666450
0.772141
0.656352
-0.064922
-0.116730
-0.807711
0.373215
0.695991
-0.737061
-0.194623
0.316115
-0.395390
-0.482090
-0.462451
0.688922
1.000000
-0.601110
0.089361
-0.899915
-0.187296
0.719828
-0.217219
-0.654760
0.020417
-0.033967
0.712093
0.552394
0.349223
0.054915
-0.315982
0.099309
0.290646
-0.932117
-0.771715
0.157353
0.102684
0.174057
-0.202145
-0.417372
-0.346226
0.215320
-0.595894
0.191717
0.990319
0.132050
-0.979851
0.439031
0.407783
-0.827574
-0.589232
0.505624
0.478117
-0.364583
-0.108888
-0.372891
0.574834
-0.838447
-0.427908
0.275663
0.546398
-0.018419
1.000000
0.165241
-0.198887
-0.541846
0.422562
-0.286472
0.901456
0.300165
-0.552461
-0.348622
0.321443
-0.271542
