-109.600000
4.000000
-1.000000
64.000000
0.000000
-1.000000
53.200000
-1.000000
23.200000
-1.000000
0.724904
0.371741
-0.204291
-0.883988
0.884941
-0.102217
0.094202
-0.039822
0.263486
-0.473279
-0.119933
-0.544272
-0.308493
-0.664721
0.446700
0.241729
0.505061
-0.997907
0.029832
0.450586
0.796128
-0.766862
-0.076644
0.628768
-0.721370
0.270494
1.000000
0.542927
-0.280042
0.863401
-0.467066
0.728368
0.792859
-0.925846
-0.839130
0.112002
-0.882053
-0.034636
-0.870525
-0.392590
-0.594149
0.055594
0.588300
-0.245638
-0.648094
-0.419768
-0.475487
-0.797369
0.749020
0.188368
-0.977153
-0.377342
0.501397
0.541417
0.277226
-0.206211
-0.759059
-0.326453
-0.866628
0.421862
0.005087
-0.810016
0.990627
-0.527805
-0.750186
-0.521104
0.937499
0.756072
-0.782489
-0.142393
-0.050710
-0.318128
0.571190
-0.884626
0.821159
0.414449
-0.231782
0.729424
0.185672
-0.658496
-0.564420
0.490072
-0.090682
0.358511
-0.280830
0.347081
0.520256
0.245985
0.940186
0.067622
0.066390
-0.019357
0.758164
-0.878870
-0.477274
-0.410230
0.733275
0.842277
0.832499
-0.348673
0.602333
0.352182
0.563077
0.247938
0.793218
0.437276
0.068382
-0.444321
0.442193
0.971754
0.912182
-0.978382
-0.603552
0.516282
-0.330076
-0.082020
0.389293
-0.473635
0.022367
0.984201
-0.047002
0.470281
0.091208
-0.800120
-0.893784
-0.286914
0.923518
0.431767
0.547269
-0.434042
-0.434605
0.365099
0.777361
0.399183
-0.222900
-0.156241
0.787975
-0.755662
0.389474
-0.801881
-0.328946
0.767552
-0.227298
-0.327699
-0.422844
0.914424
-0.500381
0.258824
0.068822
1.000000
0.063217
-0.235652
-0.926159
0.423391
0.534133
0.569935
0.081294
-0.068586
-0.641086
0.403404
-0.393171
0.997787
-0.537700
-0.515516
0.058322
0.764406
-0.992915
0.233435
-0.945690
0.412821
-0.923757
-0.659433
0.237190
-0.022935
0.301476
0.667526
-0.663539
-0.077387
-0.671767
-0.820061
0.469573
0.110030
0.822881
-0.608806
0.936745
0.398184
0.630869
-0.306716
0.742746
-0.562280
-0.957220
0.484992
0.306111
-0.897801
0.839287
-0.460884
0.351946
0.254039
-0.503290
-0.646242
-0.074971
-0.071131
-0.520956
-0.321271
-0.230606
-0.017832
0.557644
-0.861953
-0.581698
0.150910
-0.979124
0.448145
0.485264
0.894243
0.735866
0.939678
-0.876760
0.969382
-0.073224
0.871727
-0.661750
0.610324
-0.106479
0.048342
-0.162427
-0.766296
-0.046130
0.149808
0.855747
0.514184
0.079992
-0.875222
0.275417
-0.389829
-0.529258
0.485761
-0.980614
0.143689
-0.556048
-0.288929
0.703010
0.365145
-0.439413
-0.793650
-0.777098
0.381892
-0.251521
0.910659
0.327826
-0.787551
0.013241
-0.836761
-0.873830
0.317065
0.428550
0.240932
0.248203
-0.956750
0.961936
0.168353
-0.576017
-0.217620
0.818791
-0.364628
0.736145
