-0.634949
0.437308
-0.903467
0.371217
1.000000
0.078360
0.748590
0.206169
-0.726791
0.806714
0.344702
0.202457
-0.603351
0.002049
-0.606176
-1.000000
-0.521143
0.482112
0.565374
0.538355
0.166615
0.790249
-0.746285
-0.524375
-0.612617
0.711829
-0.179580
-0.917352
0.581873
-0.282124
0.385039
0.953414
0.442399
0.083168
0.862968
0.999899
0.241126
-0.521248
0.838328
0.411286
-0.615699
-0.301331
0.906231
-0.294764
-0.739213
0.327358
0.274571
0.479658
0.376963
-0.160659
0.182352
-0.758157
0.666087
0.254783
-0.641625
0.155611
0.442156
-0.153373
0.796527
-0.715488
0.885148
-0.008785
0.057076
-0.126697
0.062463
-0.614052
0.539700
-0.427579
0.624379
-0.764985
-0.819753
0.833428
-0.223152
0.224002
0.584762
0.628798
0.394140
0.003216
-0.986318
-0.144086
-0.377274
0.585112
0.293750
-0.050612
0.855562
0.537399
0.370444
-0.170396
0.272249
0.635175
0.671507
-0.076543
-0.038866
-0.134290
0.542140
0.712323
1.000000
-0.258401
-0.236765
0.876732
-0.550803
0.152399
-0.388057
-0.249879
0.964542
-0.111666
-0.724228
0.768874
-0.188987
-0.970968
-0.370433
0.478224
-0.041013
0.985916
0.452044
0.483001
0.876552
0.325355
0.436659
-0.973534
0.261714
0.859506
0.861650
-0.310496
0.363744
-0.132622
1.000000
-0.752912
0.328999
-0.180710
0.252962
0.015443
-0.722054
-0.311154
-0.522348
0.595858
0.925712
-0.207976
0.825018
0.918664
0.747527
0.181036
-0.375964
0.800022
0.791444
0.648295
-0.826888
0.063096
-0.863133
0.652026
-0.374086
0.451709
0.487053
0.390626
-0.577430
0.771597
0.306998
0.965579
-0.356918
-0.276978
0.800574
0.138484
0.753980
0.885378
-0.683454
-0.660641
-0.348854
0.758185
-0.098452
0.196569
-0.050820
-0.147577
0.662761
-0.702258
0.620934
0.008987
-0.312704
0.477948
-0.970998
0.643167
0.885766
0.441176
0.979142
0.068478
0.467092
-0.883968
0.052496
0.057452
0.000428
-0.671519
1.000000
-0.801439
0.354902
-0.419880
0.127999
0.992926
0.267981
-0.908857
0.488056
0.403337
0.059847
0.002562
0.773215
0.278578
-0.334528
0.489067
0.668801
-0.471690
-0.100618
-0.383864
-0.405687
0.204413
0.717187
-0.546210
0.783102
-0.602613
-0.569202
0.794836
-0.778366
0.733078
-0.699899
-0.313805
-0.061426
0.126730
-0.331352
0.366012
0.331782
-0.822547
0.644659
0.145801
-0.242529
0.135507
0.176747
0.247077
-0.100095
0.116239
-0.615604
-0.061387
-0.596770
-0.594766
0.916165
0.226695
0.880552
0.580968
0.749722
-0.405789
0.359776
0.892593
0.353282
-0.151718
0.158508
0.296141
0.135466
0.428023
-0.950838
-0.737762
-0.437167
-0.795769
0.222030
-0.932396
-0.203658
0.224597
-1.000000
0.413918
-0.112299
