-0.942322
-0.430778
0.145680
-0.192538
1.000000
-0.171478
-0.089671
1.000000
-0.622673
-0.880512
0.957036
-0.308987
1.000000
-0.136608
-0.439122
-0.046765
0.588820
1.000000
-1.000000
0.276699
-1.000000
-1.000000
0.180314
0.623364
-0.055698
-0.915839
0.460560
-0.690369
-1.000000
0.963601
0.119137
-0.940845
1.000000
0.351477
0.628744
0.655588
0.424348
-0.113531
1.000000
-0.934558
-0.713522
-0.954414
-0.170492
-0.477599
-0.850385
-0.140063
-1.000000
0.431355
0.425934
-0.258041
-0.461172
-0.143116
-0.977436
0.405964
-1.000000
-0.996922
-0.819537
0.146211
0.321644
-0.606536
-1.000000
0.126156
1.000000
-0.960289
-0.138432
0.913027
-0.748210
-0.347059
1.000000
0.351895
-0.511849
-0.721325
0.085368
0.003709
1.000000
0.305998
-0.916180
-0.365120
-0.722843
0.536435
-1.000000
0.360306
-0.031354
0.240019
0.661462
1.000000
0.059316
-0.937735
0.029752
0.698610
1.000000
0.501186
-0.900114
-1.000000
-0.049099
1.000000
-0.261613
-0.229869
0.452211
-1.000000
0.129134
0.534840
-0.208797
-0.235127
-0.343179
-0.158198
0.383296
-0.286405
0.785099
-0.124985
0.660466
1.000000
0.439924
0.261855
-0.942884
0.801871
-1.000000
0.243563
-0.545204
-0.275108
-1.000000
0.475006
0.219659
-0.433173
-0.034203
-0.507620
-0.119925
-1.000000
-0.112596
-0.731624
0.098528
0.833524
0.034595
0.917026
-0.990069
-0.866553
1.000000
0.106115
0.818757
0.020960
-0.282170
-1.000000
-0.282477
-0.162251
0.301479
1.000000
0.954438
-0.548834
-0.400900
0.881196
-0.421370
-0.074606
-0.992729
0.229340
-0.621872
0.486502
-0.103999
0.032389
-1.000000
0.182965
-0.815064
-0.653625
-0.153656
-0.648528
0.030621
0.289153
0.455532
0.851589
-0.466057
0.840820
-0.059249
0.146952
-0.027244
0.939448
0.454969
0.343211
-0.263801
0.064671
0.509419
-0.929878
1.000000
-1.000000
0.821287
0.105853
-1.000000
1.000000
0.476711
1.000000
1.000000
0.386250
1.000000
1.000000
0.500258
0.062219
0.262333
0.008525
0.000365
-0.073499
-0.382359
0.944757
0.644495
0.772460
-0.195746
0.611936
1.000000
-0.512652
0.022242
1.000000
-0.388086
-0.383535
-1.000000
0.515881
0.025352
-0.261304
0.042125
1.000000
0.724486
-0.192017
-0.131840
-0.264193
-0.121373
-0.888107
0.796819
-0.850106
0.207921
-0.008203
-0.677110
1.000000
1.000000
0.168197
0.379387
-1.000000
-0.249490
0.574784
0.978772
0.825401
-1.000000
0.507732
-0.843809
0.434541
-0.758155
0.742546
0.354971
1.000000
-0.306726
-1.000000
-0.303675
0.692227
-0.439867
0.744094
0.545922
-1.000000
-1.000000
-0.338394
0.625111
0.033646
1.000000
0.891582
0.030182
1.000000
-0.422939
0.830656
-0.280325
0.583987
1.000000
