-0.195032
-0.876391
-0.930854
1.000000
0.402284
-0.979604
0.428226
0.544496
-0.859625
0.195496
-0.661756
-0.708550
-0.322234
-0.427222
-0.977436
-0.642586
-0.353401
0.404423
-0.967007
-0.175939
0.799207
0.252923
-0.288554
-0.645183
-0.710976
-0.428071
0.671831
0.504666
-0.128100
0.670302
-0.923696
-0.920963
0.281876
-0.159969
0.868567
-0.671654
0.450571
0.847302
0.666929
0.998521
-0.954948
-0.511767
-0.246821
0.451597
-0.916274
0.284423
0.500081
-0.091544
0.851290
-0.853707
-0.371011
-0.709487
-0.271084
0.117503
-0.196787
-0.250595
-0.678831
0.068827
-0.600139
0.016862
0.975176
-0.534949
-0.953308
0.829847
0.789646
0.016604
-0.536301
-0.439608
0.505182
0.021741
0.076364
0.838685
-0.071985
0.172933
0.633176
-0.078500
0.556749
-0.283571
0.612640
0.273751
-0.432809
1.000000
-0.150040
-0.477798
1.000000
0.400991
0.517902
-0.171933
-0.089138
0.545820
-0.599540
-0.873520
0.729089
0.448014
0.721187
-0.266685
-0.123802
-0.471674
0.049689
0.861504
-0.321567
0.278609
-0.271224
0.121410
1.000000
-0.435933
0.624278
0.043557
0.469857
-0.977205
0.099670
-0.314026
0.228266
1.000000
-0.681048
-0.434230
-0.205139
-0.918300
0.485784
0.680958
0.710197
-0.770370
-0.764903
-0.523756
-0.412126
0.610928
-0.371808
0.659009
-0.610347
-0.002303
-0.308678
-0.150929
-0.639927
0.486893
1.000000
0.334186
-0.207650
0.804139
0.039462
-0.564909
-0.787135
0.583610
-0.621074
0.599422
0.659791
0.149488
-0.468383
0.999385
-0.693740
0.721891
0.537995
0.399410
0.471424
-0.493706
0.619402
-0.186099
0.282749
-0.054815
-0.098073
-0.546780
0.891434
0.551022
-0.204444
1.000000
0.757927
-0.843091
-0.174166
-0.110339
-0.200236
0.359256
-0.531956
-0.686650
-0.900657
-0.716408
0.991232
-0.007225
-0.831984
-0.340979
0.706959
0.546268
-0.367383
-0.050053
-0.640637
0.273384
0.348071
-0.708183
0.065347
0.890104
0.397101
0.209433
0.303900
0.877097
-0.479723
0.100338
0.091277
-0.832392
-0.462636
0.164474
0.706599
-0.690781
-0.914400
0.767293
0.176813
-0.575134
-0.627876
-0.688471
-0.827481
0.355422
-0.547951
0.910458
-0.142476
0.215607
0.630529
-0.325998
-0.468875
-0.733721
-0.033900
0.351250
-0.864497
-0.132026
-0.424399
0.030076
0.703221
0.623922
0.232328
0.046346
-1.000000
-0.593943
-0.611621
0.433000
0.640357
-0.747692
-0.552766
0.686559
-0.594099
-0.622764
-0.989029
-0.168263
0.392264
-0.454823
0.174453
-0.633139
0.915286
-0.351654
0.509034
-0.327099
0.754382
0.397286
0.152252
0.383345
0.391481
-0.351969
0.138224
0.272863
0.181030
-0.188613
0.577665
-0.425367
0.786208
0.737507
-0.514456
0.464176
0.023224
0.552594
0.589368
