-5.400000
5.000000
-1.000000
26.000000
-1.000000
-1.000000
41.800000
28.600000
13.000000
65.200000
-0.710245
-0.574369
0.080564
-0.997563
-0.492357
-1.000000
-0.153037
-0.359351
-0.506691
-0.564799
0.379550
-0.356930
0.500896
0.343338
-0.659960
0.571061
0.946940
0.544497
0.121018
0.665705
-0.010550
0.010474
0.839992
0.540946
-0.145208
-0.394971
0.276518
0.882040
-0.152265
0.070160
-0.092995
0.018220
1.000000
0.346944
0.901294
-0.035516
0.819684
0.246126
-0.747954
-0.718875
0.121450
-0.968950
-0.205523
0.907848
0.531539
-0.165455
-0.623550
0.756530
-0.114109
-0.827265
0.424388
0.558428
-0.525270
-0.029769
-0.091429
0.912043
-0.914332
0.249073
-0.992595
0.375933
0.276442
0.810890
-0.702825
1.000000
-0.956761
0.091807
0.192559
0.459215
-1.000000
-0.860029
-0.524555
0.150301
-0.281782
0.099362
0.867559
-0.607551
-0.377609
-0.653350
-0.804860
0.188991
-0.965542
-0.684370
0.422188
-0.394267
0.448138
0.104113
-0.344278
-0.586896
0.095905
-0.749150
0.735134
-0.511952
0.534356
0.547444
-0.696052
-0.931336
-0.904610
0.721286
0.256950
0.361022
0.623185
-0.047523
0.100370
-0.067650
-0.535596
-0.108355
0.704848
0.069701
-0.350327
-0.027484
-0.805204
-0.986089
-0.404281
0.179728
0.169550
0.784495
-0.954135
-0.452305
-0.871933
0.639785
-0.860623
0.280333
-1.000000
-0.827976
-0.161725
-0.112187
-0.882814
-0.065096
0.123822
-0.396850
0.983531
0.072868
0.533532
-0.967917
0.902515
0.787540
-1.000000
-0.086769
-0.379518
0.938814
-0.761178
0.974799
-0.745156
-0.380703
-0.849719
-1.000000
0.095799
0.437554
-0.113314
0.135948
-0.526712
-0.568626
0.224460
0.731087
-0.258058
-0.995506
0.031586
0.759376
-0.040323
0.888158
-0.561517
0.541449
-0.026450
0.147602
-0.229823
0.750195
-0.826381
-0.557169
0.291301
-0.165560
0.682090
-0.120021
-0.275619
0.036786
0.341457
0.237181
-0.487568
-1.000000
-0.538759
-0.642562
0.235061
0.334905
-0.482623
0.400703
-0.359059
-0.257960
-0.974272
0.288986
-0.121180
-0.335155
-0.095276
0.577076
-0.427581
0.005305
0.522970
-0.310682
-0.074472
-0.155395
-0.920039
-1.000000
0.506496
-0.653530
0.427087
0.455090
0.447896
-0.995858
0.149929
0.623822
0.082022
-0.197972
0.287379
0.806354
-0.418588
0.199544
-0.479882
-0.272487
-0.064248
0.788131
0.066853
0.417996
0.573519
-0.447462
-0.933394
-0.892136
-0.093996
0.278647
-0.563214
0.807506
-0.150230
0.798545
-0.995396
0.458388
0.185923
0.580985
0.919763
-0.027411
0.110446
0.581217
0.045102
-0.074800
0.559919
0.487062
-0.804462
-0.253568
0.931681
0.183815
0.984286
0.349048
-0.134055
0.881530
-0.741066
0.227538
0.937361
0.681000
-0.153011
0.377637
0.355164
-0.509562
-0.737148
-0.770958
0.689619
-0.843711
-0.371795
-0.111993
-0.539532
