-23.600000
3.000000
-1.000000
48.000000
-1.000000
-1.000000
59.800000
-1.000000
-1.000000
28.600000
-0.379369
-1.000000
0.226762
0.470942
0.106762
0.042528
0.378576
-0.159994
0.122998
-0.163382
-0.659634
0.007375
0.608964
-0.450576
0.268758
-0.549037
0.452713
0.864738
0.895858
-0.339588
-0.228286
-0.241509
1.000000
0.238917
-0.582829
0.751273
0.105388
-0.716158
-0.705393
0.128880
-0.267129
0.547793
0.006707
-0.147719
-1.000000
0.033431
0.607401
-0.147207
0.997043
-0.004481
-0.428540
-0.204792
-0.210917
-0.721822
0.240153
-0.590347
0.926103
0.108464
-0.701416
0.657341
-0.853815
0.667259
-0.797802
0.996969
0.578585
-0.632224
-0.126265
-0.592774
0.821803
-0.277039
0.907159
0.316917
0.433838
0.748143
-0.817919
1.000000
-0.289243
-0.251779
-0.472579
-0.676451
0.433362
0.498672
-0.584811
-0.994703
-0.392222
-0.903818
-0.410551
-0.133774
-0.764738
-0.310552
1.000000
0.385212
0.383718
-0.332475
-0.176314
-0.078970
0.074577
0.719791
0.560892
0.782952
-0.241526
-0.397196
-0.722721
0.314596
-0.185417
-0.742199
0.675468
0.475509
-0.367450
-0.869649
-0.897418
-0.390238
0.863257
0.359824
-0.750382
1.000000
0.414129
0.017718
0.343202
-0.942057
-0.096499
0.586217
-0.756753
0.295667
0.440978
-0.311006
-0.026422
-0.844049
0.156915
1.000000
0.908791
1.000000
0.057561
-0.664606
0.705119
0.167480
0.629397
-0.198321
-0.340186
-0.541860
0.829041
-0.138149
-0.205772
-0.331297
0.120882
0.048423
-0.701679
-0.089589
0.461005
0.600108
0.212199
0.638129
-0.594111
0.022921
-0.449063
0.383049
-0.105609
0.053267
1.000000
0.564905
0.221134
0.078467
-0.301830
0.751801
-0.642735
-0.500835
-0.099601
0.773165
0.095987
0.769656
0.518040
-0.036918
-0.767927
-1.000000
-0.811720
0.028724
-0.252819
0.087787
0.017374
-0.166843
-0.588369
0.951896
0.119350
-1.000000
-0.997384
-0.139527
-0.435325
-0.401949
-0.708524
-0.981082
0.294984
0.855859
0.063193
0.114728
-0.452826
-0.204441
0.897145
-0.664277
0.349343
-0.415423
-0.606041
-0.863309
0.425759
0.990693
-0.905293
-0.552542
-0.862230
0.600602
0.977458
0.150200
-0.685461
0.478953
0.713817
0.262768
0.952567
-0.139727
0.610670
-0.339638
-0.641445
-0.970022
-0.402401
-0.661082
0.898742
0.711992
0.476995
-0.577241
0.740748
-0.416262
0.612268
0.242507
0.020568
0.999224
0.255434
0.291575
0.137734
-1.000000
0.868344
-0.087191
-0.838748
0.249656
-0.070885
-0.409508
0.543295
0.650889
0.395554
-0.928882
0.256562
0.694765
0.707904
0.894036
-0.683085
-0.629881
0.155710
0.763683
0.541347
-0.439861
0.005781
0.135075
-0.929937
0.662623
0.368289
-0.071534
0.038579
-0.137925
0.221630
-0.666369
-0.609257
-0.050533
-0.021121
-0.699527
-0.787783
-0.850983
-0.100081
-0.255319
0.054565
