-330.000000
0.000000
-1.000000
-1.000000
-1.000000
-1.000000
-1.000000
-1.000000
-1.000000
-1.000000
0.214915
0.212965
-0.351856
-0.479446
-0.022701
-0.250776
-0.144244
0.033383
0.490937
-1.000000
0.120656
0.392701
-0.861685
0.115819
0.414479
0.710842
-0.244508
0.649864
0.028559
0.002607
-0.917938
0.421674
0.808019
-0.750072
-0.767246
0.300461
0.747113
-0.470708
-0.539139
0.681158
-0.432228
-0.102169
1.000000
0.563675
1.000000
-0.381803
-0.234266
-0.879421
-0.027808
-0.217628
-0.967057
0.387547
-0.799784
-0.600868
0.850009
-0.127958
0.785479
-0.233156
0.008595
-0.899649
-0.880891
0.502628
0.310977
0.816479
-0.466056
-0.278186
0.129131
-0.075557
0.985061
0.343244
-0.340807
1.000000
-0.258758
-1.000000
-0.946924
-0.983310
0.934050
0.135984
0.463520
0.446865
0.358530
0.070549
-0.319535
-0.309611
0.459870
0.800947
0.000466
0.237259
-0.055452
0.337775
0.038001
-0.171039
0.498733
0.212054
-0.997854
-0.575028
0.568504
-1.000000
-0.261621
-0.213335
0.773485
0.801466
0.174876
-0.810110
-0.880219
-0.918336
0.772756
0.904136
0.023097
-0.977165
0.462824
-1.000000
0.225569
0.207075
0.795400
-0.127017
0.487052
-0.636962
0.414384
-0.864938
0.744390
0.429696
0.990532
0.323301
-0.571004
0.128264
0.467652
0.651586
-0.299101
0.779557
0.268149
0.074671
0.661807
-0.464317
0.976127
-0.539779
0.920760
-0.350723
-0.064754
0.782350
-0.484559
-0.332939
-0.388549
-0.490931
1.000000
0.569500
-0.203887
-0.648907
-0.235826
0.258342
0.618157
-0.602820
-0.616301
-0.900245
0.088374
-0.637424
0.048214
-0.241969
-0.854829
0.372255
-0.722898
0.024943
-0.701642
-0.214620
-0.011487
-0.708292
-1.000000
0.943749
0.250184
-0.261811
-0.465748
-0.334268
-0.787535
-0.959939
0.322897
0.077443
0.390456
0.224195
-0.094102
-0.954218
0.054651
-0.070123
-0.096493
0.442551
-0.933374
0.425621
0.016535
0.786353
-0.008449
-0.576772
0.027081
-0.449444
1.000000
-0.958172
-0.999977
-0.885179
-0.413881
0.829370
0.920310
0.744693
0.806489
-0.664840
0.208304
-0.571629
0.498359
-0.973252
-0.408523
0.258643
0.314680
0.635565
0.050217
-0.550531
-0.336846
-0.353672
0.281005
0.373098
0.063105
-0.367187
0.789128
0.208411
0.274249
0.076410
0.928811
0.961097
0.906751
0.474916
-0.392819
-0.440557
0.931300
0.340197
-0.993327
0.091736
0.120717
-0.151768
-0.049854
0.268166
-1.000000
-0.164287
0.640359
0.434609
-0.634263
0.759025
-0.133381
-0.049487
0.916486
-0.094718
0.793824
-0.371087
-0.019790
-0.958369
0.748286
-0.463520
0.763377
0.846785
-0.856566
-0.937936
0.452644
0.596591
-0.091464
-0.832817
0.062817
0.339892
0.534451
0.549304
-0.977513
0.468047
-0.087501
0.551385
0.522785
0.884685
0.504336
-0.683958
0.575708
0.947486
0.115749
