-144.400000
3.000000
-1.000000
-1.000000
10.000000
-1.000000
79.000000
-1.000000
-1.000000
16.600000
-0.394838
0.706566
0.480105
0.544037
0.142547
-0.429693
0.578126
0.368192
-0.213324
-0.251392
-0.107466
-0.546732
-0.642493
-0.438930
-0.129041
-0.700771
0.832379
0.584185
-0.209162
-0.643137
-0.439307
-0.421079
0.037890
-0.306937
0.405240
0.680969
-0.354997
0.098319
0.185393
-0.356778
0.584590
-0.134197
0.006853
0.800214
0.413654
-0.598604
0.888852
0.432814
0.368956
0.127400
0.705036
0.861735
-0.552901
0.451344
0.110798
0.766041
-0.012448
-0.350297
-0.013505
0.451361
-0.235299
-0.733173
-0.985986
-0.566169
-0.477421
0.830964
0.400706
0.580164
0.087050
-0.208688
0.457924
-0.078090
-0.529573
-0.710083
0.709864
0.077074
0.437128
0.173576
-0.804607
0.270758
0.747858
-0.936370
-0.330906
-0.149007
0.960738
-0.383730
0.984076
-0.534803
0.720235
0.421728
0.235935
-0.603590
-0.436986
0.978066
-0.440419
-0.402454
0.688518
-0.913752
-0.065708
0.847938
-0.081565
-0.225518
-0.692089
-0.734011
-0.359015
-0.932817
-0.279758
0.271061
-0.469767
-0.042074
-0.331699
0.724694
0.278979
0.240732
0.139919
-0.508586
-0.426647
0.421739
0.079178
-0.374021
0.180897
0.558689
0.931222
0.566064
-0.672804
0.682462
0.895271
0.664826
-0.916274
0.050280
-0.287860
0.397412
0.792376
-0.148125
0.020334
-0.846648
0.122866
-0.975496
0.428990
0.188970
-0.825181
0.089987
0.790721
-0.961666
0.409284
-0.841170
-0.010470
-0.663614
0.277713
-0.167880
-0.053529
-0.046893
-0.378054
0.346895
-0.512877
0.303326
0.162028
0.394246
0.982277
0.530326
0.857447
-0.328512
-0.566220
-0.291359
0.242258
0.159455
0.111805
0.805131
-0.678361
0.185591
0.845636
-0.146924
-0.294429
0.203288
-0.754169
0.791768
0.633556
-0.567595
0.345891
-0.811240
-0.901879
0.880544
-0.373621
-0.081242
0.789870
0.071873
0.486974
0.061239
0.922407
0.238631
-0.127007
-0.513112
-0.359268
0.682359
0.690456
0.717607
-0.022400
0.721817
-0.530534
-0.897937
0.694822
-0.529457
-0.603796
0.310478
-0.498753
-0.322784
0.906664
0.528470
-0.616420
0.066326
0.860406
0.812650
0.747167
0.210884
-0.206626
-0.747948
0.024817
-0.565273
0.836534
-0.163083
0.767852
0.863914
0.032048
-0.390981
-0.382766
-0.756913
0.360432
0.660885
0.570354
-0.345102
-0.833140
-0.448063
-0.557173
0.416417
-0.625001
-0.988239
-0.083316
-0.457861
0.959274
-0.057774
-0.541779
-0.347412
0.306814
0.841919
0.112664
0.497846
0.875897
-0.286238
-0.230559
0.346329
-0.684093
-0.245214
0.411051
-0.247703
-0.518480
-0.655868
-0.673012
0.865531
-0.878805
0.811304
0.824601
-0.604038
-0.496671
0.298718
-0.117028
-0.802349
-0.103206
0.810351
0.934962
-0.191275
-0.862261
-0.179885
0.815709
-0.867253
0.532334
