-0.398527
0.333993
-0.021906
-0.459024
0.864274
0.954025
-0.976332
-0.175853
0.137810
-0.061938
0.489922
0.231511
0.649957
0.824765
-0.892094
-0.472680
0.675417
0.482261
-0.162570
0.703318
-0.020029
-0.432784
0.702134
-0.673925
-0.832851
-0.143826
-0.023167
-0.922373
0.429104
-0.805553
0.134557
0.415611
0.295470
0.208678
0.277841
0.060949
0.537127
0.458587
0.540158
-0.893045
-0.916485
0.098144
0.564297
0.169280
-0.617821
0.141671
0.592732
0.532892
0.767823
0.633069
-0.445822
-0.535497
0.768742
-0.509932
0.650866
-0.104892
-0.559013
-0.274179
0.808767
-0.896283
-0.543139
0.361624
0.855186
-0.211787
-0.168794
0.225093
0.907002
1.000000
-0.663558
0.667455
0.029394
0.986536
-0.920893
-0.559105
0.104924
1.000000
-0.810275
0.998271
0.368507
0.928444
0.553682
-1.000000
-0.077988
0.597479
0.843757
0.879826
-0.355994
0.452220
-0.764738
-0.324235
0.032754
-0.404199
-0.453714
-0.349816
-0.499467
0.572161
-0.966648
-0.733489
-0.680656
-0.129324
-0.226491
0.833683
-0.222425
0.120803
-0.727525
-0.068372
-0.659928
1.000000
-0.154483
0.661409
0.059828
-0.851132
0.615471
-0.937261
-0.524281
-0.313995
0.621436
-0.881335
-0.927946
0.530665
-0.357513
-0.436255
0.787218
0.928053
0.998141
-0.398771
-0.232182
0.024910
0.362683
0.582769
-0.347712
-0.902824
-0.636651
0.511411
0.701984
-0.244216
0.148955
-0.335113
-0.368659
-0.421750
-0.501682
-0.477578
-0.389158
-0.899930
-0.951820
-0.096175
-0.576329
0.367220
-1.000000
0.396982
0.763256
-0.888362
-0.987035
1.000000
0.495980
0.884449
-1.000000
0.004200
0.665593
0.895147
0.937097
-0.863118
-0.062260
0.080594
0.900125
-0.176492
0.405557
-0.055254
-0.205385
-0.980864
-0.247784
0.364342
-0.789406
-0.349806
-0.005867
0.487717
0.402540
-0.234521
0.506713
1.000000
-0.346572
-0.581769
-0.324656
0.948436
0.318754
-0.036912
-0.249873
0.747862
-0.168419
0.509247
-0.632251
-0.249415
-1.000000
-0.631113
0.556817
0.355862
-0.232333
-0.149273
0.077243
-0.435696
-0.488778
-0.584698
0.342457
0.784547
-0.380195
-0.855257
-0.755393
0.611882
-0.050352
0.275868
-0.219832
-0.450831
-0.377283
-0.950856
0.427562
-0.916572
0.181224
0.919362
0.050126
-0.898981
0.814145
-0.730868
0.409478
-0.563868
0.032552
-0.197125
-0.767439
0.828386
0.783370
-0.792521
0.220215
-0.751926
-0.313758
0.293948
-0.407016
0.298819
0.167576
-0.834681
0.030571
-0.793655
-0.194393
-0.170449
0.956359
0.589423
0.194416
0.712991
-0.263150
0.062070
-0.973607
-0.616128
-0.419907
0.757132
0.584641
0.656529
-0.006300
0.532679
-1.000000
0.043404
0.575753
1.000000
-0.771309
-0.007020
-0.276553
0.740334
0.306255
