-0.016076
-0.728080
0.363213
0.185295
0.993756
-0.510537
0.925994
-0.121238
0.307714
0.012938
0.510775
0.236788
0.428556
0.696826
0.090392
-0.052380
0.441803
-0.623709
-0.374454
0.591586
0.948744
0.676610
0.195440
0.424672
-0.647096
-0.669858
0.210857
-0.020882
-0.396323
-0.213003
-0.563327
-1.000000
0.100135
0.149034
0.283243
0.568048
-0.563227
-0.827480
0.533415
-0.527654
0.541368
-0.237435
-0.525165
-0.094316
0.682065
0.221916
-0.838571
0.286436
-1.000000
-0.539978
-0.832434
0.359654
-0.826010
0.058743
-0.354720
0.624912
-0.584887
0.014297
0.546813
0.416477
0.304782
0.258644
0.169765
0.337125
0.195061
0.200003
-1.000000
-0.629210
-0.107238
-1.000000
-0.801751
-0.230164
-0.618970
0.187210
0.707783
0.048261
0.165884
-0.342509
0.200903
-0.303536
-1.000000
0.960954
0.106046
0.607017
0.548348
-0.622597
-0.953249
-0.710858
0.965589
0.384027
0.595580
0.119037
-0.503245
0.890102
-0.407277
0.719862
-0.341652
-0.020269
-0.341033
-0.308817
-0.887690
0.732031
0.670962
-0.698126
0.801422
0.452271
0.068633
0.127061
0.220422
1.000000
-0.119581
-0.187669
-0.459651
-0.728746
0.948910
-0.393125
-0.161115
0.567897
0.617815
-0.609717
0.154474
-0.036538
-0.845921
0.685224
0.340790
-0.989640
0.392972
-0.124742
-0.358321
0.845600
-0.399850
0.392023
0.396579
1.000000
-0.340815
0.642065
0.464056
-0.413931
0.271862
0.855359
-0.384002
0.328235
0.926741
-0.535057
-0.782613
-0.528139
0.115980
0.424145
0.064151
0.781485
-1.000000
-0.161977
-0.237192
-0.041877
0.261984
0.604564
-0.605089
0.148284
0.516752
0.785432
0.914583
-0.958721
0.315609
-0.418531
0.174625
0.363171
0.493636
0.376650
0.166822
0.738211
0.252973
0.128632
0.188445
0.361136
0.373390
1.000000
0.577952
1.000000
0.488877
-0.086649
-0.156041
0.824185
0.946393
-0.853372
-0.653637
-0.305079
-0.240286
-0.548135
-0.343719
-0.928518
0.837902
-0.268244
0.768643
-0.367285
0.515715
0.993218
0.732842
0.158605
-0.529597
-0.094006
-0.721492
0.010007
-0.012857
0.670920
0.295272
0.300287
-0.069602
-0.104423
0.112855
0.820352
0.307846
0.582631
0.757800
-0.442644
0.430908
-0.985186
0.804096
0.056138
0.594143
0.864786
0.445604
-0.518795
-0.939695
0.996723
0.537289
-0.332361
0.144721
0.859975
0.945096
0.263677
-0.287034
0.384490
0.776937
-0.376739
-0.873964
-0.454475
-0.366182
-0.249954
0.379240
-0.208888
-0.553262
0.761628
0.327435
-0.912202
-0.305095
-0.508935
-0.828772
0.176200
0.851905
-0.088119
0.154254
-0.173220
0.915958
0.579020
-0.325024
0.795064
-0.783197
-0.924042
0.523114
0.988548
0.010811
-0.504022
-0.324995
-0.750698
-0.874287
