-0.778991
-0.907337
0.042023
0.543815
0.763949
-0.685249
-0.677914
0.981643
-0.264257
0.472107
1.000000
-0.575789
0.350040
0.357004
-0.673185
-0.245273
-0.797838
0.269497
-0.853872
-0.362309
0.624019
-0.905638
0.060427
0.012176
-0.500609
-0.621951
0.376597
-0.145681
0.321209
0.494245
-0.164492
-0.478647
-0.448367
0.286907
-0.601220
0.422129
-0.987082
0.459133
0.810590
0.076642
0.951477
-0.980858
0.155927
-0.014631
0.661847
0.531149
-0.300379
0.547036
0.850580
0.184313
-0.464067
0.440166
0.530167
0.642332
0.881964
0.105256
0.486378
0.193913
0.792800
0.742962
-0.522338
0.856694
0.395742
0.293331
-0.780788
0.268386
0.671729
0.033743
0.354817
-0.235719
-0.888156
0.262969
-0.806381
-0.284482
0.994600
-0.959149
0.954937
0.018526
-0.378354
0.408421
-0.728052
0.060108
-0.672415
-0.927301
-0.638057
0.636880
-0.825517
0.230788
0.659335
0.132787
-0.266968
-0.323717
-0.620999
0.993479
-1.000000
0.147760
-0.920466
0.179732
0.150031
0.906517
-0.160282
0.510949
-0.747695
-0.268253
-0.125246
0.671461
-0.616090
0.272610
0.508931
-0.287563
-0.159171
0.039598
0.538045
0.164126
-0.406462
0.751306
0.187193
0.917857
-0.339179
-0.801185
0.642991
0.620059
0.209206
-0.106173
-0.905127
-0.074542
0.414494
0.713095
0.848962
0.541719
1.000000
0.922743
-0.785007
0.514922
-0.835220
-0.342990
-0.216345
0.648604
0.465030
-0.834284
0.461871
-0.535787
-0.944223
0.978915
-0.536904
-1.000000
0.200344
0.327335
-0.705411
-0.868216
0.430309
0.521072
0.377461
-0.571356
-0.155149
0.981527
0.889029
0.737333
-0.425163
-0.526053
0.463132
0.310466
-0.036864
-0.372629
0.395049
0.468352
-0.476469
0.386625
-0.704148
-0.377502
-0.807190
-0.570480
-0.118907
-0.446413
0.604145
-0.852768
-0.638088
0.746765
-0.249457
-0.265780
-0.398976
-0.517043
0.199884
-0.031707
-0.860390
0.131650
0.979801
-0.743366
-0.114074
0.449701
-0.528574
-0.744840
0.939084
-0.162861
0.374029
-0.455596
0.107072
-0.770323
-0.140129
-1.000000
0.035433
-0.986468
0.679842
-1.000000
-0.783174
0.241885
-0.948079
-1.000000
0.960493
-0.771284
-0.277466
0.626235
-0.227605
0.445040
-0.692597
0.296544
0.523439
0.957537
-0.090239
0.012012
0.898629
0.053104
-0.285687
-0.166945
-0.622661
0.870448
0.792763
0.162556
0.410333
0.229025
-0.748620
-0.864828
-1.000000
0.938962
0.373400
0.393652
-1.000000
0.100559
-0.455236
0.362886
-0.300799
0.844575
-0.076143
-0.426260
-0.530815
0.877126
-0.205162
-0.627527
0.041348
0.529059
0.725839
0.890895
0.708057
-0.113322
-0.634697
-0.612822
-0.449564
0.804287
-0.075825
0.386310
-1.000000
-0.201883
-0.815751
-0.588546
1.000000
