-0.492229
0.408361
-0.024694
1.000000
1.000000
-0.967990
0.722386
0.027513
-0.673317
-1.000000
0.323551
-0.491562
1.000000
-0.796493
0.653617
-1.000000
1.000000
-0.595449
0.171331
-0.471681
0.479686
0.548026
-0.420528
0.735174
-0.812115
0.364277
0.163510
-0.006069
-0.570742
1.000000
1.000000
-0.583400
0.313711
0.675261
0.091546
0.572689
-1.000000
-0.290181
0.731264
-0.352113
-0.562339
-0.330847
-0.491348
0.550745
-0.367271
0.430317
1.000000
-0.870295
0.321682
-0.255770
0.708272
1.000000
1.000000
-0.581355
-0.658698
0.137169
0.889934
0.508325
-0.589691
-0.896283
0.257356
-0.281590
0.274807
-0.301148
-0.513343
-1.000000
-1.000000
0.652318
0.421007
0.264070
1.000000
0.717416
-0.382770
-0.368127
-1.000000
-0.333408
-0.571804
-0.539161
0.663505
0.114485
-0.293643
0.136560
-0.151757
1.000000
-0.317849
-0.369934
-0.577698
0.585368
-0.297885
-0.916543
0.432677
-0.684731
1.000000
0.233592
-0.706936
0.433500
-0.129576
-0.460591
-0.594021
-0.870394
0.106969
-0.388767
0.393536
0.674054
0.014787
-0.290315
-0.590910
-0.288506
-1.000000
-0.968701
0.437319
-1.000000
-1.000000
-0.869596
-0.511584
0.083857
-1.000000
-1.000000
0.085952
0.685244
0.676510
0.258679
0.982918
-0.150155
0.666076
-0.390337
0.321214
-0.472239
-0.022645
0.897319
-0.619548
-1.000000
-0.111432
-0.045494
-1.000000
-0.485443
-0.500770
0.603343
0.084286
-0.937382
0.442707
1.000000
-0.313800
-0.369479
0.593595
-0.655403
0.753301
-1.000000
-0.002918
-0.710022
-1.000000
0.115357
-0.099605
1.000000
-0.706381
-0.497369
-0.357277
-1.000000
-0.641075
0.272221
0.621183
-0.074948
0.020803
-0.948682
0.281272
-1.000000
0.293458
0.389248
0.267580
1.000000
-0.608535
-1.000000
-0.169711
0.484931
-0.325269
-0.701818
1.000000
-0.366679
-0.930755
1.000000
0.298599
1.000000
0.483132
0.112786
-1.000000
-0.460851
-0.101454
0.426586
0.416612
-0.597847
0.100459
1.000000
0.802700
-0.571895
-0.828255
-0.940480
-0.172299
-0.973679
0.013240
-0.312046
-0.044320
1.000000
0.291119
-0.211479
-0.756418
1.000000
0.523208
-0.913757
-0.289535
-0.149663
-0.827878
-0.198868
0.028843
-0.594690
-0.336366
0.045070
0.429158
0.491341
1.000000
-0.334038
-0.099360
-0.513964
0.186743
0.936122
0.174694
-0.029126
0.218005
-1.000000
-0.961775
0.915239
-1.000000
-0.424871
0.868251
1.000000
-0.212316
1.000000
0.352262
-0.252369
-0.720143
-0.213447
-0.210610
-0.161756
-0.803163
-0.146680
1.000000
-0.216581
-0.883349
0.556594
0.774895
-0.160241
0.233265
-0.583103
0.380392
1.000000
-0.097411
-0.384287
-0.315870
-0.124039
0.026875
-0.273711
-0.640557
0.492210
0.593936
-0.562402
0.223997
