-0.057957
0.269675
-0.120920
1.000000
-0.939747
-0.927774
0.352741
-0.746531
0.062020
0.112862
-0.730252
-0.282107
0.091081
0.575895
0.302233
-0.990753
-0.055717
-0.221788
-0.046078
-0.048824
-0.064807
-0.538348
0.302386
0.040534
-0.999847
-0.653868
-0.083979
0.133730
-0.685418
-0.953572
-0.651178
0.960142
-0.072477
-0.166615
-0.356080
0.005114
-0.208742
0.323932
0.823502
0.384490
-0.899717
0.867711
-1.000000
0.567479
0.379746
0.057691
0.629124
1.000000
-0.250268
0.895742
0.472913
0.223604
-0.076976
1.000000
0.167386
0.344296
0.878576
-0.040553
-0.278393
-0.621201
-0.392881
-0.286484
-0.250690
-0.150795
0.715488
-0.659309
-0.451675
0.971375
0.838417
0.186279
-0.626878
-0.986893
-0.482327
0.551959
-0.127301
0.807507
0.105384
0.057007
-0.343312
0.364646
0.376949
0.448736
0.637173
-0.358548
-0.045980
-0.363035
0.373508
-0.288980
0.705469
0.450999
0.251017
-0.730301
-0.000354
-0.352722
0.706145
-0.561644
-0.982287
0.251158
-0.532779
0.512259
0.168966
-0.549732
0.367102
0.899092
0.977889
0.234676
0.146386
0.037797
-0.148372
-1.000000
-0.942853
-0.439374
0.211618
0.212731
1.000000
0.497030
0.305578
1.000000
-0.230149
-0.916506
-0.550643
-0.033807
-0.147625
0.633006
-0.291109
0.646661
0.708965
1.000000
-0.544254
0.514102
0.274939
0.991559
-0.341227
-0.800914
0.141052
0.403995
-0.842406
0.644687
0.543410
-0.944740
0.197229
0.835734
0.751010
-0.536494
-0.957652
-0.204329
0.463108
0.093375
0.256962
0.109164
0.075241
-0.558324
-0.508498
-0.827060
0.774995
-0.783524
0.139215
-0.489391
0.572487
-0.949620
-0.368925
0.641227
-0.847888
-0.561824
0.544399
-0.216743
0.788325
0.365678
0.938084
0.901680
0.788185
0.199460
-0.340960
0.878445
0.433380
0.140251
0.508166
-0.167406
0.189460
0.584611
-0.997904
0.168081
0.482707
0.047619
0.738656
0.482260
-0.125157
0.932601
0.625402
-0.501829
-0.241142
-0.392409
0.246575
-0.740906
0.702713
-0.375304
-0.626490
-0.106616
-0.401567
0.890107
-0.002618
-0.605419
0.489306
0.492005
-0.306361
-0.925919
-0.184619
-0.281397
-0.138469
0.275438
-0.821853
0.223277
0.937549
-0.011592
-0.911375
0.104407
-0.378501
0.756139
0.009191
-0.967495
0.197833
0.620236
-0.691540
-0.408420
0.347562
-0.897115
-0.422027
-0.451872
-0.717161
-0.338700
1.000000
0.217790
0.303002
-0.415996
-0.964917
0.151563
0.573226
0.607332
0.427050
0.620557
-0.212916
-0.366546
0.835547
0.765178
-0.930080
0.627100
0.980730
0.973425
1.000000
0.886370
-0.822316
-0.320707
0.586131
0.276369
-0.477621
-0.516655
0.640782
0.369732
0.371750
-0.609687
0.972728
-0.178316
-0.142876
0.154022
-0.393849
