-0.675132
-1.000000
-0.099154
0.128050
1.000000
0.265284
0.276285
1.000000
0.641328
-1.000000
-0.141689
-0.426715
0.398997
-0.480554
0.812701
-0.841094
-0.344099
0.229098
0.010449
0.887895
-0.487137
-0.861435
-0.235321
0.517901
0.389310
0.224647
0.296755
0.718710
-0.030321
1.000000
1.000000
-1.000000
0.185087
1.000000
-0.736264
0.237594
1.000000
-0.731934
0.717788
-0.797711
-0.403354
-0.263142
0.295025
1.000000
-0.276827
-0.684648
0.673824
-0.782910
-1.000000
1.000000
-0.548055
-1.000000
-0.948000
-1.000000
0.552397
0.390984
0.460382
0.639061
0.385533
0.218798
-0.087642
1.000000
1.000000
1.000000
0.600108
-0.222921
0.311547
-1.000000
0.550225
-0.737908
0.156361
1.000000
-0.246939
-0.378652
-0.187616
-0.749151
-1.000000
0.757018
0.276481
-0.495257
0.284354
0.310262
0.320787
-0.452436
0.517368
0.600703
-0.950358
-1.000000
0.057869
0.277695
0.128543
-0.030185
-0.744322
-0.333658
0.206856
0.438191
-0.129627
0.667416
0.816858
0.458071
-0.006673
-0.826783
-0.325437
-0.172198
-0.420241
-0.908942
0.897446
0.023335
0.768719
0.558781
0.105771
0.745513
1.000000
0.603951
0.070268
-1.000000
-0.183691
0.430454
-1.000000
-0.544662
0.295161
-1.000000
0.175672
0.381376
0.349466
1.000000
-0.726716
0.342767
0.377225
-0.446912
0.385213
-0.856458
-0.464449
0.087606
0.987892
-0.216350
0.997319
0.831117
-0.928824
-0.242499
-0.532946
-0.631567
-0.425862
1.000000
-0.316476
-0.736235
-0.965303
-1.000000
0.660513
0.823482
0.364080
-0.844615
0.963007
0.415965
-0.361742
-0.171872
0.332672
-0.593742
0.763057
0.603979
-0.870124
-0.538124
0.317466
1.000000
0.191165
-1.000000
-0.681583
-0.494538
-0.181176
0.084939
-0.025938
0.283997
0.396453
-0.826499
-0.269702
0.778898
-0.690689
0.267920
-0.864692
0.511033
0.174087
1.000000
0.748411
-0.847069
-0.440525
0.272979
0.837818
-0.667752
0.926158
0.618736
0.280562
0.974776
0.476194
0.715660
-0.288681
0.870736
-0.889929
-0.026787
0.736998
0.632955
-0.512573
1.000000
-0.000242
-0.296619
0.744277
-0.327560
0.766676
-0.185082
0.293007
-0.438701
-1.000000
0.467931
0.559388
1.000000
0.212437
0.141616
-1.000000
0.501769
0.259825
-0.632244
-0.206590
0.195982
-0.099395
-1.000000
-0.326400
-0.741003
0.245694
0.558812
1.000000
0.177008
-1.000000
1.000000
0.794292
-1.000000
0.452414
0.073481
0.781914
-0.208850
0.600547
-0.011410
0.557945
-0.734989
-0.449997
-0.397077
-0.843851
1.000000
-0.900806
-1.000000
0.223863
0.016391
0.630535
-1.000000
0.757779
1.000000
1.000000
-0.020030
0.145682
1.000000
1.000000
0.933438
0.764123
-1.000000
-0.580308
-0.208126
-0.529418
