-0.390807
0.961080
0.179882
-0.722897
1.000000
-0.194422
-0.391048
0.161174
-0.641646
-0.062463
0.387621
-0.442197
0.843647
0.000776
0.495958
0.681741
0.585810
-0.090978
1.000000
0.966197
-0.816289
-1.000000
-0.476554
-1.000000
1.000000
0.781897
-0.845403
-0.602007
-0.286735
0.420602
0.432736
0.167288
0.178886
-0.939864
-0.657359
-0.615316
-0.859092
0.266323
1.000000
-0.469515
-0.338167
-0.009806
-1.000000
-0.205516
-0.471877
-0.451722
0.469587
0.381413
-0.986883
-0.774205
0.258496
-1.000000
-0.309758
0.079942
-1.000000
-0.728359
-0.567302
-0.739693
-0.671993
0.008502
1.000000
-0.119822
-1.000000
-0.198022
0.631490
-0.509933
-0.010626
-0.501574
1.000000
0.946181
-0.545642
-0.211781
1.000000
0.420820
-0.052052
0.423631
0.504547
0.329160
-0.678357
0.095544
0.407541
0.762373
0.219752
-0.547312
0.578600
0.284121
-1.000000
-0.969376
0.235617
-0.214465
-0.481001
-0.109261
-0.539001
0.702888
0.425469
-0.137278
-0.409860
0.143859
0.740356
-1.000000
0.770902
1.000000
0.264277
0.679356
1.000000
0.928394
0.902474
0.436878
-0.146560
1.000000
-0.711811
1.000000
0.050764
-1.000000
0.304395
0.355163
-1.000000
-0.414849
0.706704
-0.264742
-0.512599
0.762769
-0.650350
0.672634
0.325577
0.708146
-0.415198
-0.015661
0.538688
-0.277819
0.674451
-1.000000
-1.000000
0.417764
-0.256891
0.311849
0.133454
-0.305819
-0.932975
-0.320389
0.466620
0.059320
0.541162
-0.062350
-1.000000
0.230940
-0.472143
0.282500
1.000000
-0.246310
0.151677
-0.594701
0.765148
1.000000
1.000000
0.181286
1.000000
-0.625021
-0.577985
0.757023
-1.000000
0.694125
1.000000
0.692186
0.268293
-0.805554
0.741149
-0.566992
-0.021698
0.092348
0.112363
-1.000000
-0.187672
-1.000000
0.126547
-0.967554
0.355897
0.302169
0.938871
-0.436178
0.614811
0.411931
0.766046
-0.643808
0.121033
0.442629
-1.000000
1.000000
-0.156945
-0.501702
0.044927
-0.437404
-0.020578
-0.665498
1.000000
0.507809
0.403408
-1.000000
0.935890
1.000000
-0.511660
-0.876591
-0.336166
0.305884
1.000000
-0.659319
0.348733
0.935764
-0.347311
0.281523
-0.860120
-0.951983
0.351638
1.000000
0.362291
-0.514763
0.625150
1.000000
-0.146300
-0.267831
1.000000
-0.026380
-0.320348
0.421422
-0.468192
-0.074885
0.831864
-0.127224
-0.421249
1.000000
0.247678
-0.761373
1.000000
-0.556091
0.162674
-0.495234
0.432064
1.000000
-0.319775
0.786909
0.767737
-0.980752
0.087428
-0.401363
0.251216
0.630531
-0.944663
1.000000
-1.000000
-0.677582
0.911757
0.628413
0.746502
0.140187
-0.993117
-1.000000
0.392797
0.266253
-0.657538
-0.512827
0.188902
0.570930
-0.518340
0.757429
0.787982
