0.151766
0.373364
-0.976901
1.000000
0.430829
0.375230
0.250711
0.561706
0.257722
-0.417762
-0.102949
0.150376
-0.453839
0.719197
-1.000000
-0.108618
-0.015235
-0.009767
-0.359786
-1.000000
0.089604
-0.396080
1.000000
0.104326
0.862012
0.565503
-0.257771
-0.095588
-1.000000
0.061387
-0.503592
-1.000000
-1.000000
-0.854513
-0.022482
-0.204817
0.701135
-1.000000
0.411908
0.514749
-0.308507
1.000000
0.607957
0.703832
-0.087512
-0.963881
-0.808757
-0.078632
0.973822
-0.757120
0.753155
0.118028
0.795901
0.958835
0.110274
0.133543
0.514107
1.000000
-0.170265
0.329758
0.400306
-1.000000
-0.427028
-0.192718
-0.114314
-1.000000
-0.773446
-0.582255
-0.030098
-0.558795
-0.400028
0.828580
1.000000
-0.386222
0.630772
0.998972
-0.856971
-0.652232
-0.634336
0.391248
-0.660907
0.779663
0.437056
-0.846680
-0.207480
-0.369201
-0.210970
0.786842
-0.414536
-1.000000
-0.487783
-0.734054
0.736719
0.304253
-1.000000
-0.213979
0.280561
-1.000000
-0.237464
-0.796756
-0.897294
-0.267961
-0.506986
0.066783
0.877631
1.000000
0.084370
0.636889
-1.000000
-1.000000
-0.358371
-1.000000
-0.550248
0.689136
-0.401166
0.706377
-0.966838
0.186759
-0.934167
-0.832739
-1.000000
-0.470820
0.854623
0.372187
-0.876124
-1.000000
-1.000000
0.372939
-0.852595
0.390707
0.106724
0.988586
0.603210
-1.000000
0.117831
0.987719
0.195358
-0.810447
-0.066984
-0.462756
0.065743
-0.701912
-0.645841
-0.702401
0.225278
0.558587
-0.892552
-0.876357
-0.621306
-0.809755
0.226207
-0.848845
1.000000
-0.543468
-1.000000
0.410937
1.000000
0.238022
-0.646889
0.136803
-0.276115
-0.191844
1.000000
-0.716265
1.000000
1.000000
-0.678751
-0.931283
1.000000
-0.583127
0.526634
0.036560
0.371757
-0.361083
0.810087
-0.701923
-0.711195
-1.000000
-0.956793
1.000000
-0.451191
0.475239
-0.608390
1.000000
-0.346474
0.841451
0.874650
0.008498
-0.041810
0.280838
0.752313
-0.326205
0.910793
0.276824
-1.000000
-0.234734
-0.605106
-0.557492
-0.718015
-1.000000
-0.306294
1.000000
1.000000
0.629314
-0.474308
0.741261
-0.724731
0.378826
-0.283807
-0.374053
-1.000000
-0.457616
0.797834
0.432203
-0.676503
-0.270579
1.000000
-1.000000
0.212818
-0.499838
0.978263
-0.633908
-0.197943
0.838232
0.314196
0.495948
1.000000
0.565694
0.121972
0.795368
-0.734039
-0.263616
0.336437
0.135597
1.000000
0.270718
-0.310687
0.996502
-0.496157
-0.309993
0.119033
1.000000
0.218904
0.461869
-0.445335
-0.105423
-0.047725
0.150566
0.782589
-0.612850
1.000000
0.044329
0.915716
-0.523830
-0.264186
-0.418605
-0.509637
0.749503
-0.511734
-0.464434
0.128933
-0.434601
-1.000000
0.256775
-0.587008
