0.620643
-0.454592
0.860005
0.523708
-0.941545
0.631134
1.000000
0.168577
0.843821
0.162756
-0.594262
-0.502934
-0.018425
-0.172258
-1.000000
-0.148431
-0.716497
0.743987
0.625141
0.236709
-0.660343
-0.129879
0.455958
0.099168
-0.493261
-0.407153
0.067215
-0.517383
1.000000
0.721587
0.727527
0.683886
-0.831489
0.242355
0.076206
0.418541
0.497161
-0.748726
-1.000000
0.490309
-0.509885
-0.649737
-0.973147
-0.283190
0.370308
0.374086
0.467603
0.840067
0.349937
0.450500
1.000000
-1.000000
-1.000000
-0.499919
-0.863497
-0.609226
-1.000000
0.992885
-1.000000
-0.391908
0.533583
-0.591918
-0.506073
0.584713
0.519049
1.000000
-0.852547
0.729426
0.356350
-0.419028
0.883118
0.562700
-0.993978
0.959075
1.000000
1.000000
1.000000
-0.561930
1.000000
0.053873
-1.000000
-0.542683
-0.210413
0.454094
-0.601890
0.814637
-0.167831
-0.688149
-0.942035
0.367892
0.241798
0.419327
1.000000
-1.000000
-0.686295
-0.958853
-0.522296
-0.935765
0.449521
-0.603201
0.495241
0.116017
0.315829
0.861469
0.420457
-0.963729
-1.000000
0.354309
0.740147
0.718251
-1.000000
1.000000
0.840037
-0.581365
0.795496
-0.281833
-0.169672
-0.157134
-0.447876
0.141739
-1.000000
-0.307573
-0.173962
-0.809913
-0.921016
-0.401803
0.135155
0.161306
-0.204920
0.616730
0.514794
-0.227072
-0.886014
0.928540
0.285671
0.191028
-0.708384
0.889028
-1.000000
0.175794
-0.693178
-0.098958
1.000000
-0.568418
0.524838
0.301827
-0.802500
1.000000
0.230917
0.240828
1.000000
-0.689093
1.000000
-0.316759
1.000000
0.343915
-0.239132
0.547023
-0.635744
-0.092503
-1.000000
1.000000
0.424788
-0.465380
-0.554610
0.089456
0.680471
-1.000000
0.476357
-0.434361
0.646452
-1.000000
0.004487
0.548730
0.757552
-0.671125
1.000000
0.109128
0.036959
-0.896738
-0.418085
-0.305295
-1.000000
-1.000000
-0.485202
0.408484
-0.355555
-0.181376
-0.126046
-0.277065
0.093173
-0.259143
0.184274
0.463345
-0.025340
1.000000
-0.727476
-0.880065
-0.498520
0.120345
-0.437064
-0.296892
-1.000000
-0.004044
-0.391058
-0.239159
-0.514450
-0.688547
0.385936
1.000000
-0.120153
0.902145
0.354491
-0.418300
-0.685669
-0.138400
0.439681
-1.000000
0.211161
0.201049
1.000000
-0.998874
-1.000000
-0.856097
0.597525
0.612872
0.059476
-0.298205
0.062989
0.111757
0.676521
-0.120442
-0.154114
-0.275480
0.167943
0.145706
1.000000
0.489097
-0.093719
-0.398747
0.056802
0.461295
0.478512
0.517543
0.155243
-1.000000
-0.998819
0.890314
-0.124453
0.480363
-0.389237
-0.174721
-0.497038
-0.052773
-0.764926
1.000000
-0.552944
0.458363
0.688744
-0.208993
0.796628
0.164076
0.793552
0.880748
-0.142398
