0.953436
-0.235883
-1.000000
-0.265628
-1.000000
0.760967
-0.210479
-0.140712
-1.000000
-0.219578
-0.943121
1.000000
0.406051
0.193108
-1.000000
-0.113357
-0.691563
0.193665
0.280489
-0.503826
0.983226
-0.399271
-0.981790
0.531783
0.561318
-0.983443
1.000000
0.241650
0.570644
-0.175792
-0.129662
1.000000
0.182925
0.594795
0.013929
1.000000
-0.702598
-0.185009
1.000000
-0.374299
-0.299769
-0.589300
0.662556
0.889511
0.265188
-0.255109
0.505275
0.033271
-0.583205
0.242220
-0.544002
-0.734422
-1.000000
-1.000000
-1.000000
-1.000000
-1.000000
0.755988
0.817682
0.729308
1.000000
-0.671291
1.000000
-0.496630
-1.000000
1.000000
-0.820367
0.104744
-0.582561
-0.829465
0.489395
0.278954
1.000000
-0.452846
0.225552
-0.322366
-0.183330
-0.813836
0.594577
1.000000
-0.037253
0.369737
-1.000000
0.361120
-0.705983
0.291848
-0.769410
-0.735538
-0.249114
-0.231424
1.000000
-1.000000
0.434368
0.552671
-0.295617
-0.494527
-0.200413
0.470804
-0.114276
1.000000
-0.935682
-1.000000
-0.368990
0.674123
0.646643
-0.769187
-0.832902
0.616825
-1.000000
-0.891667
0.256671
0.048742
-0.052215
0.019866
-0.081326
-0.934321
0.824131
-0.301185
-1.000000
0.415101
-0.668576
-0.162822
-0.750557
-0.215716
-1.000000
-0.389651
0.733040
0.519633
0.341387
-1.000000
-0.506332
0.966414
-0.393070
-0.049445
0.558889
-1.000000
-0.360654
0.960144
0.044198
0.861019
0.114353
0.896889
-0.169415
0.711616
1.000000
0.358597
1.000000
1.000000
-0.047494
-1.000000
-1.000000
0.933489
-0.501881
-0.673958
1.000000
0.196894
-0.590211
-0.999915
0.545942
0.091059
0.593745
0.632339
-1.000000
0.367868
-0.380243
0.695926
0.729352
0.348079
1.000000
0.229414
-0.373074
0.076683
0.131850
0.797286
0.126481
-0.859093
1.000000
0.682875
0.596920
-0.363193
-0.328831
-0.956231
0.293444
0.542649
0.072357
-0.640072
-1.000000
0.827942
0.132455
-0.650144
-0.039988
-0.845032
-0.432874
0.444251
1.000000
-0.057023
0.028434
-0.099106
-1.000000
0.701562
0.630567
0.086954
0.929047
-0.356657
0.256111
1.000000
-0.651655
1.000000
-0.256394
0.611176
-0.119785
-0.833517
1.000000
-0.108323
0.409628
-1.000000
0.153611
0.767333
0.376621
0.307817
0.002599
0.936593
-0.674622
1.000000
-0.831431
-1.000000
0.232612
-1.000000
-0.138590
0.038450
-0.747762
0.529615
0.085512
0.415757
0.094355
0.746713
-0.594270
-0.304772
1.000000
1.000000
0.897937
-0.671520
1.000000
-0.141949
-1.000000
-0.209203
0.280003
0.600285
0.728313
-0.841138
-0.104781
-0.735842
0.184019
0.700371
-0.151937
-0.297065
0.801610
0.248982
0.160561
-1.000000
-0.789932
0.281180
-0.378824
-0.735067
0.414228
