-186.400000
2.000000
-1.000000
-1.000000
-1.000000
-1.000000
92.800000
-1.000000
80.800000
-1.000000
-0.262262
0.284899
0.965693
0.864667
-0.697012
-0.771238
-0.906501
0.500645
0.254918
-0.434405
-1.000000
0.637291
0.661646
-0.679550
-0.855210
-0.553913
0.262270
-0.092785
0.043068
0.936755
0.063516
-0.160076
-0.645036
-0.119959
-0.693231
0.156098
0.624944
0.878194
-0.295269
-0.749169
-0.960750
0.649759
-0.813552
-0.985548
1.000000
0.233735
0.581130
1.000000
-0.069427
0.261933
-1.000000
0.830721
0.538512
-0.694283
0.390504
-0.111120
0.022742
-0.255241
0.678664
-0.297458
-0.836760
-0.265589
0.275630
0.065387
0.368180
-0.434889
-0.987680
-0.149267
-0.993342
0.208548
-0.329379
0.599444
-0.633935
-0.535152
0.810343
-0.805843
0.961994
0.938815
0.669009
0.264633
-1.000000
-0.332748
0.818125
-0.305237
-0.252746
-1.000000
-0.700965
0.413480
0.304833
-0.503555
-0.958723
-0.685695
1.000000
-0.954062
-0.440560
0.943969
0.620577
1.000000
-0.087675
0.502616
0.484441
0.980334
0.643281
0.797524
0.358857
0.543621
-1.000000
0.957065
-0.817809
0.497717
-0.146701
0.772013
0.831957
0.386840
-0.461652
0.061410
-0.761428
0.597159
-0.653752
0.605870
-0.380664
-0.906669
0.274946
0.186240
-0.636534
-0.372568
0.986908
-0.762929
0.749949
-0.870921
-0.149962
-0.002443
0.394157
0.851602
-0.125784
0.662272
-0.022848
0.273422
-0.288667
0.798449
-0.191292
0.646135
-0.990453
0.021772
0.928273
0.394141
-0.935895
-0.887381
-0.893219
-0.781136
0.464112
-0.807304
0.222802
-0.115061
0.810006
-0.228256
-0.448253
-0.738973
0.507157
0.708069
0.020008
-0.360496
0.027252
0.640702
-0.505045
0.100956
0.539053
0.412406
0.818258
-0.745429
0.454731
0.748074
0.093783
0.795587
-0.868726
-0.059769
0.984662
0.292342
-0.566465
-0.298967
0.287817
-0.449732
-0.036290
0.972670
0.407322
0.961345
-0.241737
-0.418799
0.979076
0.663322
-0.071926
-0.975654
0.014286
0.348905
-0.614287
0.175581
0.556775
0.482282
-0.668352
0.126690
-0.837752
0.285015
-0.733964
0.686863
-0.538039
0.159902
0.104437
0.050345
-0.059410
-0.266420
1.000000
0.229767
-0.892929
0.199143
-0.022656
-1.000000
0.309316
-0.347653
0.192284
0.716539
-0.190597
0.120401
0.148236
-0.386741
-0.512485
-0.507752
-0.360395
0.300779
-1.000000
0.275868
-0.130264
-0.839867
-0.369655
0.170151
-0.830782
0.475642
-0.780122
0.405448
0.244956
-0.232165
-0.896937
-0.340393
0.575017
0.505644
-0.749846
-0.971945
0.130138
-0.724989
-0.318640
0.085338
0.074561
-0.482546
-0.488320
-0.144724
0.494581
-0.436773
-0.587736
0.798127
0.762660
0.932963
-0.315527
-0.370320
-0.229558
0.600385
0.354145
-0.878066
0.653034
0.378079
0.388788
0.541010
-0.526257
-0.499247
0.489036
-0.788663
0.819319
