-0.235998
1.000000
-0.981865
0.315753
-0.399725
-0.911857
-0.875557
-0.835904
0.043568
0.517355
0.323643
-0.405104
1.000000
-0.615317
-0.882347
-1.000000
1.000000
-0.277404
-0.619063
-0.570990
-0.716014
0.887022
0.569732
-0.520530
-0.081914
-0.422459
0.592530
0.922425
1.000000
0.822603
0.780448
-1.000000
1.000000
-0.682582
0.743536
0.931075
-0.603630
1.000000
-0.377650
-0.244476
-0.126306
0.443645
0.360123
1.000000
-0.302044
-0.741405
0.106325
0.076419
-0.282182
0.675722
1.000000
-0.342515
-0.983995
-0.161395
-0.569849
1.000000
0.921384
-1.000000
0.867494
0.999940
-1.000000
0.429059
-0.611397
1.000000
-0.209878
0.049621
0.616054
-0.619670
0.347149
1.000000
0.497771
0.489888
0.622961
-1.000000
0.305862
0.833184
-0.004118
0.416499
1.000000
-0.347806
0.543736
-1.000000
1.000000
0.619005
-1.000000
-0.693746
0.324737
-0.422443
-1.000000
0.849303
0.650130
0.040347
0.643891
1.000000
0.777732
-0.929754
-0.043001
-0.227309
0.465872
-0.202639
-0.012012
-1.000000
0.342011
-0.844455
-0.681402
0.500398
-0.637110
0.370086
-0.045268
-0.473771
1.000000
0.939976
0.808162
0.566002
0.791663
0.394621
0.511622
-0.302567
0.263348
0.514522
0.745190
-0.499805
0.759345
0.431605
-0.869643
0.378867
0.322969
-0.108266
0.021590
1.000000
-0.289861
0.876895
1.000000
-0.031126
-0.287958
0.227554
-1.000000
-0.456469
-0.429278
-0.763201
0.421964
-0.045426
-0.393087
-0.072703
-1.000000
-0.522993
-0.159003
1.000000
1.000000
-0.790739
1.000000
1.000000
-0.619515
-0.446530
0.648020
-0.868506
0.354164
-0.448175
-0.496553
0.088830
0.725911
0.883910
1.000000
0.629283
0.156044
-0.172495
-0.148838
0.074185
-0.993882
0.017833
-0.658387
1.000000
-0.307310
-0.863857
0.291015
0.617795
0.377020
0.215985
0.238495
0.329520
-1.000000
-0.449742
-0.979170
-0.293598
-0.595138
1.000000
1.000000
-0.780406
-0.298335
-0.835842
-0.301145
-0.113636
-1.000000
-0.419168
-0.451656
0.691754
0.448542
-0.700793
0.272210
0.849107
0.005472
0.732078
-0.302820
1.000000
-0.992222
-1.000000
-0.073956
-0.556981
0.770106
-0.097905
0.987933
0.619836
0.230760
0.907006
0.813789
0.168022
-0.403950
-0.634948
0.847538
-0.640355
-0.210475
1.000000
-1.000000
0.048521
-0.468885
-0.017074
-0.334113
-0.325716
-1.000000
-0.852792
-0.442236
0.635355
-1.000000
0.961268
0.281589
-0.477387
-1.000000
0.640283
-0.307206
-0.144045
-0.912583
-0.479928
0.842916
-0.110564
-0.230772
0.667520
1.000000
-0.788966
0.060399
0.540998
-0.230704
-1.000000
0.403249
-0.695522
-0.548481
-1.000000
0.925232
-1.000000
1.000000
-0.726480
-0.412841
-0.956701
-0.686809
0.615164
-0.069942
