-0.144656
-0.453104
-0.716651
0.034070
-0.514084
1.000000
-0.946360
-0.289868
-0.127206
0.040143
0.014718
-0.216555
0.650752
1.000000
1.000000
1.000000
0.672067
1.000000
-0.902770
1.000000
1.000000
0.877372
-0.874266
-0.359853
1.000000
0.978205
0.134381
-0.716905
1.000000
-0.918197
0.032680
-0.891936
-1.000000
0.836853
-1.000000
0.103438
-0.133182
0.627123
0.764159
-0.859531
1.000000
-0.289338
0.147357
0.101610
-0.803017
1.000000
-0.211454
-0.521507
0.978888
0.672157
0.932744
-1.000000
1.000000
0.261888
-0.184585
0.751348
-0.088924
0.804671
0.077776
0.480707
0.781364
-0.033253
-0.183628
-0.225666
0.647300
-0.572121
0.510319
-0.425246
-1.000000
1.000000
1.000000
1.000000
0.922636
0.132796
-0.916898
0.926991
0.973882
-0.569729
0.944850
0.249167
0.105958
-0.482951
-0.660655
0.106818
0.736539
-0.533527
0.347754
-0.133013
-0.619368
1.000000
-0.809243
-1.000000
-0.434418
-0.162029
0.075028
0.285893
-0.823246
-0.657817
0.662222
0.985695
0.165693
0.149399
0.498462
0.115893
-0.185333
0.458361
-0.693933
-0.128632
-0.514849
1.000000
-0.105515
-0.619461
-1.000000
-1.000000
0.929776
-1.000000
-0.475255
0.280048
1.000000
1.000000
0.982385
0.347004
1.000000
-1.000000
0.377516
0.581325
1.000000
-0.146459
-0.307784
-0.805989
1.000000
-0.105339
0.267909
0.612080
0.974042
1.000000
0.459636
1.000000
-0.013710
-0.625169
0.484047
0.069857
0.973837
0.427818
0.653790
-0.151170
0.730985
1.000000
-0.862087
-1.000000
1.000000
0.584610
-0.989262
0.407571
0.697773
0.033850
-0.158764
-0.823739
1.000000
0.415496
-0.840218
0.461919
1.000000
-0.345087
0.203637
1.000000
0.654954
0.390343
-0.388893
-1.000000
1.000000
-1.000000
0.201167
1.000000
0.162630
0.665606
-0.883641
0.013718
0.170773
0.161539
0.138137
-0.217693
0.133666
0.702383
0.737872
-1.000000
0.960705
-0.624180
0.230939
-0.925626
-1.000000
-0.307456
-1.000000
-0.634963
-0.575153
0.875783
1.000000
-0.248473
0.694306
1.000000
-0.544050
-0.452815
0.765901
1.000000
-1.000000
0.268874
-0.192461
1.000000
0.352541
0.171880
0.821971
1.000000
-1.000000
0.617186
-0.049761
0.477329
-0.311050
0.846470
1.000000
0.905313
-0.250299
0.841037
1.000000
-1.000000
0.675494
-0.287586
0.527072
-0.280963
0.949139
-1.000000
0.317877
-1.000000
-1.000000
1.000000
0.142552
1.000000
-0.192847
-0.109907
0.247055
-0.691315
-1.000000
0.855790
0.376303
-0.255702
0.859454
-0.448148
-0.809679
0.954461
0.080056
0.416070
-0.946515
-0.640783
-0.850172
-0.174217
0.186821
-0.586878
-0.239152
0.754036
0.596987
-1.000000
-0.103488
0.356853
0.740663
0.094382
0.846148
