0.385948
0.438494
0.695386
-0.169243
-0.363107
0.045787
-0.015749
0.711254
0.708476
-0.667654
-0.278577
0.882930
-1.000000
0.932287
-0.485199
-0.380135
-0.063916
-0.280647
0.837961
-0.762570
-0.106735
-0.430709
-0.345038
0.204407
-0.961767
-0.437058
0.287069
0.680091
-0.445401
-0.600787
0.403952
-1.000000
-0.629647
-0.732576
0.375623
-0.774720
0.241066
0.289371
0.174246
0.067401
-0.504162
-0.394333
-0.338272
-0.516577
0.481895
0.814283
-0.395649
-0.860550
0.099120
-0.863629
-0.806059
-0.161379
-0.529067
-0.963671
0.950120
-0.907710
0.959149
0.119088
-0.540972
-0.623723
0.412502
0.649602
0.045504
-0.281226
0.237595
0.699277
-0.239153
-0.111520
-0.929038
-0.947837
0.704454
-0.729645
-0.510745
0.348721
-0.632118
-0.170950
0.364338
-0.341796
-0.355494
-0.502324
-0.918970
0.963712
-0.733332
0.829974
-0.302922
-0.371325
0.084849
0.826297
-0.731884
0.941449
-0.229608
-0.640837
0.974143
0.524200
0.411335
0.338409
-0.198212
0.239377
-0.640161
-0.705201
-0.552349
-0.180858
-0.174850
0.184360
0.810646
-0.753878
0.386801
-0.229056
-0.550180
-0.684093
0.842814
-0.556399
-0.919194
0.598367
0.656797
0.745290
-0.743222
0.779808
-0.940720
-0.762939
-0.626270
0.176871
0.218610
-0.521169
-0.373750
-0.001371
0.405225
0.904447
-0.301643
-0.700757
0.193661
0.674972
-1.000000
-0.288466
0.446406
0.711933
-0.013340
0.268322
-0.639010
0.676457
-0.193077
-0.891339
0.338907
-0.115432
0.171383
-0.536822
0.897450
-0.194369
0.158720
-0.377999
-0.989872
-0.726859
0.201755
-0.149441
1.000000
0.372179
-0.893910
-0.524358
-1.000000
-0.998663
0.959789
0.417227
0.730527
-0.109485
0.870902
0.292686
-0.847898
-0.222522
-0.156216
0.328890
0.996477
0.691716
-0.261155
0.344830
0.550467
-0.662764
0.892555
0.570379
0.936728
0.414181
-0.019616
-0.487750
-0.192155
-0.672267
0.483962
0.581310
0.448528
-0.295087
-0.624776
0.831697
0.244120
0.575492
0.677757
1.000000
-0.633350
-0.774339
-0.572433
0.541602
0.160474
0.454032
0.907186
0.890624
0.672524
0.835658
0.182581
-0.669374
-0.345898
0.819398
-0.023141
0.720031
-0.625505
0.613521
0.753260
0.916892
0.857479
0.445858
0.786497
-0.317886
0.630847
-0.051294
0.934959
0.803504
0.154813
0.440792
0.570564
-0.265338
0.590153
0.520909
0.705088
0.187109
-0.472871
0.384083
-0.787211
-0.578341
0.784755
1.000000
1.000000
0.749212
-0.335052
-0.550182
-0.882653
0.129559
0.204009
-0.036843
0.609459
0.540845
0.057638
0.977307
0.386247
0.909070
-1.000000
-0.880017
-0.149309
0.997444
-0.497365
0.779282
0.388304
0.060716
0.017648
0.405357
0.137145
-0.051866
-0.351239
0.200326
0.605074
