-6.215908703643724387e-02
6.887795385972044215e-01
-8.676233983123540217e-01
8.612143707201149745e-01
-2.412728691960752681e-02
4.645273375571425944e-01
5.475442002631587535e-01
-5.204257667721359226e-01
-2.057346106730952862e-01
3.477608973042508600e-01
7.729895904080119617e-01
-5.278869061870055113e-01
6.071782193140248252e-01
3.814606330204874940e-01
5.030822516054593851e-01
-3.440633962980661487e-01
2.745491294421781303e-01
-6.342820639126012239e-02
-5.143248762092293980e-01
2.679950960048502751e-01
-7.509702546972096826e-01
-1.887121752348088766e-01
3.477614490760396748e-01
5.678113095651519115e-01
-6.079538178745995669e-01
8.364138676764731883e-02
-6.510627629679586192e-01
3.862688128580751279e-01
-7.412589948892507330e-01
2.839601805746760910e-02
7.940856312818567186e-01
-1.267247772114719617e-01
-4.845716474672290275e-01
-9.263198624283722205e-02
-9.845165744908210836e-01
-8.506693330164596389e-01
-7.076739430884075865e-01
-7.224150618443274663e-01
-3.089848494387510414e-01
2.161057755258457558e-01
-8.595292810054999677e-03
-2.560766523355326729e-01
-9.308222499454674725e-01
-3.886103321059379834e-01
7.340421603455986599e-01
-2.358876019296700655e-01
-8.950170208380887615e-01
-1.745375621039624292e-01
-8.595271925813554592e-01
6.714926164368899553e-01
-2.278497435803116811e-01
9.027328083613666010e-01
1.281334202932293831e-01
9.804126313972838513e-01
-2.738332870718868106e-01
3.844638759076448586e-01
-6.429471975579112986e-01
-6.077063318491922050e-01
9.054040237243694556e-01
-9.259333736912789270e-01
-1.736407540701527807e-01
8.124494900171903566e-01
-1.479478931187518942e-01
7.758077005797670012e-01
5.554979376734237029e-01
-3.244650571294900310e-01
1.000000000000000000e+00
-3.060582839795631394e-01
-1.016860614353107817e-01
-2.973245002381841862e-01
-8.747266701620166618e-01
-2.818524471573864432e-01
1.625037204416999170e-01
-2.412469745997838366e-01
9.312968168789836909e-01
4.824593742315586020e-01
-5.140782315914245171e-01
5.284597899683514122e-01
-8.768444283641623205e-01
-5.489661762457520577e-01
-2.701830196574086518e-01
-6.643002978533805170e-01
-7.946481872195103602e-01
6.531970408421565732e-01
-9.164932321630463452e-01
8.037362121236283352e-01
8.705617902877198500e-01
2.439289758914731099e-01
8.957381772029040512e-01
6.828950740142494258e-01
-7.318200780281109985e-01
-3.817070366343853216e-01
-3.493913510100157271e-01
-8.136443754192919098e-01
-9.580035070013146470e-01
4.532794887249982363e-01
-1.584158847057866026e-01
-6.470286975910677363e-01
-2.051176600859017096e-01
1.421326128181656934e-01
5.420286916971344127e-01
-6.189646392127234886e-02
2.451311920321832538e-01
-9.092291346715140055e-01
1.052669879450235102e-01
-4.566510595703264785e-01
9.749475137132348479e-01
3.375477630998764411e-01
-2.099497726490209271e-01
-6.136274916795254608e-01
1.859746895863019223e-01
-1.405673386027939120e-01
-7.573939020273878775e-01
8.910895667515943419e-01
8.901364689999720081e-01
-3.313911521047818720e-01
-7.928393616084472573e-01
-5.229707829547325382e-02
-5.653711732476773832e-02
-4.433605347269575780e-01
-5.339881064689819823e-01
6.069696804198980722e-01
8.703954269918615649e-01
-3.865694963577639975e-02
-5.225731521579954908e-01
2.646730266579826463e-01
8.774328185561914850e-01
-4.417260794320801987e-01
-9.162925341753782593e-01
-1.474480110958645007e-01
5.594312589936196733e-01
-9.355554058798865036e-02
2.520546310346620245e-01
-5.430524212429170827e-01
5.564220790386884552e-01
-4.759763324637200643e-01
-7.784541143383343353e-01
3.920936742426397448e-01
1.470717435318389388e-01
7.447141797634344584e-01
-1.885219702791252061e-02
-5.231124277618892648e-02
-2.620577444474876394e-01
-4.224058510089030438e-01
-3.262936506103792933e-01
2.503104677589229610e-02
6.439323264259737556e-01
-4.119836457692456211e-01
-4.707884065720446820e-02
-1.546583749859965495e-01
-7.799908507849004913e-01
5.242263559568589582e-01
-8.498886246983081705e-01
9.555914681000829969e-01
-5.717084793044089341e-01
-1.557656139918475735e-01
2.934111497983400429e-01
2.985909108850699489e-01
-4.073669728091071640e-01
9.206933049862084939e-01
-8.673027466248721673e-01
-1.490538780931531804e-01
9.549629279062283871e-01
9.610512216448838796e-01
7.136734322291711230e-01
-9.276348184460321278e-01
1.000000000000000000e+00
-1.193959954840222437e-01
-1.047794565349642326e-01
-7.193085045544900247e-02
4.715612670845270582e-01
-4.283439553755790108e-01
3.943452218438614487e-01
-4.382277431409784541e-01
-9.312472807470482117e-01
-2.334300510547124841e-01
2.458029504855763214e-01
-8.163086833375692297e-01
-8.958642975465969105e-01
-1.000000000000000000e+00
-3.382579826680534585e-02
5.629341488165496843e-01
-4.581807100174679626e-01
-8.630921788288291596e-01
8.875398047326761297e-01
-2.594382548129403609e-01
3.234061137282551179e-01
-1.702467847719055793e-01
-5.703078014698417242e-01
9.258163430996333432e-01
8.110849422734547343e-01
-3.121633579520879387e-01
8.222654756336267301e-01
6.257643821045173471e-01
5.841916341866204565e-01
6.899630442429072197e-02
6.199566165875671775e-01
5.845609570428518253e-01
-3.566913448723156854e-01
-6.470036704944439609e-01
-3.064327008835145971e-01
-8.404076269450375669e-01
5.312542766372863046e-01
-4.900904309050331253e-01
-7.160200638413067864e-01
5.130714495560833033e-01
-4.077907518660739417e-01
-2.596220815026486495e-01
7.282859880679746212e-01
-1.762507346758539484e-01
3.413893704224624237e-02
-6.300382316042580921e-01
4.633038110161271650e-01
9.173495891534109159e-01
-5.591466307430084104e-01
5.819259217127026318e-01
-2.292863665598204870e-01
-5.115574631510719783e-01
-2.410696530540357152e-01
6.663332836533681913e-01
-7.373804548494884425e-01
-3.482312553968238689e-01
8.904629834160531221e-01
-7.928612166761199731e-01
-8.899133766260531875e-01
-7.924993211867212839e-01
9.262377041555562851e-01
3.666954755142985967e-01
-9.034126847310952613e-01
3.934792204439641061e-01
-9.052384485498965461e-01
1.198731099267684730e-01
3.515223058721634875e-01
-4.018695437418706717e-01
1.616553545963794747e-03
-5.201486463255939885e-01
3.694852068070155759e-01
-1.148850875277271921e-01
-1.004074841389979156e-02
4.305379648564214845e-01
-4.237397705256884528e-02
-2.088830061175814823e-01
-3.199678976780657713e-01
6.339097970362386203e-01
7.280173849691686794e-01
3.109101583869655627e-01
-9.159679601477521693e-02
3.380193365212103007e-01
-1.532318580953895282e-01
7.793357562615199630e-01
-5.684552081110043620e-01
5.137953451147365680e-01
-3.367274308036094510e-01
6.197673480189094253e-01
5.094581351565958816e-01
-9.484229995162363203e-01
6.330032759729038450e-01
4.223862348757951857e-01
8.021954801125588119e-01
5.374280874988728307e-01
-1.443188861723700978e-01
2.098125576917053703e-01
-5.253874781959650964e-01
9.585931312507962598e-01
-3.169595443194892503e-01
