1.122602483733516898e-01
1.201207627618414708e-01
2.814266190471724216e-01
1.828896488875308979e-01
8.847416387820902228e-01
-1.625096071245875073e-01
-6.912233980922380949e-01
6.967261102444464171e-01
-3.317549411801508086e-01
-3.739993090936046261e-01
-5.813314993936684605e-01
5.080587531774776178e-01
4.000718242057061946e-01
4.033263293271098782e-01
3.411468515088718068e-01
-9.325511108052735310e-01
-8.824008953644710829e-01
-3.129207938045828197e-01
1.718179190657407318e-01
8.828462931254341672e-01
-8.913732227006756492e-01
-7.555583243021624096e-01
1.000000000000000000e+00
4.906395958685849656e-02
6.520928000244328171e-01
6.640958634601257238e-02
-9.499560460944367346e-02
3.989972766137706017e-02
3.303169136615902168e-01
-8.697939544756869701e-01
-1.000000000000000000e+00
4.484511820140582028e-01
-7.934330932738744568e-01
-1.965235473713966563e-02
3.657290096418348568e-01
6.358489103698372613e-01
-3.825089887806669697e-01
5.795955521326825455e-01
-8.164628632209882664e-01
-8.910696790312460092e-01
-6.629595274546187245e-01
-7.355153532629985502e-01
2.694604910552251820e-01
-6.484685209419323026e-01
2.842090773906381096e-01
-8.711318767606557323e-01
5.431459845908900297e-01
-7.283780400346924200e-01
7.410629245328852477e-01
1.380372375807984164e-01
-2.857541530533342922e-01
-4.336260637777100690e-02
8.771054029602709523e-01
-1.411186839487086342e-01
-1.067899209900713409e-02
-1.092609840222660278e-01
-2.203827231537046072e-01
9.469037475776639345e-01
-2.491472820200983929e-01
5.826872951829202840e-01
7.098632407605072192e-01
3.088412189352820469e-01
8.436270416556801433e-01
5.082841315816333250e-01
6.791726293883195709e-01
2.270469696224659550e-01
5.328607787897077230e-01
-1.015745206512821408e-01
7.423484223611438448e-01
-7.347231368106528215e-01
1.051592536669331279e-01
2.571969105391699317e-01
2.863746356613039445e-01
6.524707866076377982e-01
-6.804390735391947498e-01
5.104277747827578038e-01
2.106027282677989110e-01
-9.499239774571339723e-01
4.403016254459524159e-01
-1.000000000000000000e+00
2.188952677554355519e-01
8.950448889148642229e-01
4.857837525786230515e-01
-8.784147926479202173e-01
5.322532963281114693e-01
-6.582841039569031771e-02
-8.911643186032902619e-01
3.891005791186875618e-01
-5.814079971884922315e-02
7.203348193385681331e-01
-4.953763081297493098e-01
2.468031259620098172e-01
-7.999200472275185270e-01
1.502697542839766809e-01
1.276100441749632441e-01
-4.257338889245261271e-01
-6.469131754860821815e-01
-9.211049760665541708e-01
8.820235302023156088e-01
-5.478457578871105405e-01
6.008860161095548325e-01
4.956688748420924884e-01
-2.572269200691925661e-01
1.965994275156892623e-01
-9.246618087565148247e-01
-7.763710826937422205e-01
8.869537307597661346e-01
5.639705115927284851e-02
9.192570004010515161e-01
-6.736742315333943409e-02
5.574669439125177206e-01
-7.560161194861747536e-01
4.891820649477405247e-01
-3.628178700791930833e-01
-4.098233534337123452e-01
6.161022228791290800e-01
1.598617386432119591e-01
-1.000000000000000000e+00
-7.131071077819206572e-01
-9.162692492320103632e-01
-8.850195902291095873e-01
6.539868027835780140e-01
1.818154113803194249e-01
5.588778085976202625e-01
-8.942318028039490940e-01
-3.889242903069134449e-02
-1.041450064940667719e-01
1.904506049387926225e-01
-1.845768337234510170e-02
-2.191671520892723990e-02
1.608511902748199773e-01
-1.000000000000000000e+00
1.420543540223475620e-01
1.668800393313807362e-02
-2.824180222050975964e-02
-2.672365790050819090e-01
-3.148456219699711234e-01
-9.016229742265375879e-01
6.963753870741742347e-01
3.189028433081868563e-01
-8.351732857849489822e-01
-6.037411206349863058e-02
-8.863381309775639760e-01
-5.658137570829127050e-01
-3.782891136861432635e-01
5.819685494954560667e-01
8.196875512878996073e-01
4.377093497009049150e-01
5.069691179337194598e-01
9.037762030407492375e-01
-7.227735903253331706e-01
-9.398298500854274096e-01
-1.000000000000000000e+00
-2.540315615173787539e-02
-2.949966723266264079e-01
6.157565736056178629e-01
-1.547910100132670053e-01
-2.886853207450663650e-01
-9.299756897712725401e-01
-3.921150391663692503e-01
9.824581312899682839e-01
-1.220121898028740937e-01
-6.353478246066563973e-01
-1.622892625141367784e-01
-2.897273670837914317e-01
-3.415825285411697720e-01
5.544942303392117466e-01
1.000000000000000000e+00
-8.270760431221306774e-01
5.737577965038966887e-01
-4.074723751269877514e-01
-7.826597845996192682e-01
-7.005434601375000181e-01
-3.353300269600789640e-02
3.006361863007757096e-01
-1.785623080340341673e-01
2.325079336758375526e-01
-8.641635576825752452e-01
-4.424769422950676212e-01
1.242520173415013751e-01
6.026512070011849076e-01
7.627353731364410194e-01
-9.823813744203904186e-01
1.303040318069905723e-01
-8.881883511202912640e-01
3.499681907609779041e-01
5.460358907829990921e-02
-7.104171414242870242e-01
6.487057239113966922e-01
-5.767571745394000082e-01
3.177679909896369281e-03
7.417478936622101671e-02
6.459382168006895242e-01
4.259140260729068483e-01
-9.775232228948899094e-01
-5.518582691615914193e-02
8.054374497546052947e-01
7.177724161609111420e-03
-1.022789677393605157e-01
-8.725678660273128440e-01
4.975397664733558489e-01
4.224604130753448761e-01
-1.389184443735238528e-01
1.689512678195930206e-01
3.329356036442487898e-01
-1.463491981414164478e-01
5.793454922131711093e-01
1.587711365459225088e-01
5.832081786177945038e-01
1.177719943742443487e-01
-5.788674696754809723e-01
-2.244726515242496667e-01
-9.177374600169427854e-01
-6.322715187617766741e-01
5.963624277297019383e-02
-2.568001760050908633e-01
-2.163985100724321597e-01
-8.317914797909191638e-01
-9.444942270597920242e-01
4.182291810767853057e-01
2.608986330252023311e-01
-5.561185670289201521e-01
-7.803727871246390890e-01
6.508750057900001273e-01
-8.650618768478131049e-01
-6.829444687145542758e-01
5.264226740071921151e-01
-6.831893749032713625e-01
-5.612752581792703754e-01
-7.647050835910393918e-01
-6.269247094666916542e-01
-7.643897208888683625e-01
7.508602952086007587e-01
-2.348351562780548463e-02
-8.302613233222164713e-01
7.196187735907395577e-01
5.867747309232780317e-01
4.919165966675942414e-01
9.814448014769536766e-01
2.937704278439606798e-01
5.856128934979935030e-01
-2.169588165789965162e-01
-6.507354443821844470e-02
7.033387484483082375e-01
2.678911058324007222e-01
-2.728383572399883938e-02
2.314146220475536975e-01
3.264865359287991708e-01
8.578104546583320555e-01
5.210163148960458290e-01
6.883084078455321553e-01
-8.756192494744328148e-01
3.808761580883208708e-01
2.773969940128224732e-01
5.420123037000201816e-01
-7.375299778038413301e-02
9.711630224787959342e-01
6.795128175153668515e-01
4.810255294241996271e-01
-7.018825737119165353e-01
1.000000000000000000e+00
-6.808516652079510401e-01
-9.689986383711142182e-01
2.776737116302752106e-01
2.592632084448405205e-01
