4.804058864377038773e-01
7.081001056784226311e-01
-1.000000000000000000e+00
3.732452314739399118e-02
-2.699748597352573665e-01
3.884828590110787072e-01
8.370152572130347135e-01
-3.362187183051748018e-01
-2.623771376489900664e-01
-3.725542716110863406e-01
1.223340269364285859e-01
-3.626433189055827677e-01
7.245571653237292686e-02
3.079420819996351311e-01
7.508470001901683677e-01
7.887188642248594839e-01
-3.238673859827868595e-01
2.868709455803988284e-01
-2.580873005246554497e-01
-4.792034004180112383e-01
-7.644230633318802592e-01
5.720496058173190068e-01
3.665511894219662947e-01
-3.779676528068676156e-02
1.439553103085673413e-01
-3.871083024826666996e-01
9.940574877616543681e-01
-4.468125842231589484e-01
-7.214919010373916919e-01
1.799498480095539366e-01
-8.485691487278672618e-01
-5.997844726933405646e-01
3.679875375671648463e-01
-9.822215373946125982e-01
-1.000000000000000000e+00
-9.684798063601583740e-02
2.854595143689329095e-01
7.439957417137232909e-01
-1.934541483134561979e-01
4.998050387886399659e-01
-3.133857089437519505e-02
6.145168101643423419e-01
-5.076849389914288579e-01
-3.069770227795898254e-01
-6.006645330765472135e-01
2.530231982422237458e-01
1.633838975069390465e-01
-9.260026480690466411e-01
3.979598350103443760e-01
-2.915486192233022189e-01
1.785234541667768404e-02
5.832532420753118174e-01
1.000000000000000000e+00
9.287316072195073158e-01
2.583896294790868353e-01
-2.448713801139839052e-01
-2.999765020542985994e-01
5.613784407921402764e-01
-3.333482148952892077e-01
-3.443936869586128324e-01
9.653303954490048966e-01
-1.824514257012130880e-01
7.396237813072725764e-02
-1.000000000000000000e+00
6.262188584231003219e-01
-3.245722037866038967e-02
1.236365068947404833e-01
5.840527131179649167e-01
3.609730054091575546e-02
4.572764412618508523e-01
7.338397069027540187e-01
7.933344126625225812e-01
-6.709146516986668196e-01
-6.415365392745497886e-01
-6.018410396217406255e-01
8.754372991429628659e-01
4.728141366339870810e-01
-8.309184545316339321e-01
1.317070328319984718e-01
9.428106938029343631e-01
1.956475293687214290e-01
-6.711671132929374339e-01
-9.223832165244609804e-01
8.334708955947343068e-01
-8.270173904820203870e-01
5.557685547329609399e-01
8.495212161113305793e-01
-4.962580142174681797e-01
8.773309623553990910e-01
2.850543156967635383e-01
6.329518720466942305e-01
5.550434100078789346e-01
4.597309841517986939e-01
3.481337193543643238e-02
-8.808725188883274049e-01
7.674111589844614389e-01
7.861623295087218910e-01
4.682160177295154324e-01
-4.747552062545525864e-01
1.805893446919313305e-01
2.136978363262520553e-02
-5.340375906514309712e-01
1.437682919359508649e-01
7.955372477066382508e-01
-5.242120211089986714e-01
8.189746138166940082e-01
9.773521542757531710e-01
-6.492556814238061857e-01
6.618204002194478797e-01
8.045735845193482394e-01
-5.927667769440330137e-01
7.511558619370002354e-01
3.646962799996973370e-01
-9.119026398559719748e-01
7.632142264480181737e-01
6.534086744547564773e-01
-3.657495601789497730e-01
7.130259510274978840e-01
2.866744895729467224e-01
-8.373466941417315734e-01
-6.704426374839991265e-01
3.260398066722953736e-01
-7.726001904347823412e-01
1.840989653012408134e-01
4.114575778051854371e-02
7.729545352659625834e-01
2.219833844463696693e-01
-1.877643930788741589e-01
-6.243134280521074331e-01
-8.733085494312715635e-01
-7.041151912733953910e-01
5.029415151638723103e-01
-4.591058748067109452e-01
-4.601194029977919708e-01
-8.204116438515720588e-01
-5.904734521797938562e-02
-5.668970141465876633e-01
-5.704116842323658787e-02
-6.545009118031994699e-01
-8.259098959312705102e-01
-7.515614639992849177e-01
2.263529599277420701e-01
-5.178771843500886707e-01
6.160493659847583459e-01
-2.950329806899476548e-01
4.279211730059251373e-01
6.281938077383997232e-01
1.120748345073169228e-02
7.549936700747743590e-01
1.166443829068319893e-02
5.156213908987874461e-01
-5.870754396352535487e-01
7.482793691204503439e-01
6.683349404157294948e-01
1.496908025813206145e-01
-5.973616282715221715e-01
-2.540050235749513607e-01
7.868902366023173833e-01
4.349836198986487545e-01
-9.724578122457172569e-02
-9.531650674177749583e-01
6.219891155004775296e-01
1.518010843372743501e-01
2.675597526627307987e-01
3.852045015643266179e-01
6.259220448168369977e-01
3.677959775432438905e-01
1.604274981085027640e-01
9.985441182367371660e-02
-8.031894495862790251e-01
6.087742831725484471e-02
6.171901706645210872e-02
9.110046338401687205e-01
-3.517972021764759205e-01
-6.692636665956408493e-02
-3.827460527890900188e-01
2.904925781248159922e-01
-7.283981214156267647e-01
1.554452080732682262e-01
-1.000000000000000000e+00
-8.887712035750487960e-01
6.382922631589109663e-01
7.930286024569479508e-01
7.795178691192443665e-01
-6.424868128041449911e-01
3.186100997881677888e-01
-8.580473038356850601e-01
-2.265278170264640178e-01
-5.838336879491898834e-01
-7.519481084577679386e-01
9.962893829028238724e-01
-2.770778622154594917e-01
-6.412733088407476245e-01
5.535954312331292648e-01
2.215282132372082824e-01
6.501583390538165919e-01
9.064110154430191635e-01
-8.881861248581415236e-01
8.953946463368346320e-01
7.070094839074350102e-01
3.171109480728295793e-02
2.520498156304926685e-01
-5.044329264535640789e-02
-8.353556410156968148e-01
6.286792569865391478e-01
-5.458281252132293204e-01
-2.553906116614461652e-01
-5.533920141095616252e-01
-7.874183718941811794e-01
3.637009207008219391e-01
8.592451861212759834e-01
8.796518024771005084e-01
6.514309470005055225e-01
-8.230434503157759707e-01
-2.601112286731432910e-02
5.182433170777858145e-01
-9.183236401807604032e-01
-2.110185716316288485e-01
-2.987850709995083509e-01
1.004460328199849872e-01
-4.792957913224837885e-01
1.805614258914614023e-01
-5.389078570068579488e-01
3.835164458826649803e-01
-4.256867221013695968e-01
-5.547390321489262810e-01
-7.548563232148065572e-01
7.254708833057652573e-01
-9.632828265651383060e-01
4.877097382446746732e-01
-8.293602747976337453e-01
-3.817204331095644387e-01
-5.719069751682195335e-01
9.574346297611027179e-01
-1.361913420159475141e-01
6.789917737933102160e-01
-9.493047985759093255e-01
7.429763937024665976e-01
-8.757945903561445977e-01
4.484016565858526260e-01
1.461757066691580231e-01
4.437521268282369480e-01
2.871640172239727784e-01
8.792965032974915385e-01
3.381815630926225946e-01
-9.723246085421743956e-01
-4.658114661564093373e-01
1.000000000000000000e+00
6.128874091855429640e-02
5.526060208568954746e-01
-5.477302937416945738e-01
-1.854799656225836202e-02
8.113773439437366175e-01
2.609396820093660141e-01
6.528220494063254886e-01
-5.900347704311110775e-01
-4.025803735091557645e-01
-9.913623648126822507e-01
-1.302787532900422374e-01
-5.659886913354554849e-01
-5.044938001830254759e-01
-4.636066552259787699e-01
1.341094987976410025e-02
1.000000000000000000e+00
1.168761655297065882e-01
