0.211078
-0.328003
-0.940300
0.623057
-0.494638
0.840282
-0.460309
0.691077
-0.964289
-0.536366
-0.528700
0.750209
-0.289943
0.385969
-0.448051
-0.664429
0.591322
0.919605
-0.465669
-0.681618
0.979373
-0.666447
0.346273
0.410893
0.728855
-0.185899
-0.922894
0.844525
-1.000000
0.956475
-0.483801
0.986268
0.497280
-0.065204
-0.642417
-0.639135
0.485451
-0.939159
-0.177628
0.782305
0.730125
-0.971982
-0.926705
0.938087
-0.905167
-0.137870
-0.543683
-0.771976
0.342407
0.804849
0.685139
-0.540830
0.293484
-0.090271
0.884832
-0.462132
0.402364
0.610397
-0.707110
0.419086
-1.000000
-0.811318
-0.150143
0.637351
0.347502
0.678906
-0.882553
0.919104
-0.631494
1.000000
1.000000
0.763705
0.553728
-0.011862
0.566619
0.659578
0.730256
0.813152
0.879406
-0.948588
-0.576082
0.772296
-0.271383
-0.958994
-0.290820
0.328088
-0.346010
-0.788027
0.370367
0.140323
-0.015005
0.785223
-0.892879
0.217941
0.772295
0.544204
0.971206
0.105708
1.000000
-0.160862
0.117787
0.582681
-0.484716
-0.888287
0.478894
-0.434515
0.314721
0.239267
-0.021790
0.054651
-0.206460
-0.569770
0.366760
-0.979575
-0.854180
-1.000000
0.593414
-0.812179
0.415008
0.072550
-0.008313
0.277357
0.310619
-0.532366
0.368043
-1.000000
0.340931
0.107142
-0.181557
0.339064
-0.711713
-0.676778
-0.826413
0.602094
-0.048108
0.074609
-0.826086
-0.888340
-0.381655
0.843141
-0.127115
0.204895
0.048324
-0.419197
1.000000
0.457932
-0.775823
0.989618
-0.759474
-0.052928
-0.187586
-0.655029
-0.371285
-0.138464
0.501670
0.962227
-1.000000
-0.428132
-0.645681
-0.407854
-0.211440
0.787854
-0.630442
-0.173704
0.790567
-0.400121
0.202890
-0.648262
0.473133
-0.913325
0.238491
1.000000
0.564560
-0.019127
0.418689
-0.815118
-0.997823
-0.833374
-0.489289
-0.168765
0.635942
-0.361388
0.786473
-0.526118
0.425970
-0.301324
-0.274930
-0.879626
-0.542804
0.831339
0.834169
-0.282564
0.018756
-0.037813
-0.905448
-0.378904
0.954284
1.000000
0.408040
-0.463233
-0.508203
-0.430474
-0.384844
0.404918
0.394289
-0.868791
0.247130
-0.606950
-0.419144
0.434138
0.241017
0.344217
0.419852
0.725919
1.000000
0.643627
-1.000000
0.252524
0.569396
0.250520
0.407028
0.498709
-0.342796
0.509659
-0.587099
0.285642
0.011031
1.000000
0.128935
0.727330
-0.726728
-0.288331
0.580807
-0.064717
0.370273
-0.886826
0.486664
0.755694
0.342408
0.155993
-0.818980
-0.950726
-1.000000
0.533449
-0.143246
0.633478
-0.158596
-0.510239
-0.012106
0.447694
-0.514743
-0.018528
-0.635559
0.317808
-0.307264
-0.902915
-0.336118
0.065909
-0.470837
-0.002515
0.010590
-0.024307
-0.973932
0.905354
-0.594063
