0.573084
-0.894512
0.344767
0.915438
-1.000000
0.971005
0.780869
1.000000
-0.208641
0.906383
0.494721
0.163069
-0.348010
-0.808078
-0.250749
0.395152
-1.000000
-0.869679
0.701838
0.458862
0.364779
-0.189650
0.406662
0.837716
-0.129320
-0.046922
0.234133
0.775565
-0.679241
-0.047968
-0.794735
0.850600
-0.426576
-0.245144
0.049937
-0.181378
-0.507264
0.153473
-0.371413
0.599371
-0.997825
-0.988167
0.550407
0.332401
0.215296
1.000000
0.910193
0.686405
-0.156806
-0.363686
0.675381
-0.218805
-0.833643
0.299062
-0.297603
-0.726118
0.069643
0.533630
1.000000
-0.427898
-0.450701
0.071560
-0.683670
0.370188
-0.193226
0.228306
-0.777421
0.905858
0.334702
0.334631
-0.501874
0.554302
-0.027999
0.060304
-0.009547
-0.622952
-0.116195
0.843078
-0.781496
0.342377
0.484698
-1.000000
-0.191054
0.430561
0.965387
-1.000000
-0.606230
0.409507
0.257442
-0.707544
-0.827023
0.479834
0.636744
-0.913780
-0.626817
0.382815
-0.357582
0.794743
-0.470863
0.428774
0.018141
-0.420544
-0.504226
-0.079326
0.457303
0.012831
-1.000000
-0.098357
0.351062
0.786276
-0.540640
-1.000000
0.464726
-1.000000
0.618634
-0.486606
0.368569
0.656908
-0.053127
-0.968763
-0.190922
-0.793598
-1.000000
-0.894852
-0.255642
0.893245
0.795878
-0.736389
-0.484621
0.542641
0.972618
0.420723
-0.142436
-0.534727
-0.549491
0.403885
0.362662
-0.078288
-0.452656
-0.359784
0.699978
0.067421
-0.584976
-0.086843
0.616211
-0.125929
-0.234181
0.052011
0.443198
-0.396200
0.174409
-0.703803
-0.296920
-0.095246
-0.426335
0.419093
0.424642
0.043560
0.293684
-1.000000
-0.011840
0.928421
0.225280
-0.233870
-0.048935
-0.098566
-0.566480
-0.868858
-0.124347
-0.796681
-0.188959
-0.726619
0.130088
-0.612325
-0.012042
0.686515
-0.316137
-0.490698
-1.000000
-0.743504
0.417672
-0.972772
0.279596
0.330786
0.929510
-0.431141
0.432435
0.356749
0.450225
-0.886449
0.467532
0.632956
-0.377312
0.192944
0.781676
-0.913120
-0.581732
0.584984
0.682088
-0.583622
-0.923661
0.117867
0.177148
-0.966415
-0.417532
0.271378
0.186835
0.544900
-0.417883
-0.147695
-0.872330
0.816095
0.980941
0.807896
0.085351
-0.020104
0.278192
-0.741831
-0.200134
0.270462
-0.779712
0.175159
-0.224091
-0.499748
-0.575594
0.541811
0.201917
-0.116954
-0.194493
0.531694
0.941141
1.000000
-0.858149
-0.165229
-0.097521
-0.682223
0.348590
0.939113
0.326539
-0.419959
0.681806
-0.433183
0.153019
-0.224720
0.744282
0.245590
-0.613885
-0.054419
-0.294972
0.791057
0.023389
-0.622846
0.313317
0.860556
0.415337
0.106881
0.902632
0.027230
0.552418
-1.000000
0.291345
-0.943979
0.124391
0.193541
-0.907166
