-388.000000
1.000000
-1.000000
-1.000000
-1.000000
-1.000000
82.000000
-1.000000
-1.000000
-1.000000
0.736450
0.580051
1.000000
-0.646237
-0.206818
-0.396077
0.270542
0.693646
-0.068649
-0.094661
0.225978
-0.741393
0.308239
-0.094089
0.677505
-0.648481
0.602645
-1.000000
0.276658
0.105542
1.000000
-1.000000
0.508096
-0.684879
-0.863375
-0.124587
-0.644957
0.941571
0.854248
-0.734039
-1.000000
-0.107796
1.000000
0.288042
0.635695
0.199016
0.378497
0.158114
0.356465
0.000149
-0.484992
0.603596
-0.168127
-0.444644
-0.294059
-0.425552
-0.616142
0.189051
-0.043223
-0.514003
0.630799
-0.117783
-0.433244
-0.906044
-0.545830
0.670452
0.450696
0.410960
0.663867
-0.491609
0.354310
0.598029
-0.577667
-0.650771
-0.000771
0.214361
-0.807162
-0.256513
0.392674
0.621595
0.946866
-0.319163
0.220613
0.509241
-0.827439
-0.602462
-0.427986
0.316450
-0.752828
0.596355
-0.073754
0.267953
0.230019
0.106108
-0.225649
-0.330328
0.669729
0.336426
-0.863686
0.496093
0.158675
-0.698069
-1.000000
0.175841
-1.000000
-0.312145
0.268105
-0.970664
0.568744
-0.717359
0.556191
-0.049213
-0.124177
-0.212230
-0.175241
0.824774
-0.581528
0.802535
0.232090
0.843791
-0.457447
0.887461
0.986096
0.368292
-0.155646
1.000000
0.441633
-0.170175
-0.422400
-0.017158
-0.043192
0.764692
-0.915899
0.988691
-0.861850
-0.641537
-0.621292
0.482467
0.024813
0.595289
-0.055150
-0.541895
0.121500
0.904355
-1.000000
-0.714368
0.784633
-1.000000
1.000000
0.382950
-0.920853
0.127206
-0.218903
0.445803
0.446341
0.244283
0.333781
-0.672153
0.180636
0.319574
0.087890
-0.785819
-0.527115
0.280452
0.123605
0.716531
-0.185548
0.778498
0.792357
-0.768054
-0.346864
0.140364
0.109398
-0.361271
-0.913501
0.324151
0.762351
1.000000
-0.930275
0.329061
-0.882065
0.259695
-0.841947
-0.178979
-0.845361
-0.235325
-0.347827
0.782686
1.000000
-0.508996
0.989145
-0.528382
0.649856
-0.661335
0.044065
-0.438550
-0.927146
0.129625
0.260690
-0.994615
-0.998693
-0.434884
-0.570940
0.604121
-0.243397
-0.395711
-0.175508
0.278460
-0.649253
-0.336598
-0.531825
0.055906
-0.756552
0.948622
-0.944695
0.347039
-0.796916
-0.053091
0.655274
0.283059
-0.759232
-0.039276
-0.004735
-0.026277
-0.787624
-0.741209
0.629372
-0.821902
-0.787283
-0.515971
-0.657344
0.148475
-0.504973
0.255894
-0.118931
-0.358550
-1.000000
0.034566
0.715157
0.333755
-0.081874
-0.516868
-0.155735
-0.132604
0.640546
0.439471
-0.819934
-0.447602
-0.372286
0.152315
0.655954
0.072689
0.666256
0.766041
-0.592663
-0.785949
-0.637460
0.395615
-0.776213
-0.151548
0.246802
-0.536765
0.873481
0.480594
0.765969
-0.781568
0.397901
-0.059783
0.186532
-0.911008
-0.069985
-0.658811
-0.452177
-1.000000
-0.607021
