-274.600000
0.000000
-1.000000
-1.000000
-1.000000
-1.000000
-1.000000
-1.000000
-1.000000
-1.000000
0.401050
0.604339
-0.470633
-0.886198
0.556498
1.000000
0.999221
-0.966280
-0.523060
0.008825
-0.261458
1.000000
-0.634695
0.089246
-0.372418
0.994753
-1.000000
-0.688641
-0.729896
0.568239
-0.570467
0.340155
0.725001
0.301287
0.590579
0.875068
0.346148
-1.000000
-0.074494
-1.000000
-1.000000
0.688355
0.377916
-0.822336
-0.348784
0.615874
-0.176398
-0.267865
-0.341076
1.000000
1.000000
-0.568483
-0.209780
-0.868429
-1.000000
-0.109879
0.917649
-0.047451
0.312896
-0.318166
0.740882
-1.000000
0.560780
-0.498098
-0.203021
-0.208180
-0.413755
-0.413002
0.488240
-0.916265
-0.372347
0.298438
-0.073971
-0.343886
-0.837184
-1.000000
0.793796
0.001320
-0.908265
-0.748992
0.882774
-0.188846
0.074848
0.028171
-1.000000
-0.086907
0.053168
0.825396
0.307320
-0.272464
-0.499380
0.924663
-0.876305
0.873838
-0.549363
0.484781
0.545527
0.351845
0.152294
0.522451
-0.051700
-0.773741
-0.353266
0.478739
1.000000
0.208940
0.650312
0.757158
0.673685
0.722708
-1.000000
0.472073
0.025007
0.314014
0.841074
0.181282
0.066357
-0.330377
-0.613378
-0.112145
1.000000
-1.000000
-0.858882
-1.000000
1.000000
-1.000000
-0.027793
0.388800
0.376506
0.398175
0.401520
-1.000000
1.000000
1.000000
0.122944
0.740320
0.530208
-0.184170
-0.202201
-0.499508
-0.311140
-0.291737
-1.000000
-0.549785
0.618868
-0.411415
0.596266
-0.075919
0.717881
-0.063309
0.641582
-0.023167
1.000000
-0.589271
-0.883244
-0.646574
0.987521
-0.104860
-0.648047
-0.807757
-0.265164
0.478261
-0.996683
0.728177
0.204648
1.000000
-0.393489
0.486616
-1.000000
-0.924863
-1.000000
-0.045755
-0.536732
0.597445
0.694103
0.352763
0.188866
0.705486
0.853165
0.073682
-0.601314
-0.018922
0.695554
0.018259
-0.622719
-0.111646
-0.326770
0.333629
-0.266501
-0.825697
1.000000
-1.000000
0.087509
0.085067
-0.568311
0.550960
-1.000000
0.759126
-0.400052
-0.551803
0.260772
0.109506
0.655813
-0.185274
0.215393
-0.694860
0.383198
0.214932
-0.703984
-1.000000
-0.157616
0.446828
1.000000
0.617215
0.543913
-1.000000
-1.000000
-0.236814
-1.000000
-0.751486
-0.187149
0.010176
0.672802
-0.010818
0.405773
-0.584817
0.140707
1.000000
1.000000
-0.324681
-0.433810
0.854328
1.000000
-1.000000
1.000000
-0.735273
-0.681039
-1.000000
0.409228
-0.133315
0.306516
-0.173814
0.439259
1.000000
0.136381
-0.741242
0.745343
0.155851
-0.825928
0.675778
-1.000000
-0.328700
-1.000000
0.401693
-0.394500
-0.276188
-0.315276
1.000000
0.901947
-0.110707
-0.380287
-0.424841
0.678685
0.550799
-1.000000
-0.430098
-0.812401
-0.501977
0.304540
0.631770
1.000000
0.429969
0.683669
0.301021
0.567394
