-0.513375
0.615549
-1.000000
-0.631567
-0.862625
-0.046225
-0.744308
0.272692
-0.244806
0.779646
0.099297
-0.627067
0.886800
1.000000
-0.256106
0.263225
-0.945028
1.000000
0.187300
0.820862
-0.724200
1.000000
-0.408006
-0.062699
0.870511
-0.318809
1.000000
0.342405
0.395116
-1.000000
-0.077160
-0.747346
0.364889
0.684450
0.148209
0.219963
0.816939
-1.000000
-0.141208
0.570740
-1.000000
-1.000000
-1.000000
0.762469
1.000000
0.418573
0.359977
-0.052505
0.418738
1.000000
0.743042
-1.000000
1.000000
-0.202305
0.675045
0.648210
-1.000000
1.000000
-0.232288
0.536058
0.820176
-0.027615
-0.318314
-0.513296
0.667171
-0.151373
-0.194206
-0.316102
-0.003351
-0.620942
1.000000
-0.177563
0.788536
-1.000000
-0.212627
-0.322034
0.790944
0.563928
1.000000
-0.603146
-1.000000
-0.046630
0.090336
0.162652
-0.279367
0.292185
-0.487173
0.746049
0.253289
0.424483
0.349806
-1.000000
-0.154049
0.796992
0.211905
0.234434
-0.683131
1.000000
0.820337
1.000000
-0.190123
0.012194
0.720637
-0.235271
-0.424644
0.197510
-0.224614
0.042665
1.000000
0.023832
0.330569
0.604623
-0.829757
0.561598
0.429533
-0.759294
0.818113
0.060758
-0.213370
-1.000000
-1.000000
0.166062
-0.728038
0.920797
0.432705
0.183266
0.436641
0.388920
0.724710
0.165041
0.701980
0.707380
-1.000000
0.696373
-0.698456
0.263747
0.260809
-1.000000
0.162206
0.391941
0.352383
1.000000
0.894602
-1.000000
-0.000790
1.000000
1.000000
1.000000
0.391495
-0.033392
-0.588140
-0.842578
0.131826
0.099720
0.990396
0.388232
0.061581
-0.649195
0.214984
1.000000
-0.541558
-0.375275
0.592145
1.000000
-0.713949
1.000000
-0.129570
0.313031
0.361118
-0.438317
-0.121476
0.737379
0.311241
0.558683
-0.526388
0.392745
0.030312
0.886407
1.000000
0.263767
0.284309
-0.364677
0.319874
-0.665796
0.391538
-0.582740
1.000000
-0.978005
0.042234
0.964061
-0.450176
0.904635
0.867761
0.677644
1.000000
-0.416319
-0.226000
0.459259
-0.522282
-0.638555
-1.000000
0.837730
0.016449
0.025666
-1.000000
0.434756
-0.116721
-0.476952
-0.988483
-0.406668
1.000000
0.836516
0.347303
0.412813
1.000000
-0.069710
0.287151
-0.268579
0.024440
-0.317911
0.483873
-1.000000
-0.582110
-0.107878
0.151129
-1.000000
0.421392
0.771467
0.537760
-0.606983
-0.916426
0.797298
1.000000
0.666327
-0.618943
-1.000000
0.740196
-0.488193
0.195503
0.808648
0.405275
0.796884
-0.201049
-0.477419
0.570930
-1.000000
-0.419672
1.000000
0.814169
-0.214822
0.236916
-0.974375
-0.784394
-0.506242
0.428989
0.549607
0.531713
0.091143
0.190421
0.092292
-0.009542
-0.265505
0.486228
-0.632701
0.611897
