0.082116
0.117920
0.641847
0.309874
-0.534798
0.198543
1.000000
0.434448
-0.013105
1.000000
0.040196
-0.800070
-1.000000
-0.768596
0.138552
1.000000
-0.421939
0.303541
-0.266730
-0.990340
0.051320
-0.013145
1.000000
-0.266849
1.000000
0.323570
-1.000000
-0.495988
-0.100973
-0.076089
0.277594
0.152824
-0.893242
-1.000000
0.543869
-0.126126
0.324569
-0.179434
-0.378384
0.511928
-0.795764
-0.945323
0.006865
-0.574995
0.090221
-1.000000
-0.054645
0.503357
1.000000
-1.000000
0.762136
-0.688759
0.563445
0.597217
0.911802
0.211072
0.675355
0.685833
-0.645907
0.328751
-1.000000
0.205456
-0.411371
-0.665980
0.495226
0.588502
-0.328579
1.000000
-1.000000
-0.608413
-0.411373
0.165579
-1.000000
-1.000000
0.813478
0.004057
1.000000
0.828271
0.220800
1.000000
1.000000
0.771328
-1.000000
-0.092861
0.261408
0.110097
0.197539
0.665478
-0.683011
1.000000
0.301423
0.671793
-0.331186
1.000000
0.078515
-0.352655
-0.719445
1.000000
-0.911615
-0.874638
0.311226
-1.000000
-0.750227
0.231885
-1.000000
0.317580
-1.000000
-1.000000
0.177862
0.396897
1.000000
-1.000000
0.531931
-1.000000
-1.000000
-0.803279
-0.723101
-0.158040
0.429914
1.000000
0.409455
-1.000000
-1.000000
-1.000000
-0.145660
-1.000000
-0.137338
1.000000
1.000000
-0.288168
0.281429
0.454734
0.206488
-0.349806
0.229781
0.253492
0.249279
0.647014
-0.128299
-1.000000
1.000000
-0.923937
1.000000
-0.881551
0.298959
0.991518
0.755277
0.946111
-0.733962
-0.275382
0.138812
-1.000000
0.821068
-0.779677
-0.044699
0.091825
-0.662656
0.708227
0.114944
0.537204
-0.394411
-1.000000
-0.676361
1.000000
-1.000000
0.946480
-0.396267
-0.750936
-0.285645
-0.621267
-0.724455
0.973670
-0.844737
0.522990
-0.028871
-0.914549
0.564549
-0.158941
-0.828766
0.388602
0.596075
0.195398
-0.624664
0.996968
-0.220609
-1.000000
-1.000000
0.753598
-0.309590
-0.893177
-0.693781
0.213644
0.054034
0.848696
0.714593
0.511394
-0.267612
-1.000000
-0.515742
-0.888414
-1.000000
-0.074097
-0.228966
-0.277472
1.000000
0.664351
0.572369
0.705966
-0.278630
0.517630
-0.849861
-0.222970
1.000000
-0.487257
0.863018
-1.000000
-0.324380
-0.504202
1.000000
1.000000
-0.072678
0.638701
0.034948
0.366674
-0.193348
-0.315440
-0.461457
1.000000
-0.389490
0.214793
-0.000897
-0.844130
1.000000
-0.604912
-1.000000
0.016685
0.926154
-0.186893
0.146701
0.763050
-0.233269
0.269723
0.544598
-0.468096
0.555388
-0.917515
-0.527300
-0.537546
0.295349
0.103907
0.267444
-0.536982
0.104027
0.204176
0.608360
-0.435855
0.205650
-0.265878
-0.536332
-1.000000
1.000000
0.461412
0.228405
0.349071
1.000000
