0.532878
0.733250
-0.539020
0.455916
-0.394991
0.315068
0.052550
0.528698
-0.273096
0.338473
-0.267427
0.660711
0.357814
0.287251
0.532246
0.917336
0.817708
0.816339
0.194883
-0.612204
0.963531
0.414589
0.782985
-0.251059
-0.118667
-0.866225
-0.534969
-0.245825
0.130893
0.795695
-0.271683
0.503460
0.145608
-0.978201
0.555712
0.461050
-0.508189
-0.263174
0.627312
0.401011
-0.136922
-0.479325
0.869276
-0.053727
0.365140
-0.696103
-0.768649
0.688258
-0.169656
-0.846420
0.351679
0.238924
-0.346575
0.818966
0.128943
-0.655875
-0.190014
-0.704682
1.000000
-0.334573
0.492186
0.972883
-0.345154
0.505829
0.265321
0.495747
-0.523157
-0.699958
-0.132957
-0.915437
-0.244593
0.210805
0.789383
-0.967182
0.290680
-0.181250
0.995584
0.282262
0.801064
-0.237079
0.160082
-0.776907
0.719950
0.551866
0.868684
1.000000
-0.108516
-0.091462
-0.986307
-0.204889
-0.512850
-0.852856
0.469492
0.908838
0.639372
-0.366476
-0.253082
-0.027356
-0.033571
0.736948
0.132721
0.114024
-0.376381
-0.591430
0.625062
-0.780416
-0.071403
0.927866
-0.739533
0.362694
-0.131765
0.984318
0.948731
-0.639268
-0.334052
-1.000000
0.521539
-0.347557
-0.633953
-0.144731
0.980488
-0.849418
-0.935726
0.800887
-0.751466
0.289443
-0.511055
-0.062124
-0.363454
-0.691492
0.695574
1.000000
-0.876612
0.568122
0.167352
0.563546
-0.979670
-0.493095
0.011240
0.732866
0.488627
0.845290
-0.476412
-0.262179
-0.245413
-0.819892
-0.292051
-0.270594
0.100245
0.299314
-0.834843
0.004271
0.398843
-0.153665
-0.788839
0.963385
0.630534
0.215314
0.568805
-0.791146
1.000000
-0.954240
0.570050
0.607324
1.000000
-0.919999
-0.928202
0.968968
-0.982024
0.500703
-0.407386
0.376744
0.383682
0.231600
0.916797
-0.560310
0.600245
0.071323
0.191165
-0.005938
-0.403248
-0.295001
0.336415
-0.298971
-0.270022
0.719814
0.636421
-0.405691
-0.448905
-0.614835
0.818399
-0.419269
-0.325378
-0.327113
-0.863344
0.197475
-0.070478
0.733597
-0.197404
-0.120291
0.337305
0.703123
0.057340
0.936374
-0.390762
0.285199
-0.880483
-0.043622
-0.990693
-0.013702
-0.313672
-0.298350
-0.809616
0.161902
0.175871
0.100199
0.895550
0.366680
0.835957
0.200331
0.211930
0.310498
-0.082294
-0.484335
0.597097
0.223170
-0.271254
-0.841243
0.499068
0.313519
-0.806513
-0.838546
0.598272
0.416682
-0.760517
-0.945056
0.707285
0.768758
-0.669803
-0.759428
-0.896423
-0.049079
0.259751
-0.851565
-0.888909
-0.699578
-0.336748
-0.174829
0.066120
0.765743
0.910632
-0.128093
-0.134144
0.871136
0.884939
-0.180894
-0.923991
0.121272
0.712402
-0.910493
0.395668
-0.969604
0.195980
0.626852
0.151481
