-0.166052
-0.157308
-0.715028
-1.000000
0.647512
-0.293687
0.292006
-1.000000
0.101160
0.327327
-1.000000
-1.000000
0.614176
1.000000
0.759333
-1.000000
-0.409507
0.253008
-0.581229
-0.336402
0.552908
-1.000000
-0.273396
1.000000
0.633704
-0.522738
0.163755
-1.000000
1.000000
-0.303486
-0.092437
0.003582
-0.934896
0.992841
0.195101
0.122664
-0.778124
0.717183
-0.017928
-0.704397
-0.446388
-0.717528
0.499462
-0.939149
-0.309308
0.552400
-1.000000
0.042726
0.312467
-0.639190
0.428938
-0.768782
-0.619864
1.000000
-0.140002
0.378893
-1.000000
-1.000000
-0.418349
-0.370962
-0.923490
-0.229372
-0.954395
1.000000
-0.387154
0.371999
-0.380784
-0.388087
-0.754160
0.170385
-0.147262
0.500078
0.330135
-0.373391
0.802896
0.263298
-0.349896
0.020802
-0.630504
-0.723363
-0.066781
-0.383035
0.618341
0.244729
-0.355343
-0.102024
-1.000000
-1.000000
0.166752
1.000000
0.462023
-0.756250
-0.087547
-0.142440
0.417899
-0.072875
-1.000000
0.569734
-0.916926
-0.159128
-0.893001
-0.479051
-0.762797
1.000000
0.540643
-1.000000
0.715221
-1.000000
0.187182
-0.492855
-0.305328
0.910882
0.374535
-0.132062
-1.000000
0.589468
-0.905479
-1.000000
0.319048
0.146637
-0.186950
-0.437205
-1.000000
0.487182
-0.842669
-0.777710
-1.000000
-0.938240
-0.059465
-0.834380
-0.494126
-0.348559
-1.000000
0.102747
0.699780
0.662626
-0.273998
-0.336235
0.406804
-0.183201
-0.285377
-0.604563
0.058516
0.233802
-0.370775
1.000000
-1.000000
0.248689
-1.000000
-1.000000
-0.758097
0.197548
0.246754
-1.000000
0.297365
1.000000
0.183295
-1.000000
-0.119669
-0.898475
0.297214
-1.000000
-0.496449
-0.072287
1.000000
-0.237537
0.864170
-0.099651
-0.066938
0.781886
0.900236
1.000000
0.272056
0.187588
1.000000
0.125787
0.781801
0.156157
-0.639804
-1.000000
-1.000000
-1.000000
1.000000
-0.332883
1.000000
-1.000000
-1.000000
0.167254
0.861544
-1.000000
-1.000000
0.184930
0.405929
0.169360
0.004838
-0.042760
0.922994
-0.947474
1.000000
-0.294835
0.301147
-0.418176
0.726604
-1.000000
-1.000000
-0.632662
-0.543312
-1.000000
-1.000000
-0.369707
0.362273
0.134675
0.283786
0.664849
0.419130
0.425187
-0.805486
0.918709
-1.000000
1.000000
1.000000
-0.191446
0.462047
-0.153333
-0.249280
-0.357148
-0.178618
-0.156089
0.607225
-0.752764
-1.000000
0.227520
0.559574
1.000000
0.534327
-0.453184
0.494767
1.000000
-0.922638
0.850991
-0.674390
-0.890842
-1.000000
0.684963
0.596003
-0.225705
-0.073573
-1.000000
1.000000
-1.000000
1.000000
0.815760
-0.477285
0.366533
0.428944
0.171521
-1.000000
-0.480275
0.404687
0.803131
0.437699
-0.532757
-0.248664
-1.000000
-0.958309
