-47.400000
3.000000
-1.000000
70.000000
-1.000000
-1.000000
61.600000
-1.000000
91.000000
-1.000000
0.331464
0.289369
-0.847233
-0.117506
0.845494
0.420709
-0.897732
-0.252842
-0.649300
-0.033043
0.824372
0.327993
-0.450474
0.646034
0.945794
-0.321407
-0.210133
-0.105344
-0.328388
-0.546578
0.886287
0.177395
-0.451500
0.896233
0.276998
-0.859655
0.070702
-0.699551
0.558978
0.716040
-0.085884
-0.436076
-0.594234
-0.128378
0.595105
-0.609210
-0.604522
0.955316
0.650030
-0.726906
0.553064
-0.519141
0.178770
0.684359
-0.555591
-0.837436
-0.362269
-0.832686
-0.235888
-0.362594
0.368263
-0.604583
-0.035319
-0.732556
0.027266
0.958025
-0.682703
0.582772
-0.632804
-0.071277
0.671772
0.600061
0.871115
-0.747536
-0.602523
0.369031
0.322178
-0.955893
-0.145311
-0.784570
0.608080
-0.443021
0.565145
-0.311707
0.660208
0.492141
0.897358
-0.672361
0.450276
-0.740871
0.554620
-0.427904
-0.364717
0.933041
0.390240
0.376421
0.322566
-0.947191
0.232834
0.437651
0.171798
-0.138760
0.864655
-0.938539
-0.247527
-0.486312
-0.622390
0.963481
0.603765
-0.957133
0.328254
-0.871272
0.493575
-0.280374
0.732992
0.098562
-0.648068
-0.125872
-0.305937
0.128279
0.236793
0.420814
0.446981
-0.443889
-0.678538
-0.228900
-0.477715
-0.584909
-0.615898
-0.519431
0.262811
-0.539905
-0.102035
0.854936
0.555616
0.626381
0.407195
0.560728
-0.840591
0.643299
0.291087
-0.380559
-0.225387
0.295088
-0.412038
-0.395856
-0.033553
0.072541
0.242209
-0.198277
0.530423
0.594060
-0.339300
-0.794242
0.689432
0.473116
0.755178
-0.202199
0.126564
0.880447
-0.623652
-0.855619
-0.815377
-0.104893
0.685949
-0.536285
-0.518252
0.326698
-0.431856
-0.566187
-0.812089
-0.143983
-0.219306
0.039673
0.514867
-0.063652
0.208795
-0.729863
0.886654
0.739116
0.972301
0.621267
0.123945
0.198966
-0.993114
0.296062
-0.649434
0.897595
-0.304017
0.754948
0.980225
-0.722161
-0.366382
0.132213
-0.203527
0.795790
-0.307998
-0.155731
0.133342
0.240606
0.350015
0.216234
-0.101094
0.723558
-0.991009
-0.193682
-0.112934
-0.394085
0.940800
-0.413416
-0.496262
0.595046
-0.965358
0.066444
0.946620
-0.867380
0.272836
-0.898139
-0.027937
0.319392
-0.905048
-0.453690
0.456934
-0.402207
0.552066
0.054129
-0.963210
-0.612182
0.161356
0.099548
0.279937
0.717676
0.635947
-0.332696
0.548793
0.322881
0.635324
0.905255
0.118187
0.393961
-0.422906
0.045072
-0.467180
-0.720016
-0.300316
-0.183776
0.996701
0.866091
0.893476
0.951050
-0.485641
0.084122
-0.064085
0.298782
-0.765589
-0.110137
0.718392
-0.453621
-0.258631
-0.922722
-0.757690
0.537757
0.187701
0.150805
-0.107471
0.068339
-0.384036
0.038098
0.903185
-0.378281
-0.190012
-0.891364
0.126217
0.162428
-0.999853
