-185.400000
2.000000
-1.000000
70.000000
-1.000000
-1.000000
64.600000
-1.000000
-1.000000
-1.000000
0.667247
-0.989339
0.972589
0.240532
-0.366035
-0.576374
0.544441
0.386695
-0.467862
-1.000000
-0.115495
0.114540
0.959858
-0.358148
0.183757
0.549567
0.707146
0.194872
-0.419021
0.857635
0.848997
-0.127115
-0.196847
-0.091718
0.372257
0.563667
-0.915634
0.755519
-0.561073
-0.025886
-0.655913
0.876567
0.515626
-0.793825
0.385840
-0.065619
-0.535349
-0.560068
0.154595
0.560838
0.927541
-0.575271
-0.017728
-0.686734
0.106012
-0.174970
0.301437
-0.718005
-0.019119
0.674195
0.943507
0.464898
0.054588
0.918807
0.067199
0.528399
-0.755555
0.668809
-0.150042
0.660620
0.520574
0.705114
-0.992562
0.736883
0.849069
0.909066
0.564171
0.056131
-0.320041
0.546422
-0.253175
-1.000000
0.328444
-0.503758
0.369730
-0.278203
0.742749
0.544919
-0.747957
-0.471601
-0.480922
-0.200036
-0.010488
0.204438
-0.557472
-0.069789
0.087319
-0.935166
0.872202
0.225657
-0.499205
-0.020430
0.689229
0.761817
0.487406
-0.151192
-0.707866
0.371163
-0.546072
0.104053
-0.265037
-0.185843
-0.748415
0.463797
0.324754
0.276747
-0.491746
-0.482982
0.238210
-0.609314
0.685275
-0.408977
-0.658554
-0.483633
-0.273252
0.004550
-0.600794
-0.128996
-0.889855
-0.472953
1.000000
0.549696
0.866976
0.825286
-0.644434
0.922130
0.447631
-0.287359
0.427488
0.927696
0.263600
-0.799627
0.089608
0.544125
0.033304
0.603811
0.563346
0.660109
0.789359
-0.109823
0.613166
-1.000000
0.170682
0.952548
0.874607
0.006555
-0.750957
-0.811071
-0.995171
0.187893
0.524553
0.813888
0.453391
0.771000
0.922639
0.091188
-0.062858
-0.805202
-0.838398
-0.971434
-0.561187
-0.741113
0.438402
0.134553
-0.042019
-0.258461
0.150356
-0.608265
0.522844
-0.044362
0.892855
-0.255230
-0.973846
0.682571
-0.146680
-0.653426
0.314639
-0.427781
0.197556
0.357819
1.000000
-0.994172
0.832973
-0.389428
0.120055
-0.486755
0.252597
0.616009
-0.057474
0.280208
0.008113
-0.601779
0.387233
0.558339
0.666899
0.378361
-0.534152
-0.599173
0.356110
-0.433598
0.753976
-0.167982
-0.673176
-0.559268
0.670683
-0.441162
-0.547837
0.632359
0.846443
0.980919
-0.342965
0.505233
0.412574
-0.197366
-0.090856
-0.320494
-0.128411
0.411088
0.678771
-0.003013
-0.282210
-0.182460
0.242622
0.308103
0.400714
-0.872615
0.886226
0.406640
-0.560724
-0.121308
-0.469033
-0.876813
-0.765638
0.284665
0.494567
0.070739
-0.354283
0.480355
-0.107067
0.749923
0.321054
-0.429069
-0.354273
0.800969
0.658459
0.925820
0.465819
-0.891575
0.753966
-0.566392
-0.539635
0.668591
0.244837
-0.086610
0.266032
-0.936731
0.553712
-0.266952
0.186216
-0.967147
-0.159348
-0.962084
0.095499
-0.883488
0.143167
