-0.897983
-1.000000
1.000000
0.543412
1.000000
0.171515
-0.213921
-1.000000
-0.585480
-0.548052
-0.755905
0.631021
0.151858
1.000000
0.563671
0.242939
-0.713118
0.425596
0.919236
-1.000000
-0.344197
-0.483194
-0.197299
0.225348
0.629757
-0.467101
0.228603
-0.266827
0.531179
-0.582187
0.216803
-1.000000
0.574410
0.046773
-0.417791
-0.033426
0.303533
-0.888574
-0.233893
-0.237566
-1.000000
-0.563996
-1.000000
-1.000000
0.784373
0.597754
0.696050
-0.497807
-0.914847
0.119094
1.000000
0.546744
-1.000000
-0.140814
0.859010
-0.832222
1.000000
1.000000
-0.972957
0.961520
0.131171
-0.712317
0.279899
-0.867269
-0.406458
0.323282
0.201606
-0.693110
-0.971167
0.032116
-0.067778
0.768323
-1.000000
-0.192948
-0.115409
0.170716
0.512149
-0.019488
1.000000
0.819816
-0.943591
-1.000000
1.000000
-0.916370
0.935193
-0.742188
0.742986
-0.569039
0.506964
0.543880
0.202917
0.493889
0.365376
0.433253
1.000000
-0.202842
0.192550
-0.527970
0.483742
-0.027718
1.000000
0.624087
-0.763997
-1.000000
-1.000000
-0.366580
-0.942064
0.463246
0.449305
1.000000
0.322251
-0.540586
0.182618
0.582295
0.014611
0.161826
-0.723357
-0.683071
0.333912
1.000000
-0.862548
0.757819
-1.000000
1.000000
0.226170
0.228742
1.000000
-0.677814
-0.064005
0.059815
1.000000
0.332266
-0.570501
0.932159
-0.746982
0.370961
-0.786815
-0.780763
0.765566
-0.397007
0.854160
1.000000
-0.128775
0.748437
-0.538958
-1.000000
-0.857785
-0.960704
-0.905072
0.884046
-0.139881
-0.454908
0.424605
-0.150930
0.125418
0.848288
0.281612
-1.000000
-0.438118
1.000000
-0.127588
0.744265
-0.599691
-1.000000
-1.000000
-0.621815
-1.000000
-0.260593
0.284585
-0.523159
0.310358
0.124956
0.096062
-0.433557
-0.147889
-0.857359
-0.632177
-1.000000
1.000000
0.397734
0.418066
0.414742
-0.159971
0.170639
0.150475
1.000000
-1.000000
0.265350
-0.482460
1.000000
1.000000
-0.711080
-0.904881
0.065664
-0.040909
-0.367860
-0.458801
-1.000000
-0.286456
0.884501
-0.485597
0.582389
1.000000
0.075796
0.206903
0.150440
0.091040
0.455936
-0.761992
-0.197847
-0.302338
0.242258
1.000000
-0.157192
1.000000
-1.000000
-0.540201
0.539917
-0.199222
-0.263529
-0.612586
-0.878600
-0.990280
0.363766
-0.331692
-0.464078
0.936919
-0.967221
-0.265303
0.534049
1.000000
0.080888
-0.122595
0.103229
0.211706
0.400503
-0.561040
-0.037139
0.660312
0.364606
-1.000000
0.039155
-0.503100
-0.475651
-0.145313
1.000000
-0.481709
-0.616106
0.312669
-0.167950
-1.000000
0.019808
0.033433
1.000000
-1.000000
-1.000000
0.701984
0.346531
0.362224
-0.794445
-1.000000
-0.042161
0.879135
0.101395
0.456143
